time,h_asl,h_dot,vc,pitch,pitch_rate,roll,roll_rate,heading,heading_rate,alpha_deg,a_pilot_x_ft_sec2,a_pilot_y_ft_sec2,a_pilot_z_ft_sec2,pitch_accel_rad_sec2,roll_accel_rad_sec2,yaw_accel_rad_sec2,lat_deg,long_deg,flaps_pos_norm,engine_percent,pilot_elevator_cmd,throttle_0_cmd,temp_rankine,pressure_psf
0,0,0,0,0,0,0,0,0,0,0,0,0,0,0,0,0,0,0,0,0,-1,1,0,0
1.1961e-08,0,0,0,0,0,0,0,0,0,0,0,0,0,0,0,0,0,0,0,0,-1,1,0,0
7.1768e-08,0,0,0,0,0,0,0,0,0,0,0,0,0,0,0,0,0,0,0,0,-1,1,0,0
3.708e-07,0,0,0,0,0,0,0,0,0,0,0,0,0,0,0,0,0,0,0,0,-1,1,0,0
1.866e-06,0,0,0,0,0,0,0,0,0,0,0,0,0,0,0,0,0,0,0,0,-1,1,0,0
9.3418e-06,0,0,0,0,0,0,0,0,0,0,0,0,0,0,0,0,0,0,0,0,-1,1,0,0
4.6721e-05,0,0,0,0,0,0,0,0,0,0,0,0,0,0,0,0,0,0,0,0,-1,1,0,0
0.00023362,0,0,0,0,0,0,0,0,0,0,0,0,0,0,0,0,0,0,0,0,-1,1,0,0
0.0011681,0,0,0,0,0,0,0,0,0,0,0,0,0,0,0,0,0,0,0,0,-1,1,0,0
0.0058405,0,0,0,0,0,0,0,0,0,0,0,0,0,0,0,0,0,0,0,0,-1,1,0,0
0.0083333,10000,0,240,-1.4125e-30,0,1.2722e-14,0,90,0,0,-2.6111,1.6646e-23,-14.1455,0.15719,1.1049e-24,0,0,0,0,0,-2.4999e-07,0,483.0255,1455.6084
0.016667,10000,-0.17648,239.9903,1.0674e-05,0.075052,1.2722e-14,3.6321e-24,90,1.6665e-17,0.021617,-3.6362,-1.7174e-22,-20.6267,0.853,1.3898,4.095e-19,0,1.0674e-05,0,100,0.039758,0,483.0255,1455.6084
0.022089,10000,-0.17648,239.9903,1.0674e-05,0.075052,1.2722e-14,3.6321e-24,90,1.6665e-17,0.021617,-3.6362,-1.7174e-22,-20.6267,0.853,1.3898,4.095e-19,0,1.0674e-05,0,100,0.039734,0,483.0255,1455.6084
0.022089,10000,-0.17648,239.9903,1.0674e-05,0.075052,1.2722e-14,3.6321e-24,90,1.6665e-17,0.021617,-3.6362,-1.7174e-22,-20.6267,0.853,1.3898,4.095e-19,0,1.0674e-05,0,100,0.039734,0,483.0255,1455.6084
0.022089,10000,-0.17648,239.9903,1.0674e-05,0.075052,1.2722e-14,3.6321e-24,90,1.6665e-17,0.021617,-3.6362,-1.7174e-22,-20.6267,0.853,1.3898,4.095e-19,0,1.0674e-05,0,100,0.039734,0,483.0255,1455.6084
0.025,9999.9972,-0.41493,240.0279,0.00064678,0.48233,1.6237e-14,0.66356,90,1.3688e-16,0.051437,-2.7051,12.6185,-62.6407,0.14954,-1.4173,-4.5722e-05,-8.7354e-25,2.1347e-05,0,99.6433,0.39938,0,483.0255,1455.6085
0.027911,9999.9972,-0.41493,240.0279,0.00064678,0.48233,1.6237e-14,0.66356,90,1.3688e-16,0.051437,-2.7051,12.6185,-62.6407,0.14954,-1.4173,-4.5722e-05,-8.7354e-25,2.1347e-05,0,99.6433,0.39935,0,483.0255,1455.6085
0.033333,9999.9925,-0.56779,240.0587,0.0046768,0.55372,0.0055297,-0.013125,90,3.0804e-05,0.07417,5.0408,-12.8646,-16.8416,0.13027,-1.3899,1.6518e-06,-1.4072e-24,3.2023e-05,0,99.2865,0.44083,0,483.0255,1455.6088
0.040021,9999.9925,-0.56779,240.0587,0.0046768,0.55372,0.0055297,-0.013125,90,3.0804e-05,0.07417,5.0408,-12.8646,-16.8416,0.13027,-1.3899,1.6518e-06,-1.4072e-24,3.2023e-05,0,99.2865,0.44073,0,483.0255,1455.6088
0.040021,9999.9925,-0.56779,240.0587,0.0046768,0.55372,0.0055297,-0.013125,90,3.0804e-05,0.07417,5.0408,-12.8646,-16.8416,0.13027,-1.3899,1.6518e-06,-1.4072e-24,3.2023e-05,0,99.2865,0.44073,0,483.0255,1455.6088
0.041667,9999.9874,-0.73908,240.0846,0.0093018,0.61593,0.0054203,-0.67677,90,3.6435e-05,0.09975,4.9195,-12.6212,-15.9607,-0.05125,-1.3631,6.1057e-05,-3.0401e-24,4.27e-05,0,98.9298,0.46948,0,483.0255,1455.6091
0.043312,9999.9874,-0.73908,240.0846,0.0093018,0.61593,0.0054203,-0.67677,90,3.6435e-05,0.09975,4.9195,-12.6212,-15.9607,-0.05125,-1.3631,6.1057e-05,-3.0401e-24,4.27e-05,0,98.9298,0.46945,0,483.0255,1455.6091
0.044566,9999.9874,-0.73908,240.0846,0.0093018,0.61593,0.0054203,-0.67677,90,3.6435e-05,0.09975,4.9195,-12.6212,-15.9607,-0.05125,-1.3631,6.1057e-05,-3.0401e-24,4.27e-05,0,98.9298,0.46942,0,483.0255,1455.6091
0.044566,9999.9874,-0.73908,240.0846,0.0093018,0.61593,0.0054203,-0.67677,90,3.6435e-05,0.09975,4.9195,-12.6212,-15.9607,-0.05125,-1.3631,6.1057e-05,-3.0401e-24,4.27e-05,0,98.9298,0.46942,0,483.0255,1455.6091
0.047856,9999.9874,-0.73908,240.0846,0.0093018,0.61593,0.0054203,-0.67677,90,3.6435e-05,0.09975,4.9195,-12.6212,-15.9607,-0.05125,-1.3631,6.1057e-05,-3.0401e-24,4.27e-05,0,98.9298,0.46936,0,483.0255,1455.6091
0.05,9999.9805,-0.89299,240.1074,0.014445,0.59146,-0.00021946,-1.3276,90,5.8772e-06,0.12372,5.9808,-12.3799,-6.1522,-0.071453,-1.3368,0.00023757,-5.9146e-13,5.3378e-05,0,98.573,0.41496,0,483.0256,1455.6095
0.050813,9999.9805,-0.89299,240.1074,0.014445,0.59146,-0.00021946,-1.3276,90,5.8772e-06,0.12372,5.9808,-12.3799,-6.1522,-0.071453,-1.3368,0.00023757,-5.9146e-13,5.3378e-05,0,98.573,0.41494,0,483.0256,1455.6095
0.050813,9999.9805,-0.89299,240.1074,0.014445,0.59146,-0.00021946,-1.3276,90,5.8772e-06,0.12372,5.9808,-12.3799,-6.1522,-0.071453,-1.3368,0.00023757,-5.9146e-13,5.3378e-05,0,98.573,0.41494,0,483.0256,1455.6095
0.053257,9999.9805,-0.89299,240.1074,0.014445,0.59146,-0.00021946,-1.3276,90,5.8772e-06,0.12372,5.9808,-12.3799,-6.1522,-0.071453,-1.3368,0.00023757,-5.9146e-13,5.3378e-05,0,98.573,0.41489,0,483.0256,1455.6095
0.053257,9999.9805,-0.89299,240.1074,0.014445,0.59146,-0.00021946,-1.3276,90,5.8772e-06,0.12372,5.9808,-12.3799,-6.1522,-0.071453,-1.3368,0.00023757,-5.9146e-13,5.3378e-05,0,98.573,0.41489,0,483.0256,1455.6095
0.055702,9999.9805,-0.89299,240.1074,0.014445,0.59146,-0.00021946,-1.3276,90,5.8772e-06,0.12372,5.9808,-12.3799,-6.1522,-0.071453,-1.3368,0.00023757,-5.9146e-13,5.3378e-05,0,98.573,0.41483,0,483.0256,1455.6095
0.058333,9999.9725,-1.0497,240.1299,0.019385,0.55734,-0.011283,-1.9659,90,1.3436e-05,0.14782,5.9117,-12.1341,-5.2179,-0.085647,-1.3109,0.00027589,-1.2281e-12,6.4057e-05,0,98.2163,0.35015,0,483.0256,1455.6099
0.063409,9999.9725,-1.0497,240.1299,0.019385,0.55734,-0.011283,-1.9659,90,1.3436e-05,0.14782,5.9117,-12.1341,-5.2179,-0.085647,-1.3109,0.00027589,-1.2281e-12,6.4057e-05,0,98.2163,0.35001,0,483.0256,1455.6099
0.066666,9999.9631,-1.2047,240.1515,0.02404,0.51645,-0.027665,-2.5918,90,7.9427e-06,0.17144,5.8247,-11.8995,-4.6083,-0.058044,-0.17891,8.2725e-05,-1.4293e-12,7.4736e-05,0,97.8595,0.27877,0,483.0256,1455.6104
0.075,9999.9524,-1.3619,240.1728,0.028354,0.48873,-0.049263,-2.6772,90,-0.00012026,0.19496,5.4521,-1.6374,-9.0674,-0.025603,0.76457,-0.00038934,-5e-13,8.5417e-05,0,97.5028,0.22002,0,483.0257,1455.611
0.083333,9999.9404,-1.5204,240.1938,0.032438,0.47651,-0.071573,-2.3122,90,-0.00047794,0.21842,5.0539,6.8978,-13.3244,0.0098979,1.3604,-0.0011348,2.4609e-12,9.6099e-05,0,97.1461,0.1764,0,483.0257,1455.6117
0.091666,9999.9271,-1.6802,240.2144,0.036419,0.48123,-0.090841,-1.6626,90,-0.0011847,0.24194,4.6369,12.2622,-16.8803,0.03881,1.4605,-0.002132,8.5474e-12,0.00010678,0,96.7893,0.14935,0,483.0258,1455.6125
0.1,9999.9124,-1.8409,240.2345,0.04044,0.49976,-0.1047,-0.96529,90,-0.0023509,0.26559,4.2674,13.113,-18.8308,0.059955,1.3588,-0.0030457,1.8489e-11,0.00011746,0,96.4326,0.13592,0,483.0258,1455.6133
0.10833,9999.8964,-2.0017,240.2542,0.044615,0.52838,-0.11274,-0.31652,90,-0.0039304,0.28941,3.953,12.1382,-19.8461,0.072657,1.0325,-0.0036126,3.2829e-11,0.00012815,0,96.0758,0.1325,0,483.0259,1455.6142
0.11667,9999.879,-2.1622,240.2732,0.049029,0.56307,-0.11538,0.17643,89.9999,-0.0057491,0.31343,3.6989,9.1462,-19.8332,0.078467,0.68722,-0.0036867,5.1852e-11,0.00013883,0,95.7191,0.13521,0,483.0259,1455.6152
0.125,9999.8603,-2.3219,240.2916,0.053732,0.60053,-0.11391,0.50455,89.9999,-0.0075696,0.33765,3.4948,6.0127,-19.3937,0.079225,0.37536,-0.0032904,7.5679e-11,0.00014952,0,95.3624,0.14083,0,483.026,1455.6162
0.12765,9999.8603,-2.3219,240.2916,0.053732,0.60053,-0.11391,0.50455,89.9999,-0.0075696,0.33765,3.4948,6.0127,-19.3937,0.079225,0.37536,-0.0032904,7.5679e-11,0.00014952,0,95.3624,0.14068,0,483.026,1455.6162
0.12765,9999.8603,-2.3219,240.2916,0.053732,0.60053,-0.11391,0.50455,89.9999,-0.0075696,0.33765,3.4948,6.0127,-19.3937,0.079225,0.37536,-0.0032904,7.5679e-11,0.00014952,0,95.3624,0.14068,0,483.026,1455.6162
0.13333,9999.8403,-2.4807,240.3093,0.058747,0.63836,-0.1097,0.68377,89.9998,-0.0091696,0.36206,3.3281,3.2101,-18.7606,0.076918,0.14864,-0.0025083,1.0425e-10,0.00016021,0,95.0057,0.14702,0,483.0261,1455.6174
0.13901,9999.8403,-2.4807,240.3093,0.058747,0.63836,-0.1097,0.68377,89.9998,-0.0091696,0.36206,3.3281,3.2101,-18.7606,0.076918,0.14864,-0.0025083,1.0425e-10,0.00016021,0,95.0057,0.14666,0,483.0261,1455.6174
0.14167,9999.819,-2.6383,240.3263,0.064078,0.67508,-0.10401,0.75474,89.9997,-0.010371,0.38664,3.1851,1.2029,-18.173,0.073168,0.0028014,-0.0015121,1.3742e-10,0.00017089,0,94.6491,0.15233,0,483.0261,1455.6186
0.15,9999.7963,-2.7948,240.3426,0.069714,0.71002,-0.097716,0.75608,89.9997,-0.01108,0.41138,3.0545,-0.05786,-17.7095,0.069163,-0.076847,-0.00046578,1.75e-10,0.00018158,0,94.2926,0.1561,0,483.0262,1455.6198
0.15833,9999.7724,-2.9501,240.3582,0.075641,0.74304,-0.091415,0.71938,89.9996,-0.011278,0.43627,2.9278,-0.71541,-17.3985,0.065621,-0.11522,0.00049325,2.1676e-10,0.00019227,0,93.9363,0.15818,0,483.0263,1455.6212
0.16667,9999.7472,-3.1043,240.3731,0.081844,0.77437,-0.08542,0.66437,89.9995,-0.011012,0.4613,2.8001,-1.0042,-17.217,0.062878,-0.13199,0.0012801,2.6248e-10,0.00020296,0,93.5802,0.1588,0,483.0264,1455.6226
0.175,9999.7207,-3.2574,240.3874,0.088308,0.8044,-0.079884,0.60135,89.9994,-0.010369,0.48645,2.6687,-1.1079,-17.1342,0.060993,-0.14052,0.0018557,3.1195e-10,0.00021365,0,93.2243,0.15831,0,483.0265,1455.6241
0.18333,9999.6929,-3.4094,240.401,0.095022,0.83352,-0.074873,0.53426,89.9993,-0.0094509,0.51173,2.5334,-1.1502,-17.1198,0.059854,-0.14648,0.0022184,3.6498e-10,0.00022434,0,92.8687,0.15712,0,483.0266,1455.6257
0.19167,9999.6639,-3.5605,240.4141,0.10198,0.8621,-0.070421,0.46432,89.9992,-0.0083627,0.53713,2.3948,-1.1826,-17.1534,0.059273,-0.15066,0.0023879,4.2137e-10,0.00023503,0,92.5135,0.15557,0,483.0267,1455.6273
0.2,9999.6336,-3.7107,240.4265,0.10917,0.8904,-0.066551,0.39239,89.9991,-0.0071978,0.56266,2.2545,-1.2111,-17.2226,0.059045,-0.15136,0.0023941,4.8097e-10,0.00024572,0,92.1588,0.15392,0,483.0268,1455.629
0.20833,9999.602,-3.8599,240.4383,0.1166,0.9186,-0.063281,0.32012,89.9991,-0.0060355,0.5883,2.1138,-1.2182,-17.3205,0.058995,-0.14661,0.002268,5.4364e-10,0.00025642,0,91.8047,0.15234,0,483.0269,1455.6308
0.21667,9999.5692,-4.0082,240.4496,0.12427,0.94677,-0.060614,0.25012,89.999,-0.0049401,0.61407,1.974,-1.1841,-17.4422,0.058991,-0.13536,0.0020389,6.0925e-10,0.00026711,0,91.4511,0.15092,0,483.027,1455.6327
0.225,9999.5352,-4.1555,240.4603,0.13217,0.97493,-0.05853,0.18549,89.999,-0.0039612,0.63995,1.8361,-1.0974,-17.5831,0.05895,-0.11788,0.0017333,6.7772e-10,0.0002778,0,91.0983,0.14967,0,483.0271,1455.6346
0.23333,9999.5,-4.3019,240.4704,0.14031,1.0031,-0.056984,0.12921,89.999,-0.0031355,0.66595,1.7008,-0.95894,-17.738,0.058829,-0.095504,0.0013765,7.4897e-10,0.0002885,0,90.7463,0.14859,0,483.0273,1455.6366
0.24167,9999.4635,-4.4473,240.48,0.14867,1.0312,-0.055907,0.083613,89.9989,-0.002487,0.69207,1.5685,-0.779,-17.9012,0.058619,-0.070142,0.00099282,8.2295e-10,0.00029919,0,90.3952,0.14763,0,483.0274,1455.6386
0.24696,9999.4635,-4.4473,240.48,0.14867,1.0312,-0.055907,0.083613,89.9989,-0.002487,0.69207,1.5685,-0.779,-17.9012,0.058619,-0.070142,0.00099282,8.2295e-10,0.00029919,0,90.3952,0.14703,0,483.0274,1455.6386
0.24696,9999.4635,-4.4473,240.48,0.14867,1.0312,-0.055907,0.083613,89.9989,-0.002487,0.69207,1.5685,-0.779,-17.9012,0.058619,-0.070142,0.00099282,8.2295e-10,0.00029919,0,90.3952,0.14703,0,483.0274,1455.6386
0.25,9999.4259,-4.5917,240.489,0.15728,1.0592,-0.05521,0.050124,89.9989,-0.0020275,0.7183,1.4392,-0.57345,-18.0674,0.058326,-0.04384,0.00060627,8.9963e-10,0.00030988,0,90.0451,0.14675,0,483.0275,1455.6408
0.25304,9999.4259,-4.5917,240.489,0.15728,1.0592,-0.05521,0.050124,89.9989,-0.0020275,0.7183,1.4392,-0.57345,-18.0674,0.058326,-0.04384,0.00060627,8.9963e-10,0.00030988,0,90.0451,0.1464,0,483.0275,1455.6408
0.25833,9999.387,-4.7352,240.4975,0.16612,1.087,-0.054793,0.029192,89.9989,-0.001757,0.74464,1.3131,-0.35932,-18.2319,0.057971,-0.018446,0.00023974,9.79e-10,0.00032058,0,89.6962,0.14592,0,483.0277,1455.6429
0.26667,9999.3469,-4.8777,240.5055,0.17518,1.1147,-0.054549,0.020385,89.9989,-0.0016643,0.7711,1.19,-0.15193,-18.3912,0.057573,0.0045722,-8.6223e-05,1.0611e-09,0.00033127,0,89.3485,0.14512,0,483.0278,1455.6452
0.275,9999.3057,-5.0192,240.513,0.18448,1.1422,-0.054379,0.022568,89.9989,-0.0017283,0.79767,1.0699,0.036662,-18.5426,0.057152,0.024076,-0.0003544,1.1458e-09,0.00034197,0,89.0021,0.14431,0,483.028,1455.6475
0.28333,9999.2633,-5.1597,240.5199,0.19401,1.1695,-0.054191,0.034062,89.9989,-0.0019196,0.82434,0.95276,0.19719,-18.6845,0.056722,0.03935,-0.00055263,1.2333e-09,0.00035267,0,88.6572,0.14349,0,483.0281,1455.6499
0.29167,9999.2197,-5.2991,240.5264,0.20377,1.1965,-0.053907,0.052849,89.9988,-0.0022032,0.85112,0.83849,0.32388,-18.8157,0.056293,0.049971,-0.00067388,1.3235e-09,0.00036336,0,88.314,0.14266,0,483.0283,1455.6524
0.3,9999.175,-5.4376,240.5324,0.21375,1.2234,-0.053467,0.076707,89.9988,-0.0025409,0.87801,0.72708,0.41329,-18.9357,0.05587,0.055781,-0.00071655,1.4163e-09,0.00037406,0,87.9724,0.14181,0,483.0284,1455.6549
0.30833,9999.1291,-5.5751,240.5379,0.22396,1.2501,-0.052828,0.10334,89.9988,-0.0028941,0.90499,0.6185,0.46403,-19.0445,0.055455,0.056867,-0.0006843,1.5119e-09,0.00038475,0,87.6326,0.14096,0,483.0286,1455.6575
0.31667,9999.0821,-5.7115,240.543,0.23439,1.2766,-0.051967,0.13049,89.9988,-0.0032262,0.93208,0.51276,0.47663,-19.1423,0.055047,0.053547,-0.00058533,1.6102e-09,0.00039545,0,87.2947,0.1401,0,483.0288,1455.6602
0.325,9999.0339,-5.847,240.5476,0.24503,1.3029,-0.050879,0.15605,89.9987,-0.0035049,0.95926,0.40984,0.45339,-19.2299,0.054644,0.04635,-0.00043161,1.7112e-09,0.00040615,0,86.9589,0.13924,0,483.0289,1455.6629
0.33333,9998.9846,-5.9814,240.5518,0.2559,1.3289,-0.049579,0.17818,89.9987,-0.0037042,0.98654,0.30973,0.39832,-19.3085,0.054244,0.035993,-0.00023786,1.8148e-09,0.00041684,0,86.6252,0.13838,0,483.0291,1455.6657
0.34167,9998.9342,-6.1148,240.5555,0.26699,1.3548,-0.048094,0.19537,89.9987,-0.0038053,1.0139,0.21242,0.31696,-19.3798,0.053846,0.023339,-2.0595e-05,1.921e-09,0.00042754,0,86.2938,0.13753,0,483.0293,1455.6685
0.35,9998.8827,-6.2472,240.5589,0.27829,1.3806,-0.046466,0.20651,89.9987,-0.0037977,1.0414,0.11787,0.21608,-19.4458,0.053447,0.0093485,0.000203,2.0298e-09,0.00043824,0,85.9648,0.13669,0,483.0295,1455.6714
0.35833,9998.8301,-6.3786,240.5618,0.2898,1.4061,-0.044745,0.21097,89.9986,-0.0036795,1.0689,0.026043,0.10329,-19.5088,0.053047,-0.0049841,0.00041612,2.141e-09,0.00044893,0,85.6382,0.13585,0,483.0297,1455.6744
0.36667,9998.7764,-6.5089,240.5644,0.30153,1.4314,-0.042987,0.20859,89.9986,-0.0034569,1.0966,-0.0631,-0.013453,-19.5713,0.052645,-0.018687,0.00060333,2.2546e-09,0.00045963,0,85.3141,0.13501,0,483.0299,1455.6774
0.375,9998.7216,-6.6382,240.5665,0.31347,1.4565,-0.041249,0.19967,89.9986,-0.0031438,1.1243,-0.14961,-0.12629,-19.6356,0.052241,-0.03087,0.00075154,2.3706e-09,0.00047033,0,84.9927,0.13418,0,483.03,1455.6805
0.38333,9998.6658,-6.7665,240.5683,0.32562,1.4815,-0.039585,0.18493,89.9985,-0.0027601,1.1521,-0.23353,-0.22793,-19.7039,0.051835,-0.040772,0.00085071,2.4888e-09,0.00048103,0,84.6741,0.13336,0,483.0302,1455.6836
0.39167,9998.6088,-6.8938,240.5697,0.33798,1.5062,-0.038044,0.16547,89.9985,-0.0023308,1.18,-0.31492,-0.31211,-19.7782,0.051427,-0.047808,0.00089449,2.6092e-09,0.00049172,0,84.3582,0.13254,0,483.0304,1455.6869
0.4,9998.5509,-7.02,240.5708,0.35054,1.5308,-0.036665,0.14264,89.9985,-0.0018833,1.208,-0.39381,-0.37383,-19.8599,0.051017,-0.05159,0.00088053,2.7317e-09,0.00050242,0,84.0452,0.13173,0,483.0307,1455.6901
0.40833,9998.4918,-7.1451,240.5715,0.3633,1.5551,-0.035476,0.11801,89.9985,-0.0014464,1.236,-0.47023,-0.40972,-19.9499,0.050606,-0.051956,0.00081057,2.8563e-09,0.00051312,0,83.7351,0.13092,0,483.0309,1455.6935
0.41667,9998.4318,-7.2692,240.5719,0.37628,1.5793,-0.034493,0.09321,89.9985,-0.0010474,1.2642,-0.54421,-0.41812,-20.0487,0.050194,-0.048964,0.00069032,2.9829e-09,0.00052382,0,83.4281,0.13012,0,483.0311,1455.6968
0.425,9998.3707,-7.3923,240.572,0.38945,1.6033,-0.033716,0.069833,89.9985,-0.00071057,1.2924,-0.61576,-0.39917,-20.1562,0.049781,-0.042896,0.00052897,3.1115e-09,0.00053451,0,83.1241,0.12932,0,483.0313,1455.7003
0.43333,9998.3086,-7.5143,240.5718,0.40282,1.627,-0.033134,0.049354,89.9985,-0.00045554,1.3206,-0.6849,-0.35479,-20.2716,0.049367,-0.034229,0.0003386,3.242e-09,0.00054521,0,82.8232,0.12852,0,483.0315,1455.7038
0.44166,9998.2455,-7.6353,240.5712,0.41639,1.6506,-0.032723,0.033012,89.9985,-0.00029571,1.349,-0.75164,-0.28852,-20.3937,0.048952,-0.023608,0.00013333,3.3745e-09,0.00055591,0,82.5254,0.12773,0,483.0317,1455.7074
0.4443,9998.2455,-7.6353,240.5712,0.41639,1.6506,-0.032723,0.033012,89.9985,-0.00029571,1.349,-0.75164,-0.28852,-20.3937,0.048952,-0.023608,0.00013333,3.3745e-09,0.00055591,0,82.5254,0.12721,0,483.0317,1455.7074
0.4443,9998.2455,-7.6353,240.5712,0.41639,1.6506,-0.032723,0.033012,89.9985,-0.00029571,1.349,-0.75164,-0.28852,-20.3937,0.048952,-0.023608,0.00013333,3.3745e-09,0.00055591,0,82.5254,0.12721,0,483.0317,1455.7074
0.45,9998.1813,-7.7552,240.5704,0.43015,1.674,-0.032448,0.02174,89.9985,-0.0002374,1.3774,-0.81598,-0.20529,-20.521,0.048536,-0.011802,-7.1676e-05,3.5089e-09,0.0005666,0,82.2309,0.12694,0,483.032,1455.711
0.4557,9998.1813,-7.7552,240.5704,0.43015,1.674,-0.032448,0.02174,89.9985,-0.0002374,1.3774,-0.81598,-0.20529,-20.521,0.048536,-0.011802,-7.1676e-05,3.5089e-09,0.0005666,0,82.2309,0.1258,0,483.032,1455.711
0.45833,9998.1162,-7.8741,240.5693,0.44411,1.6972,-0.032266,0.016104,89.9984,-0.00027941,1.4059,-0.87793,-0.11112,-20.6514,0.04812,0.00034325,-0.0002612,3.6451e-09,0.0005773,0,81.9395,0.12616,0,483.0322,1455.7147
0.46666,9998.0501,-7.9919,240.5679,0.45827,1.7201,-0.032132,0.016267,89.9984,-0.00041306,1.4345,-0.93747,-0.012713,-20.783,0.047702,0.01197,-0.00042101,3.7833e-09,0.000588,0,81.6514,0.12538,0,483.0324,1455.7184
0.475,9997.983,-8.1086,240.5663,0.47261,1.7429,-0.031997,0.02198,89.9984,-0.00062275,1.4631,-0.99463,0.083027,-20.9134,0.047284,0.022238,-0.00053915,3.9234e-09,0.00059869,0,81.3665,0.12461,0,483.0327,1455.7222
0.48333,9997.915,-8.2243,240.5644,0.48715,1.7655,-0.031813,0.032596,89.9984,-0.00088718,1.4917,-1.0494,0.16921,-21.0407,0.046865,0.030419,-0.00060646,4.0654e-09,0.00060939,0,81.0849,0.12384,0,483.0329,1455.726
0.49166,9997.8459,-8.3389,240.5622,0.50187,1.7879,-0.031542,0.047117,89.9984,-0.0011807,1.5205,-1.1019,0.23978,-21.1629,0.046445,0.035918,-0.00061733,4.2093e-09,0.00062009,0,80.8066,0.12308,0,483.0332,1455.7299
0.5,9997.776,-8.4525,240.5598,0.51678,1.81,-0.031149,0.064264,89.9984,-0.0014754,1.5493,-1.152,0.28963,-21.2786,0.046024,0.03833,-0.0005704,4.3551e-09,0.00063078,0,80.5315,0.12232,0,483.0334,1455.7339
0.50833,9997.7051,-8.5649,240.5572,0.53187,1.832,-0.030614,0.082562,89.9984,-0.0017426,1.5781,-1.1998,0.31512,-21.3868,0.045603,0.037463,-0.0004686,4.5027e-09,0.00064148,0,80.2597,0.12157,0.023629,483.0337,1455.7379
0.50914,9997.7051,-8.5649,240.5572,0.53187,1.832,-0.030614,0.082562,89.9984,-0.0017426,1.5781,-1.1998,0.31512,-21.3868,0.045603,0.037463,-0.0004686,4.5027e-09,0.00064148,0,80.2597,0.12138,1.9018e-13,483.0337,1455.7379
0.50914,9997.7051,-8.5649,240.5572,0.53187,1.832,-0.030614,0.082562,89.9984,-0.0017426,1.5781,-1.1998,0.31512,-21.3868,0.045603,0.037463,-0.0004686,4.5027e-09,0.00064148,0,80.2597,0.12138,0,483.0337,1455.7379
0.51666,9997.6332,-8.6764,240.5543,0.54715,1.8538,-0.029926,0.10045,89.9984,-0.0019559,1.607,-1.2454,0.31428,-21.487,0.04518,0.033353,-0.00031913,4.6523e-09,0.00065218,0,79.9911,0.12082,0.052588,483.0339,1455.7419
0.5184,9997.6332,-8.6764,240.5543,0.54715,1.8538,-0.029926,0.10045,89.9984,-0.0019559,1.607,-1.2454,0.31428,-21.487,0.04518,0.033353,-0.00031913,4.6523e-09,0.00065218,0,79.9911,0.12042,1.9512e-13,483.0339,1455.7419
0.5184,9997.6332,-8.6764,240.5543,0.54715,1.8538,-0.029926,0.10045,89.9984,-0.0019559,1.607,-1.2454,0.31428,-21.487,0.04518,0.033353,-0.00031913,4.6523e-09,0.00065218,0,79.9911,0.12042,0,483.0339,1455.7419
0.525,9997.5605,-8.7867,240.5513,0.56261,1.8754,-0.029089,0.11637,89.9984,-0.0020922,1.636,-1.2888,0.28692,-21.5792,0.044757,0.026273,-0.00013297,4.8037e-09,0.00066287,0,79.7258,0.12007,0.080768,483.0342,1455.746
0.52755,9997.5605,-8.7867,240.5513,0.56261,1.8754,-0.029089,0.11637,89.9984,-0.0020922,1.636,-1.2888,0.28692,-21.5792,0.044757,0.026273,-0.00013297,4.8037e-09,0.00066287,0,79.7258,0.11949,1.9329e-13,483.0342,1455.746
0.52755,9997.5605,-8.7867,240.5513,0.56261,1.8754,-0.029089,0.11637,89.9984,-0.0020922,1.636,-1.2888,0.28692,-21.5792,0.044757,0.026273,-0.00013297,4.8037e-09,0.00066287,0,79.7258,0.11949,0,483.0342,1455.746
0.532,9997.5605,-8.7867,240.5513,0.56261,1.8754,-0.029089,0.11637,89.9984,-0.0020922,1.636,-1.2888,0.28692,-21.5792,0.044757,0.026273,-0.00013297,4.8037e-09,0.00066287,0,79.7258,0.11847,0,483.0342,1455.746
0.532,9997.5605,-8.7867,240.5513,0.56261,1.8754,-0.029089,0.11637,89.9984,-0.0020922,1.636,-1.2888,0.28692,-21.5792,0.044757,0.026273,-0.00013297,4.8037e-09,0.00066287,0,79.7258,0.11847,0,483.0342,1455.746
0.53333,9997.4868,-8.896,240.548,0.57825,1.8967,-0.028119,0.12891,89.9984,-0.0021346,1.665,-1.3301,0.23479,-21.6642,0.044333,0.016714,7.5757e-05,4.9569e-09,0.00067357,0,79.4637,0.11933,0.10835,483.0344,1455.7502
0.53466,9997.4868,-8.896,240.548,0.57825,1.8967,-0.028119,0.12891,89.9984,-0.0021346,1.665,-1.3301,0.23479,-21.6642,0.044333,0.016714,7.5757e-05,4.9569e-09,0.00067357,0,79.4637,0.11902,0.060361,483.0344,1455.7502
0.53663,9997.4868,-8.896,240.548,0.57825,1.8967,-0.028119,0.12891,89.9984,-0.0021346,1.665,-1.3301,0.23479,-21.6642,0.044333,0.016714,7.5757e-05,4.9569e-09,0.00067357,0,79.4637,0.11857,1.9101e-13,483.0344,1455.7502
0.53663,9997.4868,-8.896,240.548,0.57825,1.8967,-0.028119,0.12891,89.9984,-0.0021346,1.665,-1.3301,0.23479,-21.6642,0.044333,0.016714,7.5757e-05,4.9569e-09,0.00067357,0,79.4637,0.11857,0,483.0344,1455.7502
0.5393,9997.4868,-8.896,240.548,0.57825,1.8967,-0.028119,0.12891,89.9984,-0.0021346,1.665,-1.3301,0.23479,-21.6642,0.044333,0.016714,7.5757e-05,4.9569e-09,0.00067357,0,79.4637,0.11795,0,483.0344,1455.7502
0.54166,9997.4122,-9.0042,240.5445,0.59407,1.9179,-0.027045,0.13689,89.9983,-0.002073,1.694,-1.3694,0.16142,-21.7431,0.043908,0.0053663,0.00029068,5.1119e-09,0.00068426,0,79.2049,0.1186,0.13512,483.0347,1455.7544
0.54566,9997.4122,-9.0042,240.5445,0.59407,1.9179,-0.027045,0.13689,89.9983,-0.002073,1.694,-1.3694,0.16142,-21.7431,0.043908,0.0053663,0.00029068,5.1119e-09,0.00068426,0,79.2049,0.11766,4.6074e-15,483.0347,1455.7544
0.54566,9997.4122,-9.0042,240.5445,0.59407,1.9179,-0.027045,0.13689,89.9983,-0.002073,1.694,-1.3694,0.16142,-21.7431,0.043908,0.0053663,0.00029068,5.1119e-09,0.00068426,0,79.2049,0.11766,0,483.0347,1455.7544
0.55,9997.3367,-9.1113,240.5409,0.61006,1.9389,-0.025904,0.13946,89.9983,-0.0019057,1.7231,-1.4068,0.071994,-21.8177,0.043483,-0.006933,0.00049443,5.2686e-09,0.00069496,0,78.9492,0.11787,0.16112,483.035,1455.7586
0.55433,9997.3367,-9.1113,240.5409,0.61006,1.9389,-0.025904,0.13946,89.9983,-0.0019057,1.7231,-1.4068,0.071994,-21.8177,0.043483,-0.006933,0.00049443,5.2686e-09,0.00069496,0,78.9492,0.11683,0.0082475,483.035,1455.7586
0.55463,9997.3367,-9.1113,240.5409,0.61006,1.9389,-0.025904,0.13946,89.9983,-0.0019057,1.7231,-1.4068,0.071994,-21.8177,0.043483,-0.006933,0.00049443,5.2686e-09,0.00069496,0,78.9492,0.11676,1.9423e-13,483.035,1455.7586
0.55463,9997.3367,-9.1113,240.5409,0.61006,1.9389,-0.025904,0.13946,89.9983,-0.0019057,1.7231,-1.4068,0.071994,-21.8177,0.043483,-0.006933,0.00049443,5.2686e-09,0.00069496,0,78.9492,0.11676,0,483.035,1455.7586
0.55833,9997.2604,-9.2173,240.537,0.62623,1.9596,-0.024742,0.13615,89.9983,-0.0016394,1.7523,-1.4423,-0.026986,-21.8901,0.043057,-0.019251,0.00066989,5.4269e-09,0.00070565,0,78.6967,0.11714,0.18637,483.0353,1455.763
0.56203,9997.2604,-9.2173,240.537,0.62623,1.9596,-0.024742,0.13615,89.9983,-0.0016394,1.7523,-1.4423,-0.026986,-21.8901,0.043057,-0.019251,0.00066989,5.4269e-09,0.00070565,0,78.6967,0.11625,0.044531,483.0353,1455.763
0.56354,9997.2604,-9.2173,240.537,0.62623,1.9596,-0.024742,0.13615,89.9983,-0.0016394,1.7523,-1.4423,-0.026986,-21.8901,0.043057,-0.019251,0.00066989,5.4269e-09,0.00070565,0,78.6967,0.11588,8.3378e-14,483.0353,1455.763
0.56354,9997.2604,-9.2173,240.537,0.62623,1.9596,-0.024742,0.13615,89.9983,-0.0016394,1.7523,-1.4423,-0.026986,-21.8901,0.043057,-0.019251,0.00066989,5.4269e-09,0.00070565,0,78.6967,0.11588,0,483.0353,1455.763
0.56666,9997.1831,-9.3223,240.533,0.64257,1.9802,-0.023607,0.12696,89.9983,-0.0012894,1.7815,-1.4761,-0.12813,-21.9626,0.04263,-0.030626,0.0008014,5.5869e-09,0.00071635,0,78.4473,0.11642,0.21079,483.0355,1455.7673
0.56978,9997.1831,-9.3223,240.533,0.64257,1.9802,-0.023607,0.12696,89.9983,-0.0012894,1.7815,-1.4761,-0.12813,-21.9626,0.04263,-0.030626,0.0008014,5.5869e-09,0.00071635,0,78.4473,0.11566,0.08178,483.0355,1455.7673
0.57242,9997.1831,-9.3223,240.533,0.64257,1.9802,-0.023607,0.12696,89.9983,-0.0012894,1.7815,-1.4761,-0.12813,-21.9626,0.04263,-0.030626,0.0008014,5.5869e-09,0.00071635,0,78.4473,0.11502,1.904e-13,483.0355,1455.7673
0.57242,9997.1831,-9.3223,240.533,0.64257,1.9802,-0.023607,0.12696,89.9983,-0.0012894,1.7815,-1.4761,-0.12813,-21.9626,0.04263,-0.030626,0.0008014,5.5869e-09,0.00071635,0,78.4473,0.11502,0,483.0355,1455.7673
0.575,9997.105,-9.4262,240.5288,0.65908,2.0005,-0.022549,0.11234,89.9983,-0.00087833,1.8107,-1.5082,-0.22368,-22.0375,0.042203,-0.040134,0.00087613,5.7483e-09,0.00072704,0,78.2011,0.11571,0.2344,483.0358,1455.7717
0.57758,9997.105,-9.4262,240.5288,0.65908,2.0005,-0.022549,0.11234,89.9983,-0.00087833,1.8107,-1.5082,-0.22368,-22.0375,0.042203,-0.040134,0.00087613,5.7483e-09,0.00072704,0,78.2011,0.11507,0.11987,483.0358,1455.7717
0.58125,9997.105,-9.4262,240.5288,0.65908,2.0005,-0.022549,0.11234,89.9983,-0.00087833,1.8107,-1.5082,-0.22368,-22.0375,0.042203,-0.040134,0.00087613,5.7483e-09,0.00072704,0,78.2011,0.11416,1.9001e-13,483.0358,1455.7717
0.58125,9997.105,-9.4262,240.5288,0.65908,2.0005,-0.022549,0.11234,89.9983,-0.00087833,1.8107,-1.5082,-0.22368,-22.0375,0.042203,-0.040134,0.00087613,5.7483e-09,0.00072704,0,78.2011,0.11416,0,483.0358,1455.7717
0.58333,9997.026,-9.529,240.5244,0.67576,2.0207,-0.021613,0.093185,89.9983,-0.00043504,1.8399,-1.5387,-0.30601,-22.1173,0.041775,-0.046957,0.00088514,5.9113e-09,0.00073773,0,77.9579,0.11499,0.25725,483.0361,1455.7762
0.58541,9997.026,-9.529,240.5244,0.67576,2.0207,-0.021613,0.093185,89.9983,-0.00043504,1.8399,-1.5387,-0.30601,-22.1173,0.041775,-0.046957,0.00088514,5.9113e-09,0.00073773,0,77.9579,0.11447,0.15873,483.0361,1455.7762
0.58957,9997.026,-9.529,240.5244,0.67576,2.0207,-0.021613,0.093185,89.9983,-0.00043504,1.8399,-1.5387,-0.30601,-22.1173,0.041775,-0.046957,0.00088514,5.9113e-09,0.00073773,0,77.9579,0.11344,0.013292,483.0361,1455.7762
0.59005,9997.026,-9.529,240.5244,0.67576,2.0207,-0.021613,0.093185,89.9983,-0.00043504,1.8399,-1.5387,-0.30601,-22.1173,0.041775,-0.046957,0.00088514,5.9113e-09,0.00073773,0,77.9579,0.11331,4.4964e-15,483.0361,1455.7762
0.59005,9997.026,-9.529,240.5244,0.67576,2.0207,-0.021613,0.093185,89.9983,-0.00043504,1.8399,-1.5387,-0.30601,-22.1173,0.041775,-0.046957,0.00088514,5.9113e-09,0.00073773,0,77.9579,0.11331,0,483.0361,1455.7762
0.59166,9996.9462,-9.6307,240.5199,0.69261,2.0406,-0.020836,0.07077,89.9983,7.6327e-06,1.8692,-1.5677,-0.36823,-22.2039,0.041347,-0.05045,0.00082434,6.0757e-09,0.00074843,0,77.7177,0.11429,0.27936,483.0364,1455.7807
0.59328,9996.9462,-9.6307,240.5199,0.69261,2.0406,-0.020836,0.07077,89.9983,7.6327e-06,1.8692,-1.5677,-0.36823,-22.2039,0.041347,-0.05045,0.00082434,6.0757e-09,0.00074843,0,77.7177,0.11388,0.19826,483.0364,1455.7807
0.5965,9996.9462,-9.6307,240.5199,0.69261,2.0406,-0.020836,0.07077,89.9983,7.6327e-06,1.8692,-1.5677,-0.36823,-22.2039,0.041347,-0.05045,0.00082434,6.0757e-09,0.00074843,0,77.7177,0.11307,0.070125,483.0364,1455.7807
0.59883,9996.9462,-9.6307,240.5199,0.69261,2.0406,-0.020836,0.07077,89.9983,7.6327e-06,1.8692,-1.5677,-0.36823,-22.2039,0.041347,-0.05045,0.00082434,6.0757e-09,0.00074843,0,77.7177,0.11248,9.992e-15,483.0364,1455.7807
0.59883,9996.9462,-9.6307,240.5199,0.69261,2.0406,-0.020836,0.07077,89.9983,7.6327e-06,1.8692,-1.5677,-0.36823,-22.2039,0.041347,-0.05045,0.00082434,6.0757e-09,0.00074843,0,77.7177,0.11248,0,483.0364,1455.7807
0.6,9996.8655,-9.7313,240.5152,0.70963,2.0604,-0.020247,0.046687,89.9983,0.0004152,1.8986,-1.5953,-0.40465,-22.2989,0.040918,-0.050195,0.00069504,6.2415e-09,0.00075912,0,77.4806,0.11359,0.30073,483.0367,1455.7852
0.60117,9996.8655,-9.7313,240.5152,0.70963,2.0604,-0.020247,0.046687,89.9983,0.0004152,1.8986,-1.5953,-0.40465,-22.2989,0.040918,-0.050195,0.00069504,6.2415e-09,0.00075912,0,77.4806,0.11329,0.23833,483.0367,1455.7852
0.60351,9996.8655,-9.7313,240.5152,0.70963,2.0604,-0.020247,0.046687,89.9983,0.0004152,1.8986,-1.5953,-0.40465,-22.2989,0.040918,-0.050195,0.00069504,6.2415e-09,0.00075912,0,77.4806,0.11269,0.1332,483.0367,1455.7852
0.60757,9996.8655,-9.7313,240.5152,0.70963,2.0604,-0.020247,0.046687,89.9983,0.0004152,1.8986,-1.5953,-0.40465,-22.2989,0.040918,-0.050195,0.00069504,6.2415e-09,0.00075912,0,77.4806,0.11165,6.6613e-16,483.0367,1455.7852
0.60757,9996.8655,-9.7313,240.5152,0.70963,2.0604,-0.020247,0.046687,89.9983,0.0004152,1.8986,-1.5953,-0.40465,-22.2989,0.040918,-0.050195,0.00069504,6.2415e-09,0.00075912,0,77.4806,0.11165,0,483.0367,1455.7852
0.60833,9996.784,-9.8309,240.5104,0.72681,2.0799,-0.019858,0.022725,89.9983,0.00075424,1.928,-1.6214,-0.41136,-22.4034,0.040488,-0.046043,0.00050415,6.4086e-09,0.00076982,0,77.2464,0.11289,0.32141,483.0369,1455.7898
0.60909,9996.784,-9.8309,240.5104,0.72681,2.0799,-0.019858,0.022725,89.9983,0.00075424,1.928,-1.6214,-0.41136,-22.4034,0.040488,-0.046043,0.00050415,6.4086e-09,0.00076982,0,77.2464,0.11269,0.27888,483.0369,1455.7898
0.6106,9996.784,-9.8309,240.5104,0.72681,2.0799,-0.019858,0.022725,89.9983,0.00075424,1.928,-1.6214,-0.41136,-22.4034,0.040488,-0.046043,0.00050415,6.4086e-09,0.00076982,0,77.2464,0.1123,0.20273,483.0369,1455.7898
0.61363,9996.784,-9.8309,240.5104,0.72681,2.0799,-0.019858,0.022725,89.9983,0.00075424,1.928,-1.6214,-0.41136,-22.4034,0.040488,-0.046043,0.00050415,6.4086e-09,0.00076982,0,77.2464,0.11152,0.080939,483.0369,1455.7898
0.6163,9996.784,-9.8309,240.5104,0.72681,2.0799,-0.019858,0.022725,89.9983,0.00075424,1.928,-1.6214,-0.41136,-22.4034,0.040488,-0.046043,0.00050415,6.4086e-09,0.00076982,0,77.2464,0.11083,1.7009e-13,483.0369,1455.7898
0.6163,9996.784,-9.8309,240.5104,0.72681,2.0799,-0.019858,0.022725,89.9983,0.00075424,1.928,-1.6214,-0.41136,-22.4034,0.040488,-0.046043,0.00050415,6.4086e-09,0.00076982,0,77.2464,0.11083,0,483.0369,1455.7898
0.61666,9996.7017,-9.9293,240.5054,0.74415,2.0992,-0.019668,0.00074471,89.9983,0.00099519,1.9574,-1.6461,-0.38648,-22.5178,0.040069,-0.038143,0.00026397,6.5771e-09,0.00078051,0,77.0151,0.1122,0.34141,483.0372,1455.7945
0.61703,9996.7017,-9.9293,240.5054,0.74415,2.0992,-0.019668,0.00074471,89.9983,0.00099519,1.9574,-1.6461,-0.38648,-22.5178,0.040069,-0.038143,0.00026397,6.5771e-09,0.00078051,0,77.0151,0.1121,0.31984,483.0372,1455.7945
0.61776,9996.7017,-9.9293,240.5054,0.74415,2.0992,-0.019668,0.00074471,89.9983,0.00099519,1.9574,-1.6461,-0.38648,-22.5178,0.040069,-0.038143,0.00026397,6.5771e-09,0.00078051,0,77.0151,0.11191,0.27891,483.0372,1455.7945
0.61922,9996.7017,-9.9293,240.5054,0.74415,2.0992,-0.019668,0.00074471,89.9983,0.00099519,1.9574,-1.6461,-0.38648,-22.5178,0.040069,-0.038143,0.00026397,6.5771e-09,0.00078051,0,77.0151,0.11153,0.20548,483.0372,1455.7945
0.62214,9996.7017,-9.9293,240.5054,0.74415,2.0992,-0.019668,0.00074471,89.9983,0.00099519,1.9574,-1.6461,-0.38648,-22.5178,0.040069,-0.038143,0.00026397,6.5771e-09,0.00078051,0,77.0151,0.11077,0.087117,483.0372,1455.7945
0.625,9996.6185,-10.0267,240.5006,0.76166,2.1184,-0.019662,-0.017465,89.9983,0.0011149,1.9868,-1.6212,-0.33051,-22.6422,0.03965,-0.026941,-8.4132e-06,6.747e-09,0.0007912,0,76.7829,0.11152,0.33866,483.0375,1455.7992
0.62827,9996.6185,-10.0267,240.5006,0.76166,2.1184,-0.019662,-0.017465,89.9983,0.0011149,1.9868,-1.6212,-0.33051,-22.6422,0.03965,-0.026941,-8.4132e-06,6.747e-09,0.0007912,0,76.7829,0.11065,0.17133,483.0375,1455.7992
0.62827,9996.6185,-10.0267,240.5006,0.76166,2.1184,-0.019662,-0.017465,89.9983,0.0011149,1.9868,-1.6212,-0.33051,-22.6422,0.03965,-0.026941,-8.4132e-06,6.747e-09,0.0007912,0,76.7829,0.11065,0.17133,483.0375,1455.7992
0.63332,9996.6185,-10.0267,240.5006,0.76166,2.1184,-0.019662,-0.017465,89.9983,0.0011149,1.9868,-1.6212,-0.33051,-22.6422,0.03965,-0.026941,-8.4132e-06,6.747e-09,0.0007912,0,76.7829,0.10932,1.8863e-13,483.0375,1455.7992
0.63332,9996.6185,-10.0267,240.5006,0.76166,2.1184,-0.019662,-0.017465,89.9983,0.0011149,1.9868,-1.6212,-0.33051,-22.6422,0.03965,-0.026941,-8.4132e-06,6.747e-09,0.0007912,0,76.7829,0.10932,0,483.0375,1455.7992
0.63333,9996.5345,-10.123,240.4959,0.77932,2.1373,-0.019808,-0.030329,89.9983,0.001099,2.0162,-1.5962,-0.24638,-22.7751,0.03923,-0.013169,-0.00029222,6.9181e-09,0.00080189,0,76.5497,0.11085,0.33336,483.0378,1455.8039
0.63334,9996.5345,-10.123,240.4959,0.77932,2.1373,-0.019808,-0.030329,89.9983,0.001099,2.0162,-1.5962,-0.24638,-22.7751,0.03923,-0.013169,-0.00029222,6.9181e-09,0.00080189,0,76.5497,0.11084,0.33269,483.0378,1455.8039
0.63336,9996.5345,-10.123,240.4959,0.77932,2.1373,-0.019808,-0.030329,89.9983,0.001099,2.0162,-1.5962,-0.24638,-22.7751,0.03923,-0.013169,-0.00029222,6.9181e-09,0.00080189,0,76.5497,0.11084,0.33136,483.0378,1455.8039
0.63341,9996.5345,-10.123,240.4959,0.77932,2.1373,-0.019808,-0.030329,89.9983,0.001099,2.0162,-1.5962,-0.24638,-22.7751,0.03923,-0.013169,-0.00029222,6.9181e-09,0.00080189,0,76.5497,0.11082,0.3287,483.0378,1455.8039
0.6335,9996.5345,-10.123,240.4959,0.77932,2.1373,-0.019808,-0.030329,89.9983,0.001099,2.0162,-1.5962,-0.24638,-22.7751,0.03923,-0.013169,-0.00029222,6.9181e-09,0.00080189,0,76.5497,0.1108,0.32342,483.0378,1455.8039
0.63368,9996.5345,-10.123,240.4959,0.77932,2.1373,-0.019808,-0.030329,89.9983,0.001099,2.0162,-1.5962,-0.24638,-22.7751,0.03923,-0.013169,-0.00029222,6.9181e-09,0.00080189,0,76.5497,0.11075,0.31299,483.0378,1455.8039
0.63404,9996.5345,-10.123,240.4959,0.77932,2.1373,-0.019808,-0.030329,89.9983,0.001099,2.0162,-1.5962,-0.24638,-22.7751,0.03923,-0.013169,-0.00029222,6.9181e-09,0.00080189,0,76.5497,0.11066,0.29269,483.0378,1455.8039
0.63477,9996.5345,-10.123,240.4959,0.77932,2.1373,-0.019808,-0.030329,89.9983,0.001099,2.0162,-1.5962,-0.24638,-22.7751,0.03923,-0.013169,-0.00029222,6.9181e-09,0.00080189,0,76.5497,0.11046,0.25423,483.0378,1455.8039
0.63621,9996.5345,-10.123,240.4959,0.77932,2.1373,-0.019808,-0.030329,89.9983,0.001099,2.0162,-1.5962,-0.24638,-22.7751,0.03923,-0.013169,-0.00029222,6.9181e-09,0.00080189,0,76.5497,0.11008,0.18515,483.0378,1455.8039
0.6391,9996.5345,-10.123,240.4959,0.77932,2.1373,-0.019808,-0.030329,89.9983,0.001099,2.0162,-1.5962,-0.24638,-22.7751,0.03923,-0.013169,-0.00029222,6.9181e-09,0.00080189,0,76.5497,0.10931,0.073587,483.0378,1455.8039
0.6416,9996.5345,-10.123,240.4959,0.77932,2.1373,-0.019808,-0.030329,89.9983,0.001099,2.0162,-1.5962,-0.24638,-22.7751,0.03923,-0.013169,-0.00029222,6.9181e-09,0.00080189,0,76.5497,0.10864,1.828e-13,483.0378,1455.8039
0.6416,9996.5345,-10.123,240.4959,0.77932,2.1373,-0.019808,-0.030329,89.9983,0.001099,2.0162,-1.5962,-0.24638,-22.7751,0.03923,-0.013169,-0.00029222,6.9181e-09,0.00080189,0,76.5497,0.10864,0,483.0378,1455.8039
0.64166,9996.4498,-10.2182,240.4912,0.79714,2.156,-0.02006,-0.036618,89.9983,0.0009435,2.0457,-1.571,-0.13937,-22.9146,0.038807,0.0021987,-0.00056434,7.0906e-09,0.00081259,0,76.3155,0.11019,0.32722,483.0381,1455.8087
0.64173,9996.4498,-10.2182,240.4912,0.79714,2.156,-0.02006,-0.036618,89.9983,0.0009435,2.0457,-1.571,-0.13937,-22.9146,0.038807,0.0021987,-0.00056434,7.0906e-09,0.00081259,0,76.3155,0.11017,0.32366,483.0381,1455.8087
0.64185,9996.4498,-10.2182,240.4912,0.79714,2.156,-0.02006,-0.036618,89.9983,0.0009435,2.0457,-1.571,-0.13937,-22.9146,0.038807,0.0021987,-0.00056434,7.0906e-09,0.00081259,0,76.3155,0.11014,0.31658,483.0381,1455.8087
0.64209,9996.4498,-10.2182,240.4912,0.79714,2.156,-0.02006,-0.036618,89.9983,0.0009435,2.0457,-1.571,-0.13937,-22.9146,0.038807,0.0021987,-0.00056434,7.0906e-09,0.00081259,0,76.3155,0.11007,0.30269,483.0381,1455.8087
0.64258,9996.4498,-10.2182,240.4912,0.79714,2.156,-0.02006,-0.036618,89.9983,0.0009435,2.0457,-1.571,-0.13937,-22.9146,0.038807,0.0021987,-0.00056434,7.0906e-09,0.00081259,0,76.3155,0.10994,0.27591,483.0381,1455.8087
0.64356,9996.4498,-10.2182,240.4912,0.79714,2.156,-0.02006,-0.036618,89.9983,0.0009435,2.0457,-1.571,-0.13937,-22.9146,0.038807,0.0021987,-0.00056434,7.0906e-09,0.00081259,0,76.3155,0.10968,0.22611,483.0381,1455.8087
0.64553,9996.4498,-10.2182,240.4912,0.79714,2.156,-0.02006,-0.036618,89.9983,0.0009435,2.0457,-1.571,-0.13937,-22.9146,0.038807,0.0021987,-0.00056434,7.0906e-09,0.00081259,0,76.3155,0.10915,0.14001,483.0381,1455.8087
0.64945,9996.4498,-10.2182,240.4912,0.79714,2.156,-0.02006,-0.036618,89.9983,0.0009435,2.0457,-1.571,-0.13937,-22.9146,0.038807,0.0021987,-0.00056434,7.0906e-09,0.00081259,0,76.3155,0.10809,0.010988,483.0381,1455.8087
0.64987,9996.4498,-10.2182,240.4912,0.79714,2.156,-0.02006,-0.036618,89.9983,0.0009435,2.0457,-1.571,-0.13937,-22.9146,0.038807,0.0021987,-0.00056434,7.0906e-09,0.00081259,0,76.3155,0.10798,1.813e-13,483.0381,1455.8087
0.64987,9996.4498,-10.2182,240.4912,0.79714,2.156,-0.02006,-0.036618,89.9983,0.0009435,2.0457,-1.571,-0.13937,-22.9146,0.038807,0.0021987,-0.00056434,7.0906e-09,0.00081259,0,76.3155,0.10798,0,483.0381,1455.8087
0.65,9996.3642,-10.3122,240.4866,0.81512,2.1746,-0.020365,-0.035572,89.9983,0.000656,2.0752,-1.5454,-0.01685,-23.0579,0.03838,0.018007,-0.00080094,7.2645e-09,0.00082328,0,76.0804,0.10954,0.32057,483.0384,1455.8135
0.65013,9996.3642,-10.3122,240.4866,0.81512,2.1746,-0.020365,-0.035572,89.9983,0.000656,2.0752,-1.5454,-0.01685,-23.0579,0.03838,0.018007,-0.00080094,7.2645e-09,0.00082328,0,76.0804,0.1095,0.31301,483.0384,1455.8135
0.65039,9996.3642,-10.3122,240.4866,0.81512,2.1746,-0.020365,-0.035572,89.9983,0.000656,2.0752,-1.5454,-0.01685,-23.0579,0.03838,0.018007,-0.00080094,7.2645e-09,0.00082328,0,76.0804,0.10943,0.29817,483.0384,1455.8135
0.65092,9996.3642,-10.3122,240.4866,0.81512,2.1746,-0.020365,-0.035572,89.9983,0.000656,2.0752,-1.5454,-0.01685,-23.0579,0.03838,0.018007,-0.00080094,7.2645e-09,0.00082328,0,76.0804,0.10929,0.26964,483.0384,1455.8135
0.65198,9996.3642,-10.3122,240.4866,0.81512,2.1746,-0.020365,-0.035572,89.9983,0.000656,2.0752,-1.5454,-0.01685,-23.0579,0.03838,0.018007,-0.00080094,7.2645e-09,0.00082328,0,76.0804,0.109,0.2169,483.0384,1455.8135
0.6541,9996.3642,-10.3122,240.4866,0.81512,2.1746,-0.020365,-0.035572,89.9983,0.000656,2.0752,-1.5454,-0.01685,-23.0579,0.03838,0.018007,-0.00080094,7.2645e-09,0.00082328,0,76.0804,0.10842,0.12675,483.0384,1455.8135
0.65812,9996.3642,-10.3122,240.4866,0.81512,2.1746,-0.020365,-0.035572,89.9983,0.000656,2.0752,-1.5454,-0.01685,-23.0579,0.03838,0.018007,-0.00080094,7.2645e-09,0.00082328,0,76.0804,0.10733,1.1241e-13,483.0384,1455.8135
0.65812,9996.3642,-10.3122,240.4866,0.81512,2.1746,-0.020365,-0.035572,89.9983,0.000656,2.0752,-1.5454,-0.01685,-23.0579,0.03838,0.018007,-0.00080094,7.2645e-09,0.00082328,0,76.0804,0.10733,0,483.0384,1455.8135
0.65833,9996.2779,-10.4052,240.4821,0.83325,2.1929,-0.020662,-0.02698,89.9983,0.00025573,2.1047,-1.5194,0.1122,-23.2022,0.037949,0.032981,-0.00097991,7.4398e-09,0.00083397,0,75.8442,0.1089,0.31366,483.0388,1455.8184
0.65854,9996.2779,-10.4052,240.4821,0.83325,2.1929,-0.020662,-0.02698,89.9983,0.00025573,2.1047,-1.5194,0.1122,-23.2022,0.037949,0.032981,-0.00097991,7.4398e-09,0.00083397,0,75.8442,0.10884,0.30166,483.0388,1455.8184
0.65897,9996.2779,-10.4052,240.4821,0.83325,2.1929,-0.020662,-0.02698,89.9983,0.00025573,2.1047,-1.5194,0.1122,-23.2022,0.037949,0.032981,-0.00097991,7.4398e-09,0.00083397,0,75.8442,0.10872,0.27838,483.0388,1455.8184
0.65983,9996.2779,-10.4052,240.4821,0.83325,2.1929,-0.020662,-0.02698,89.9983,0.00025573,2.1047,-1.5194,0.1122,-23.2022,0.037949,0.032981,-0.00097991,7.4398e-09,0.00083397,0,75.8442,0.10849,0.2347,483.0388,1455.8184
0.66154,9996.2779,-10.4052,240.4821,0.83325,2.1929,-0.020662,-0.02698,89.9983,0.00025573,2.1047,-1.5194,0.1122,-23.2022,0.037949,0.032981,-0.00097991,7.4398e-09,0.00083397,0,75.8442,0.10802,0.15776,483.0388,1455.8184
0.66496,9996.2779,-10.4052,240.4821,0.83325,2.1929,-0.020662,-0.02698,89.9983,0.00025573,2.1047,-1.5194,0.1122,-23.2022,0.037949,0.032981,-0.00097991,7.4398e-09,0.00083397,0,75.8442,0.10708,0.038231,483.0388,1455.8184
0.66636,9996.2779,-10.4052,240.4821,0.83325,2.1929,-0.020662,-0.02698,89.9983,0.00025573,2.1047,-1.5194,0.1122,-23.2022,0.037949,0.032981,-0.00097991,7.4398e-09,0.00083397,0,75.8442,0.10669,1.8369e-13,483.0388,1455.8184
0.66636,9996.2779,-10.4052,240.4821,0.83325,2.1929,-0.020662,-0.02698,89.9983,0.00025573,2.1047,-1.5194,0.1122,-23.2022,0.037949,0.032981,-0.00097991,7.4398e-09,0.00083397,0,75.8442,0.10669,0,483.0388,1455.8184
0.66666,9996.1908,-10.4971,240.4776,0.85154,2.211,-0.020887,-0.01124,89.9983,-0.00022737,2.1343,-1.4931,0.2376,-23.3444,0.037516,0.045848,-0.0010817,7.6166e-09,0.00084466,0,75.6071,0.10826,0.30663,483.0391,1455.8233
0.66697,9996.1908,-10.4971,240.4776,0.85154,2.211,-0.020887,-0.01124,89.9983,-0.00022737,2.1343,-1.4931,0.2376,-23.3444,0.037516,0.045848,-0.0010817,7.6166e-09,0.00084466,0,75.6071,0.10818,0.29002,483.0391,1455.8233
0.66757,9996.1908,-10.4971,240.4776,0.85154,2.211,-0.020887,-0.01124,89.9983,-0.00022737,2.1343,-1.4931,0.2376,-23.3444,0.037516,0.045848,-0.0010817,7.6166e-09,0.00084466,0,75.6071,0.10801,0.2582,483.0391,1455.8233
0.66878,9996.1908,-10.4971,240.4776,0.85154,2.211,-0.020887,-0.01124,89.9983,-0.00022737,2.1343,-1.4931,0.2376,-23.3444,0.037516,0.045848,-0.0010817,7.6166e-09,0.00084466,0,75.6071,0.10768,0.20004,483.0391,1455.8233
0.6712,9996.1908,-10.4971,240.4776,0.85154,2.211,-0.020887,-0.01124,89.9983,-0.00022737,2.1343,-1.4931,0.2376,-23.3444,0.037516,0.045848,-0.0010817,7.6166e-09,0.00084466,0,75.6071,0.10701,0.10279,483.0391,1455.8233
0.6746,9996.1908,-10.4971,240.4776,0.85154,2.211,-0.020887,-0.01124,89.9983,-0.00022737,2.1343,-1.4931,0.2376,-23.3444,0.037516,0.045848,-0.0010817,7.6166e-09,0.00084466,0,75.6071,0.10606,5.1126e-14,483.0391,1455.8233
0.6746,9996.1908,-10.4971,240.4776,0.85154,2.211,-0.020887,-0.01124,89.9983,-0.00022737,2.1343,-1.4931,0.2376,-23.3444,0.037516,0.045848,-0.0010817,7.6166e-09,0.00084466,0,75.6071,0.10606,0,483.0391,1455.8233
0.675,9996.103,-10.5879,240.4732,0.86997,2.2289,-0.02098,0.010643,89.9983,-0.00075408,2.1638,-1.4662,0.34896,-23.4812,0.03708,0.055408,-0.0010922,7.7947e-09,0.00085535,0,75.369,0.10764,0.29953,483.0394,1455.8283
0.67539,9996.103,-10.5879,240.4732,0.86997,2.2289,-0.02098,0.010643,89.9983,-0.00075408,2.1638,-1.4662,0.34896,-23.4812,0.03708,0.055408,-0.0010922,7.7947e-09,0.00085535,0,75.369,0.10753,0.27826,483.0394,1455.8283
0.67618,9996.103,-10.5879,240.4732,0.86997,2.2289,-0.02098,0.010643,89.9983,-0.00075408,2.1638,-1.4662,0.34896,-23.4812,0.03708,0.055408,-0.0010922,7.7947e-09,0.00085535,0,75.369,0.10731,0.23807,483.0394,1455.8283
0.67776,9996.103,-10.5879,240.4732,0.86997,2.2289,-0.02098,0.010643,89.9983,-0.00075408,2.1638,-1.4662,0.34896,-23.4812,0.03708,0.055408,-0.0010922,7.7947e-09,0.00085535,0,75.369,0.10686,0.1666,483.0394,1455.8283
0.68092,9996.103,-10.5879,240.4732,0.86997,2.2289,-0.02098,0.010643,89.9983,-0.00075408,2.1638,-1.4662,0.34896,-23.4812,0.03708,0.055408,-0.0010922,7.7947e-09,0.00085535,0,75.369,0.10598,0.053382,483.0394,1455.8283
0.68284,9996.103,-10.5879,240.4732,0.86997,2.2289,-0.02098,0.010643,89.9983,-0.00075408,2.1638,-1.4662,0.34896,-23.4812,0.03708,0.055408,-0.0010922,7.7947e-09,0.00085535,0,75.369,0.10544,1.3323e-15,483.0394,1455.8283
0.68284,9996.103,-10.5879,240.4732,0.86997,2.2289,-0.02098,0.010643,89.9983,-0.00075408,2.1638,-1.4662,0.34896,-23.4812,0.03708,0.055408,-0.0010922,7.7947e-09,0.00085535,0,75.369,0.10544,0,483.0394,1455.8283
0.68333,9996.0144,-10.6776,240.4689,0.88856,2.2466,-0.020892,0.037089,89.9983,-0.0012786,2.1934,-1.4389,0.43622,-23.6097,0.036638,0.060658,-0.0010036,7.9743e-09,0.00086604,0,75.13,0.10701,0.29237,483.0397,1455.8333
0.68382,9996.0144,-10.6776,240.4689,0.88856,2.2466,-0.020892,0.037089,89.9983,-0.0012786,2.1934,-1.4389,0.43622,-23.6097,0.036638,0.060658,-0.0010036,7.9743e-09,0.00086604,0,75.13,0.10688,0.26645,483.0397,1455.8333
0.6848,9996.0144,-10.6776,240.4689,0.88856,2.2466,-0.020892,0.037089,89.9983,-0.0012786,2.1934,-1.4389,0.43622,-23.6097,0.036638,0.060658,-0.0010036,7.9743e-09,0.00086604,0,75.13,0.1066,0.21816,483.0397,1455.8333
0.68677,9996.0144,-10.6776,240.4689,0.88856,2.2466,-0.020892,0.037089,89.9983,-0.0012786,2.1934,-1.4389,0.43622,-23.6097,0.036638,0.060658,-0.0010036,7.9743e-09,0.00086604,0,75.13,0.10604,0.1347,483.0397,1455.8333
0.69069,9996.0144,-10.6776,240.4689,0.88856,2.2466,-0.020892,0.037089,89.9983,-0.0012786,2.1934,-1.4389,0.43622,-23.6097,0.036638,0.060658,-0.0010036,7.9743e-09,0.00086604,0,75.13,0.10493,0.0096662,483.0397,1455.8333
0.69107,9996.0144,-10.6776,240.4689,0.88856,2.2466,-0.020892,0.037089,89.9983,-0.0012786,2.1934,-1.4389,0.43622,-23.6097,0.036638,0.060658,-0.0010036,7.9743e-09,0.00086604,0,75.13,0.10483,1.6037e-13,483.0397,1455.8333
0.69107,9996.0144,-10.6776,240.4689,0.88856,2.2466,-0.020892,0.037089,89.9983,-0.0012786,2.1934,-1.4389,0.43622,-23.6097,0.036638,0.060658,-0.0010036,7.9743e-09,0.00086604,0,75.13,0.10483,0,483.0397,1455.8333
0.69166,9995.925,-10.7662,240.4645,0.90729,2.2641,-0.020583,0.066043,89.9983,-0.0017521,2.223,-1.4345,0.49067,-23.7272,0.036188,0.060863,-0.00081607,8.1554e-09,0.00087673,0,74.8916,0.10639,0.29594,483.04,1455.8383
0.69225,9995.925,-10.7662,240.4645,0.90729,2.2641,-0.020583,0.066043,89.9983,-0.0017521,2.223,-1.4345,0.49067,-23.7272,0.036188,0.060863,-0.00081607,8.1554e-09,0.00087673,0,74.8916,0.10622,0.26478,483.04,1455.8383
0.69344,9995.925,-10.7662,240.4645,0.90729,2.2641,-0.020583,0.066043,89.9983,-0.0017521,2.223,-1.4345,0.49067,-23.7272,0.036188,0.060863,-0.00081607,8.1554e-09,0.00087673,0,74.8916,0.10589,0.2076,483.04,1455.8383
0.6958,9995.925,-10.7662,240.4645,0.90729,2.2641,-0.020583,0.066043,89.9983,-0.0017521,2.223,-1.4345,0.49067,-23.7272,0.036188,0.060863,-0.00081607,8.1554e-09,0.00087673,0,74.8916,0.10521,0.11161,483.04,1455.8383
0.6995,9995.925,-10.7662,240.4645,0.90729,2.2641,-0.020583,0.066043,89.9983,-0.0017521,2.223,-1.4345,0.49067,-23.7272,0.036188,0.060863,-0.00081607,8.1554e-09,0.00087673,0,74.8916,0.10416,1.7172e-13,483.04,1455.8383
0.6995,9995.925,-10.7662,240.4645,0.90729,2.2641,-0.020583,0.066043,89.9983,-0.0017521,2.223,-1.4345,0.49067,-23.7272,0.036188,0.060863,-0.00081607,8.1554e-09,0.00087673,0,74.8916,0.10416,0,483.04,1455.8383
0.7,9995.8349,-10.8537,240.4599,0.92617,2.2814,-0.020032,0.095097,89.9983,-0.0021262,2.2526,-1.4572,0.50554,-23.8316,0.035737,0.055653,-0.0005381,8.3379e-09,0.00088743,0,74.6561,0.10577,0.3133,483.0403,1455.8434
0.70049,9995.8349,-10.8537,240.4599,0.92617,2.2814,-0.020032,0.095097,89.9983,-0.0021262,2.2526,-1.4572,0.50554,-23.8316,0.035737,0.055653,-0.0005381,8.3379e-09,0.00088743,0,74.6561,0.10563,0.28642,483.0403,1455.8434
0.70148,9995.8349,-10.8537,240.4599,0.92617,2.2814,-0.020032,0.095097,89.9983,-0.0021262,2.2526,-1.4572,0.50554,-23.8316,0.035737,0.055653,-0.0005381,8.3379e-09,0.00088743,0,74.6561,0.10534,0.23638,483.0403,1455.8434
0.70345,9995.8349,-10.8537,240.4599,0.92617,2.2814,-0.020032,0.095097,89.9983,-0.0021262,2.2526,-1.4572,0.50554,-23.8316,0.035737,0.055653,-0.0005381,8.3379e-09,0.00088743,0,74.6561,0.10478,0.14992,483.0403,1455.8434
0.70739,9995.8349,-10.8537,240.4599,0.92617,2.2814,-0.020032,0.095097,89.9983,-0.0021262,2.2526,-1.4572,0.50554,-23.8316,0.035737,0.055653,-0.0005381,8.3379e-09,0.00088743,0,74.6561,0.10364,0.02055,483.0403,1455.8434
0.70819,9995.8349,-10.8537,240.4599,0.92617,2.2814,-0.020032,0.095097,89.9983,-0.0021262,2.2526,-1.4572,0.50554,-23.8316,0.035737,0.055653,-0.0005381,8.3379e-09,0.00088743,0,74.6561,0.10341,9.0511e-14,483.0403,1455.8434
0.70819,9995.8349,-10.8537,240.4599,0.92617,2.2814,-0.020032,0.095097,89.9983,-0.0021262,2.2526,-1.4572,0.50554,-23.8316,0.035737,0.055653,-0.0005381,8.3379e-09,0.00088743,0,74.6561,0.10341,0,483.0403,1455.8434
0.70833,9995.7441,-10.9401,240.4551,0.94519,2.2985,-0.01924,0.12166,89.9983,-0.0023574,2.2822,-1.479,0.47681,-23.9224,0.035298,0.045069,-0.00018664,8.5218e-09,0.00089812,0,74.4235,0.10514,0.33225,483.0407,1455.8485
0.70847,9995.7441,-10.9401,240.4551,0.94519,2.2985,-0.01924,0.12166,89.9983,-0.0023574,2.2822,-1.479,0.47681,-23.9224,0.035298,0.045069,-0.00018664,8.5218e-09,0.00089812,0,74.4235,0.1051,0.32402,483.0407,1455.8485
0.70876,9995.7441,-10.9401,240.4551,0.94519,2.2985,-0.01924,0.12166,89.9983,-0.0023574,2.2822,-1.479,0.47681,-23.9224,0.035298,0.045069,-0.00018664,8.5218e-09,0.00089812,0,74.4235,0.10502,0.30788,483.0407,1455.8485
0.70934,9995.7441,-10.9401,240.4551,0.94519,2.2985,-0.01924,0.12166,89.9983,-0.0023574,2.2822,-1.479,0.47681,-23.9224,0.035298,0.045069,-0.00018664,8.5218e-09,0.00089812,0,74.4235,0.10485,0.27695,483.0407,1455.8485
0.71049,9995.7441,-10.9401,240.4551,0.94519,2.2985,-0.01924,0.12166,89.9983,-0.0023574,2.2822,-1.479,0.47681,-23.9224,0.035298,0.045069,-0.00018664,8.5218e-09,0.00089812,0,74.4235,0.10451,0.22019,483.0407,1455.8485
0.71279,9995.7441,-10.9401,240.4551,0.94519,2.2985,-0.01924,0.12166,89.9983,-0.0023574,2.2822,-1.479,0.47681,-23.9224,0.035298,0.045069,-0.00018664,8.5218e-09,0.00089812,0,74.4235,0.10385,0.12447,483.0407,1455.8485
0.71643,9995.7441,-10.9401,240.4551,0.94519,2.2985,-0.01924,0.12166,89.9983,-0.0023574,2.2822,-1.479,0.47681,-23.9224,0.035298,0.045069,-0.00018664,8.5218e-09,0.00089812,0,74.4235,0.10279,0.011536,483.0407,1455.8485
0.71643,9995.7441,-10.9401,240.4551,0.94519,2.2985,-0.01924,0.12166,89.9983,-0.0023574,2.2822,-1.479,0.47681,-23.9224,0.035298,0.045069,-0.00018664,8.5218e-09,0.00089812,0,74.4235,0.10279,0.011536,483.0407,1455.8485
0.71666,9995.6526,-11.0254,240.4506,0.96435,2.3153,-0.018226,0.14318,89.9983,-0.0024114,2.3118,-1.4511,0.40369,-24.0006,0.034864,0.029607,0.0002136,8.7072e-09,0.00090881,0,74.1899,0.10452,0.32938,483.041,1455.8537
0.7169,9995.6526,-11.0254,240.4506,0.96435,2.3153,-0.018226,0.14318,89.9983,-0.0024114,2.3118,-1.4511,0.40369,-24.0006,0.034864,0.029607,0.0002136,8.7072e-09,0.00090881,0,74.1899,0.10445,0.3162,483.041,1455.8537
0.71736,9995.6526,-11.0254,240.4506,0.96435,2.3153,-0.018226,0.14318,89.9983,-0.0024114,2.3118,-1.4511,0.40369,-24.0006,0.034864,0.029607,0.0002136,8.7072e-09,0.00090881,0,74.1899,0.10431,0.29074,483.041,1455.8537
0.71829,9995.6526,-11.0254,240.4506,0.96435,2.3153,-0.018226,0.14318,89.9983,-0.0024114,2.3118,-1.4511,0.40369,-24.0006,0.034864,0.029607,0.0002136,8.7072e-09,0.00090881,0,74.1899,0.10404,0.24324,483.041,1455.8537
0.72016,9995.6526,-11.0254,240.4506,0.96435,2.3153,-0.018226,0.14318,89.9983,-0.0024114,2.3118,-1.4511,0.40369,-24.0006,0.034864,0.029607,0.0002136,8.7072e-09,0.00090881,0,74.1899,0.1035,0.1605,483.041,1455.8537
0.72388,9995.6526,-11.0254,240.4506,0.96435,2.3153,-0.018226,0.14318,89.9983,-0.0024114,2.3118,-1.4511,0.40369,-24.0006,0.034864,0.029607,0.0002136,8.7072e-09,0.00090881,0,74.1899,0.1024,0.034734,483.041,1455.8537
0.725,9995.5604,-11.1096,240.446,0.98366,2.332,-0.017033,0.15732,89.9982,-0.0022663,2.3414,-1.4228,0.28901,-24.0669,0.034435,0.010202,0.00063151,8.8938e-09,0.00091949,0,73.9553,0.1039,0.32451,483.0413,1455.8589
0.73058,9995.5604,-11.1096,240.446,0.98366,2.332,-0.017033,0.15732,89.9982,-0.0022663,2.3414,-1.4228,0.28901,-24.0669,0.034435,0.010202,0.00063151,8.8938e-09,0.00091949,0,73.9553,0.10225,0.081902,483.0413,1455.8589
0.73333,9995.4675,-11.1927,240.4416,1.0031,2.3484,-0.015722,0.1622,89.9982,-0.0019161,2.3711,-1.3943,0.13925,-24.1236,0.034005,-0.011799,0.0010316,9.0816e-09,0.00093018,0,73.7197,0.10329,0.31875,483.0416,1455.8641
0.74166,9995.3738,-11.2746,240.4372,1.0227,2.3646,-0.01437,0.15657,89.9982,-0.0013723,2.4007,-1.3655,-0.035669,-24.1739,0.033574,-0.034718,0.0013766,9.2707e-09,0.00094087,0,73.4832,0.10269,0.31264,483.042,1455.8694
0.75,9995.2795,-11.3555,240.4328,1.0424,2.3807,-0.013065,0.14001,89.9982,-0.00066495,2.4303,-1.3365,-0.22286,-24.2219,0.033141,-0.056652,0.0016305,9.4608e-09,0.00095156,0,73.2457,0.1021,0.30629,483.0423,1455.8747
0.75827,9995.2795,-11.3555,240.4328,1.0424,2.3807,-0.013065,0.14001,89.9982,-0.00066495,2.4303,-1.3365,-0.22286,-24.2219,0.033141,-0.056652,0.0016305,9.4608e-09,0.00095156,0,73.2457,0.099598,9.7894e-14,483.0423,1455.8747
0.75827,9995.2795,-11.3555,240.4328,1.0424,2.3807,-0.013065,0.14001,89.9982,-0.00066495,2.4303,-1.3365,-0.22286,-24.2219,0.033141,-0.056652,0.0016305,9.4608e-09,0.00095156,0,73.2457,0.099598,0,483.0423,1455.8747
0.75833,9995.1846,-11.4353,240.4285,1.0622,2.3965,-0.011899,0.11297,89.9982,0.00015869,2.46,-1.3075,-0.4073,-24.2722,0.032706,-0.075612,0.0017617,9.652e-09,0.00096225,0,73.0072,0.10152,0.2998,483.0426,1455.8801
0.75839,9995.1846,-11.4353,240.4285,1.0622,2.3965,-0.011899,0.11297,89.9982,0.00015869,2.46,-1.3075,-0.4073,-24.2722,0.032706,-0.075612,0.0017617,9.652e-09,0.00096225,0,73.0072,0.1015,0.29677,483.0426,1455.8801
0.7585,9995.1846,-11.4353,240.4285,1.0622,2.3965,-0.011899,0.11297,89.9982,0.00015869,2.46,-1.3075,-0.4073,-24.2722,0.032706,-0.075612,0.0017617,9.652e-09,0.00096225,0,73.0072,0.10147,0.29075,483.0426,1455.8801
0.75873,9995.1846,-11.4353,240.4285,1.0622,2.3965,-0.011899,0.11297,89.9982,0.00015869,2.46,-1.3075,-0.4073,-24.2722,0.032706,-0.075612,0.0017617,9.652e-09,0.00096225,0,73.0072,0.1014,0.27892,483.0426,1455.8801
0.75918,9995.1846,-11.4353,240.4285,1.0622,2.3965,-0.011899,0.11297,89.9982,0.00015869,2.46,-1.3075,-0.4073,-24.2722,0.032706,-0.075612,0.0017617,9.652e-09,0.00096225,0,73.0072,0.10126,0.25604,483.0426,1455.8801
0.76009,9995.1846,-11.4353,240.4285,1.0622,2.3965,-0.011899,0.11297,89.9982,0.00015869,2.46,-1.3075,-0.4073,-24.2722,0.032706,-0.075612,0.0017617,9.652e-09,0.00096225,0,73.0072,0.10098,0.21329,483.0426,1455.8801
0.76191,9995.1846,-11.4353,240.4285,1.0622,2.3965,-0.011899,0.11297,89.9982,0.00015869,2.46,-1.3075,-0.4073,-24.2722,0.032706,-0.075612,0.0017617,9.652e-09,0.00096225,0,73.0072,0.10043,0.13858,483.0426,1455.8801
0.76554,9995.1846,-11.4353,240.4285,1.0622,2.3965,-0.011899,0.11297,89.9982,0.00015869,2.46,-1.3075,-0.4073,-24.2722,0.032706,-0.075612,0.0017617,9.652e-09,0.00096225,0,73.0072,0.099319,0.024262,483.0426,1455.8801
0.76652,9995.1846,-11.4353,240.4285,1.0622,2.3965,-0.011899,0.11297,89.9982,0.00015869,2.46,-1.3075,-0.4073,-24.2722,0.032706,-0.075612,0.0017617,9.652e-09,0.00096225,0,73.0072,0.099021,1.6526e-13,483.0426,1455.8801
0.76652,9995.1846,-11.4353,240.4285,1.0622,2.3965,-0.011899,0.11297,89.9982,0.00015869,2.46,-1.3075,-0.4073,-24.2722,0.032706,-0.075612,0.0017617,9.652e-09,0.00096225,0,73.0072,0.099021,0,483.0426,1455.8801
0.76666,9995.089,-11.514,240.4243,1.0822,2.4121,-0.010957,0.076887,89.9982,0.0010363,2.4896,-1.2784,-0.57283,-24.3299,0.032263,-0.089675,0.0017461,9.844e-09,0.00097294,0,72.7676,0.10094,0.29315,483.043,1455.8855
0.76681,9995.089,-11.514,240.4243,1.0822,2.4121,-0.010957,0.076887,89.9982,0.0010363,2.4896,-1.2784,-0.57283,-24.3299,0.032263,-0.089675,0.0017461,9.844e-09,0.00097294,0,72.7676,0.1009,0.2855,483.043,1455.8855
0.7671,9995.089,-11.514,240.4243,1.0822,2.4121,-0.010957,0.076887,89.9982,0.0010363,2.4896,-1.2784,-0.57283,-24.3299,0.032263,-0.089675,0.0017461,9.844e-09,0.00097294,0,72.7676,0.10081,0.27052,483.043,1455.8855
0.76769,9995.089,-11.514,240.4243,1.0822,2.4121,-0.010957,0.076887,89.9982,0.0010363,2.4896,-1.2784,-0.57283,-24.3299,0.032263,-0.089675,0.0017461,9.844e-09,0.00097294,0,72.7676,0.10063,0.24182,483.043,1455.8855
0.76886,9995.089,-11.514,240.4243,1.0822,2.4121,-0.010957,0.076887,89.9982,0.0010363,2.4896,-1.2784,-0.57283,-24.3299,0.032263,-0.089675,0.0017461,9.844e-09,0.00097294,0,72.7676,0.10027,0.18923,483.043,1455.8855
0.77119,9995.089,-11.514,240.4243,1.0822,2.4121,-0.010957,0.076887,89.9982,0.0010363,2.4896,-1.2784,-0.57283,-24.3299,0.032263,-0.089675,0.0017461,9.844e-09,0.00097294,0,72.7676,0.099549,0.10078,483.043,1455.8855
0.77476,9995.089,-11.514,240.4243,1.0822,2.4121,-0.010957,0.076887,89.9982,0.0010363,2.4896,-1.2784,-0.57283,-24.3299,0.032263,-0.089675,0.0017461,9.844e-09,0.00097294,0,72.7676,0.098453,1.3212e-13,483.043,1455.8855
0.77476,9995.089,-11.514,240.4243,1.0822,2.4121,-0.010957,0.076887,89.9982,0.0010363,2.4896,-1.2784,-0.57283,-24.3299,0.032263,-0.089675,0.0017461,9.844e-09,0.00097294,0,72.7676,0.098453,0,483.043,1455.8855
0.775,9994.9927,-11.5916,240.42,1.1023,2.4275,-0.010316,0.034088,89.9982,0.0018943,2.5192,-1.2805,-0.70343,-24.3993,0.031814,-0.097158,0.0015702,1.0037e-08,0.00098363,0,72.5294,0.10036,0.30073,483.0433,1455.8909
0.77523,9994.9927,-11.5916,240.42,1.1023,2.4275,-0.010316,0.034088,89.9982,0.0018943,2.5192,-1.2805,-0.70343,-24.3993,0.031814,-0.097158,0.0015702,1.0037e-08,0.00098363,0,72.5294,0.10029,0.28822,483.0433,1455.8909
0.77571,9994.9927,-11.5916,240.42,1.1023,2.4275,-0.010316,0.034088,89.9982,0.0018943,2.5192,-1.2805,-0.70343,-24.3993,0.031814,-0.097158,0.0015702,1.0037e-08,0.00098363,0,72.5294,0.10014,0.26403,483.0433,1455.8909
0.77666,9994.9927,-11.5916,240.42,1.1023,2.4275,-0.010316,0.034088,89.9982,0.0018943,2.5192,-1.2805,-0.70343,-24.3993,0.031814,-0.097158,0.0015702,1.0037e-08,0.00098363,0,72.5294,0.09985,0.21898,483.0433,1455.8909
0.77856,9994.9927,-11.5916,240.42,1.1023,2.4275,-0.010316,0.034088,89.9982,0.0018943,2.5192,-1.2805,-0.70343,-24.3993,0.031814,-0.097158,0.0015702,1.0037e-08,0.00098363,0,72.5294,0.099262,0.14071,483.0433,1455.8909
0.78236,9994.9927,-11.5916,240.42,1.1023,2.4275,-0.010316,0.034088,89.9982,0.0018943,2.5192,-1.2805,-0.70343,-24.3993,0.031814,-0.097158,0.0015702,1.0037e-08,0.00098363,0,72.5294,0.098085,0.022386,483.0433,1455.8909
0.78327,9994.9927,-11.5916,240.42,1.1023,2.4275,-0.010316,0.034088,89.9982,0.0018943,2.5192,-1.2805,-0.70343,-24.3993,0.031814,-0.097158,0.0015702,1.0037e-08,0.00098363,0,72.5294,0.097802,1.3334e-13,483.0433,1455.8909
0.78327,9994.9927,-11.5916,240.42,1.1023,2.4275,-0.010316,0.034088,89.9982,0.0018943,2.5192,-1.2805,-0.70343,-24.3993,0.031814,-0.097158,0.0015702,1.0037e-08,0.00098363,0,72.5294,0.097802,0,483.0433,1455.8909
0.78333,9994.8958,-11.6681,240.4155,1.1226,2.4427,-0.010032,-0.012286,89.9982,0.0026535,2.5488,-1.2996,-0.78448,-24.4847,0.031363,-0.096774,0.001233,1.0231e-08,0.00099432,0,72.2938,0.099786,0.31755,483.0437,1455.8964
0.78339,9994.8958,-11.6681,240.4155,1.1226,2.4427,-0.010032,-0.012286,89.9982,0.0026535,2.5488,-1.2996,-0.78448,-24.4847,0.031363,-0.096774,0.001233,1.0231e-08,0.00099432,0,72.2938,0.099768,0.31431,483.0437,1455.8964
0.78351,9994.8958,-11.6681,240.4155,1.1226,2.4427,-0.010032,-0.012286,89.9982,0.0026535,2.5488,-1.2996,-0.78448,-24.4847,0.031363,-0.096774,0.001233,1.0231e-08,0.00099432,0,72.2938,0.099731,0.30789,483.0437,1455.8964
0.78374,9994.8958,-11.6681,240.4155,1.1226,2.4427,-0.010032,-0.012286,89.9982,0.0026535,2.5488,-1.2996,-0.78448,-24.4847,0.031363,-0.096774,0.001233,1.0231e-08,0.00099432,0,72.2938,0.099657,0.29528,483.0437,1455.8964
0.78422,9994.8958,-11.6681,240.4155,1.1226,2.4427,-0.010032,-0.012286,89.9982,0.0026535,2.5488,-1.2996,-0.78448,-24.4847,0.031363,-0.096774,0.001233,1.0231e-08,0.00099432,0,72.2938,0.09951,0.27093,483.0437,1455.8964
0.78516,9994.8958,-11.6681,240.4155,1.1226,2.4427,-0.010032,-0.012286,89.9982,0.0026535,2.5488,-1.2996,-0.78448,-24.4847,0.031363,-0.096774,0.001233,1.0231e-08,0.00099432,0,72.2938,0.099214,0.22555,483.0437,1455.8964
0.78706,9994.8958,-11.6681,240.4155,1.1226,2.4427,-0.010032,-0.012286,89.9982,0.0026535,2.5488,-1.2996,-0.78448,-24.4847,0.031363,-0.096774,0.001233,1.0231e-08,0.00099432,0,72.2938,0.098624,0.14669,483.0437,1455.8964
0.79084,9994.8958,-11.6681,240.4155,1.1226,2.4427,-0.010032,-0.012286,89.9982,0.0026535,2.5488,-1.2996,-0.78448,-24.4847,0.031363,-0.096774,0.001233,1.0231e-08,0.00099432,0,72.2938,0.097443,0.02733,483.0437,1455.8964
0.79166,9994.7982,-11.7434,240.4108,1.1429,2.4577,-0.010135,-0.058479,89.9982,0.0032353,2.5784,-1.3191,-0.80422,-24.5897,0.030924,-0.087797,0.00074848,1.0425e-08,0.001005,0,72.0609,0.099205,0.33592,483.044,1455.9019
0.79578,9994.7982,-11.7434,240.4108,1.1429,2.4577,-0.010135,-0.058479,89.9982,0.0032353,2.5784,-1.3191,-0.80422,-24.5897,0.030924,-0.087797,0.00074848,1.0425e-08,0.001005,0,72.0609,0.097912,0.14496,483.044,1455.9019
0.8,9994.7001,-11.8177,240.4063,1.1634,2.4724,-0.010622,-0.10039,89.9983,0.0035692,2.6081,-1.292,-0.75499,-24.7168,0.03049,-0.070163,0.00014479,1.0621e-08,0.0010157,0,71.827,0.098628,0.33354,483.0444,1455.9074
0.80833,9994.6013,-11.8909,240.4018,1.1841,2.487,-0.011459,-0.13389,89.9983,0.0035995,2.6376,-1.2649,-0.63425,-24.8658,0.03006,-0.044555,-0.00053606,1.0817e-08,0.0010264,0,71.5921,0.098059,0.32931,483.0447,1455.913
0.81666,9994.5019,-11.963,240.3975,1.2048,2.5014,-0.012574,-0.15517,89.9983,0.0032921,2.6672,-1.2378,-0.44536,-25.035,0.02963,-0.012431,-0.0012403,1.1014e-08,0.0010371,0,71.3562,0.097498,0.32416,483.0451,1455.9186
0.825,9994.4019,-12.034,240.3931,1.2256,2.5155,-0.013868,-0.16112,89.9983,0.0026401,2.6968,-1.2105,-0.19808,-25.2204,0.029199,0.024017,-0.001906,1.1212e-08,0.0010478,0,71.1193,0.096945,0.31859,483.0454,1455.9243
0.83333,9994.3013,-12.1039,240.3889,1.2466,2.5294,-0.01521,-0.14967,89.9984,0.0016674,2.7263,-1.183,0.091688,-25.4165,0.028767,0.061993,-0.0024671,1.1411e-08,0.0010584,0,70.8815,0.096401,0.31281,483.0458,1455.93
0.84166,9994.2002,-12.1726,240.3847,1.2677,2.5432,-0.016457,-0.1201,89.9984,0.00043033,2.7559,-1.1549,0.40274,-25.6163,0.028333,0.09824,-0.0028593,1.1612e-08,0.0010691,0,70.6427,0.095863,0.30693,483.0462,1455.9357
0.85,9994.0984,-12.2403,240.3805,1.2889,2.5567,-0.017458,-0.073222,89.9984,-0.00098363,2.7854,-1.1261,0.70951,-25.8116,0.027897,0.12929,-0.0030261,1.1813e-08,0.0010798,0,70.4028,0.095333,0.30097,483.0465,1455.9414
0.85833,9993.9962,-12.3069,240.3764,1.3102,2.57,-0.018068,-0.011524,89.9984,-0.0024602,2.8148,-1.0967,0.98396,-25.9938,0.027451,0.15174,-0.0029244,1.2016e-08,0.0010905,0,70.162,0.094808,0.29502,483.0469,1455.9472
0.86666,9993.8933,-12.3724,240.3721,1.3317,2.5831,-0.018164,0.060891,89.9984,-0.0038653,2.8443,-1.1118,1.1976,-26.1537,0.027002,0.16254,-0.0025308,1.222e-08,0.0011012,0,69.9236,0.094282,0.30983,483.0472,1455.953
0.875,9993.79,-12.4368,240.3676,1.3532,2.596,-0.017657,0.13847,89.9983,-0.0050552,2.8738,-1.1258,1.3241,-26.2842,0.026553,0.15933,-0.0018456,1.2426e-08,0.0011119,0,69.6875,0.093753,0.32677,483.0476,1455.9588
0.88333,9993.6861,-12.5001,240.363,1.3748,2.6087,-0.016503,0.21452,89.9983,-0.0058883,2.9032,-1.1382,1.3416,-26.3795,0.026117,0.14073,-0.00089637,1.2633e-08,0.0011226,0,69.4538,0.093221,0.34441,483.048,1455.9647
0.89166,9993.5816,-12.5623,240.3586,1.3966,2.6212,-0.014715,0.2817,89.9982,-0.0062385,2.9326,-1.1064,1.2355,-26.4369,0.025686,0.10659,0.00026129,1.2841e-08,0.0011332,0,69.2191,0.092696,0.34259,483.0484,1455.9706
0.89376,9993.5816,-12.5623,240.3586,1.3966,2.6212,-0.014715,0.2817,89.9982,-0.0062385,2.9326,-1.1064,1.2355,-26.4369,0.025686,0.10659,0.00026129,1.2841e-08,0.0011332,0,69.2191,0.091983,0.23756,483.0484,1455.9706
0.89376,9993.5816,-12.5623,240.3586,1.3966,2.6212,-0.014715,0.2817,89.9982,-0.0062385,2.9326,-1.1064,1.2355,-26.4369,0.025686,0.10659,0.00026129,1.2841e-08,0.0011332,0,69.2191,0.091983,0.23756,483.0484,1455.9706
0.9,9993.4767,-12.6234,240.3542,1.4184,2.6334,-0.012368,0.3326,89.9982,-0.0060093,2.9619,-1.0738,1.0006,-26.4557,0.02526,0.058154,0.0015448,1.3051e-08,0.0011439,0,68.9835,0.092177,0.33872,483.0487,1455.9765
0.90623,9993.4767,-12.6234,240.3542,1.4184,2.6334,-0.012368,0.3326,89.9982,-0.0060093,2.9619,-1.0738,1.0006,-26.4557,0.02526,0.058154,0.0015448,1.3051e-08,0.0011439,0,68.9835,0.090047,0.08409,483.0487,1455.9765
0.90833,9993.3712,-12.6834,240.3498,1.4404,2.6455,-0.0095963,0.36038,89.9981,-0.0051466,2.9912,-1.0406,0.6425,-26.4389,0.024834,-0.0018842,0.0028486,1.3261e-08,0.0011546,0,68.7468,0.091669,0.33417,483.0491,1455.9824
0.91666,9993.2653,-12.7424,240.3456,1.4625,2.6574,-0.0065931,0.35952,89.9981,-0.0036491,3.0205,-1.0071,0.17899,-26.3931,0.024407,-0.069413,0.0040502,1.3473e-08,0.0011653,0,68.5092,0.091169,0.3293,483.0495,1455.9884
0.925,9993.1589,-12.8002,240.3413,1.4846,2.669,-0.0035971,0.32643,89.9981,-0.0015769,3.0498,-0.97351,-0.36056,-26.3284,0.023979,-0.13906,0.0050217,1.3685e-08,0.001176,0,68.2706,0.090678,0.32419,483.0499,1455.9944
0.93333,9993.052,-12.8569,240.3372,1.5069,2.6805,-0.00087686,0.2601,89.998,0.00094779,3.079,-0.94014,-0.9354,-26.2582,0.023548,-0.20458,0.0056376,1.3897e-08,0.0011867,0,68.031,0.090195,0.31896,483.0502,1456.0005
0.94166,9992.9446,-12.9126,240.333,1.5292,2.6917,0.0012907,0.1625,89.9981,0.0037419,3.1082,-0.90732,-1.4967,-26.1981,0.023116,-0.25923,0.0057877,1.411e-08,0.0011973,0,67.7904,0.089718,0.31363,483.0506,1456.0065
0.95,9992.8368,-12.9672,240.329,1.5516,2.7027,0.0026448,0.038803,89.9981,0.0065703,3.1373,-0.87531,-1.9897,-26.1649,0.022683,-0.29642,0.0053911,1.4322e-08,0.001208,0,67.5488,0.089247,0.30824,483.051,1456.0126
0.95833,9992.7285,-13.0206,240.325,1.5742,2.7136,0.0029682,-0.10265,89.9981,0.0091612,3.1665,-0.84435,-2.3593,-26.175,0.022242,-0.31022,0.0044078,1.4535e-08,0.0012187,0,67.3062,0.088782,0.30278,483.0514,1456.0187
0.96666,9992.6198,-13.073,240.3208,1.5968,2.7242,0.0021128,-0.25071,89.9982,0.011227,3.1955,-0.84874,-2.5537,-26.2429,0.021798,-0.29607,0.0028478,1.4748e-08,0.0012294,0,67.065,0.088315,0.31292,483.0518,1456.0249
0.975,9992.5106,-13.1244,240.3165,1.6195,2.7346,2.3598e-05,-0.39203,89.9983,0.012488,3.2245,-0.86357,-2.53,-26.3801,0.021353,-0.25138,0.00077816,1.496e-08,0.0012401,0,66.826,0.087845,0.32891,483.0522,1456.031
0.98333,9992.401,-13.1746,240.312,1.6423,2.7448,-0.0032433,-0.51204,89.9984,0.012704,3.2535,-0.87944,-2.2598,-26.5933,0.020921,-0.17608,-0.0016744,1.5172e-08,0.0012508,0,66.5892,0.087372,0.34605,483.0526,1456.0372
0.99166,9992.291,-13.2238,240.3077,1.6652,2.7548,-0.0075103,-0.59613,89.9985,0.011699,3.2824,-0.85406,-1.7339,-26.8837,0.020495,-0.072978,-0.0043272,1.5385e-08,0.0012614,0,66.3514,0.086905,0.34443,483.053,1456.0434
1,9992.1806,-13.2719,240.3035,1.6882,2.7646,-0.012478,-0.63104,89.9986,0.0093916,3.3113,-0.8291,-0.9656,-27.2438,0.020076,0.052034,-0.0069496,1.5599e-08,0.0012721,0,66.1127,0.086444,0.34103,483.0533,1456.0496
1.0083,9992.0698,-13.3189,240.2992,1.7112,2.7742,-0.017737,-0.6063,89.9987,0.005816,3.3402,-0.80409,0.0065751,-27.6591,0.019658,0.19011,-0.0092778,1.5813e-08,0.0012828,0,65.8729,0.085992,0.33688,483.0537,1456.0559
1.0167,9991.9586,-13.3649,240.2951,1.7343,2.7835,-0.022789,-0.51567,89.9987,0.0011365,3.3689,-0.77824,1.1192,-28.1071,0.019239,0.32982,-0.011035,1.6029e-08,0.0012935,0,65.6321,0.08555,0.33235,483.0541,1456.0622
1.025,9991.8471,-13.4097,240.291,1.7576,2.7927,-0.027086,-0.35836,89.9988,-0.0043476,3.3977,-0.75084,2.2857,-28.559,0.018819,0.45782,-0.011958,1.6246e-08,0.0013042,0,65.3903,0.085115,0.32762,483.0545,1456.0685
1.0333,9991.7352,-13.4535,240.2869,1.7808,2.8017,-0.030073,-0.13995,89.9987,-0.01021,3.4263,-0.72119,3.4015,-28.9813,0.018396,0.55985,-0.01182,1.6466e-08,0.0013148,0,65.1475,0.084688,0.32278,483.0549,1456.0748
1.0417,9991.6229,-13.4963,240.2829,1.8042,2.8105,-0.031239,0.12717,89.9986,-0.015918,3.455,-0.6887,4.3505,-29.338,0.017972,0.6219,-0.010464,1.6688e-08,0.0013255,0,64.9037,0.084269,0.31784,483.0553,1456.0811
1.05,9991.5102,-13.5379,240.279,1.8276,2.8191,-0.030179,0.42394,89.9985,-0.020869,3.4835,-0.65291,5.0144,-29.5941,0.017542,0.63165,-0.0078287,1.6912e-08,0.0013362,0,64.6589,0.083856,0.31282,483.0557,1456.0875
1.0583,9991.3972,-13.5785,240.275,1.8511,2.8274,-0.026646,0.7254,89.9983,-0.02444,3.512,-0.62818,5.284,-29.7184,0.017105,0.57988,-0.0039681,1.7139e-08,0.0013469,0,64.4141,0.083447,0.31439,483.0561,1456.0939
1.0667,9991.2839,-13.618,240.2708,1.8747,2.8356,-0.020601,1.0022,89.9981,-0.026041,3.5405,-0.62766,5.0707,-29.6878,0.016666,0.46192,0.00093228,1.7369e-08,0.0013576,0,64.1713,0.083037,0.32924,483.0565,1456.1003
1.073,9991.2839,-13.618,240.2708,1.8747,2.8356,-0.020601,1.0022,89.9981,-0.026041,3.5405,-0.62766,5.0707,-29.6878,0.016666,0.46192,0.00093228,1.7369e-08,0.0013576,0,64.1713,0.080672,0.091875,483.0565,1456.1003
1.073,9991.2839,-13.618,240.2708,1.8747,2.8356,-0.020601,1.0022,89.9981,-0.026041,3.5405,-0.62766,5.0707,-29.6878,0.016666,0.46192,0.00093228,1.7369e-08,0.0013576,0,64.1713,0.080672,0.091875,483.0565,1456.1003
1.075,9991.1703,-13.6565,240.2665,1.8983,2.8436,-0.01225,1.2228,89.9979,-0.025186,3.5688,-0.62432,4.3183,-29.4913,0.016237,0.27876,0.0065514,1.7599e-08,0.0013682,0,63.9304,0.082624,0.34564,483.0569,1456.1067
1.077,9991.1703,-13.6565,240.2665,1.8983,2.8436,-0.01225,1.2228,89.9979,-0.025186,3.5688,-0.62432,4.3183,-29.4913,0.016237,0.27876,0.0065514,1.7599e-08,0.0013682,0,63.9304,0.081856,0.24934,483.0569,1456.1067
1.0811,9991.1703,-13.6565,240.2665,1.8983,2.8436,-0.01225,1.2228,89.9979,-0.025186,3.5688,-0.62432,4.3183,-29.4913,0.016237,0.27876,0.0065514,1.7599e-08,0.0013682,0,63.9304,0.080319,0.10665,483.0569,1456.1067
1.0833,9991.0563,-13.694,240.2623,1.922,2.8513,-0.0020598,1.356,89.9977,-0.021552,3.5972,-0.58271,3.0143,-29.1324,0.01582,0.038011,0.012442,1.7832e-08,0.0013789,0,63.689,0.082214,0.34634,483.0574,1456.1131
1.0917,9990.942,-13.7303,240.2582,1.9458,2.8589,0.0092401,1.3743,89.9975,-0.015046,3.6254,-0.53521,1.1979,-28.6306,0.015409,-0.24586,0.018048,1.8064e-08,0.0013896,0,63.4465,0.081811,0.34351,483.0578,1456.1196
1.1,9990.8275,-13.7657,240.2541,1.9697,2.8662,0.020693,1.2573,89.9974,-0.0058512,3.6536,-0.48795,-1.0352,-28.022,0.015001,-0.55153,0.022756,1.8296e-08,0.0014003,0,63.2031,0.081414,0.33976,483.0582,1456.126
1.1083,9990.7126,-13.7999,240.25,1.9935,2.8734,0.03117,0.99433,89.9974,0.0055474,3.6817,-0.44239,-3.5305,-27.3596,0.014594,-0.85211,0.02593,1.8527e-08,0.001411,0,62.9586,0.081023,0.33557,483.0586,1456.1325
1.1167,9990.5975,-13.8332,240.246,2.0175,2.8804,0.039456,0.58793,89.9974,0.018355,3.7098,-0.40005,-6.0834,-26.71,0.014184,-1.1164,0.02697,1.8755e-08,0.0014216,0,62.7131,0.080639,0.33116,483.059,1456.139
1.1171,9990.5975,-13.8332,240.246,2.0175,2.8804,0.039456,0.58793,89.9974,0.018355,3.7098,-0.40005,-6.0834,-26.71,0.014184,-1.1164,0.02697,1.8755e-08,0.0014216,0,62.7131,0.08047,0.30959,483.059,1456.139
1.1171,9990.5975,-13.8332,240.246,2.0175,2.8804,0.039456,0.58793,89.9974,0.018355,3.7098,-0.40005,-6.0834,-26.71,0.014184,-1.1164,0.02697,1.8755e-08,0.0014216,0,62.7131,0.08047,0.30959,483.059,1456.139
1.125,9990.4821,-13.8653,240.2421,2.0415,2.8871,0.044356,0.055346,89.9976,0.031492,3.7377,-0.36243,-8.4474,-26.1499,0.013769,-1.3118,0.025394,1.8981e-08,0.0014323,0,62.4665,0.080261,0.32656,483.0594,1456.1455
1.1253,9990.4821,-13.8653,240.2421,2.0415,2.8871,0.044356,0.055346,89.9976,0.031492,3.7377,-0.36243,-8.4474,-26.1499,0.013769,-1.3118,0.025394,1.8981e-08,0.0014323,0,62.4665,0.080128,0.30979,483.0594,1456.1455
1.1253,9990.4821,-13.8653,240.2421,2.0415,2.8871,0.044356,0.055346,89.9976,0.031492,3.7377,-0.36243,-8.4474,-26.1499,0.013769,-1.3118,0.025394,1.8981e-08,0.0014323,0,62.4665,0.080128,0.30979,483.0594,1456.1455
1.1333,9990.3664,-13.8964,240.2382,2.0656,2.8937,0.044817,-0.57056,89.9978,0.043653,3.7657,-0.33073,-10.3535,-25.7601,0.013349,-1.373,0.020899,1.9203e-08,0.001443,0,62.219,0.079892,0.32186,483.0598,1456.1521
1.1417,9990.2505,-13.9265,240.2343,2.0897,2.9001,0.040063,-1.2257,89.9982,0.053404,3.7935,-0.31197,-11.2244,-25.7032,0.012915,-1.3446,0.013415,1.9421e-08,0.0014537,0,61.9708,0.079532,0.31987,483.0602,1456.1586
1.15,9990.1343,-13.9556,240.2302,2.1139,2.9062,0.029848,-1.8675,89.9986,0.059301,3.8213,-0.33563,-11.4679,-25.8668,0.012476,-1.1935,0.003187,1.9636e-08,0.0014643,0,61.7245,0.079174,0.33423,483.0606,1456.1652
1.1583,9990.0179,-13.9836,240.226,2.1381,2.9122,0.014286,-2.4373,89.9991,0.060039,3.8489,-0.36631,-10.7653,-26.3349,0.012042,-0.86883,-0.0092227,1.9849e-08,0.001475,0,61.4801,0.078817,0.35049,483.0611,1456.1717
1.1667,9989.9012,-14.0106,240.2218,2.1624,2.918,-0.0060244,-2.8523,89.9996,0.054602,3.8766,-0.38724,-8.6144,-27.2373,0.011628,-0.39534,-0.022772,2.006e-08,0.0014857,0,61.2364,0.078459,0.3605,483.0615,1456.1783
1.175,9989.7844,-14.0366,240.2176,2.1867,2.9235,-0.029793,-3.0415,90.0001,0.042512,3.9041,-0.38669,-5.1724,-28.5149,0.011231,0.21061,-0.03638,2.0272e-08,0.0014964,0,60.9918,0.078101,0.35877,483.0619,1456.1849
1.1777,9989.7844,-14.0366,240.2176,2.1867,2.9235,-0.029793,-3.0415,90.0001,0.042512,3.9041,-0.38669,-5.1724,-28.5149,0.011231,0.21061,-0.03638,2.0272e-08,0.0014964,0,60.9918,0.077055,0.23779,483.0619,1456.1849
1.1777,9989.7844,-14.0366,240.2176,2.1867,2.9235,-0.029793,-3.0415,90.0001,0.042512,3.9041,-0.38669,-5.1724,-28.5149,0.011231,0.21061,-0.03638,2.0272e-08,0.0014964,0,60.9918,0.077055,0.23779,483.0619,1456.1849
1.1833,9989.6673,-14.0615,240.2135,2.2111,2.9289,-0.055139,-2.9416,90.0004,0.023833,3.9316,-0.38726,-0.5168,-30.1285,0.010848,0.90436,-0.048789,2.0486e-08,0.0015071,0,60.7461,0.077741,0.35565,483.0623,1456.1915
1.189,9989.6673,-14.0615,240.2135,2.2111,2.9289,-0.055139,-2.9416,90.0004,0.023833,3.9316,-0.38726,-0.5168,-30.1285,0.010848,0.90436,-0.048789,2.0486e-08,0.0015071,0,60.7461,0.075512,0.13452,483.0623,1456.1915
1.1917,9989.55,-14.0854,240.2095,2.2355,2.9341,-0.079653,-2.5108,90.0006,-0.00073642,3.9589,-0.38551,5.0278,-31.9667,0.010472,1.5065,-0.058424,2.0704e-08,0.0015177,0,60.4994,0.077374,0.35211,483.0627,1456.1981
1.2,9989.4325,-14.1083,240.2055,2.26,2.939,-0.10058,-1.7926,90.0006,-0.029731,3.9862,-0.37724,9.9299,-33.5783,0.010095,1.4779,-0.063686,2.0928e-08,0.0015284,0,60.2517,0.077001,0.3483,483.0631,1456.2048
1.2083,9989.3149,-14.1302,240.2015,2.2845,2.9438,-0.11551,-1.0882,90.0003,-0.060938,4.0134,-0.3576,9.3813,-33.6104,0.0097123,1.4488,-0.063067,2.116e-08,0.0015391,0,60.0029,0.076628,0.34422,483.0636,1456.2114
1.2098,9989.3149,-14.1302,240.2015,2.2845,2.9438,-0.11551,-1.0882,90.0003,-0.060938,4.0134,-0.3576,9.3813,-33.6104,0.0097123,1.4488,-0.063067,2.116e-08,0.0015391,0,60.0029,0.076056,0.27766,483.0636,1456.2114
1.2098,9989.3149,-14.1302,240.2015,2.2845,2.9438,-0.11551,-1.0882,90.0003,-0.060938,4.0134,-0.3576,9.3813,-33.6104,0.0097123,1.4488,-0.063067,2.116e-08,0.0015391,0,60.0029,0.076056,0.27766,483.0636,1456.2114
1.2167,9989.197,-14.1511,240.1976,2.309,2.9483,-0.12458,-0.39775,89.9998,-0.091551,4.0406,-0.32272,9.1943,-33.6383,0.0093227,1.4188,-0.055497,2.1402e-08,0.0015498,0,59.7531,0.076266,0.33986,483.064,1456.2181
1.2222,9989.197,-14.1511,240.1976,2.309,2.9483,-0.12458,-0.39775,89.9998,-0.091551,4.0406,-0.32272,9.1943,-33.6383,0.0093227,1.4188,-0.055497,2.1402e-08,0.0015498,0,59.7531,0.074079,0.13307,483.064,1456.2181
1.2222,9989.197,-14.1511,240.1976,2.309,2.9483,-0.12458,-0.39775,89.9998,-0.091551,4.0406,-0.32272,9.1943,-33.6383,0.0093227,1.4188,-0.055497,2.1402e-08,0.0015498,0,59.7531,0.074079,0.13307,483.064,1456.2181
1.225,9989.079,-14.1709,240.1938,2.3336,2.9527,-0.1279,0.27855,89.9991,-0.11825,4.0676,-0.2699,9.4341,-33.6614,0.0089239,1.3881,-0.041051,2.1654e-08,0.0015604,0,59.5023,0.075926,0.33539,483.0644,1456.2247
1.2278,9989.079,-14.1709,240.1938,2.3336,2.9527,-0.1279,0.27855,89.9991,-0.11825,4.0676,-0.2699,9.4341,-33.6614,0.0089239,1.3881,-0.041051,2.1654e-08,0.0015604,0,59.5023,0.074797,0.21627,483.0644,1456.2247
1.2333,9988.9609,-14.1897,240.1899,2.3582,2.9569,-0.12558,0.94047,89.9981,-0.13776,4.0945,-0.19931,10.0962,-33.6799,0.0085103,1.3574,-0.023146,2.1917e-08,0.0015711,0,59.2504,0.075621,0.33078,483.0648,1456.2314
1.2417,9988.8425,-14.2076,240.1861,2.3829,2.961,-0.11774,1.5881,89.9969,-0.14843,4.1214,-0.13882,10.9734,-33.6948,0.0080793,1.327,-0.0037475,2.2191e-08,0.0015818,0,58.9988,0.075347,0.33493,483.0652,1456.2381
1.25,9988.7241,-14.2244,240.182,2.4076,2.9649,-0.10451,2.2215,89.9957,-0.14955,4.1482,-0.096983,11.946,-33.7068,0.0076358,1.2971,0.015793,2.2475e-08,0.0015925,0,58.749,0.075096,0.35033,483.0657,1456.2448
1.2583,9988.6055,-14.2403,240.1778,2.4323,2.9686,-0.085994,2.8412,89.9945,-0.14105,4.1749,-0.054951,12.932,-33.7168,0.0071967,1.2681,0.034387,2.2769e-08,0.0016031,0,58.5009,0.074856,0.36739,483.0661,1456.2515
1.2667,9988.4867,-14.2551,240.1738,2.457,2.9721,-0.062317,3.4473,89.9933,-0.1234,4.2015,0.026558,13.8653,-33.726,0.0067665,1.24,0.051301,2.307e-08,0.0016138,0,58.2519,0.07462,0.36607,483.0665,1456.2582
1.275,9988.3679,-14.269,240.1698,2.4818,2.9754,-0.03359,4.0405,89.9923,-0.0974,4.228,0.10376,14.7012,-33.735,0.0063593,0.57796,0.066103,2.3379e-08,0.0016245,0,58.0018,0.074374,0.36311,483.0669,1456.2649
1.2797,9988.3679,-14.269,240.1698,2.4818,2.9754,-0.03359,4.0405,89.9923,-0.0974,4.228,0.10376,14.7012,-33.735,0.0063593,0.57796,0.066103,2.3379e-08,0.0016245,0,58.0018,0.072472,0.17515,483.0669,1456.2649
1.2797,9988.3679,-14.269,240.1698,2.4818,2.9754,-0.03359,4.0405,89.9923,-0.0974,4.228,0.10376,14.7012,-33.735,0.0063593,0.57796,0.066103,2.3379e-08,0.0016245,0,58.0018,0.072472,0.17515,483.0669,1456.2649
1.2833,9988.2489,-14.2818,240.1658,2.5066,2.9785,8.0859e-05,4.3178,89.9915,-0.064065,4.2544,0.17521,9.6326,-32.1647,0.0059792,-0.70614,0.078719,2.3691e-08,0.0016352,0,57.7507,0.07411,0.35963,483.0674,1456.2716
1.287,9988.2489,-14.2818,240.1658,2.5066,2.9785,8.0859e-05,4.3178,89.9915,-0.064065,4.2544,0.17521,9.6326,-32.1647,0.0059792,-0.70614,0.078719,2.3691e-08,0.0016352,0,57.7507,0.072641,0.20905,483.0674,1456.2716
1.2917,9988.1299,-14.2937,240.1619,2.5314,2.9814,0.036063,3.9824,89.9909,-0.024575,4.2807,0.24233,-1.2568,-29.0535,0.0056263,-1.5725,0.089245,2.4006e-08,0.0016458,0,57.4986,0.073818,0.35607,483.0678,1456.2783
1.3,9988.0107,-14.3046,240.158,2.5563,2.984,0.06925,3.2336,89.9907,0.019806,4.3069,0.30515,-8.5109,-26.9955,0.0052812,-1.5432,0.097643,2.4318e-08,0.0016565,0,57.2454,0.073497,0.35235,483.0682,1456.285
1.3011,9988.0107,-14.3046,240.158,2.5563,2.984,0.06925,3.2336,89.9907,0.019806,4.3069,0.30515,-8.5109,-26.9955,0.0052812,-1.5432,0.097643,2.4318e-08,0.0016565,0,57.2454,0.073037,0.30052,483.0682,1456.285
1.3011,9988.0107,-14.3046,240.158,2.5563,2.984,0.06925,3.2336,89.9907,0.019806,4.3069,0.30515,-8.5109,-26.9955,0.0052812,-1.5432,0.097643,2.4318e-08,0.0016565,0,57.2454,0.073037,0.30052,483.0682,1456.285
1.3083,9987.8915,-14.3145,240.1542,2.5812,2.9864,0.096196,2.4989,89.9909,0.067879,4.333,0.36297,-7.7686,-27.174,0.0049358,-1.5134,0.10062,2.4626e-08,0.0016672,0,56.9911,0.073154,0.34834,483.0686,1456.2918
1.3146,9987.8915,-14.3145,240.1542,2.5812,2.9864,0.096196,2.4989,89.9909,0.067879,4.333,0.36297,-7.7686,-27.174,0.0049358,-1.5134,0.10062,2.4626e-08,0.0016672,0,56.9911,0.070592,0.12481,483.0686,1456.2918
1.3146,9987.8915,-14.3145,240.1542,2.5812,2.9864,0.096196,2.4989,89.9909,0.067879,4.333,0.36297,-7.7686,-27.174,0.0049358,-1.5134,0.10062,2.4626e-08,0.0016672,0,56.9911,0.070592,0.12481,483.0686,1456.2918
1.3167,9987.7721,-14.3234,240.1504,2.6061,2.9887,0.11702,1.7786,89.9915,0.11706,4.3591,0.40771,-7.358,-27.3514,0.0045874,-1.4822,0.093477,2.4927e-08,0.0016779,0,56.7359,0.072803,0.34416,483.0691,1456.2985
1.3187,9987.7721,-14.3234,240.1504,2.6061,2.9887,0.11702,1.7786,89.9915,0.11706,4.3591,0.40771,-7.358,-27.3514,0.0045874,-1.4822,0.093477,2.4927e-08,0.0016779,0,56.7359,0.07197,0.2568,483.0691,1456.2985
1.3228,9987.7721,-14.3234,240.1504,2.6061,2.9887,0.11702,1.7786,89.9915,0.11706,4.3591,0.40771,-7.358,-27.3514,0.0045874,-1.4822,0.093477,2.4927e-08,0.0016779,0,56.7359,0.070303,0.1275,483.0691,1456.2985
1.325,9987.6527,-14.3313,240.1467,2.631,2.9907,0.13184,1.073,89.9925,0.16252,4.385,0.42772,-7.5647,-27.5299,0.0042229,-1.4497,0.07633,2.5218e-08,0.0016885,0,56.4795,0.072466,0.33977,483.0695,1456.3052
1.3333,9987.5333,-14.3383,240.1427,2.6559,2.9926,0.14078,0.38262,89.9938,0.19948,4.4108,0.38603,-8.3824,-27.7085,0.0038429,-1.4169,0.054151,2.55e-08,0.0016992,0,56.2245,0.072159,0.35234,483.0699,1456.312
1.3417,9987.4138,-14.3444,240.1387,2.6809,2.9944,0.14397,-0.2926,89.9955,0.22553,4.4365,0.32781,-9.5093,-27.8846,0.0034448,-1.3843,0.029528,2.577e-08,0.0017099,0,55.9712,0.071896,0.3686,483.0703,1456.3187
1.35,9987.2942,-14.3495,240.1345,2.7058,2.996,0.14154,-0.9528,89.9974,0.23953,4.4622,0.26305,-10.7883,-28.0565,0.0030377,-1.3522,0.0043311,2.6028e-08,0.0017205,0,55.7196,0.071679,0.38622,483.0708,1456.3255
1.3583,9987.1746,-14.3536,240.1304,2.7308,2.9975,0.1336,-1.5983,89.9993,0.24119,4.4877,0.23898,-12.1059,-28.2237,0.002616,-1.321,-0.019909,2.6273e-08,0.0017312,0,55.8019,0.07151,0.38522,483.0712,1456.3322
1.3667,9987.055,-14.3568,240.1264,2.7558,2.9988,0.12028,-2.2294,90.0014,0.23099,4.5131,0.21773,-13.3692,-28.3849,0.0021832,-1.2908,-0.042146,2.6506e-08,0.0017419,0,55.9076,0.071377,0.38239,483.0716,1456.339
1.375,9986.9353,-14.359,240.1224,2.7808,3,0.1017,-2.8466,90.0033,0.20988,4.5384,0.20178,-14.5146,-28.5397,0.0017437,-1.2617,-0.061742,2.6728e-08,0.0017526,0,56.0137,0.071258,0.37871,483.072,1456.3457
1.3756,9986.9353,-14.359,240.1224,2.7808,3,0.1017,-2.8466,90.0033,0.20988,4.5384,0.20178,-14.5146,-28.5397,0.0017437,-1.2617,-0.061742,2.6728e-08,0.0017526,0,56.0137,0.070994,0.34794,483.072,1456.3457
1.3756,9986.9353,-14.359,240.1224,2.7808,3,0.1017,-2.8466,90.0033,0.20988,4.5384,0.20178,-14.5146,-28.5397,0.0017437,-1.2617,-0.061742,2.6728e-08,0.0017526,0,56.0137,0.070994,0.34794,483.072,1456.3457
1.3833,9986.8157,-14.3603,240.1185,2.8058,3.0009,0.077979,-3.4504,90.005,0.17913,4.5636,0.1926,-15.5034,-28.688,0.0013095,-1.2338,-0.078371,2.694e-08,0.0017632,0,56.1203,0.071134,0.37456,483.0725,1456.3525
1.3865,9986.8157,-14.3603,240.1185,2.8058,3.0009,0.077979,-3.4504,90.005,0.17913,4.5636,0.1926,-15.5034,-28.688,0.0013095,-1.2338,-0.078371,2.694e-08,0.0017632,0,56.1203,0.069834,0.24235,483.0725,1456.3525
1.3865,9986.8157,-14.3603,240.1185,2.8058,3.0009,0.077979,-3.4504,90.005,0.17913,4.5636,0.1926,-15.5034,-28.688,0.0013095,-1.2338,-0.078371,2.694e-08,0.0017632,0,56.1203,0.069834,0.24235,483.0725,1456.3525
1.3917,9986.696,-14.3607,240.1147,2.8308,3.0017,0.049225,-4.0414,90.0065,0.14016,4.5887,0.19082,-16.3157,-28.8303,0.00090425,-0.96008,-0.091955,2.7144e-08,0.0017739,0,56.2273,0.070983,0.37007,483.0729,1456.3592
1.3952,9986.696,-14.3607,240.1147,2.8308,3.0017,0.049225,-4.0414,90.0065,0.14016,4.5887,0.19082,-16.3157,-28.8303,0.00090425,-0.96008,-0.091955,2.7144e-08,0.0017739,0,56.2273,0.069526,0.22662,483.0729,1456.3592
1.3952,9986.696,-14.3607,240.1147,2.8308,3.0017,0.049225,-4.0414,90.0065,0.14016,4.5887,0.19082,-16.3157,-28.8303,0.00090425,-0.96008,-0.091955,2.7144e-08,0.0017739,0,56.2273,0.069526,0.22662,483.0729,1456.3592
1.4,9986.5763,-14.36,240.1109,2.8559,3.0022,0.015547,-4.502,90.0077,0.094447,4.6137,0.1946,-14.6996,-29.5884,0.0005333,0.62775,-0.10264,2.7341e-08,0.0017846,0,56.2194,0.070798,0.36629,483.0733,1456.366
1.4048,9986.5763,-14.36,240.1109,2.8559,3.0022,0.015547,-4.502,90.0077,0.094447,4.6137,0.1946,-14.6996,-29.5884,0.0005333,0.62775,-0.10264,2.7341e-08,0.0017846,0,56.2194,0.068808,0.18407,483.0733,1456.366
1.4083,9986.4567,-14.3585,240.1071,2.8809,3.0025,-0.02197,-4.2048,90.0084,0.043415,4.6385,0.20342,-0.93849,-33.6494,0.0002095,1.5853,-0.11093,2.7535e-08,0.0017952,0,55.9605,0.070569,0.36246,483.0737,1456.3728
1.4167,9986.337,-14.356,240.1033,2.9059,3.0026,-0.05701,-3.4507,90.0088,-0.011448,4.6633,0.21698,7.2767,-36.1462,-9.924e-05,1.5553,-0.11701,2.7729e-08,0.0018059,0,55.7005,0.0703,0.3586,483.0742,1456.3795
1.4197,9986.337,-14.356,240.1033,2.9059,3.0026,-0.05701,-3.4507,90.0088,-0.011448,4.6633,0.21698,7.2767,-36.1462,-9.924e-05,1.5553,-0.11701,2.7729e-08,0.0018059,0,55.7005,0.069049,0.23707,483.0742,1456.3795
1.4197,9986.337,-14.356,240.1033,2.9059,3.0026,-0.05701,-3.4507,90.0088,-0.011448,4.6633,0.21698,7.2767,-36.1462,-9.924e-05,1.5553,-0.11701,2.7729e-08,0.0018059,0,55.7005,0.069049,0.23707,483.0742,1456.3795
1.425,9986.2174,-14.3526,240.0997,2.9309,3.0024,-0.085766,-2.711,90.0087,-0.068896,4.6879,0.23637,6.6671,-36.1725,-0.00041168,1.5252,-0.11958,2.7926e-08,0.0018166,0,55.4394,0.070004,0.35437,483.0746,1456.3863
1.4303,9986.2174,-14.3526,240.0997,2.9309,3.0024,-0.085766,-2.711,90.0087,-0.068896,4.6879,0.23637,6.6671,-36.1725,-0.00041168,1.5252,-0.11958,2.7926e-08,0.0018166,0,55.4394,0.067795,0.16448,483.0746,1456.3863
1.4333,9986.0978,-14.3482,240.0959,2.956,3.0021,-0.10836,-1.9858,90.0081,-0.12725,4.7124,0.23962,6.2753,-36.1957,-0.00073109,1.4934,-0.11075,2.813e-08,0.0018273,0,55.1789,0.069691,0.36179,483.075,1456.393
1.4417,9985.9783,-14.343,240.0919,2.981,3.0016,-0.12491,-1.2756,90.0071,-0.18107,4.7369,0.2557,6.5798,-36.2123,-0.0010619,1.4601,-0.090573,2.8341e-08,0.0018379,0,54.9198,0.069386,0.37771,483.0754,1456.3998
1.45,9985.8588,-14.3369,240.0878,3.006,3.001,-0.13554,-0.58082,90.0055,-0.22493,4.7612,0.29871,7.5785,-36.2223,-0.0013964,1.4264,-0.064997,2.8562e-08,0.0018486,0,55.0271,0.069114,0.39572,483.0759,1456.4065
1.4583,9985.7393,-14.3299,240.0838,3.031,3.0002,-0.14038,0.098496,90.0037,-0.25627,4.7854,0.39874,8.9099,-36.2289,-0.0017456,1.3929,-0.036852,2.8795e-08,0.0018593,0,55.1348,0.068904,0.39469,483.0763,1456.4133
1.4667,9985.62,-14.3219,240.0799,3.0561,2.9993,-0.13956,0.76253,90.0015,-0.27385,4.8094,0.50591,10.4024,-36.2326,-0.002117,1.36,-0.0081984,2.9039e-08,0.0018699,0,55.2429,0.068761,0.39179,483.0767,1456.42
1.475,9985.5006,-14.3131,240.0761,3.0811,2.9983,-0.1332,1.4116,89.9993,-0.27744,4.8334,0.61505,11.9309,-36.2337,-0.0025155,1.328,0.019229,2.9296e-08,0.0018806,0,55.3515,0.068679,0.38799,483.0771,1456.4267
1.4833,9985.3814,-14.3033,240.0722,3.1061,2.9972,-0.12144,2.0461,89.9969,-0.26763,4.8572,0.72175,13.3899,-36.2324,-0.0029357,1.2971,0.044276,2.9565e-08,0.0018913,0,55.4605,0.068639,0.38374,483.0776,1456.4335
1.4917,9985.2623,-14.2927,240.0685,3.1311,2.9959,-0.10439,2.6665,89.9947,-0.24558,4.881,0.82296,14.7091,-36.2294,-0.0033677,1.2675,0.066244,2.9846e-08,0.001902,0,55.5699,0.068617,0.37924,483.078,1456.4402
1.5,9985.1432,-14.2812,240.0648,3.156,2.9945,-0.08217,3.2734,89.9927,-0.21274,4.9046,0.91675,15.8462,-36.2254,-0.0037968,1.2391,0.084788,3.0138e-08,0.0019126,0,55.6798,0.068589,0.37457,483.0784,1456.4469
1.5065,9985.1432,-14.2812,240.0648,3.156,2.9945,-0.08217,3.2734,89.9927,-0.21274,4.9046,0.91675,15.8462,-36.2254,-0.0037968,1.2391,0.084788,3.0138e-08,0.0019126,0,55.6798,0.06587,0.15254,483.0784,1456.4469
1.5065,9985.1432,-14.2812,240.0648,3.156,2.9945,-0.08217,3.2734,89.9927,-0.21274,4.9046,0.91675,15.8462,-36.2254,-0.0037968,1.2391,0.084788,3.0138e-08,0.0019126,0,55.6798,0.06587,0.15254,483.0784,1456.4469
1.5083,9985.0242,-14.2687,240.0611,3.181,2.9928,-0.054892,3.8672,89.9909,-0.17078,4.928,1.002,16.78,-36.2211,-0.0041991,1.1219,0.099842,3.0438e-08,0.0019233,0,55.7902,0.068531,0.36969,483.0788,1456.4536
1.5091,9985.0242,-14.2687,240.0611,3.181,2.9928,-0.054892,3.8672,89.9909,-0.17078,4.928,1.002,16.78,-36.2211,-0.0041991,1.1219,0.099842,3.0438e-08,0.0019233,0,55.7902,0.068211,0.33599,483.0788,1456.4536
1.5091,9985.0242,-14.2687,240.0611,3.181,2.9928,-0.054892,3.8672,89.9909,-0.17078,4.928,1.002,16.78,-36.2211,-0.0041991,1.1219,0.099842,3.0438e-08,0.0019233,0,55.7902,0.068211,0.33599,483.0788,1456.4536
1.5109,9985.0242,-14.2687,240.0611,3.181,2.9928,-0.054892,3.8672,89.9909,-0.17078,4.928,1.002,16.78,-36.2211,-0.0041991,1.1219,0.099842,3.0438e-08,0.0019233,0,55.7902,0.067445,0.26509,483.0788,1456.4536
1.5128,9985.0242,-14.2687,240.0611,3.181,2.9928,-0.054892,3.8672,89.9909,-0.17078,4.928,1.002,16.78,-36.2211,-0.0041991,1.1219,0.099842,3.0438e-08,0.0019233,0,55.7902,0.06668,0.20604,483.0788,1456.4536
1.5167,9984.9054,-14.2554,240.0575,3.2059,2.9909,-0.022665,4.4056,89.9895,-0.12135,4.9514,1.0773,16.6863,-35.994,-0.0045687,-0.024033,0.11156,3.0746e-08,0.001934,0,55.9009,0.068431,0.36526,483.0793,1456.4603
1.5242,9984.9054,-14.2554,240.0575,3.2059,2.9909,-0.022665,4.4056,89.9895,-0.12135,4.9514,1.0773,16.6863,-35.994,-0.0045687,-0.024033,0.11156,3.0746e-08,0.001934,0,55.9009,0.065264,0.12558,483.0793,1456.4603
1.525,9984.7866,-14.2412,240.0538,3.2309,2.9888,0.014049,4.3972,89.9885,-0.066091,4.9746,1.116,7.0136,-33.2069,-0.0048904,-1.5945,0.12042,3.1057e-08,0.0019446,0,55.8781,0.068274,0.37409,483.0797,1456.467
1.5288,9984.7866,-14.2412,240.0538,3.2309,2.9888,0.014049,4.3972,89.9885,-0.066091,4.9746,1.116,7.0136,-33.2069,-0.0048904,-1.5945,0.12042,3.1057e-08,0.0019446,0,55.8781,0.066673,0.22837,483.0797,1456.467
1.5333,9984.668,-14.2262,240.0498,3.2558,2.9864,0.050692,3.6392,89.9879,-0.0065981,4.9977,1.1271,-6.7382,-29.3768,-0.005181,-1.5645,0.12688,3.1369e-08,0.0019553,0,55.6147,0.068058,0.39409,483.0801,1456.4737
1.536,9984.668,-14.2262,240.0498,3.2558,2.9864,0.050692,3.6392,89.9879,-0.0065981,4.9977,1.1271,-6.7382,-29.3768,-0.005181,-1.5645,0.12688,3.1369e-08,0.0019553,0,55.6147,0.066951,0.28318,483.0801,1456.4737
1.536,9984.668,-14.2262,240.0498,3.2558,2.9864,0.050692,3.6392,89.9879,-0.0065981,4.9977,1.1271,-6.7382,-29.3768,-0.005181,-1.5645,0.12688,3.1369e-08,0.0019553,0,55.6147,0.066951,0.28318,483.0801,1456.4737
1.5417,9984.5495,-14.2103,240.0457,3.2807,2.9839,0.081019,2.8958,89.9879,0.055655,5.0207,1.1354,-6.1124,-29.5472,-0.0054553,-1.5344,0.13043,3.1679e-08,0.001966,0,55.7238,0.067797,0.4141,483.0805,1456.4804
1.5473,9984.5495,-14.2103,240.0457,3.2807,2.9839,0.081019,2.8958,89.9879,0.055655,5.0207,1.1354,-6.1124,-29.5472,-0.0054553,-1.5344,0.13043,3.1679e-08,0.001966,0,55.7238,0.065414,0.19946,483.0805,1456.4804
1.5495,9984.5495,-14.2103,240.0457,3.2807,2.9839,0.081019,2.8958,89.9879,0.055655,5.0207,1.1354,-6.1124,-29.5472,-0.0054553,-1.5344,0.13043,3.1679e-08,0.001966,0,55.7238,0.064513,0.14525,483.0805,1456.4804
1.5495,9984.5495,-14.2103,240.0457,3.2807,2.9839,0.081019,2.8958,89.9879,0.055655,5.0207,1.1354,-6.1124,-29.5472,-0.0054553,-1.5344,0.13043,3.1679e-08,0.001966,0,55.7238,0.064513,0.14525,483.0805,1456.4804
1.55,9984.4312,-14.1936,240.0417,3.3056,2.9811,0.10515,2.1669,89.9884,0.11928,5.0435,1.1825,-5.6652,-29.7164,-0.0057208,-1.503,0.12484,3.1982e-08,0.0019766,0,55.8332,0.067521,0.41381,483.081,1456.4871
1.5505,9984.4312,-14.1936,240.0417,3.3056,2.9811,0.10515,2.1669,89.9884,0.11928,5.0435,1.1825,-5.6652,-29.7164,-0.0057208,-1.503,0.12484,3.1982e-08,0.0019766,0,55.8332,0.067315,0.39011,483.081,1456.4871
1.5515,9984.4312,-14.1936,240.0417,3.3056,2.9811,0.10515,2.1669,89.9884,0.11928,5.0435,1.1825,-5.6652,-29.7164,-0.0057208,-1.503,0.12484,3.1982e-08,0.0019766,0,55.8332,0.066902,0.34609,483.081,1456.4871
1.5534,9984.4312,-14.1936,240.0417,3.3056,2.9811,0.10515,2.1669,89.9884,0.11928,5.0435,1.1825,-5.6652,-29.7164,-0.0057208,-1.503,0.12484,3.1982e-08,0.0019766,0,55.8332,0.066075,0.27005,483.081,1456.4871
1.5574,9984.4312,-14.1936,240.0417,3.3056,2.9811,0.10515,2.1669,89.9884,0.11928,5.0435,1.1825,-5.6652,-29.7164,-0.0057208,-1.503,0.12484,3.1982e-08,0.0019766,0,55.8332,0.064423,0.15637,483.081,1456.4871
1.5583,9984.313,-14.176,240.0378,3.3304,2.9782,0.12321,1.4528,89.9894,0.17993,5.0663,1.2073,-5.7752,-29.8871,-0.0059897,-1.4695,0.10477,3.2278e-08,0.0019873,0,55.9432,0.06726,0.41137,483.0814,1456.4938
1.563,9984.313,-14.176,240.0378,3.3304,2.9782,0.12321,1.4528,89.9894,0.17993,5.0663,1.2073,-5.7752,-29.8871,-0.0059897,-1.4695,0.10477,3.2278e-08,0.0019873,0,55.9432,0.065297,0.22875,483.0814,1456.4938
1.5667,9984.1949,-14.1575,240.034,3.3553,2.9752,0.13532,0.75418,89.9909,0.23066,5.0889,1.1964,-6.7677,-30.0609,-0.0062761,-1.4354,0.077876,3.2564e-08,0.001998,0,56.0535,0.067047,0.40788,483.0818,1456.5004
1.575,9984.077,-14.1382,240.0301,3.3801,2.9721,0.1416,0.071143,89.9928,0.26824,5.1113,1.1693,-8.1785,-30.2332,-0.0065869,-1.4013,0.047722,3.2838e-08,0.0020086,0,56.1643,0.066904,0.40386,483.0822,1456.5071
1.5833,9983.9593,-14.1181,240.0264,3.4048,2.9689,0.14219,-0.59647,89.995,0.29109,5.1337,1.1348,-9.7906,-30.4013,-0.0069305,-1.3678,0.016554,3.3099e-08,0.0020193,0,56.2756,0.066837,0.39945,483.0826,1456.5137
1.5917,9983.8417,-14.0971,240.0227,3.4296,2.9656,0.13722,-1.2489,89.9975,0.29875,5.1559,1.0985,-11.4681,-30.5635,-0.0073071,-1.3351,-0.013599,3.3348e-08,0.00203,0,56.3873,0.066837,0.39478,483.0831,1456.5204
1.6,9983.7244,-14.0753,240.019,3.4543,2.9622,0.12682,-1.8867,89.9999,0.29171,5.178,1.0654,-13.0877,-30.7184,-0.007711,-1.3035,-0.041358,3.3584e-08,0.0020406,0,56.4994,0.066885,0.38992,483.0835,1456.527
1.6083,9983.6072,-14.0527,240.0154,3.479,2.9586,0.11109,-2.5102,90.0024,0.27112,5.1999,1.0387,-14.5657,-30.8656,-0.0081301,-1.2733,-0.065874,3.3806e-08,0.0020513,0,56.612,0.066955,0.38493,483.0839,1456.5336
1.6167,9983.4901,-14.0292,240.0119,3.5037,2.9549,0.090176,-3.12,90.0046,0.23853,5.2218,1.0203,-15.8505,-31.0051,-0.0085535,-1.2443,-0.086697,3.4018e-08,0.002062,0,56.7251,0.06702,0.3798,483.0843,1456.5402
1.6186,9983.4901,-14.0292,240.0119,3.5037,2.9549,0.090176,-3.12,90.0046,0.23853,5.2218,1.0203,-15.8505,-31.0051,-0.0085535,-1.2443,-0.086697,3.4018e-08,0.002062,0,56.7251,0.066191,0.30002,483.0843,1456.5402
1.6186,9983.4901,-14.0292,240.0119,3.5037,2.9549,0.090176,-3.12,90.0046,0.23853,5.2218,1.0203,-15.8505,-31.0051,-0.0085535,-1.2443,-0.086697,3.4018e-08,0.002062,0,56.7251,0.066191,0.30002,483.0843,1456.5402
1.625,9983.3733,-14.0049,240.0083,3.5283,2.951,0.064176,-3.7167,90.0066,0.19571,5.2434,0.99007,-16.9147,-31.1374,-0.008962,-1.2106,-0.1037,3.4219e-08,0.0020726,0,56.8381,0.06705,0.38413,483.0847,1456.5468
1.6311,9983.3733,-14.0049,240.0083,3.5283,2.951,0.064176,-3.7167,90.0066,0.19571,5.2434,0.99007,-16.9147,-31.1374,-0.008962,-1.2106,-0.1037,3.4219e-08,0.0020726,0,56.8381,0.064492,0.18009,483.0847,1456.5468
1.6311,9983.3733,-14.0049,240.0083,3.5283,2.951,0.064176,-3.7167,90.0066,0.19571,5.2434,0.99007,-16.9147,-31.1374,-0.008962,-1.2106,-0.1037,3.4219e-08,0.0020726,0,56.8381,0.064492,0.18009,483.0847,1456.5468
1.6333,9983.2567,-13.9798,240.0044,3.5529,2.9468,0.033204,-4.2978,90.0082,0.14452,5.265,0.93621,-17.695,-31.2787,-0.0093309,-0.56574,-0.11699,3.4412e-08,0.0020833,0,56.5863,0.067021,0.40449,483.0851,1456.5534
1.6356,9983.2567,-13.9798,240.0044,3.5529,2.9468,0.033204,-4.2978,90.0082,0.14452,5.265,0.93621,-17.695,-31.2787,-0.0093309,-0.56574,-0.11699,3.4412e-08,0.0020833,0,56.5863,0.06609,0.31176,483.0851,1456.5534
1.64,9983.2567,-13.9798,240.0044,3.5529,2.9468,0.033204,-4.2978,90.0082,0.14452,5.265,0.93621,-17.695,-31.2787,-0.0093309,-0.56574,-0.11699,3.4412e-08,0.0020833,0,56.5863,0.064227,0.1781,483.0851,1456.5534
1.6405,9983.2567,-13.9798,240.0044,3.5529,2.9468,0.033204,-4.2978,90.0082,0.14452,5.265,0.93621,-17.695,-31.2787,-0.0093309,-0.56574,-0.11699,3.4412e-08,0.0020833,0,56.5863,0.064029,0.16711,483.0851,1456.5534
1.6405,9983.2567,-13.9798,240.0044,3.5529,2.9468,0.033204,-4.2978,90.0082,0.14452,5.265,0.93621,-17.695,-31.2787,-0.0093309,-0.56574,-0.11699,3.4412e-08,0.0020833,0,56.5863,0.064029,0.16711,483.0851,1456.5534
1.6417,9983.1403,-13.9539,240.0003,3.5775,2.9424,-0.0026111,-4.5714,90.0094,0.086712,5.2864,0.88874,-12.6815,-32.9539,-0.0096311,1.2806,-0.12695,3.46e-08,0.002094,0,56.6977,0.066925,0.42751,483.0856,1456.56
1.6428,9983.1403,-13.9539,240.0003,3.5775,2.9424,-0.0026111,-4.5714,90.0094,0.086712,5.2864,0.88874,-12.6815,-32.9539,-0.0096311,1.2806,-0.12695,3.46e-08,0.002094,0,56.6977,0.066429,0.37318,483.0856,1456.56
1.6452,9983.1403,-13.9539,240.0003,3.5775,2.9424,-0.0026111,-4.5714,90.0094,0.086712,5.2864,0.88874,-12.6815,-32.9539,-0.0096311,1.2806,-0.12695,3.46e-08,0.002094,0,56.6977,0.065436,0.28206,483.0856,1456.56
1.65,9983.0242,-13.9272,239.9964,3.602,2.9379,-0.040707,-3.9639,90.0101,0.024028,5.3077,0.8995,3.4877,-37.6559,-0.0098713,1.5787,-0.13426,3.4786e-08,0.0021046,0,56.8095,0.066776,0.42744,483.086,1456.5665
1.6522,9983.0242,-13.9272,239.9964,3.602,2.9379,-0.040707,-3.9639,90.0101,0.024028,5.3077,0.8995,3.4877,-37.6559,-0.0098713,1.5787,-0.13426,3.4786e-08,0.0021046,0,56.8095,0.06587,0.33304,483.086,1456.5665
1.6522,9983.0242,-13.9272,239.9964,3.602,2.9379,-0.040707,-3.9639,90.0101,0.024028,5.3077,0.8995,3.4877,-37.6559,-0.0098713,1.5787,-0.13426,3.4786e-08,0.0021046,0,56.8095,0.06587,0.33304,483.086,1456.5665
1.6583,9982.9082,-13.8997,239.9926,3.6265,2.9331,-0.073739,-3.2143,90.0103,-0.041891,5.3289,0.91634,5.7794,-38.4919,-0.010097,1.5486,-0.13893,3.4974e-08,0.0021153,0,56.9218,0.066588,0.42512,483.0864,1456.5731
1.6645,9982.9082,-13.8997,239.9926,3.6265,2.9331,-0.073739,-3.2143,90.0103,-0.041891,5.3289,0.91634,5.7794,-38.4919,-0.010097,1.5486,-0.13893,3.4974e-08,0.0021153,0,56.9218,0.06401,0.20444,483.0864,1456.5731
1.6656,9982.9082,-13.8997,239.9926,3.6265,2.9331,-0.073739,-3.2143,90.0103,-0.041891,5.3289,0.91634,5.7794,-38.4919,-0.010097,1.5486,-0.13893,3.4974e-08,0.0021153,0,56.9218,0.063567,0.17842,483.0864,1456.5731
1.6656,9982.9082,-13.8997,239.9926,3.6265,2.9331,-0.073739,-3.2143,90.0103,-0.041891,5.3289,0.91634,5.7794,-38.4919,-0.010097,1.5486,-0.13893,3.4974e-08,0.0021153,0,56.9218,0.063567,0.17842,483.0864,1456.5731
1.6667,9982.7925,-13.8714,239.9888,3.651,2.9281,-0.10053,-2.4792,90.01,-0.10972,5.3499,0.94021,5.2564,-38.5057,-0.010321,1.5177,-0.1373,3.5167e-08,0.002126,0,57.0345,0.066383,0.42179,483.0868,1456.5796
1.6678,9982.7925,-13.8714,239.9888,3.651,2.9281,-0.10053,-2.4792,90.01,-0.10972,5.3499,0.94021,5.2564,-38.5057,-0.010321,1.5177,-0.1373,3.5167e-08,0.002126,0,57.0345,0.06592,0.37204,483.0868,1456.5796
1.67,9982.7925,-13.8714,239.9888,3.651,2.9281,-0.10053,-2.4792,90.01,-0.10972,5.3499,0.94021,5.2564,-38.5057,-0.010321,1.5177,-0.1373,3.5167e-08,0.002126,0,57.0345,0.064994,0.28766,483.0868,1456.5796
1.6744,9982.7925,-13.8714,239.9888,3.651,2.9281,-0.10053,-2.4792,90.01,-0.10972,5.3499,0.94021,5.2564,-38.5057,-0.010321,1.5177,-0.1373,3.5167e-08,0.002126,0,57.0345,0.063141,0.16588,483.0868,1456.5796
1.675,9982.677,-13.8423,239.985,3.6754,2.923,-0.12119,-1.7589,90.0091,-0.17646,5.3707,0.98039,5.1191,-38.5157,-0.010553,1.4845,-0.12003,3.5368e-08,0.0021366,0,57.1477,0.066185,0.41778,483.0872,1456.5861
1.6779,9982.677,-13.8423,239.985,3.6754,2.923,-0.12119,-1.7589,90.0091,-0.17646,5.3707,0.98039,5.1191,-38.5157,-0.010553,1.4845,-0.12003,3.5368e-08,0.0021366,0,57.1477,0.06498,0.30038,483.0872,1456.5861
1.6833,9982.5618,-13.8124,239.9814,3.6997,2.9178,-0.13584,-1.0539,90.0076,-0.23463,5.3915,1.0604,5.9368,-38.5173,-0.010805,1.4501,-0.093202,3.5578e-08,0.0021473,0,57.2613,0.066028,0.41334,483.0876,1456.5926
1.6917,9982.4468,-13.7818,239.9777,3.7241,2.9125,-0.14463,-0.36459,90.0056,-0.27967,5.4121,1.1652,7.3396,-38.5128,-0.011082,1.4155,-0.061848,3.58e-08,0.002158,0,57.3754,0.065938,0.40863,483.088,1456.5991
1.7,9982.3321,-13.7504,239.9741,3.7483,2.9071,-0.14767,0.30918,90.0033,-0.30941,5.4325,1.2823,9.0221,-38.5041,-0.011392,1.3812,-0.028658,3.6036e-08,0.0021686,0,57.49,0.065927,0.40362,483.0884,1456.6056
1.7083,9982.2177,-13.7182,239.9706,3.7726,2.9016,-0.14509,0.96763,90.0007,-0.32299,5.4529,1.4048,10.8212,-38.4917,-0.011738,1.3478,0.0040625,3.6285e-08,0.0021793,0,57.6049,0.06599,0.39838,483.0888,1456.6121
1.7167,9982.1035,-13.6852,239.9671,3.7968,2.8961,-0.13703,1.6112,89.998,-0.32063,5.473,1.5269,12.5967,-38.4762,-0.012122,1.3154,0.034619,3.6548e-08,0.00219,0,57.7204,0.066112,0.39294,483.0893,1456.6185
1.725,9981.9896,-13.6515,239.9635,3.8209,2.8904,-0.1236,2.2402,89.9954,-0.30338,5.4931,1.6121,14.2458,-38.4579,-0.012535,1.2844,0.061931,3.6826e-08,0.0022006,0,57.8356,0.066258,0.40204,483.0897,1456.625
1.7333,9981.876,-13.6171,239.9597,3.845,2.8846,-0.10493,2.8554,89.9928,-0.2728,5.513,1.6644,15.7027,-38.4376,-0.012955,1.2547,0.085387,3.7116e-08,0.0022113,0,57.5611,0.066393,0.4241,483.0901,1456.6314
1.7417,9981.7626,-13.5819,239.9556,3.8691,2.8786,-0.081137,3.4572,89.9906,-0.23074,5.5328,1.7061,16.9301,-38.4165,-0.013346,1.2264,0.10475,3.7418e-08,0.002222,0,57.6746,0.06649,0.44842,483.0905,1456.6378
1.7426,9981.7626,-13.5819,239.9556,3.8691,2.8786,-0.081137,3.4572,89.9906,-0.23074,5.5328,1.7061,16.9301,-38.4165,-0.013346,1.2264,0.10475,3.7418e-08,0.002222,0,57.6746,0.066104,0.40544,483.0905,1456.6378
1.7426,9981.7626,-13.5819,239.9556,3.8691,2.8786,-0.081137,3.4572,89.9906,-0.23074,5.5328,1.7061,16.9301,-38.4165,-0.013346,1.2264,0.10475,3.7418e-08,0.002222,0,57.6746,0.066104,0.40544,483.0905,1456.6378
1.7481,9981.7626,-13.5819,239.9556,3.8691,2.8786,-0.081137,3.4572,89.9906,-0.23074,5.5328,1.7061,16.9301,-38.4165,-0.013346,1.2264,0.10475,3.7418e-08,0.002222,0,57.6746,0.063814,0.21851,483.0905,1456.6378
1.7481,9981.7626,-13.5819,239.9556,3.8691,2.8786,-0.081137,3.4572,89.9906,-0.23074,5.5328,1.7061,16.9301,-38.4165,-0.013346,1.2264,0.10475,3.7418e-08,0.002222,0,57.6746,0.063814,0.21851,483.0905,1456.6378
1.75,9981.6496,-13.546,239.9518,3.8931,2.8724,-0.052328,4.0461,89.9886,-0.17916,5.5524,1.7943,17.9135,-38.3967,-0.013682,1.003,0.12007,3.773e-08,0.0022326,0,57.7886,0.066543,0.44748,483.0909,1456.6442
1.7519,9981.6496,-13.546,239.9518,3.8931,2.8724,-0.052328,4.0461,89.9886,-0.17916,5.5524,1.7943,17.9135,-38.3967,-0.013682,1.003,0.12007,3.773e-08,0.0022326,0,57.7886,0.06576,0.36471,483.0909,1456.6442
1.7529,9981.6496,-13.546,239.9518,3.8931,2.8724,-0.052328,4.0461,89.9886,-0.17916,5.5524,1.7943,17.9135,-38.3967,-0.013682,1.003,0.12007,3.773e-08,0.0022326,0,57.7886,0.065333,0.3258,483.0909,1456.6442
1.7529,9981.6496,-13.546,239.9518,3.8931,2.8724,-0.052328,4.0461,89.9886,-0.17916,5.5524,1.7943,17.9135,-38.3967,-0.013682,1.003,0.12007,3.773e-08,0.0022326,0,57.7886,0.065333,0.3258,483.0909,1456.6442
1.7567,9981.6496,-13.546,239.9518,3.8931,2.8724,-0.052328,4.0461,89.9886,-0.17916,5.5524,1.7943,17.9135,-38.3967,-0.013682,1.003,0.12007,3.773e-08,0.0022326,0,57.7886,0.063767,0.21279,483.0909,1456.6442
1.7583,9981.5369,-13.5093,239.9479,3.917,2.8659,-0.01861,4.529,89.9872,-0.12001,5.5719,1.8701,16.8672,-37.891,-0.013961,-0.40764,0.13164,3.805e-08,0.0022433,0,57.9029,0.066547,0.44509,483.0913,1456.6505
1.7637,9981.5369,-13.5093,239.9479,3.917,2.8659,-0.01861,4.529,89.9872,-0.12001,5.5719,1.8701,16.8672,-37.891,-0.013961,-0.40764,0.13164,3.805e-08,0.0022433,0,57.9029,0.064303,0.24582,483.0913,1456.6505
1.7667,9981.4244,-13.4719,239.9442,3.9409,2.8593,0.019132,4.3388,89.9862,-0.055132,5.5912,1.9373,4.7703,-34.4337,-0.014177,-1.5948,0.14004,3.8374e-08,0.0022539,0,58.0178,0.066499,0.44168,483.0917,1456.6569
1.7675,9981.4244,-13.4719,239.9442,3.9409,2.8593,0.019132,4.3388,89.9862,-0.055132,5.5912,1.9373,4.7703,-34.4337,-0.014177,-1.5948,0.14004,3.8374e-08,0.0022539,0,58.0178,0.066153,0.40387,483.0917,1456.6569
1.7675,9981.4244,-13.4719,239.9442,3.9409,2.8593,0.019132,4.3388,89.9862,-0.055132,5.5912,1.9373,4.7703,-34.4337,-0.014177,-1.5948,0.14004,3.8374e-08,0.0022539,0,58.0178,0.066153,0.40387,483.0917,1456.6569
1.775,9981.3123,-13.4338,239.9404,3.9647,2.8525,0.055289,3.5821,89.9857,0.013688,5.6104,1.9972,-5.5298,-31.5505,-0.01437,-1.5646,0.14572,3.8698e-08,0.0022646,0,58.1331,0.066406,0.43774,483.0921,1456.6632
1.7804,9981.3123,-13.4338,239.9404,3.9647,2.8525,0.055289,3.5821,89.9857,0.013688,5.6104,1.9972,-5.5298,-31.5505,-0.01437,-1.5646,0.14572,3.8698e-08,0.0022646,0,58.1331,0.064162,0.24281,483.0921,1456.6632
1.7804,9981.3123,-13.4338,239.9404,3.9647,2.8525,0.055289,3.5821,89.9857,0.013688,5.6104,1.9972,-5.5298,-31.5505,-0.01437,-1.5646,0.14572,3.8698e-08,0.0022646,0,58.1331,0.064162,0.24281,483.0921,1456.6632
1.7833,9981.2006,-13.3949,239.9368,3.9885,2.8456,0.08514,2.84,89.9858,0.084907,5.6294,2.0506,-4.95,-31.7096,-0.014564,-1.5341,0.14751,3.9019e-08,0.0022753,0,58.2488,0.066284,0.43335,483.0925,1456.6695
1.7862,9981.2006,-13.3949,239.9368,3.9885,2.8456,0.08514,2.84,89.9858,0.084907,5.6294,2.0506,-4.95,-31.7096,-0.014564,-1.5341,0.14751,3.9019e-08,0.0022753,0,58.2488,0.065085,0.31767,483.0925,1456.6695
1.7917,9981.0891,-13.3553,239.9332,4.0122,2.8384,0.10881,2.1126,89.9866,0.15667,5.6483,2.0947,-4.6076,-31.867,-0.014763,-1.5018,0.13705,3.9334e-08,0.0022859,0,58.365,0.066155,0.42867,483.0929,1456.6758
1.8,9980.978,-13.315,239.9296,4.0359,2.8312,0.12641,1.4003,89.9879,0.22313,5.6671,2.1088,-5.0118,-32.0267,-0.014979,-1.4674,0.1122,3.964e-08,0.0022966,0,58.4817,0.066048,0.42373,483.0933,1456.6821
1.8083,9980.8672,-13.274,239.9261,4.0595,2.8239,0.13808,0.70359,89.9897,0.27741,5.6857,2.0877,-6.2928,-32.1888,-0.015218,-1.4324,0.080652,3.9935e-08,0.0023073,0,58.5988,0.065997,0.41845,483.0937,1456.6883
1.8167,9980.7567,-13.2322,239.9227,4.0831,2.8165,0.14395,0.022552,89.992,0.31629,5.7041,2.0507,-7.9842,-32.3489,-0.015486,-1.3976,0.046086,4.0218e-08,0.0023179,0,58.7163,0.066021,0.41288,483.094,1456.6946
1.825,9980.6466,-13.1898,239.9193,4.1065,2.809,0.14413,-0.64302,89.9947,0.33835,5.7225,2.007,-9.8624,-32.5043,-0.0158,-1.3633,0.01098,4.0488e-08,0.0023286,0,58.8343,0.066125,0.40706,483.0944,1456.7008
1.8333,9980.5369,-13.1468,239.9157,4.13,2.8015,0.13878,-1.2934,89.9975,0.34334,5.7406,1.9162,-11.777,-32.6525,-0.016155,-1.3301,-0.022525,4.0743e-08,0.0023393,0,58.9015,0.066284,0.42229,483.0948,1456.707
1.8417,9980.4275,-13.103,239.9119,4.1533,2.7939,0.128,-1.9292,90.0003,0.33202,5.7587,1.8142,-13.5983,-32.7925,-0.016538,-1.2981,-0.053003,4.0984e-08,0.0023499,0,58.6216,0.066473,0.44683,483.0952,1456.7132
1.85,9980.3185,-13.0587,239.9078,4.1766,2.7861,0.11192,-2.5508,90.0031,0.30586,5.7766,1.7187,-15.2395,-32.924,-0.016913,-1.2675,-0.079608,4.1211e-08,0.0023606,0,58.7374,0.066663,0.47368,483.0956,1456.7193
1.8583,9980.2099,-13.0136,239.9039,4.1998,2.7782,0.090666,-3.1587,90.0057,0.26671,5.7943,1.6951,-16.6493,-33.0486,-0.017271,-1.2384,-0.10193,4.1426e-08,0.0023712,0,58.8535,0.066844,0.47296,483.096,1456.7254
1.8594,9980.2099,-13.0136,239.9039,4.1998,2.7782,0.090666,-3.1587,90.0057,0.26671,5.7943,1.6951,-16.6493,-33.0486,-0.017271,-1.2384,-0.10193,4.1426e-08,0.0023712,0,58.8535,0.066424,0.42588,483.096,1456.7254
1.8594,9980.2099,-13.0136,239.9039,4.1998,2.7782,0.090666,-3.1587,90.0057,0.26671,5.7943,1.6951,-16.6493,-33.0486,-0.017271,-1.2384,-0.10193,4.1426e-08,0.0023712,0,58.8535,0.066424,0.42588,483.096,1456.7254
1.8667,9980.1016,-12.9679,239.9001,4.223,2.7702,0.064344,-3.7536,90.0079,0.21663,5.8119,1.682,-17.8025,-33.1667,-0.01759,-1.1837,-0.11989,4.163e-08,0.0023819,0,58.9702,0.066994,0.46952,483.0964,1456.7316
1.8722,9980.1016,-12.9679,239.9001,4.223,2.7702,0.064344,-3.7536,90.0079,0.21663,5.8119,1.682,-17.8025,-33.1667,-0.01759,-1.1837,-0.11989,4.163e-08,0.0023819,0,58.9702,0.064744,0.26765,483.0964,1456.7316
1.8722,9980.1016,-12.9679,239.9001,4.223,2.7702,0.064344,-3.7536,90.0079,0.21663,5.8119,1.682,-17.8025,-33.1667,-0.01759,-1.1837,-0.11989,4.163e-08,0.0023819,0,58.9702,0.064744,0.26765,483.0964,1456.7316
1.875,9979.9938,-12.9214,239.8964,4.2461,2.7619,0.033064,-4.3231,90.0097,0.15772,5.8293,1.6782,-18.4487,-33.3474,-0.017862,-0.6303,-0.13369,4.1825e-08,0.0023926,0,59.0872,0.0671,0.46528,483.0968,1456.7376
1.8778,9979.9938,-12.9214,239.8964,4.2461,2.7619,0.033064,-4.3231,90.0097,0.15772,5.8293,1.6782,-18.4487,-33.3474,-0.017862,-0.6303,-0.13369,4.1825e-08,0.0023926,0,59.0872,0.06596,0.35055,483.0968,1456.7376
1.8823,9979.9938,-12.9214,239.8964,4.2461,2.7619,0.033064,-4.3231,90.0097,0.15772,5.8293,1.6782,-18.4487,-33.3474,-0.017862,-0.6303,-0.13369,4.1825e-08,0.0023926,0,59.0872,0.064128,0.22203,483.0968,1456.7376
1.8823,9979.9938,-12.9214,239.8964,4.2461,2.7619,0.033064,-4.3231,90.0097,0.15772,5.8293,1.6782,-18.4487,-33.3474,-0.017862,-0.6303,-0.13369,4.1825e-08,0.0023926,0,59.0872,0.064128,0.22203,483.0968,1456.7376
1.8833,9979.8863,-12.8744,239.8927,4.2691,2.7535,-0.0029617,-4.6288,90.011,0.091981,5.8466,1.6827,-14.296,-34.7801,-0.018076,1.3992,-0.14375,4.2015e-08,0.0024032,0,59.2047,0.067153,0.46096,483.0972,1456.7437
1.8843,9979.8863,-12.8744,239.8927,4.2691,2.7535,-0.0029617,-4.6288,90.011,0.091981,5.8466,1.6827,-14.296,-34.7801,-0.018076,1.3992,-0.14375,4.2015e-08,0.0024032,0,59.2047,0.066739,0.41603,483.0972,1456.7437
1.8864,9979.8863,-12.8744,239.8927,4.2691,2.7535,-0.0029617,-4.6288,90.011,0.091981,5.8466,1.6827,-14.296,-34.7801,-0.018076,1.3992,-0.14375,4.2015e-08,0.0024032,0,59.2047,0.06591,0.33884,483.0972,1456.7437
1.8905,9979.8863,-12.8744,239.8927,4.2691,2.7535,-0.0029617,-4.6288,90.011,0.091981,5.8466,1.6827,-14.296,-34.7801,-0.018076,1.3992,-0.14375,4.2015e-08,0.0024032,0,59.2047,0.064253,0.22463,483.0972,1456.7437
1.8917,9979.7792,-12.8266,239.889,4.2921,2.7449,-0.041536,-3.966,90.0117,0.021308,5.8637,1.6937,3.5301,-39.9277,-0.018238,1.5809,-0.15084,4.2202e-08,0.0024139,0,59.3227,0.067153,0.45636,483.0975,1456.7498
1.8952,9979.7792,-12.8266,239.889,4.2921,2.7449,-0.041536,-3.966,90.0117,0.021308,5.8637,1.6937,3.5301,-39.9277,-0.018238,1.5809,-0.15084,4.2202e-08,0.0024139,0,59.3227,0.065712,0.31972,483.0975,1456.7498
1.8952,9979.7792,-12.8266,239.889,4.2921,2.7449,-0.041536,-3.966,90.0117,0.021308,5.8637,1.6937,3.5301,-39.9277,-0.018238,1.5809,-0.15084,4.2202e-08,0.0024139,0,59.3227,0.065712,0.31972,483.0975,1456.7498
1.9,9979.6725,-12.7782,239.8854,4.315,2.7361,-0.074586,-3.2167,90.0119,-0.052488,5.8807,1.7118,4.777,-40.4585,-0.018399,1.5506,-0.15487,4.2391e-08,0.0024246,0,59.4411,0.067112,0.45148,483.0979,1456.7558
1.9048,9979.6725,-12.7782,239.8854,4.315,2.7361,-0.074586,-3.2167,90.0119,-0.052488,5.8807,1.7118,4.777,-40.4585,-0.018399,1.5506,-0.15487,4.2391e-08,0.0024246,0,59.4411,0.065183,0.28099,483.0979,1456.7558
1.9083,9979.5662,-12.7292,239.8819,4.3378,2.7271,-0.10139,-2.4821,90.0115,-0.12791,5.8975,1.7381,4.2897,-40.4572,-0.018562,1.5196,-0.15262,4.2585e-08,0.0024352,0,59.56,0.06705,0.44632,483.0983,1456.7618
1.9167,9979.4604,-12.6795,239.8784,4.3605,2.7181,-0.12208,-1.7623,90.0104,-0.20196,5.9142,1.7807,4.188,-40.452,-0.018736,1.4856,-0.13213,4.2787e-08,0.0024459,0,59.6793,0.066991,0.4409,483.0987,1456.7678
1.925,9979.3549,-12.6291,239.875,4.3832,2.7089,-0.13676,-1.0579,90.0087,-0.26592,5.9307,1.8697,5.1977,-40.4372,-0.018931,1.4505,-0.10159,4.3e-08,0.0024565,0,59.7991,0.066974,0.43513,483.099,1456.7737
1.9333,9979.2499,-12.5782,239.8717,4.4058,2.6997,-0.14558,-0.36922,90.0065,-0.31497,5.947,1.9848,6.8234,-40.4161,-0.019152,1.4151,-0.066406,4.3226e-08,0.0024672,0,59.9193,0.067028,0.42904,483.0994,1456.7797
1.9417,9979.1453,-12.5266,239.8684,4.4283,2.6905,-0.14866,0.30385,90.0039,-0.3469,5.9633,2.1124,8.7354,-40.3907,-0.01942,1.3801,-0.029401,4.3465e-08,0.0024779,0,60.04,0.067166,0.42266,483.0998,1456.7856
1.95,9979.0411,-12.4745,239.8649,4.4507,2.6812,-0.14613,0.96159,90.001,-0.36085,5.9793,2.1889,10.7632,-40.3607,-0.019733,1.346,0.0068678,4.3719e-08,0.0024885,0,60.0325,0.067367,0.44189,483.1002,1456.7914
1.9583,9978.9374,-12.4218,239.861,4.473,2.6718,-0.13811,1.6044,89.998,-0.35717,5.9953,2.2516,12.7514,-40.3272,-0.02008,1.3131,0.040548,4.3988e-08,0.0024992,0,59.7467,0.067611,0.46946,483.1005,1456.7973
1.9667,9978.8341,-12.3685,239.857,4.4953,2.6623,-0.12474,2.2328,89.995,-0.33712,6.011,2.3069,14.5872,-40.2911,-0.020425,1.2816,0.070487,4.4271e-08,0.0025098,0,59.8648,0.067869,0.49949,483.1009,1456.8031
1.975,9978.7312,-12.3146,239.8531,4.5175,2.6528,-0.10614,2.8473,89.9922,-0.30249,6.0267,2.4221,16.2008,-40.2549,-0.020761,1.2516,0.096048,4.4569e-08,0.0025205,0,59.9834,0.068135,0.49881,483.1013,1456.8089
1.9833,9978.6288,-12.2602,239.8493,4.5396,2.643,-0.082409,3.4485,89.9897,-0.25538,6.0421,2.5264,17.5532,-40.219,-0.021072,1.2231,0.117,4.488e-08,0.0025312,0,60.1024,0.068381,0.49515,483.1016,1456.8147
1.9836,9978.6288,-12.2602,239.8493,4.5396,2.643,-0.082409,3.4485,89.9897,-0.25538,6.0421,2.5264,17.5532,-40.219,-0.021072,1.2231,0.117,4.488e-08,0.0025312,0,60.1024,0.068284,0.48378,483.1016,1456.8147
1.9836,9978.6288,-12.2602,239.8493,4.5396,2.643,-0.082409,3.4485,89.9897,-0.25538,6.0421,2.5264,17.5532,-40.219,-0.021072,1.2231,0.117,4.488e-08,0.0025312,0,60.1024,0.068284,0.48378,483.1016,1456.8147
1.9879,9978.6288,-12.2602,239.8493,4.5396,2.643,-0.082409,3.4485,89.9897,-0.25538,6.0421,2.5264,17.5532,-40.219,-0.021072,1.2231,0.117,4.488e-08,0.0025312,0,60.1024,0.066563,0.32098,483.1016,1456.8147
1.9879,9978.6288,-12.2602,239.8493,4.5396,2.643,-0.082409,3.4485,89.9897,-0.25538,6.0421,2.5264,17.5532,-40.219,-0.021072,1.2231,0.117,4.488e-08,0.0025312,0,60.1024,0.066563,0.32098,483.1016,1456.8147
1.9917,9978.5269,-12.2051,239.8456,4.5617,2.6332,-0.053671,4.037,89.9876,-0.19801,6.0575,2.6189,18.6304,-40.1844,-0.021337,1.0028,0.13343,4.5201e-08,0.0025418,0,60.2219,0.068587,0.48994,483.102,1456.8205
1.9943,9978.5269,-12.2051,239.8456,4.5617,2.6332,-0.053671,4.037,89.9876,-0.19801,6.0575,2.6189,18.6304,-40.1844,-0.021337,1.0028,0.13343,4.5201e-08,0.0025418,0,60.2219,0.067536,0.38124,483.102,1456.8205
1.9943,9978.5269,-12.2051,239.8456,4.5617,2.6332,-0.053671,4.037,89.9876,-0.19801,6.0575,2.6189,18.6304,-40.1844,-0.021337,1.0028,0.13343,4.5201e-08,0.0025418,0,60.2219,0.067536,0.38124,483.102,1456.8205
1.9981,9978.5269,-12.2051,239.8456,4.5617,2.6332,-0.053671,4.037,89.9876,-0.19801,6.0575,2.6189,18.6304,-40.1844,-0.021337,1.0028,0.13343,4.5201e-08,0.0025418,0,60.2219,0.066058,0.27001,483.102,1456.8205
2,9978.4254,-12.1494,239.842,4.5836,2.6231,-0.02003,4.5209,89.9859,-0.13256,6.0726,2.6976,17.6786,-39.6714,-0.021551,-0.27472,0.14566,4.553e-08,0.0025525,0,60.3418,0.068743,0.48515,483.1024,1456.8262
2.0057,9978.4254,-12.1494,239.842,4.5836,2.6231,-0.02003,4.5209,89.9859,-0.13256,6.0726,2.6976,17.6786,-39.6714,-0.021551,-0.27472,0.14566,4.553e-08,0.0025525,0,60.3418,0.066508,0.28674,483.1024,1456.8262
2.0083,9978.3244,-12.0931,239.8384,4.6055,2.6129,0.017645,4.3955,89.9848,-0.061065,6.0876,2.7663,6.8354,-36.5297,-0.021702,-1.5988,0.1543,4.5864e-08,0.0025631,0,60.4622,0.068841,0.48006,483.1027,1456.8319
2.0099,9978.3244,-12.0931,239.8384,4.6055,2.6129,0.017645,4.3955,89.9848,-0.061065,6.0876,2.7663,6.8354,-36.5297,-0.021702,-1.5988,0.1543,4.5864e-08,0.0025631,0,60.4622,0.06823,0.41498,483.1027,1456.8319
2.0099,9978.3244,-12.0931,239.8384,4.6055,2.6129,0.017645,4.3955,89.9848,-0.061065,6.0876,2.7663,6.8354,-36.5297,-0.021702,-1.5988,0.1543,4.5864e-08,0.0025631,0,60.4622,0.06823,0.41498,483.1027,1456.8319
2.0167,9978.2239,-12.0363,239.8348,4.6273,2.6025,0.054274,3.6382,89.9843,0.014506,6.1024,2.8266,-4.6902,-33.2886,-0.021828,-1.5685,0.15994,4.6199e-08,0.0025738,0,60.583,0.068887,0.47469,483.1031,1456.8376
2.0231,9978.2239,-12.0363,239.8348,4.6273,2.6025,0.054274,3.6382,89.9843,0.014506,6.1024,2.8266,-4.6902,-33.2886,-0.021828,-1.5685,0.15994,4.6199e-08,0.0025738,0,60.583,0.066371,0.26454,483.1031,1456.8376
2.0231,9978.2239,-12.0363,239.8348,4.6273,2.6025,0.054274,3.6382,89.9843,0.014506,6.1024,2.8266,-4.6902,-33.2886,-0.021828,-1.5685,0.15994,4.6199e-08,0.0025738,0,60.583,0.066371,0.26454,483.1031,1456.8376
2.025,9978.1238,-11.9789,239.8313,4.649,2.592,0.084593,2.8956,89.9844,0.092484,6.1171,2.8796,-4.1093,-33.4327,-0.021956,-1.5378,0.16134,4.6531e-08,0.0025845,0,60.7043,0.068898,0.46909,483.1034,1456.8432
2.0269,9978.1238,-11.9789,239.8313,4.649,2.592,0.084593,2.8956,89.9844,0.092484,6.1171,2.8796,-4.1093,-33.4327,-0.021956,-1.5378,0.16134,4.6531e-08,0.0025845,0,60.7043,0.068149,0.39305,483.1034,1456.8432
2.0307,9978.1238,-11.9789,239.8313,4.649,2.592,0.084593,2.8956,89.9844,0.092484,6.1171,2.8796,-4.1093,-33.4327,-0.021956,-1.5378,0.16134,4.6531e-08,0.0025845,0,60.7043,0.06665,0.27846,483.1034,1456.8432
2.0333,9978.0242,-11.9209,239.8279,4.6706,2.5813,0.10872,2.1678,89.9852,0.17085,6.1316,2.9225,-3.7867,-33.5754,-0.022088,-1.5054,0.15042,4.6856e-08,0.0025951,0,60.826,0.068896,0.46314,483.1038,1456.8489
2.0417,9977.9251,-11.8624,239.8246,4.6921,2.5705,0.12679,1.455,89.9866,0.24371,6.146,2.9352,-4.2151,-33.7205,-0.022237,-1.4705,0.12338,4.7173e-08,0.0026058,0,60.9481,0.068914,0.45691,483.1041,1456.8545
2.05,9977.8265,-11.8033,239.8213,4.7135,2.5597,0.13891,0.75791,89.9887,0.30334,6.1602,2.9084,-5.6254,-33.869,-0.02241,-1.4349,0.088859,4.7478e-08,0.0026164,0,61.0707,0.06899,0.45032,483.1045,1456.86
2.0583,9977.7284,-11.7437,239.8181,4.7349,2.5489,0.14523,0.076464,89.9912,0.34618,6.1742,2.8638,-7.4934,-34.0157,-0.022617,-1.3993,0.051058,4.777e-08,0.0026271,0,61.1938,0.069146,0.44341,483.1048,1456.8656
2.0667,9977.6308,-11.6835,239.8149,4.7561,2.538,0.14587,-0.5895,89.9941,0.37065,6.1881,2.7965,-9.5642,-34.1577,-0.022877,-1.3644,0.012666,4.8047e-08,0.0026378,0,61.317,0.069383,0.44322,483.1052,1456.8711
2.075,9977.5337,-11.6229,239.8113,4.7773,2.5271,0.14096,-1.2403,89.9972,0.37649,6.2019,2.667,-11.6747,-34.2919,-0.023179,-1.3306,-0.02396,4.831e-08,0.0026484,0,61.0384,0.069672,0.47164,483.1055,1456.8766
2.0833,9977.4371,-11.5618,239.8074,4.7984,2.5161,0.13062,-1.8765,90.0003,0.36454,6.2155,2.5406,-13.6817,-34.4176,-0.023497,-1.298,-0.057241,4.8558e-08,0.0026591,0,61.0255,0.069991,0.50408,483.1059,1456.882
2.0917,9977.341,-11.5002,239.8036,4.8193,2.5051,0.11498,-2.4985,90.0033,0.33641,6.229,2.4753,-15.4895,-34.5353,-0.023808,-1.267,-0.086245,4.8791e-08,0.0026697,0,61.1468,0.070324,0.51408,483.1062,1456.8874
2.1,9977.2454,-11.4381,239.7999,4.8402,2.4939,0.094163,-3.1069,90.0061,0.29417,6.2423,2.4454,-17.0415,-34.6457,-0.024103,-1.2376,-0.11052,4.9011e-08,0.0026804,0,61.2684,0.070651,0.51091,483.1066,1456.8928
2.1083,9977.1504,-11.3754,239.7963,4.861,2.4826,0.068272,-3.7023,90.0086,0.24008,6.2554,2.4272,-18.3101,-34.7491,-0.024363,-1.2097,-0.12999,4.9219e-08,0.002691,0,61.3905,0.070948,0.50566,483.1069,1456.8982
2.1123,9977.1504,-11.3754,239.7963,4.861,2.4826,0.068272,-3.7023,90.0086,0.24008,6.2554,2.4272,-18.3101,-34.7491,-0.024363,-1.2097,-0.12999,4.9219e-08,0.002691,0,61.3905,0.069454,0.35862,483.1069,1456.8982
2.1123,9977.1504,-11.3754,239.7963,4.861,2.4826,0.068272,-3.7023,90.0086,0.24008,6.2554,2.4272,-18.3101,-34.7491,-0.024363,-1.2097,-0.12999,4.9219e-08,0.002691,0,61.3905,0.069454,0.35862,483.1069,1456.8982
2.1166,9977.1504,-11.3754,239.7963,4.861,2.4826,0.068272,-3.7023,90.0086,0.24008,6.2554,2.4272,-18.3101,-34.7491,-0.024363,-1.2097,-0.12999,4.9219e-08,0.002691,0,61.3905,0.067786,0.25038,483.1069,1456.8982
2.1166,9977.1504,-11.3754,239.7963,4.861,2.4826,0.068272,-3.7023,90.0086,0.24008,6.2554,2.4272,-18.3101,-34.7491,-0.024363,-1.2097,-0.12999,4.9219e-08,0.002691,0,61.3905,0.067786,0.25038,483.1069,1456.8982
2.1167,9977.0558,-11.3122,239.7928,4.8817,2.4711,0.03742,-4.2852,90.0106,0.17645,6.2684,2.4195,-19.2906,-34.8466,-0.024575,-0.84897,-0.14487,4.9417e-08,0.0027017,0,61.5131,0.071199,0.49964,483.1072,1456.9035
2.1167,9977.0558,-11.3122,239.7928,4.8817,2.4711,0.03742,-4.2852,90.0106,0.17645,6.2684,2.4195,-19.2906,-34.8466,-0.024575,-0.84897,-0.14487,4.9417e-08,0.0027017,0,61.5131,0.071192,0.49882,483.1072,1456.9035
2.1167,9977.0558,-11.3122,239.7928,4.8817,2.4711,0.03742,-4.2852,90.0106,0.17645,6.2684,2.4195,-19.2906,-34.8466,-0.024575,-0.84897,-0.14487,4.9417e-08,0.0027017,0,61.5131,0.071178,0.4972,483.1072,1456.9035
2.1168,9977.0558,-11.3122,239.7928,4.8817,2.4711,0.03742,-4.2852,90.0106,0.17645,6.2684,2.4195,-19.2906,-34.8466,-0.024575,-0.84897,-0.14487,4.9417e-08,0.0027017,0,61.5131,0.07115,0.49397,483.1072,1456.9035
2.1169,9977.0558,-11.3122,239.7928,4.8817,2.4711,0.03742,-4.2852,90.0106,0.17645,6.2684,2.4195,-19.2906,-34.8466,-0.024575,-0.84897,-0.14487,4.9417e-08,0.0027017,0,61.5131,0.071095,0.48758,483.1072,1456.9035
2.1172,9977.0558,-11.3122,239.7928,4.8817,2.4711,0.03742,-4.2852,90.0106,0.17645,6.2684,2.4195,-19.2906,-34.8466,-0.024575,-0.84897,-0.14487,4.9417e-08,0.0027017,0,61.5131,0.070983,0.47507,483.1072,1456.9035
2.1178,9977.0558,-11.3122,239.7928,4.8817,2.4711,0.03742,-4.2852,90.0106,0.17645,6.2684,2.4195,-19.2906,-34.8466,-0.024575,-0.84897,-0.14487,4.9417e-08,0.0027017,0,61.5131,0.07076,0.45113,483.1072,1456.9035
2.119,9977.0558,-11.3122,239.7928,4.8817,2.4711,0.03742,-4.2852,90.0106,0.17645,6.2684,2.4195,-19.2906,-34.8466,-0.024575,-0.84897,-0.14487,4.9417e-08,0.0027017,0,61.5131,0.070315,0.40729,483.1072,1456.9035
2.1213,9977.0558,-11.3122,239.7928,4.8817,2.4711,0.03742,-4.2852,90.0106,0.17645,6.2684,2.4195,-19.2906,-34.8466,-0.024575,-0.84897,-0.14487,4.9417e-08,0.0027017,0,61.5131,0.069423,0.33366,483.1072,1456.9035
2.1229,9977.0558,-11.3122,239.7928,4.8817,2.4711,0.03742,-4.2852,90.0106,0.17645,6.2684,2.4195,-19.2906,-34.8466,-0.024575,-0.84897,-0.14487,4.9417e-08,0.0027017,0,61.5131,0.068837,0.29389,483.1072,1456.9035
2.1229,9977.0558,-11.3122,239.7928,4.8817,2.4711,0.03742,-4.2852,90.0106,0.17645,6.2684,2.4195,-19.2906,-34.8466,-0.024575,-0.84897,-0.14487,4.9417e-08,0.0027017,0,61.5131,0.068837,0.29389,483.1072,1456.9035
2.125,9976.9618,-11.2485,239.7893,4.9023,2.4595,0.0017102,-4.6965,90.0121,0.10549,6.2812,2.4211,-16.9559,-35.7789,-0.024729,1.1973,-0.15559,4.9608e-08,0.0027124,0,61.6361,0.071393,0.49389,483.1076,1456.9089
2.1271,9976.9618,-11.2485,239.7893,4.9023,2.4595,0.0017102,-4.6965,90.0121,0.10549,6.2812,2.4211,-16.9559,-35.7789,-0.024729,1.1973,-0.15559,4.9608e-08,0.0027124,0,61.6361,0.070597,0.41109,483.1076,1456.9089
2.1313,9976.9618,-11.2485,239.7893,4.9023,2.4595,0.0017102,-4.6965,90.0121,0.10549,6.2812,2.4211,-16.9559,-35.7789,-0.024729,1.1973,-0.15559,4.9608e-08,0.0027124,0,61.6361,0.069005,0.28972,483.1076,1456.9089
2.1333,9976.8684,-11.1844,239.7859,4.9228,2.4477,-0.037428,-4.1314,90.0129,0.029253,6.2939,2.4303,0.97334,-40.9497,-0.024821,1.5889,-0.16291,4.9797e-08,0.002723,0,61.7595,0.071527,0.48786,483.1079,1456.9141
2.1372,9976.8684,-11.1844,239.7859,4.9228,2.4477,-0.037428,-4.1314,90.0129,0.029253,6.2939,2.4303,0.97334,-40.9497,-0.024821,1.5889,-0.16291,4.9797e-08,0.002723,0,61.7595,0.070064,0.35002,483.1079,1456.9141
2.1372,9976.8684,-11.1844,239.7859,4.9228,2.4477,-0.037428,-4.1314,90.0129,0.029253,6.2939,2.4303,0.97334,-40.9497,-0.024821,1.5889,-0.16291,4.9797e-08,0.002723,0,61.7595,0.070064,0.35002,483.1079,1456.9141
2.1417,9976.7754,-11.1197,239.7825,4.9432,2.4358,-0.071856,-3.3796,90.0132,-0.050276,6.3063,2.4474,4.1081,-41.9903,-0.024908,1.5585,-0.16718,4.9986e-08,0.0027337,0,61.8834,0.071612,0.48146,483.1082,1456.9194
2.1461,9976.7754,-11.1197,239.7825,4.9432,2.4358,-0.071856,-3.3796,90.0132,-0.050276,6.3063,2.4474,4.1081,-41.9903,-0.024908,1.5585,-0.16718,4.9986e-08,0.0027337,0,61.8834,0.069939,0.33073,483.1082,1456.9194
2.15,9976.683,-11.0545,239.7793,4.9636,2.4237,-0.10002,-2.6425,90.0127,-0.13158,6.3187,2.4726,3.6019,-41.9737,-0.024998,1.5276,-0.16622,5.0181e-08,0.0027443,0,62.0077,0.071669,0.4749,483.1086,1456.9246
2.1583,9976.5912,-10.9889,239.7761,4.9838,2.4116,-0.12204,-1.9201,90.0116,-0.21215,6.3308,2.5114,3.4161,-41.9538,-0.025097,1.4936,-0.14625,5.0384e-08,0.002755,0,62.1324,0.071725,0.46801,483.1089,1456.9298
2.1667,9976.4999,-10.9228,239.7729,5.0039,2.3993,-0.13804,-1.2133,90.0099,-0.2829,6.3429,2.5986,4.3891,-41.9241,-0.025218,1.458,-0.11423,5.0598e-08,0.0027656,0,62.2576,0.071821,0.46071,483.1092,1456.9349
2.175,9976.4091,-10.8562,239.7699,5.0239,2.3871,-0.14815,-0.52206,90.0075,-0.33805,6.3547,2.7168,6.0993,-41.8872,-0.025383,1.422,-0.07666,5.0825e-08,0.0027763,0,62.3832,0.071989,0.45305,483.1095,1456.9401
2.1833,9976.3189,-10.7893,239.7665,5.0438,2.3749,-0.1525,0.15354,90.0047,-0.37495,6.3664,2.7744,8.151,-41.8446,-0.025593,1.3863,-0.036807,5.1067e-08,0.002787,0,62.2498,0.072222,0.47953,483.1099,1456.9452
2.1917,9976.2293,-10.7219,239.7627,5.0636,2.3626,-0.15123,0.81379,90.0016,-0.39252,6.378,2.8289,10.3466,-41.7973,-0.025846,1.3515,0.0025187,5.1324e-08,0.0027976,0,61.9528,0.072519,0.51387,483.1102,1456.9502
2.2,9976.1402,-10.6542,239.7586,5.0833,2.3503,-0.14444,1.4591,89.9983,-0.39102,6.3894,2.8808,12.5152,-41.7465,-0.026106,1.3179,0.03921,5.1597e-08,0.0028083,0,62.0755,0.072862,0.55112,483.1105,1456.9552
2.2083,9976.0517,-10.586,239.7548,5.1029,2.338,-0.13229,2.0899,89.995,-0.3717,6.4007,3.0119,14.529,-41.6949,-0.026373,1.2858,0.071943,5.1886e-08,0.0028189,0,62.1986,0.073253,0.55043,483.1108,1456.9602
2.2167,9975.9638,-10.5174,239.7511,5.1224,2.3256,-0.11487,2.7069,89.9919,-0.33649,6.4118,3.1334,16.3074,-41.6428,-0.026637,1.2552,0.099968,5.2191e-08,0.0028296,0,62.3221,0.073663,0.54604,483.1111,1456.9652
2.225,9975.8765,-10.4483,239.7475,5.1418,2.3131,-0.092313,3.3105,89.9891,-0.28764,6.4228,3.2432,17.8047,-41.5908,-0.026892,1.2263,0.12299,5.2509e-08,0.0028402,0,62.4461,0.074063,0.53994,483.1114,1456.9701
2.2268,9975.8765,-10.4483,239.7475,5.1418,2.3131,-0.092313,3.3105,89.9891,-0.28764,6.4228,3.2432,17.8047,-41.5908,-0.026892,1.2263,0.12299,5.2509e-08,0.0028402,0,62.4461,0.073397,0.46329,483.1114,1456.9701
2.2268,9975.8765,-10.4483,239.7475,5.1418,2.3131,-0.092313,3.3105,89.9891,-0.28764,6.4228,3.2432,17.8047,-41.5908,-0.026892,1.2263,0.12299,5.2509e-08,0.0028402,0,62.4461,0.073397,0.46329,483.1114,1456.9701
2.2333,9975.7897,-10.3788,239.7439,5.161,2.3004,-0.064726,3.9013,89.9868,-0.22756,6.4336,3.3403,19.0032,-41.5391,-0.027108,1.0827,0.14108,5.284e-08,0.0028509,0,62.5705,0.074425,0.5329,483.1117,1456.975
2.2343,9975.7897,-10.3788,239.7439,5.161,2.3004,-0.064726,3.9013,89.9868,-0.22756,6.4336,3.3403,19.0032,-41.5391,-0.027108,1.0827,0.14108,5.284e-08,0.0028509,0,62.5705,0.074067,0.49074,483.1117,1456.975
2.2343,9975.7897,-10.3788,239.7439,5.161,2.3004,-0.064726,3.9013,89.9868,-0.22756,6.4336,3.3403,19.0032,-41.5391,-0.027108,1.0827,0.14108,5.284e-08,0.0028509,0,62.5705,0.074067,0.49074,483.1117,1456.975
2.2402,9975.7897,-10.3788,239.7439,5.161,2.3004,-0.064726,3.9013,89.9868,-0.22756,6.4336,3.3403,19.0032,-41.5391,-0.027108,1.0827,0.14108,5.284e-08,0.0028509,0,62.5705,0.071937,0.31043,483.1117,1456.975
2.2402,9975.7897,-10.3788,239.7439,5.161,2.3004,-0.064726,3.9013,89.9868,-0.22756,6.4336,3.3403,19.0032,-41.5391,-0.027108,1.0827,0.14108,5.284e-08,0.0028509,0,62.5705,0.071937,0.31043,483.1117,1456.975
2.2417,9975.7035,-10.3089,239.7404,5.1802,2.2877,-0.032215,4.4244,89.9849,-0.15862,6.4442,3.4229,18.8489,-41.2004,-0.027274,0.29576,0.15455,5.3181e-08,0.0028616,0,62.6953,0.074734,0.52625,483.1121,1456.9799
2.2431,9975.7035,-10.3089,239.7404,5.1802,2.2877,-0.032215,4.4244,89.9849,-0.15862,6.4442,3.4229,18.8489,-41.2004,-0.027274,0.29576,0.15455,5.3181e-08,0.0028616,0,62.6953,0.074211,0.46699,483.1121,1456.9799
2.246,9975.7035,-10.3089,239.7404,5.1802,2.2877,-0.032215,4.4244,89.9849,-0.15862,6.4442,3.4229,18.8489,-41.2004,-0.027274,0.29576,0.15455,5.3181e-08,0.0028616,0,62.6953,0.073164,0.37143,483.1121,1456.9799
2.25,9975.6179,-10.2385,239.737,5.1993,2.2747,0.0046546,4.5724,89.9835,-0.083055,6.4546,3.4932,12.549,-39.2618,-0.027376,-1.6069,0.16394,5.3528e-08,0.0028722,0,62.8206,0.074979,0.51961,483.1124,1456.9847
2.2511,9975.6179,-10.2385,239.737,5.1993,2.2747,0.0046546,4.5724,89.9835,-0.083055,6.4546,3.4932,12.549,-39.2618,-0.027376,-1.6069,0.16394,5.3528e-08,0.0028722,0,62.8206,0.074571,0.4734,483.1124,1456.9847
2.2511,9975.6179,-10.2385,239.737,5.1993,2.2747,0.0046546,4.5724,89.9835,-0.083055,6.4546,3.4932,12.549,-39.2618,-0.027376,-1.6069,0.16394,5.3528e-08,0.0028722,0,62.8206,0.074571,0.4734,483.1124,1456.9847
2.2583,9975.5328,-10.1678,239.7337,5.2183,2.2617,0.042758,3.8124,89.9829,-0.0029539,6.4649,3.5543,-4.1761,-34.5573,-0.027434,-1.5766,0.17004,5.3878e-08,0.0028829,0,62.9463,0.07516,0.51277,483.1127,1456.9896
2.2642,9975.5328,-10.1678,239.7337,5.2183,2.2617,0.042758,3.8124,89.9829,-0.0029539,6.4649,3.5543,-4.1761,-34.5573,-0.027434,-1.5766,0.17004,5.3878e-08,0.0028829,0,62.9463,0.073066,0.3263,483.1127,1456.9896
2.2642,9975.5328,-10.1678,239.7337,5.2183,2.2617,0.042758,3.8124,89.9829,-0.0029539,6.4649,3.5543,-4.1761,-34.5573,-0.027434,-1.5766,0.17004,5.3878e-08,0.0028829,0,62.9463,0.073066,0.3263,483.1127,1456.9896
2.2667,9975.4484,-10.0966,239.7304,5.2371,2.2484,0.074528,3.0672,89.9828,0.079811,6.4751,3.607,-3.5622,-34.6858,-0.027493,-1.5459,0.17214,5.4226e-08,0.0028935,0,63.0725,0.075295,0.50567,483.113,1456.9943
2.2691,9975.4484,-10.0966,239.7304,5.2371,2.2484,0.074528,3.0672,89.9828,0.079811,6.4751,3.607,-3.5622,-34.6858,-0.027493,-1.5459,0.17214,5.4226e-08,0.0028935,0,63.0725,0.074413,0.41539,483.113,1456.9943
2.2741,9975.4484,-10.0966,239.7304,5.2371,2.2484,0.074528,3.0672,89.9828,0.079811,6.4751,3.607,-3.5622,-34.6858,-0.027493,-1.5459,0.17214,5.4226e-08,0.0028935,0,63.0725,0.072649,0.28998,483.113,1456.9943
2.275,9975.3646,-10.025,239.7272,5.2559,2.2351,0.10009,2.3368,89.9835,0.16333,6.485,3.6501,-3.1922,-34.8129,-0.027555,-1.5141,0.16529,5.4569e-08,0.0029042,0,63.199,0.075409,0.49823,483.1133,1456.9991
2.2795,9975.3646,-10.025,239.7272,5.2559,2.2351,0.10009,2.3368,89.9835,0.16333,6.485,3.6501,-3.1922,-34.8129,-0.027555,-1.5141,0.16529,5.4569e-08,0.0029042,0,63.199,0.073806,0.35205,483.1133,1456.9991
2.2833,9975.2813,-9.953,239.7241,5.2745,2.2218,0.11956,1.6212,89.9849,0.24332,6.4949,3.6715,-3.3682,-34.9411,-0.02763,-1.4791,0.13858,5.4903e-08,0.0029148,0,63.326,0.075533,0.49041,483.1136,1457.0038
2.2917,9975.1987,-9.8807,239.7211,5.293,2.2084,0.13307,0.9213,89.9869,0.31027,6.5045,3.644,-4.7527,-35.0747,-0.027728,-1.443,0.10273,5.5227e-08,0.0029255,0,63.4534,0.075708,0.48228,483.1139,1457.0084
2.3,9975.1166,-9.8079,239.7181,5.3114,2.195,0.14075,0.237,89.9895,0.35981,6.514,3.5945,-6.6957,-35.2077,-0.027863,-1.4069,0.06284,5.5538e-08,0.0029361,0,63.5813,0.075962,0.47377,483.1141,1457.0131
2.3083,9975.0352,-9.7349,239.7151,5.3297,2.1816,0.14273,-0.43182,89.9925,0.38999,6.5234,3.5072,-8.8879,-35.3362,-0.028055,-1.3713,0.021786,5.5835e-08,0.0029468,0,63.7091,0.076297,0.47805,483.1144,1457.0177
2.3167,9974.9544,-9.6615,239.7116,5.3479,2.1682,0.13913,-1.0855,89.9957,0.40028,6.5326,3.3499,-11.1546,-35.4571,-0.028291,-1.3368,-0.017763,5.6118e-08,0.0029575,0,63.4049,0.076682,0.51441,483.1147,1457.0222
2.325,9974.8742,-9.5879,239.7077,5.366,2.1547,0.13008,-1.7245,89.9991,0.3914,6.5417,3.1949,-13.3339,-35.5693,-0.028536,-1.3036,-0.05396,5.6385e-08,0.0029681,0,63.4637,0.077098,0.55547,483.115,1457.0267
2.3333,9974.7946,-9.5139,239.7042,5.384,2.1413,0.11571,-2.3492,90.0023,0.36497,6.5506,3.1456,-15.3137,-35.6741,-0.028776,-1.272,-0.085702,5.6638e-08,0.0029788,0,63.5897,0.077546,0.55406,483.1153,1457.0312
2.3417,9974.7156,-9.4395,239.7007,5.4018,2.1277,0.096136,-2.9604,90.0054,0.32312,6.5594,3.1075,-17.0269,-35.7712,-0.029002,-1.2419,-0.11242,5.6876e-08,0.0029894,0,63.7162,0.077997,0.54873,483.1156,1457.0357
2.35,9974.6373,-9.3647,239.6973,5.4196,2.1141,0.071467,-3.5584,90.0081,0.26828,6.568,3.0818,-18.4388,-35.861,-0.029205,-1.2136,-0.13397,5.7103e-08,0.0030001,0,63.843,0.078425,0.54159,483.1159,1457.0401
2.3515,9974.6373,-9.3647,239.6973,5.4196,2.1141,0.071467,-3.5584,90.0081,0.26828,6.568,3.0818,-18.4388,-35.861,-0.029205,-1.2136,-0.13397,5.7103e-08,0.0030001,0,63.843,0.077917,0.4826,483.1159,1457.0401
2.3515,9974.6373,-9.3647,239.6973,5.4196,2.1141,0.071467,-3.5584,90.0081,0.26828,6.568,3.0818,-18.4388,-35.861,-0.029205,-1.2136,-0.13397,5.7103e-08,0.0030001,0,63.843,0.077917,0.4826,483.1159,1457.0401
2.3552,9974.6373,-9.3647,239.6973,5.4196,2.1141,0.071467,-3.5584,90.0081,0.26828,6.568,3.0818,-18.4388,-35.861,-0.029205,-1.2136,-0.13397,5.7103e-08,0.0030001,0,63.843,0.076647,0.36863,483.1159,1457.0401
2.3552,9974.6373,-9.3647,239.6973,5.4196,2.1141,0.071467,-3.5584,90.0081,0.26828,6.568,3.0818,-18.4388,-35.861,-0.029205,-1.2136,-0.13397,5.7103e-08,0.0030001,0,63.843,0.076647,0.36863,483.1159,1457.0401
2.3583,9974.5596,-9.2896,239.694,5.4372,2.1003,0.041813,-4.144,90.0103,0.20293,6.5764,3.0682,-19.5408,-35.9438,-0.029359,-0.93264,-0.15053,5.7319e-08,0.0030107,0,63.9703,0.078808,0.53362,483.1161,1457.0445
2.3615,9974.5596,-9.2896,239.694,5.4372,2.1003,0.041813,-4.144,90.0103,0.20293,6.5764,3.0682,-19.5408,-35.9438,-0.029359,-0.93264,-0.15053,5.7319e-08,0.0030107,0,63.9703,0.077744,0.42188,483.1161,1457.0445
2.3624,9974.5596,-9.2896,239.694,5.4372,2.1003,0.041813,-4.144,90.0103,0.20293,6.5764,3.0682,-19.5408,-35.9438,-0.029359,-0.93264,-0.15053,5.7319e-08,0.0030107,0,63.9703,0.077412,0.39362,483.1161,1457.0445
2.3624,9974.5596,-9.2896,239.694,5.4372,2.1003,0.041813,-4.144,90.0103,0.20293,6.5764,3.0682,-19.5408,-35.9438,-0.029359,-0.93264,-0.15053,5.7319e-08,0.0030107,0,63.9703,0.077412,0.39362,483.1161,1457.0445
2.3667,9974.4825,-9.2142,239.6908,5.4547,2.0864,0.0072803,-4.5962,90.012,0.12947,6.5847,3.0643,-18.0335,-36.6597,-0.029457,0.63266,-0.16252,5.7528e-08,0.0030214,0,64.098,0.079134,0.52612,483.1164,1457.0489
2.3709,9974.4825,-9.2142,239.6908,5.4547,2.0864,0.0072803,-4.5962,90.012,0.12947,6.5847,3.0643,-18.0335,-36.6597,-0.029457,0.63266,-0.16252,5.7528e-08,0.0030214,0,64.098,0.077701,0.38599,483.1164,1457.0489
2.375,9974.406,-9.1384,239.6876,5.4721,2.0724,-0.031021,-4.3016,90.013,0.050131,6.5928,3.0697,-4.5608,-40.605,-0.029489,1.5964,-0.17063,5.7733e-08,0.003032,0,64.2261,0.079395,0.51838,483.1167,1457.0532
2.3782,9974.406,-9.1384,239.6876,5.4721,2.0724,-0.031021,-4.3016,90.013,0.050131,6.5928,3.0697,-4.5608,-40.605,-0.029489,1.5964,-0.17063,5.7733e-08,0.003032,0,64.2261,0.07831,0.40913,483.1167,1457.0532
2.3782,9974.406,-9.1384,239.6876,5.4721,2.0724,-0.031021,-4.3016,90.013,0.050131,6.5928,3.0697,-4.5608,-40.605,-0.029489,1.5964,-0.17063,5.7733e-08,0.003032,0,64.2261,0.07831,0.40913,483.1167,1457.0532
2.3833,9974.3302,-9.0623,239.6846,5.4894,2.0583,-0.066869,-3.5473,90.0135,-0.032993,6.6007,3.0835,3.7117,-43.0597,-0.029505,1.566,-0.17541,5.7939e-08,0.0030427,0,64.3547,0.079601,0.5103,483.1169,1457.0575
2.3884,9974.3302,-9.0623,239.6846,5.4894,2.0583,-0.066869,-3.5473,90.0135,-0.032993,6.6007,3.0835,3.7117,-43.0597,-0.029505,1.566,-0.17541,5.7939e-08,0.0030427,0,64.3547,0.077885,0.35563,483.1169,1457.0575
2.3917,9974.255,-8.9859,239.6816,5.5066,2.044,-0.09643,-2.8078,90.0132,-0.11817,6.6085,3.106,3.1681,-43.0277,-0.029523,1.5351,-0.17522,5.8149e-08,0.0030533,0,64.4836,0.079772,0.50203,483.1172,1457.0617
2.4,9974.1804,-8.9092,239.6787,5.5236,2.0297,-0.11983,-2.0831,90.0122,-0.20303,6.6162,3.1415,2.9301,-42.9924,-0.029551,1.5017,-0.15921,5.8368e-08,0.003064,0,64.613,0.079934,0.4934,483.1175,1457.0659
2.4083,9974.1065,-8.8321,239.6759,5.5405,2.0154,-0.13719,-1.3736,90.0105,-0.27999,6.6237,3.2174,3.6564,-42.949,-0.029611,1.466,-0.12775,5.8598e-08,0.0030746,0,64.7428,0.080126,0.48435,483.1177,1457.0701
2.4167,9974.0332,-8.7549,239.6728,5.5573,2.001,-0.14864,-0.67965,90.0082,-0.34165,6.631,3.2722,5.3257,-42.8961,-0.029713,1.4297,-0.089229,5.884e-08,0.0030853,0,64.5382,0.080366,0.50249,483.118,1457.0742
2.425,9973.9606,-8.6774,239.6692,5.574,1.9867,-0.1543,-0.0012904,90.0053,-0.38463,6.6382,3.3025,7.4293,-42.837,-0.029857,1.3936,-0.047724,5.9098e-08,0.003096,0,64.2305,0.080663,0.54298,483.1183,1457.0783
2.4333,9973.8886,-8.5997,239.6653,5.5906,1.9724,-0.15431,0.66175,90.0021,-0.4075,6.6453,3.3386,9.7191,-42.7733,-0.030011,1.3582,-0.006184,5.9372e-08,0.0031066,0,64.3575,0.081022,0.58775,483.1185,1457.0824
2.4417,9973.8172,-8.5218,239.6617,5.607,1.9581,-0.1488,1.3098,89.9987,-0.41025,6.6522,3.4798,12.0163,-42.7079,-0.030181,1.324,0.032987,5.9662e-08,0.0031173,0,64.485,0.081467,0.58656,483.1188,1457.0864
2.45,9973.7465,-8.4435,239.6582,5.6234,1.9438,-0.13788,1.9435,89.9953,-0.39402,6.6589,3.6156,14.1748,-42.6411,-0.030365,1.2912,0.068222,5.9969e-08,0.0031279,0,64.6128,0.081974,0.58101,483.119,1457.0904
2.4583,9973.6765,-8.3649,239.6548,5.6396,1.9294,-0.12169,2.5631,89.992,-0.36072,6.6655,3.742,16.0995,-42.5735,-0.030568,1.2601,0.098619,6.0293e-08,0.0031386,0,64.7411,0.082516,0.57343,483.1193,1457.0944
2.4667,9973.6071,-8.2861,239.6515,5.6557,1.9151,-0.10033,3.1694,89.989,-0.31267,6.672,3.8565,17.7355,-42.5048,-0.03077,1.2307,0.12378,6.0632e-08,0.0031492,0,64.8698,0.083055,0.56488,483.1195,1457.0983
2.475,9973.5384,-8.207,239.6483,5.6716,1.9006,-0.073916,3.7629,89.9864,-0.25239,6.6783,3.9579,19.0581,-42.4362,-0.030943,1.1691,0.14369,6.0984e-08,0.0031599,0,64.9989,0.083558,0.55579,483.1198,1457.1022
2.4792,9973.5384,-8.207,239.6483,5.6716,1.9006,-0.073916,3.7629,89.9864,-0.25239,6.6783,3.9579,19.0581,-42.4362,-0.030943,1.1691,0.14369,6.0984e-08,0.0031599,0,64.9989,0.082215,0.41524,483.1198,1457.1022
2.4792,9973.5384,-8.207,239.6483,5.6716,1.9006,-0.073916,3.7629,89.9864,-0.25239,6.6783,3.9579,19.0581,-42.4362,-0.030943,1.1691,0.14369,6.0984e-08,0.0031599,0,64.9989,0.082215,0.41524,483.1198,1457.1022
2.4829,9973.5384,-8.207,239.6483,5.6716,1.9006,-0.073916,3.7629,89.9864,-0.25239,6.6783,3.9579,19.0581,-42.4362,-0.030943,1.1691,0.14369,6.0984e-08,0.0031599,0,64.9989,0.081043,0.33304,483.1198,1457.1022
2.4829,9973.5384,-8.207,239.6483,5.6716,1.9006,-0.073916,3.7629,89.9864,-0.25239,6.6783,3.9579,19.0581,-42.4362,-0.030943,1.1691,0.14369,6.0984e-08,0.0031599,0,64.9989,0.081043,0.33304,483.1198,1457.1022
2.4833,9973.4703,-8.1277,239.6451,5.6875,1.886,-0.042558,4.328,89.9843,-0.1824,6.6844,4.0445,19.7591,-42.2851,-0.031067,0.8072,0.15863,6.1348e-08,0.0031705,0,65.1284,0.084003,0.54676,483.12,1457.106
2.4837,9973.4703,-8.1277,239.6451,5.6875,1.886,-0.042558,4.328,89.9843,-0.1824,6.6844,4.0445,19.7591,-42.2851,-0.031067,0.8072,0.15863,6.1348e-08,0.0031705,0,65.1284,0.083869,0.5303,483.12,1457.106
2.4846,9973.4703,-8.1277,239.6451,5.6875,1.886,-0.042558,4.328,89.9843,-0.1824,6.6844,4.0445,19.7591,-42.2851,-0.031067,0.8072,0.15863,6.1348e-08,0.0031705,0,65.1284,0.0836,0.49941,483.12,1457.106
2.4863,9973.4703,-8.1277,239.6451,5.6875,1.886,-0.042558,4.328,89.9843,-0.1824,6.6844,4.0445,19.7591,-42.2851,-0.031067,0.8072,0.15863,6.1348e-08,0.0031705,0,65.1284,0.083064,0.44497,483.12,1457.106
2.4897,9973.4703,-8.1277,239.6451,5.6875,1.886,-0.042558,4.328,89.9843,-0.1824,6.6844,4.0445,19.7591,-42.2851,-0.031067,0.8072,0.15863,6.1348e-08,0.0031705,0,65.1284,0.081991,0.3603,483.12,1457.106
2.4901,9973.4703,-8.1277,239.6451,5.6875,1.886,-0.042558,4.328,89.9843,-0.1824,6.6844,4.0445,19.7591,-42.2851,-0.031067,0.8072,0.15863,6.1348e-08,0.0031705,0,65.1284,0.081857,0.35159,483.12,1457.106
2.4901,9973.4703,-8.1277,239.6451,5.6875,1.886,-0.042558,4.328,89.9843,-0.1824,6.6844,4.0445,19.7591,-42.2851,-0.031067,0.8072,0.15863,6.1348e-08,0.0031705,0,65.1284,0.081857,0.35159,483.12,1457.106
2.4917,9973.4029,-8.048,239.6421,5.7032,1.8713,-0.0064913,4.721,89.9828,-0.1051,6.6904,4.117,17.4181,-41.3864,-0.031129,-1.3949,0.16912,6.1719e-08,0.0031812,0,65.2583,0.084378,0.53819,483.1202,1457.1098
2.4921,9973.4029,-8.048,239.6421,5.7032,1.8713,-0.0064913,4.721,89.9828,-0.1051,6.6904,4.117,17.4181,-41.3864,-0.031129,-1.3949,0.16912,6.1719e-08,0.0031812,0,65.2583,0.084238,0.52145,483.1202,1457.1098
2.4921,9973.4029,-8.048,239.6421,5.7032,1.8713,-0.0064913,4.721,89.9828,-0.1051,6.6904,4.117,17.4181,-41.3864,-0.031129,-1.3949,0.16912,6.1719e-08,0.0031812,0,65.2583,0.084238,0.52145,483.1202,1457.1098
2.4936,9973.4029,-8.048,239.6421,5.7032,1.8713,-0.0064913,4.721,89.9828,-0.1051,6.6904,4.117,17.4181,-41.3864,-0.031129,-1.3949,0.16912,6.1719e-08,0.0031812,0,65.2583,0.083751,0.46852,483.1202,1457.1098
2.4952,9973.4029,-8.048,239.6421,5.7032,1.8713,-0.0064913,4.721,89.9828,-0.1051,6.6904,4.117,17.4181,-41.3864,-0.031129,-1.3949,0.16912,6.1719e-08,0.0031812,0,65.2583,0.083264,0.42319,483.1202,1457.1098
2.4983,9973.4029,-8.048,239.6421,5.7032,1.8713,-0.0064913,4.721,89.9828,-0.1051,6.6904,4.117,17.4181,-41.3864,-0.031129,-1.3949,0.16912,6.1719e-08,0.0031812,0,65.2583,0.082289,0.35117,483.1202,1457.1098
2.5,9973.3362,-7.9682,239.6391,5.7188,1.8565,0.032851,4.0632,89.9819,-0.02267,6.6962,4.179,-1.9466,-35.9138,-0.031125,-1.587,0.1759,6.2094e-08,0.0031918,0,65.3887,0.08468,0.52942,483.1205,1457.1136
2.505,9973.3362,-7.9682,239.6391,5.7188,1.8565,0.032851,4.0632,89.9819,-0.02267,6.6962,4.179,-1.9466,-35.9138,-0.031125,-1.587,0.1759,6.2094e-08,0.0031918,0,65.3887,0.083123,0.38244,483.1205,1457.1136
2.505,9973.3362,-7.9682,239.6391,5.7188,1.8565,0.032851,4.0632,89.9819,-0.02267,6.6962,4.179,-1.9466,-35.9138,-0.031125,-1.587,0.1759,6.2094e-08,0.0031918,0,65.3887,0.083123,0.38244,483.1205,1457.1136
2.5083,9973.2701,-7.888,239.6362,5.7343,1.8415,0.066711,3.314,89.9817,0.062817,6.7018,4.2315,-3.3043,-35.4707,-0.031118,-1.5564,0.17914,6.2469e-08,0.0032025,0,65.5194,0.084925,0.52032,483.1207,1457.1173
2.5117,9973.2701,-7.888,239.6362,5.7343,1.8415,0.066711,3.314,89.9817,0.062817,6.7018,4.2315,-3.3043,-35.4707,-0.031118,-1.5564,0.17914,6.2469e-08,0.0032025,0,65.5194,0.083879,0.41659,483.1207,1457.1173
2.5167,9973.2047,-7.8077,239.6334,5.7497,1.8265,0.094328,2.5795,89.9823,0.14965,6.7073,4.2756,-2.859,-35.5825,-0.03111,-1.5252,0.17675,6.2839e-08,0.0032131,0,65.6505,0.085137,0.51099,483.121,1457.121
2.525,9973.14,-7.7271,239.6308,5.7649,1.8114,0.11582,1.8599,89.9835,0.23513,6.7127,4.3061,-2.7572,-35.694,-0.031117,-1.4906,0.1529,6.3201e-08,0.0032238,0,65.782,0.085346,0.50128,483.1212,1457.1247
2.5333,9973.076,-7.6463,239.628,5.78,1.7963,0.13132,1.1557,89.9855,0.30897,6.7179,4.2581,-3.9615,-35.8119,-0.031167,-1.4543,0.11741,6.3554e-08,0.0032344,0,65.7691,0.085589,0.50281,483.1214,1457.1283
2.5417,9973.0126,-7.5654,239.6247,5.795,1.7812,0.14096,0.46714,89.9881,0.36558,6.723,4.0933,-5.8762,-35.9292,-0.031254,-1.4178,0.076688,6.3894e-08,0.0032451,0,65.4561,0.085868,0.54556,483.1216,1457.1319
2.55,9972.9499,-7.4845,239.6209,5.8098,1.7662,0.14485,-0.20599,89.9911,0.40248,6.7279,3.9145,-8.1121,-36.0427,-0.031354,-1.3817,0.033961,6.4219e-08,0.0032557,0,65.1968,0.086204,0.5937,483.1219,1457.1354
2.5583,9972.8878,-7.4033,239.6175,5.8246,1.7512,0.14313,-0.86396,89.9945,0.4187,6.7327,3.8306,-10.4739,-36.1518,-0.031466,-1.3465,-0.0077999,6.453e-08,0.0032664,0,65.3263,0.086629,0.59871,483.1221,1457.1389
2.5667,9972.8265,-7.3218,239.6141,5.8392,1.7362,0.13593,-1.5072,89.9979,0.41471,6.7373,3.7645,-12.7811,-36.2546,-0.031596,-1.3127,-0.04645,6.4825e-08,0.003277,0,65.4561,0.087136,0.59308,483.1223,1457.1424
2.575,9972.7658,-7.2402,239.6108,5.8536,1.7213,0.12337,-2.1361,90.0014,0.39202,6.7418,3.7068,-14.9037,-36.3494,-0.031753,-1.2804,-0.080672,6.5104e-08,0.0032877,0,65.5863,0.0877,0.58494,483.1225,1457.1458
2.5833,9972.7058,-7.1584,239.6077,5.868,1.7063,0.10557,-2.7514,90.0047,0.35274,6.7461,3.6604,-16.7615,-36.4349,-0.031923,-1.2498,-0.10974,6.5369e-08,0.0032983,0,65.717,0.088285,0.57559,483.1227,1457.1492
2.5917,9972.6465,-7.0764,239.6046,5.8822,1.6913,0.082645,-3.3535,90.0076,0.29937,6.7503,3.6271,-18.3103,-36.5114,-0.032087,-1.2209,-0.1334,6.562e-08,0.003309,0,65.848,0.088856,0.5656,483.1229,1457.1526
2.5937,9972.6465,-7.0764,239.6046,5.8822,1.6913,0.082645,-3.3535,90.0076,0.29937,6.7503,3.6271,-18.3103,-36.5114,-0.032087,-1.2209,-0.1334,6.562e-08,0.003309,0,65.848,0.088245,0.49292,483.1229,1457.1526
2.5937,9972.6465,-7.0764,239.6046,5.8822,1.6913,0.082645,-3.3535,90.0076,0.29937,6.7503,3.6271,-18.3103,-36.5114,-0.032087,-1.2209,-0.1334,6.562e-08,0.003309,0,65.848,0.088245,0.49292,483.1229,1457.1526
2.6,9972.5879,-6.9942,239.6017,5.8963,1.6762,0.054699,-3.943,90.0101,0.23451,6.7544,3.607,-19.535,-36.5798,-0.032209,-1.0525,-0.15177,6.586e-08,0.0033196,0,65.9794,0.089379,0.55513,483.1232,1457.1559
2.6016,9972.5879,-6.9942,239.6017,5.8963,1.6762,0.054699,-3.943,90.0101,0.23451,6.7544,3.607,-19.535,-36.5798,-0.032209,-1.0525,-0.15177,6.586e-08,0.0033196,0,65.9794,0.088907,0.49924,483.1232,1457.1559
2.6016,9972.5879,-6.9942,239.6017,5.8963,1.6762,0.054699,-3.943,90.0101,0.23451,6.7544,3.607,-19.535,-36.5798,-0.032209,-1.0525,-0.15177,6.586e-08,0.0033196,0,65.9794,0.088907,0.49924,483.1232,1457.1559
2.6073,9972.5879,-6.9942,239.6017,5.8963,1.6762,0.054699,-3.943,90.0101,0.23451,6.7544,3.607,-19.535,-36.5798,-0.032209,-1.0525,-0.15177,6.586e-08,0.0033196,0,65.9794,0.087237,0.36086,483.1232,1457.1559
2.6073,9972.5879,-6.9942,239.6017,5.8963,1.6762,0.054699,-3.943,90.0101,0.23451,6.7544,3.607,-19.535,-36.5798,-0.032209,-1.0525,-0.15177,6.586e-08,0.0033196,0,65.9794,0.087237,0.36086,483.1232,1457.1559
2.6083,9972.5299,-6.9118,239.5988,5.9103,1.661,0.02184,-4.4531,90.012,0.16069,6.7582,3.5973,-19.1604,-36.9968,-0.032278,-0.16484,-0.16524,6.6091e-08,0.0033303,0,66.1113,0.08984,0.54536,483.1234,1457.1591
2.6093,9972.5299,-6.9118,239.5988,5.9103,1.661,0.02184,-4.4531,90.012,0.16069,6.7582,3.5973,-19.1604,-36.9968,-0.032278,-0.16484,-0.16524,6.6091e-08,0.0033303,0,66.1113,0.089548,0.51072,483.1234,1457.1591
2.6113,9972.5299,-6.9118,239.5988,5.9103,1.661,0.02184,-4.4531,90.012,0.16069,6.7582,3.5973,-19.1604,-36.9968,-0.032278,-0.16484,-0.16524,6.6091e-08,0.0033303,0,66.1113,0.088965,0.45109,483.1234,1457.1591
2.6154,9972.5299,-6.9118,239.5988,5.9103,1.661,0.02184,-4.4531,90.012,0.16069,6.7582,3.5973,-19.1604,-36.9968,-0.032278,-0.16484,-0.16524,6.6091e-08,0.0033303,0,66.1113,0.087797,0.36249,483.1234,1457.1591
2.6167,9972.4727,-6.8293,239.596,5.9242,1.6456,-0.015269,-4.5401,90.0134,0.080305,6.762,3.5982,-11.9404,-39.2218,-0.032278,1.606,-0.17436,6.6316e-08,0.0033409,0,66.2435,0.090228,0.53559,483.1236,1457.1624
2.6186,9972.4727,-6.8293,239.596,5.9242,1.6456,-0.015269,-4.5401,90.0134,0.080305,6.762,3.5982,-11.9404,-39.2218,-0.032278,1.606,-0.17436,6.6316e-08,0.0033409,0,66.2435,0.089661,0.47305,483.1236,1457.1624
2.6186,9972.4727,-6.8293,239.596,5.9242,1.6456,-0.015269,-4.5401,90.0134,0.080305,6.762,3.5982,-11.9404,-39.2218,-0.032278,1.606,-0.17436,6.6316e-08,0.0033409,0,66.2435,0.089661,0.47305,483.1236,1457.1624
2.625,9972.4161,-6.7465,239.5934,5.9379,1.6302,-0.053103,-3.782,90.014,-0.004464,6.7655,3.6081,3.587,-43.6774,-0.032235,1.5756,-0.17992,6.654e-08,0.0033516,0,66.3761,0.090547,0.52561,483.1238,1457.1656
2.6314,9972.4161,-6.7465,239.5934,5.9379,1.6302,-0.053103,-3.782,90.014,-0.004464,6.7655,3.6081,3.587,-43.6774,-0.032235,1.5756,-0.17992,6.654e-08,0.0033516,0,66.3761,0.088719,0.36626,483.1238,1457.1656
2.632,9972.4161,-6.7465,239.5934,5.9379,1.6302,-0.053103,-3.782,90.014,-0.004464,6.7655,3.6081,3.587,-43.6774,-0.032235,1.5756,-0.17992,6.654e-08,0.0033516,0,66.3761,0.088543,0.35561,483.1238,1457.1656
2.632,9972.4161,-6.7465,239.5934,5.9379,1.6302,-0.053103,-3.782,90.014,-0.004464,6.7655,3.6081,3.587,-43.6774,-0.032235,1.5756,-0.17992,6.654e-08,0.0033516,0,66.3761,0.088543,0.35561,483.1238,1457.1656
2.6333,9972.3602,-6.6636,239.5908,5.9515,1.6147,-0.08462,-3.0387,90.014,-0.091707,6.769,3.6269,2.9896,-43.6301,-0.032192,1.5448,-0.1811,6.6767e-08,0.0033622,0,66.5091,0.090817,0.51535,483.124,1457.1687
2.6347,9972.3602,-6.6636,239.5908,5.9515,1.6147,-0.08462,-3.0387,90.014,-0.091707,6.769,3.6269,2.9896,-43.6301,-0.032192,1.5448,-0.1811,6.6767e-08,0.0033622,0,66.5091,0.090432,0.47412,483.124,1457.1687
2.6374,9972.3602,-6.6636,239.5908,5.9515,1.6147,-0.08462,-3.0387,90.014,-0.091707,6.769,3.6269,2.9896,-43.6301,-0.032192,1.5448,-0.1811,6.6767e-08,0.0033622,0,66.5091,0.089662,0.40668,483.124,1457.1687
2.6417,9972.3051,-6.5806,239.5884,5.9649,1.5991,-0.10994,-2.3103,90.0132,-0.17933,6.7722,3.657,2.6608,-43.5801,-0.032179,1.5126,-0.17201,6.7001e-08,0.0033729,0,66.6424,0.091065,0.50479,483.1242,1457.1718
2.65,9972.2506,-6.4975,239.5852,5.9783,1.5835,-0.1292,-1.5968,90.0117,-0.26242,6.7754,3.5899,2.9597,-43.523,-0.03219,1.4771,-0.14292,6.7245e-08,0.0033835,0,66.3251,0.091281,0.5502,483.1244,1457.1749
2.6583,9972.1968,-6.4144,239.5816,5.9915,1.5679,-0.1425,-0.89876,90.0096,-0.33137,6.7784,3.576,4.4777,-43.4548,-0.032227,1.4406,-0.1047,6.7501e-08,0.0033942,0,66.0107,0.091516,0.60015,483.1245,1457.178
2.6667,9972.1437,-6.3313,239.5777,6.0046,1.5523,-0.14999,-0.21626,90.0068,-0.38181,6.7813,3.5881,6.5556,-43.3806,-0.03225,1.4041,-0.062562,6.7771e-08,0.0034048,0,66.1405,0.0918,0.6513,483.1247,1457.181
2.675,9972.0912,-6.248,239.574,6.0175,1.5368,-0.1518,0.45093,90.0036,-0.41186,6.7841,3.727,8.8766,-43.3049,-0.032286,1.3682,-0.019482,6.8056e-08,0.0034155,0,66.2707,0.092194,0.65033,483.1249,1457.1839
2.6833,9972.0395,-6.1646,239.5705,6.0303,1.5214,-0.14804,1.1032,90.0002,-0.42108,6.7867,3.8692,11.2603,-43.227,-0.032348,1.3334,0.021778,6.8359e-08,0.0034261,0,66.4013,0.092692,0.6441,483.1251,1457.1868
2.6917,9971.9885,-6.0811,239.5671,6.043,1.5061,-0.13885,1.7409,89.9967,-0.41035,6.7891,4.0075,13.5389,-43.1472,-0.032453,1.3001,0.059348,6.8677e-08,0.0034368,0,66.5323,0.093278,0.63544,483.1253,1457.1897
2.7,9971.9382,-5.9974,239.5638,6.0556,1.4907,-0.12434,2.3646,89.9932,-0.38145,6.7914,4.1374,15.5988,-43.0648,-0.032587,1.2684,0.092123,6.9012e-08,0.0034474,0,66.6637,0.093914,0.62561,483.1255,1457.1926
2.7083,9971.8885,-5.9136,239.5606,6.068,1.4754,-0.10463,2.9748,89.9901,-0.33669,6.7936,4.2556,17.3728,-42.981,-0.032736,1.2383,0.11955,6.9363e-08,0.0034581,0,66.7955,0.094559,0.61517,483.1256,1457.1954
2.7167,9971.8396,-5.8297,239.5575,6.0803,1.46,-0.079844,3.5721,89.9873,-0.27863,6.7956,4.3606,18.8269,-42.8965,-0.032869,1.21,0.14151,6.9727e-08,0.0034687,0,66.9277,0.095174,0.60436,483.1258,1457.1981
2.7181,9971.8396,-5.8297,239.5575,6.0803,1.46,-0.079844,3.5721,89.9873,-0.27863,6.7956,4.3606,18.8269,-42.8965,-0.032869,1.21,0.14151,6.9727e-08,0.0034687,0,66.9277,0.094798,0.55283,483.1258,1457.1981
2.7181,9971.8396,-5.8297,239.5575,6.0803,1.46,-0.079844,3.5721,89.9873,-0.27863,6.7956,4.3606,18.8269,-42.8965,-0.032869,1.21,0.14151,6.9727e-08,0.0034687,0,66.9277,0.094798,0.55283,483.1258,1457.1981
2.7214,9971.8396,-5.8297,239.5575,6.0803,1.46,-0.079844,3.5721,89.9873,-0.27863,6.7956,4.3606,18.8269,-42.8965,-0.032869,1.21,0.14151,6.9727e-08,0.0034687,0,66.9277,0.093898,0.45557,483.1258,1457.1981
2.7214,9971.8396,-5.8297,239.5575,6.0803,1.46,-0.079844,3.5721,89.9873,-0.27863,6.7956,4.3606,18.8269,-42.8965,-0.032869,1.21,0.14151,6.9727e-08,0.0034687,0,66.9277,0.093898,0.45557,483.1258,1457.1981
2.725,9971.7914,-5.7457,239.5546,6.0925,1.4445,-0.050076,4.1571,89.985,-0.20992,6.7975,4.451,19.9543,-42.813,-0.032955,0.92173,0.15823,7.0103e-08,0.0034794,0,67.0603,0.09573,0.59337,483.126,1457.2009
2.7285,9971.7914,-5.7457,239.5546,6.0925,1.4445,-0.050076,4.1571,89.985,-0.20992,6.7975,4.451,19.9543,-42.813,-0.032955,0.92173,0.15823,7.0103e-08,0.0034794,0,67.0603,0.094787,0.48024,483.126,1457.2009
2.7291,9971.7914,-5.7457,239.5546,6.0925,1.4445,-0.050076,4.1571,89.985,-0.20992,6.7975,4.451,19.9543,-42.813,-0.032955,0.92173,0.15823,7.0103e-08,0.0034794,0,67.0603,0.094635,0.46549,483.126,1457.2009
2.7291,9971.7914,-5.7457,239.5546,6.0925,1.4445,-0.050076,4.1571,89.985,-0.20992,6.7975,4.451,19.9543,-42.813,-0.032955,0.92173,0.15823,7.0103e-08,0.0034794,0,67.0603,0.094635,0.46549,483.126,1457.2009
2.7333,9971.7438,-5.6616,239.5517,6.1045,1.4289,-0.015433,4.6053,89.9832,-0.13306,6.7992,4.5259,18.3903,-42.0815,-0.032981,-0.6394,0.17016,7.0488e-08,0.00349,0,67.1933,0.096213,0.58312,483.1262,1457.2035
2.7375,9971.7438,-5.6616,239.5517,6.1045,1.4289,-0.015433,4.6053,89.9832,-0.13306,6.7992,4.5259,18.3903,-42.0815,-0.032981,-0.6394,0.17016,7.0488e-08,0.00349,0,67.1933,0.095105,0.45754,483.1262,1457.2035
2.7417,9971.697,-5.5774,239.5489,6.1165,1.4132,0.022945,4.3088,89.9821,-0.050406,6.8008,4.5888,4.9506,-38.1865,-0.032934,-1.5966,0.17795,7.0877e-08,0.0035007,0,67.3266,0.096617,0.5727,483.1263,1457.2062
2.7452,9971.697,-5.5774,239.5489,6.1165,1.4132,0.022945,4.3088,89.9821,-0.050406,6.8008,4.5888,4.9506,-38.1865,-0.032934,-1.5966,0.17795,7.0877e-08,0.0035007,0,67.3266,0.095684,0.46656,483.1263,1457.2062
2.7452,9971.697,-5.5774,239.5489,6.1165,1.4132,0.022945,4.3088,89.9821,-0.050406,6.8008,4.5888,4.9506,-38.1865,-0.032934,-1.5966,0.17795,7.0877e-08,0.0035007,0,67.3266,0.095684,0.46656,483.1263,1457.2062
2.75,9971.6509,-5.4931,239.5462,6.1283,1.3974,0.058852,3.5557,89.9817,0.035917,6.8023,4.6412,-3.2812,-35.8151,-0.032865,-1.5661,0.18226,7.1268e-08,0.0035113,0,67.4604,0.096953,0.56196,483.1265,1457.2088
2.7548,9971.6509,-5.4931,239.5462,6.1283,1.3974,0.058852,3.5557,89.9817,0.035917,6.8023,4.6412,-3.2812,-35.8151,-0.032865,-1.5661,0.18226,7.1268e-08,0.0035113,0,67.4604,0.095716,0.43298,483.1265,1457.2088
2.7583,9971.6055,-5.4087,239.5436,6.1399,1.3816,0.088483,2.8174,89.982,0.12414,6.8036,4.685,-2.765,-35.9122,-0.032794,-1.535,0.18136,7.1654e-08,0.003522,0,67.5944,0.097246,0.55102,483.1267,1457.2114
2.7667,9971.5607,-5.3243,239.5412,6.1514,1.3657,0.11196,2.0939,89.983,0.21177,6.8047,4.7164,-2.5658,-36.0091,-0.032728,-1.5014,0.16419,7.2033e-08,0.0035326,0,67.7289,0.097525,0.53968,483.1268,1457.2139
2.775,9971.5167,-5.2397,239.5388,6.1628,1.3499,0.12941,1.3856,89.9848,0.291,6.8057,4.7079,-3.357,-36.1105,-0.032684,-1.4655,0.13125,7.2403e-08,0.0035433,0,67.8637,0.097831,0.52787,483.127,1457.2164
2.7833,9971.4734,-5.1551,239.5365,6.1741,1.334,0.14096,0.69275,89.9872,0.35428,6.8066,4.6494,-5.1099,-36.215,-0.032693,-1.4289,0.091157,7.276e-08,0.0035539,0,67.7773,0.098201,0.52079,483.1271,1457.2188
2.7917,9971.4308,-5.0706,239.5335,6.1852,1.3183,0.14673,0.015305,89.9902,0.39816,6.8074,4.4562,-7.3008,-36.3159,-0.032748,-1.3925,0.04813,7.3104e-08,0.0035646,0,67.4558,0.098614,0.5676,483.1273,1457.2212
2.8,9971.3889,-4.9862,239.5301,6.1962,1.3026,0.14686,-0.64698,89.9935,0.42124,6.8081,4.2591,-9.674,-36.4109,-0.032845,-1.3569,0.0051992,7.3432e-08,0.0035752,0,67.137,0.099079,0.61893,483.1274,1457.2236
2.8083,9971.3477,-4.9018,239.5263,6.2071,1.2869,0.14147,-1.2945,89.997,0.42359,6.8086,4.0655,-12.0455,-36.4985,-0.032933,-1.3225,-0.035168,7.3743e-08,0.0035859,0,67.2686,0.099584,0.67154,483.1276,1457.2259
2.8167,9971.3072,-4.8174,239.5228,6.2178,1.2713,0.13068,-1.9277,90.0005,0.40643,6.809,4,-14.2657,-36.5801,-0.033022,-1.2896,-0.071375,7.4039e-08,0.0035965,0,67.4007,0.10016,0.66977,483.1277,1457.2282
2.825,9971.2674,-4.7329,239.5195,6.2284,1.2557,0.11462,-2.5471,90.0039,0.37177,6.8092,3.9452,-16.2377,-36.6541,-0.033105,-1.2584,-0.10251,7.432e-08,0.0036072,0,67.5331,0.10076,0.66259,483.1279,1457.2304
2.8333,9971.2283,-4.6483,239.5162,6.2389,1.2401,0.09339,-3.1533,90.007,0.32205,6.8093,3.9031,-17.9059,-36.7201,-0.03319,-1.229,-0.12818,7.4585e-08,0.0036178,0,67.6659,0.10137,0.6529,483.128,1457.2327
2.8417,9971.1899,-4.5637,239.5131,6.2492,1.2245,0.067113,-3.7468,90.0097,0.2599,6.8093,3.8746,-19.2464,-36.7777,-0.033246,-1.176,-0.14839,7.4839e-08,0.0036285,0,67.7991,0.10196,0.64202,483.1281,1457.2348
2.8457,9971.1899,-4.5637,239.5131,6.2492,1.2245,0.067113,-3.7468,90.0097,0.2599,6.8093,3.8746,-19.2464,-36.7777,-0.033246,-1.176,-0.14839,7.4839e-08,0.0036285,0,67.7991,0.10099,0.50985,483.1281,1457.2348
2.8457,9971.1899,-4.5637,239.5131,6.2492,1.2245,0.067113,-3.7468,90.0097,0.2599,6.8093,3.8746,-19.2464,-36.7777,-0.033246,-1.176,-0.14839,7.4839e-08,0.0036285,0,67.7991,0.10099,0.50985,483.1281,1457.2348
2.8493,9971.1899,-4.5637,239.5131,6.2492,1.2245,0.067113,-3.7468,90.0097,0.2599,6.8093,3.8746,-19.2464,-36.7777,-0.033246,-1.176,-0.14839,7.4839e-08,0.0036285,0,67.7991,0.10014,0.43172,483.1281,1457.2348
2.8493,9971.1899,-4.5637,239.5131,6.2492,1.2245,0.067113,-3.7468,90.0097,0.2599,6.8093,3.8746,-19.2464,-36.7777,-0.033246,-1.176,-0.14839,7.4839e-08,0.0036285,0,67.7991,0.10014,0.43172,483.1281,1457.2348
2.85,9971.1523,-4.4791,239.5101,6.2594,1.2088,0.035889,-4.3161,90.0119,0.18795,6.8091,3.8579,-20.0312,-36.8919,-0.033258,-0.81446,-0.16345,7.5081e-08,0.0036391,0,67.9327,0.10249,0.6309,483.1283,1457.237
2.8507,9971.1523,-4.4791,239.5101,6.2594,1.2088,0.035889,-4.3161,90.0119,0.18795,6.8091,3.8579,-20.0312,-36.8919,-0.033258,-0.81446,-0.16345,7.5081e-08,0.0036391,0,67.9327,0.10232,0.60375,483.1283,1457.237
2.8522,9971.1523,-4.4791,239.5101,6.2594,1.2088,0.035889,-4.3161,90.0119,0.18795,6.8091,3.8579,-20.0312,-36.8919,-0.033258,-0.81446,-0.16345,7.5081e-08,0.0036391,0,67.9327,0.10197,0.55511,483.1283,1457.237
2.8552,9971.1523,-4.4791,239.5101,6.2594,1.2088,0.035889,-4.3161,90.0119,0.18795,6.8091,3.8579,-20.0312,-36.8919,-0.033258,-0.81446,-0.16345,7.5081e-08,0.0036391,0,67.9327,0.10127,0.47699,483.1283,1457.237
2.8567,9971.1523,-4.4791,239.5101,6.2594,1.2088,0.035889,-4.3161,90.0119,0.18795,6.8091,3.8579,-20.0312,-36.8919,-0.033258,-0.81446,-0.16345,7.5081e-08,0.0036391,0,67.9327,0.1009,0.44402,483.1283,1457.237
2.8567,9971.1523,-4.4791,239.5101,6.2594,1.2088,0.035889,-4.3161,90.0119,0.18795,6.8091,3.8579,-20.0312,-36.8919,-0.033258,-0.81446,-0.16345,7.5081e-08,0.0036391,0,67.9327,0.1009,0.44402,483.1283,1457.237
2.8583,9971.1153,-4.3944,239.5072,6.2695,1.1931,-7.894e-05,-4.7136,90.0134,0.10869,6.8088,3.852,-17.6896,-37.7803,-0.033213,1.3966,-0.17388,7.5317e-08,0.0036498,0,68.0666,0.10297,0.62011,483.1284,1457.239
2.859,9971.1153,-4.3944,239.5072,6.2695,1.1931,-7.894e-05,-4.7136,90.0134,0.10869,6.8088,3.852,-17.6896,-37.7803,-0.033213,1.3966,-0.17388,7.5317e-08,0.0036498,0,68.0666,0.10282,0.59757,483.1284,1457.239
2.859,9971.1153,-4.3944,239.5072,6.2695,1.1931,-7.894e-05,-4.7136,90.0134,0.10869,6.8088,3.852,-17.6896,-37.7803,-0.033213,1.3966,-0.17388,7.5317e-08,0.0036498,0,68.0666,0.10282,0.59757,483.1284,1457.239
2.8606,9971.1153,-4.3944,239.5072,6.2695,1.1931,-7.894e-05,-4.7136,90.0134,0.10869,6.8088,3.852,-17.6896,-37.7803,-0.033213,1.3966,-0.17388,7.5317e-08,0.0036498,0,68.0666,0.10244,0.54622,483.1284,1457.239
2.8622,9971.1153,-4.3944,239.5072,6.2695,1.1931,-7.894e-05,-4.7136,90.0134,0.10869,6.8088,3.852,-17.6896,-37.7803,-0.033213,1.3966,-0.17388,7.5317e-08,0.0036498,0,68.0666,0.10206,0.50251,483.1284,1457.239
2.8654,9971.1153,-4.3944,239.5072,6.2695,1.1931,-7.894e-05,-4.7136,90.0134,0.10869,6.8088,3.852,-17.6896,-37.7803,-0.033213,1.3966,-0.17388,7.5317e-08,0.0036498,0,68.0666,0.10131,0.43365,483.1284,1457.239
2.8667,9971.079,-4.3098,239.5044,6.2795,1.1772,-0.039359,-4.056,90.0143,0.02436,6.8084,3.8559,1.7424,-43.3192,-0.033107,1.5861,-0.18037,7.555e-08,0.0036604,0,68.201,0.10337,0.60907,483.1285,1457.2411
2.8719,9971.079,-4.3098,239.5044,6.2795,1.1772,-0.039359,-4.056,90.0143,0.02436,6.8084,3.8559,1.7424,-43.3192,-0.033107,1.5861,-0.18037,7.555e-08,0.0036604,0,68.201,0.10215,0.46485,483.1285,1457.2411
2.8719,9971.079,-4.3098,239.5044,6.2795,1.1772,-0.039359,-4.056,90.0143,0.02436,6.8084,3.8559,1.7424,-43.3192,-0.033107,1.5861,-0.18037,7.555e-08,0.0036604,0,68.201,0.10215,0.46485,483.1285,1457.2411
2.875,9971.0435,-4.2251,239.5017,6.2893,1.1613,-0.07316,-3.3083,90.0145,-0.062954,6.8078,3.8693,3.0761,-43.8082,-0.033001,1.5554,-0.18328,7.5784e-08,0.0036711,0,68.3356,0.10371,0.59773,483.1287,1457.2431
2.8781,9971.0435,-4.2251,239.5017,6.2893,1.1613,-0.07316,-3.3083,90.0145,-0.062954,6.8078,3.8693,3.0761,-43.8082,-0.033001,1.5554,-0.18328,7.5784e-08,0.0036711,0,68.3356,0.10299,0.5059,483.1287,1457.2431
2.8833,9971.0086,-4.1403,239.4991,6.299,1.1454,-0.10073,-2.5754,90.014,-0.15153,6.8071,3.8922,2.6347,-43.7451,-0.032899,1.5242,-0.18048,7.6024e-08,0.0036817,0,68.4707,0.10403,0.58601,483.1288,1457.2451
2.8917,9970.9745,-4.0556,239.4967,6.3086,1.1294,-0.12219,-1.8572,90.0127,-0.23862,6.8063,3.93,2.5438,-43.6786,-0.03281,1.4894,-0.15586,7.6272e-08,0.0036923,0,68.6061,0.10434,0.5739,483.1289,1457.247
2.9,9970.941,-3.9709,239.4944,6.318,1.1135,-0.13767,-1.1544,90.0107,-0.31377,6.8053,4.0232,3.7824,-43.6012,-0.032744,1.453,-0.11942,7.6531e-08,0.003703,0,68.7418,0.1047,0.56134,483.129,1457.2489
2.9083,9970.9083,-3.8862,239.4921,6.3273,1.0977,-0.14729,-0.467,90.0081,-0.37128,6.8042,4.147,5.7447,-43.5169,-0.032709,1.4164,-0.077748,7.6804e-08,0.0037136,0,68.8779,0.10513,0.54836,483.1291,1457.2507
2.9167,9970.8762,-3.8015,239.4901,6.3364,1.082,-0.15118,0.20509,90.005,-0.40867,6.803,4.285,8.0297,-43.4281,-0.032729,1.3802,-0.03413,7.7092e-08,0.0037243,0,69.0144,0.10565,0.53498,483.1293,1457.2525
2.925,9970.8449,-3.7169,239.4877,6.3454,1.0663,-0.14947,0.8622,90.0016,-0.425,6.8016,4.3653,10.4386,-43.3345,-0.032814,1.3449,0.0084173,7.7396e-08,0.0037349,0,68.6877,0.10625,0.55033,483.1294,1457.2543
2.9333,9970.8143,-3.6325,239.4847,6.3543,1.0507,-0.14229,1.5047,89.9981,-0.42079,6.8002,4.3745,12.7881,-43.2364,-0.032943,1.311,0.047716,7.7716e-08,0.0037456,0,68.3635,0.10686,0.60007,483.1295,1457.256
2.9417,9970.7844,-3.5482,239.4813,6.3631,1.0351,-0.12975,2.1332,89.9946,-0.39761,6.7986,4.3787,14.946,-43.1355,-0.033059,1.2787,0.082434,7.8053e-08,0.0037562,0,68.4975,0.10748,0.65322,483.1296,1457.2577
2.95,9970.7552,-3.4639,239.4783,6.3717,1.0195,-0.11197,2.7481,89.9913,-0.35766,6.7969,4.4999,16.831,-43.0355,-0.033149,1.2481,0.11185,7.8406e-08,0.0037669,0,68.6318,0.1081,0.64987,483.1297,1457.2594
2.9583,9970.7266,-3.3796,239.4754,6.3803,1.0039,-0.08907,3.3499,89.9883,-0.3035,6.7951,4.6076,18.3991,-42.9373,-0.033202,1.2192,0.13571,7.8773e-08,0.0037775,0,68.7665,0.10871,0.64118,483.1298,1457.261
2.9602,9970.7266,-3.3796,239.4754,6.3803,1.0039,-0.08907,3.3499,89.9883,-0.3035,6.7951,4.6076,18.3991,-42.9373,-0.033202,1.2192,0.13571,7.8773e-08,0.0037775,0,68.7665,0.10832,0.57998,483.1298,1457.261
2.9602,9970.7266,-3.3796,239.4754,6.3803,1.0039,-0.08907,3.3499,89.9883,-0.3035,6.7951,4.6076,18.3991,-42.9373,-0.033202,1.2192,0.13571,7.8773e-08,0.0037775,0,68.7665,0.10832,0.57998,483.1298,1457.261
2.9667,9970.6988,-3.2954,239.4727,6.3886,0.98828,-0.061154,3.9393,89.9858,-0.2378,6.7931,4.7011,19.6355,-42.8414,-0.03321,1.0533,0.15415,7.9153e-08,0.0037882,0,68.9016,0.10927,0.62993,483.1299,1457.2626
2.9682,9970.6988,-3.2954,239.4727,6.3886,0.98828,-0.061154,3.9393,89.9858,-0.2378,6.7931,4.7011,19.6355,-42.8414,-0.03321,1.0533,0.15415,7.9153e-08,0.0037882,0,68.9016,0.10896,0.5811,483.1299,1457.2626
2.9682,9970.6988,-3.2954,239.4727,6.3886,0.98828,-0.061154,3.9393,89.9858,-0.2378,6.7931,4.7011,19.6355,-42.8414,-0.03321,1.0533,0.15415,7.9153e-08,0.0037882,0,68.9016,0.10896,0.5811,483.1299,1457.2626
2.9737,9970.6988,-3.2954,239.4727,6.3886,0.98828,-0.061154,3.9393,89.9858,-0.2378,6.7931,4.7011,19.6355,-42.8414,-0.03321,1.0533,0.15415,7.9153e-08,0.0037882,0,68.9016,0.1078,0.45333,483.1299,1457.2626
2.9737,9970.6988,-3.2954,239.4727,6.3886,0.98828,-0.061154,3.9393,89.9858,-0.2378,6.7931,4.7011,19.6355,-42.8414,-0.03321,1.0533,0.15415,7.9153e-08,0.0037882,0,68.9016,0.1078,0.45333,483.1299,1457.2626
2.975,9970.6717,-3.2111,239.47,6.3969,0.9726,-0.028326,4.4505,89.9838,-0.16317,6.791,4.7784,19.2878,-42.4032,-0.033164,0.21456,0.16757,7.9542e-08,0.0037988,0,69.037,0.10979,0.61845,483.13,1457.2641
2.9763,9970.6717,-3.2111,239.47,6.3969,0.9726,-0.028326,4.4505,89.9838,-0.16317,6.791,4.7784,19.2878,-42.4032,-0.033164,0.21456,0.16757,7.9542e-08,0.0037988,0,69.037,0.10952,0.57712,483.13,1457.2641
2.9789,9970.6717,-3.2111,239.47,6.3969,0.9726,-0.028326,4.4505,89.9838,-0.16317,6.791,4.7784,19.2878,-42.4032,-0.033164,0.21456,0.16757,7.9542e-08,0.0037988,0,69.037,0.10897,0.50911,483.13,1457.2641
2.9833,9970.6453,-3.1269,239.4675,6.405,0.95686,0.0087611,4.562,89.9824,-0.082033,6.7888,4.8422,12.5098,-40.2922,-0.033055,-1.6059,0.17652,7.9938e-08,0.0038095,0,69.1728,0.11025,0.60658,483.1301,1457.2656
2.9853,9970.6453,-3.1269,239.4675,6.405,0.95686,0.0087611,4.562,89.9824,-0.082033,6.7888,4.8422,12.5098,-40.2922,-0.033055,-1.6059,0.17652,7.9938e-08,0.0038095,0,69.1728,0.10985,0.54967,483.1301,1457.2656
2.9853,9970.6453,-3.1269,239.4675,6.405,0.95686,0.0087611,4.562,89.9824,-0.082033,6.7888,4.8422,12.5098,-40.2922,-0.033055,-1.6059,0.17652,7.9938e-08,0.0038095,0,69.1728,0.10985,0.54967,483.1301,1457.2656
2.9917,9970.6196,-3.0428,239.4651,6.413,0.94106,0.046778,3.8047,89.9817,0.0033971,6.7865,4.8948,-3.4781,-35.7498,-0.032909,-1.5754,0.18174,8.0336e-08,0.0038201,0,69.3089,0.11064,0.59429,483.1302,1457.267
2.998,9970.6196,-3.0428,239.4651,6.413,0.94106,0.046778,3.8047,89.9817,0.0033971,6.7865,4.8948,-3.4781,-35.7498,-0.032909,-1.5754,0.18174,8.0336e-08,0.0038201,0,69.3089,0.10934,0.44882,483.1302,1457.267
2.9986,9970.6196,-3.0428,239.4651,6.413,0.94106,0.046778,3.8047,89.9817,0.0033971,6.7865,4.8948,-3.4781,-35.7498,-0.032909,-1.5754,0.18174,8.0336e-08,0.0038201,0,69.3089,0.10923,0.44061,483.1302,1457.267
2.9986,9970.6196,-3.0428,239.4651,6.413,0.94106,0.046778,3.8047,89.9817,0.0033971,6.7865,4.8948,-3.4781,-35.7498,-0.032909,-1.5754,0.18174,8.0336e-08,0.0038201,0,69.3089,0.10923,0.44061,483.1302,1457.267
3,9970.5946,-2.9587,239.4628,6.4208,0.92523,0.078484,3.0624,89.9818,0.091215,6.784,4.9381,-2.8993,-35.8351,-0.032771,-1.5446,0.18255,8.0732e-08,0.0038307,0,69.4454,0.111,0.58167,483.1303,1457.2684
3.0014,9970.5946,-2.9587,239.4628,6.4208,0.92523,0.078484,3.0624,89.9818,0.091215,6.784,4.9381,-2.8993,-35.8351,-0.032771,-1.5446,0.18255,8.0732e-08,0.0038307,0,69.4454,0.11071,0.54286,483.1303,1457.2684
3.0042,9970.5946,-2.9587,239.4628,6.4208,0.92523,0.078484,3.0624,89.9818,0.091215,6.784,4.9381,-2.8993,-35.8351,-0.032771,-1.5446,0.18255,8.0732e-08,0.0038307,0,69.4454,0.11014,0.48002,483.1303,1457.2684
3.0083,9970.5703,-2.8747,239.4606,6.4286,0.90938,0.104,2.3348,89.9825,0.17931,6.7814,4.971,-2.5892,-35.9191,-0.032642,-1.5123,0.17344,8.1122e-08,0.0038414,0,69.5822,0.11133,0.5686,483.1303,1457.2698
3.0167,9970.5467,-2.7907,239.4586,6.4361,0.89356,0.12346,1.6221,89.984,0.26293,6.7787,4.9797,-2.8841,-36.0046,-0.032532,-1.4769,0.1441,8.1503e-08,0.003852,0,69.7193,0.11167,0.55513,483.1304,1457.2712
3.025,9970.5238,-2.7068,239.4567,6.4436,0.8778,0.13698,0.92474,89.9862,0.33234,6.7758,4.9388,-4.4111,-36.0957,-0.032472,-1.4404,0.10555,8.1872e-08,0.0038627,0,69.8022,0.11207,0.54121,483.1305,1457.2724
3.0333,9970.5016,-2.6231,239.4543,6.4509,0.86212,0.14468,0.24277,89.989,0.38314,6.7729,4.7785,-6.5013,-36.1847,-0.032463,-1.4038,0.063093,8.2228e-08,0.0038733,0,69.4738,0.11252,0.57127,483.1306,1457.2737
3.0417,9970.4801,-2.5397,239.4514,6.4581,0.84653,0.14671,-0.42405,89.9922,0.41345,6.7698,4.5711,-8.8325,-36.2684,-0.032499,-1.3679,0.01973,8.257e-08,0.003884,0,69.1478,0.11301,0.62315,483.1307,1457.2749
3.05,9970.4593,-2.4564,239.448,6.4652,0.83101,0.14317,-1.0761,89.9956,0.42285,6.7667,4.3648,-11.2235,-36.3451,-0.03253,-1.3331,-0.02176,8.2896e-08,0.0038946,0,69.2825,0.11354,0.67764,483.1307,1457.2761
3.0583,9970.4391,-2.3732,239.445,6.4721,0.81557,0.13421,-1.7137,89.9991,0.41223,6.7634,4.2944,-13.5052,-36.4161,-0.032563,-1.2998,-0.059494,8.3205e-08,0.0039053,0,69.4176,0.11414,0.67413,483.1308,1457.2772
3.0667,9970.4197,-2.29,239.4422,6.4789,0.80019,0.11993,-2.3375,90.0026,0.38341,6.76,4.2337,-15.5634,-36.4799,-0.032593,-1.2681,-0.092363,8.3499e-08,0.0039159,0,69.5531,0.11478,0.665,483.1309,1457.2783
3.075,9970.401,-2.207,239.4395,6.4856,0.78483,0.10045,-2.948,90.0058,0.33874,6.7565,4.1854,-17.3307,-36.5357,-0.032631,-1.2381,-0.11982,8.3779e-08,0.0039265,0,69.6889,0.11544,0.65329,483.1309,1457.2794
3.0833,9970.3829,-2.124,239.4369,6.4922,0.76947,0.07588,-3.5456,90.0086,0.28081,6.7529,4.1506,-18.7735,-36.5829,-0.032652,-1.2098,-0.14175,8.4045e-08,0.0039372,0,69.8251,0.11608,0.64033,483.131,1457.2804
3.0846,9970.3829,-2.124,239.4369,6.4922,0.76947,0.07588,-3.5456,90.0086,0.28081,6.7529,4.1506,-18.7735,-36.5829,-0.032652,-1.2098,-0.14175,8.4045e-08,0.0039372,0,69.8251,0.11585,0.6005,483.131,1457.2804
3.0846,9970.3829,-2.124,239.4369,6.4922,0.76947,0.07588,-3.5456,90.0086,0.28081,6.7529,4.1506,-18.7735,-36.5829,-0.032652,-1.2098,-0.14175,8.4045e-08,0.0039372,0,69.8251,0.11585,0.6005,483.131,1457.2804
3.088,9970.3829,-2.124,239.4369,6.4922,0.76947,0.07588,-3.5456,90.0086,0.28081,6.7529,4.1506,-18.7735,-36.5829,-0.032652,-1.2098,-0.14175,8.4045e-08,0.0039372,0,69.8251,0.11523,0.5168,483.131,1457.2804
3.088,9970.3829,-2.124,239.4369,6.4922,0.76947,0.07588,-3.5456,90.0086,0.28081,6.7529,4.1506,-18.7735,-36.5829,-0.032652,-1.2098,-0.14175,8.4045e-08,0.0039372,0,69.8251,0.11523,0.5168,483.131,1457.2804
3.0917,9970.3656,-2.0412,239.4344,6.4986,0.75408,0.046334,-4.1309,90.0109,0.21228,6.7492,4.1288,-19.8851,-36.6228,-0.03263,-0.93635,-0.15838,8.43e-08,0.0039478,0,69.9616,0.11668,0.62679,483.1311,1457.2814
3.0953,9970.3656,-2.0412,239.4344,6.4986,0.75408,0.046334,-4.1309,90.0109,0.21228,6.7492,4.1288,-19.8851,-36.6228,-0.03263,-0.93635,-0.15838,8.43e-08,0.0039478,0,69.9616,0.11602,0.53081,483.1311,1457.2814
3.0956,9970.3656,-2.0412,239.4344,6.4986,0.75408,0.046334,-4.1309,90.0109,0.21228,6.7492,4.1288,-19.8851,-36.6228,-0.03263,-0.93635,-0.15838,8.43e-08,0.0039478,0,69.9616,0.11596,0.52351,483.1311,1457.2814
3.0956,9970.3656,-2.0412,239.4344,6.4986,0.75408,0.046334,-4.1309,90.0109,0.21228,6.7492,4.1288,-19.8851,-36.6228,-0.03263,-0.93635,-0.15838,8.43e-08,0.0039478,0,69.9616,0.11596,0.52351,483.1311,1457.2814
3.1,9970.3489,-1.9584,239.4321,6.5049,0.73864,0.01191,-4.5867,90.0127,0.13572,6.7453,4.1176,-18.439,-37.2769,-0.032556,0.60275,-0.17016,8.4547e-08,0.0039585,0,70.0985,0.11721,0.61381,483.1311,1457.2823
3.1043,9970.3489,-1.9584,239.4321,6.5049,0.73864,0.01191,-4.5867,90.0127,0.13572,6.7453,4.1176,-18.439,-37.2769,-0.032556,0.60275,-0.17016,8.4547e-08,0.0039585,0,70.0985,0.11643,0.50837,483.1311,1457.2823
3.1083,9970.3329,-1.8758,239.4299,6.511,0.72315,-0.026313,-4.3082,90.0138,0.053467,6.7413,4.1172,-5.1986,-41.1133,-0.032415,1.5951,-0.1777,8.479e-08,0.0039691,0,70.2357,0.11767,0.6006,483.1312,1457.2832
3.1118,9970.3329,-1.8758,239.4299,6.511,0.72315,-0.026313,-4.3082,90.0138,0.053467,6.7413,4.1172,-5.1986,-41.1133,-0.032415,1.5951,-0.1777,8.479e-08,0.0039691,0,70.2357,0.11706,0.51769,483.1312,1457.2832
3.1118,9970.3329,-1.8758,239.4299,6.511,0.72315,-0.026313,-4.3082,90.0138,0.053467,6.7413,4.1172,-5.1986,-41.1133,-0.032415,1.5951,-0.1777,8.479e-08,0.0039691,0,70.2357,0.11706,0.51769,483.1312,1457.2832
3.1167,9970.3176,-1.7932,239.4278,6.5171,0.70762,-0.062214,-3.5563,90.0143,-0.032364,6.7372,4.1267,3.3494,-43.5967,-0.032259,1.5646,-0.18168,8.5032e-08,0.0039798,0,70.3732,0.11807,0.58704,483.1312,1457.2841
3.1215,9970.3176,-1.7932,239.4278,6.5171,0.70762,-0.062214,-3.5563,90.0143,-0.032364,6.7372,4.1267,3.3494,-43.5967,-0.032259,1.5646,-0.18168,8.5032e-08,0.0039798,0,70.3732,0.11722,0.48339,483.1312,1457.2841
3.125,9970.303,-1.7108,239.4259,6.523,0.69206,-0.09185,-2.8192,90.014,-0.12001,6.733,4.1455,2.8362,-43.5219,-0.032107,1.5336,-0.18058,8.5279e-08,0.0039904,0,70.5111,0.11843,0.57322,483.1313,1457.2849
3.1333,9970.2891,-1.6285,239.424,6.5288,0.6765,-0.11534,-2.0969,90.013,-0.20705,6.7286,4.1776,2.6345,-43.4441,-0.031963,1.5001,-0.16358,8.5534e-08,0.0040011,0,70.6492,0.11878,0.55898,483.1313,1457.2857
3.1417,9970.2759,-1.5463,239.4223,6.5344,0.661,-0.13282,-1.3897,90.0113,-0.28583,6.7242,4.2502,3.4024,-43.3582,-0.03187,1.4642,-0.1308,8.5798e-08,0.0040117,0,70.3169,0.11915,0.54428,483.1314,1457.2865
3.15,9970.2633,-1.4644,239.4199,6.5399,0.64557,-0.1444,-0.69776,90.0089,-0.34879,6.7197,4.2226,5.1345,-43.262,-0.031816,1.4277,-0.090907,8.6075e-08,0.0040223,0,69.9868,0.11953,0.59332,483.1314,1457.2872
3.1583,9970.2515,-1.3828,239.417,6.5453,0.63023,-0.15021,-0.021115,90.006,-0.39251,6.7151,4.2163,7.3042,-43.1597,-0.031799,1.3914,-0.048128,8.6367e-08,0.004033,0,69.6592,0.11995,0.64764,483.1315,1457.2878
3.1667,9970.2403,-1.3015,239.4136,6.5506,0.61498,-0.15039,0.64054,90.0027,-0.41561,6.7103,4.2206,9.6547,-43.0535,-0.03177,1.3558,-0.0054745,8.6674e-08,0.0040436,0,69.7946,0.12042,0.70353,483.1315,1457.2885
3.175,9970.2298,-1.2203,239.4107,6.5557,0.59985,-0.14505,1.2876,89.9993,-0.41815,6.7055,4.3582,12.0034,-42.947,-0.031748,1.3216,0.034601,8.6998e-08,0.0040543,0,69.9305,0.12099,0.69994,483.1316,1457.2891
3.1833,9970.22,-1.1392,239.4079,6.5607,0.5848,-0.13432,1.9205,89.9958,-0.40137,6.7006,4.4899,14.2014,-42.8401,-0.031736,1.2888,0.070511,8.7338e-08,0.0040649,0,70.0666,0.12162,0.6904,483.1316,1457.2896
3.1917,9970.2108,-1.0583,239.4053,6.5656,0.56983,-0.11832,2.5397,89.9924,-0.3673,6.6955,4.6116,16.1522,-42.7328,-0.031747,1.2578,0.10135,8.7694e-08,0.0040756,0,70.2031,0.1223,0.67814,483.1316,1457.2901
3.2,9970.2023,-0.9775,239.4027,6.5704,0.55489,-0.097154,3.1458,89.9894,-0.31835,6.6904,4.721,17.8007,-42.6245,-0.031763,1.2284,0.12674,8.8065e-08,0.0040862,0,70.34,0.12298,0.66457,483.1317,1457.2906
3.2083,9970.1945,-0.89687,239.4003,6.575,0.53995,-0.070939,3.7393,89.9867,-0.25717,6.6851,4.8166,19.123,-42.5162,-0.031758,1.18,0.14668,8.8448e-08,0.0040968,0,70.4771,0.12363,0.65031,483.1317,1457.291
3.2123,9970.1945,-0.89687,239.4003,6.575,0.53995,-0.070939,3.7393,89.9867,-0.25717,6.6851,4.8166,19.123,-42.5162,-0.031758,1.18,0.14668,8.8448e-08,0.0040968,0,70.4771,0.12302,0.54913,483.1317,1457.291
3.2123,9970.1945,-0.89687,239.4003,6.575,0.53995,-0.070939,3.7393,89.9867,-0.25717,6.6851,4.8166,19.123,-42.5162,-0.031758,1.18,0.14668,8.8448e-08,0.0040968,0,70.4771,0.12302,0.54913,483.1317,1457.291
3.2159,9970.1945,-0.89687,239.4003,6.575,0.53995,-0.070939,3.7393,89.9867,-0.25717,6.6851,4.8166,19.123,-42.5162,-0.031758,1.18,0.14668,8.8448e-08,0.0040968,0,70.4771,0.12247,0.48712,483.1317,1457.291
3.2159,9970.1945,-0.89687,239.4003,6.575,0.53995,-0.070939,3.7393,89.9867,-0.25717,6.6851,4.8166,19.123,-42.5162,-0.031758,1.18,0.14668,8.8448e-08,0.0040968,0,70.4771,0.12247,0.48712,483.1317,1457.291
3.2167,9970.1874,-0.81639,239.3981,6.5795,0.52497,-0.039779,4.3108,89.9846,-0.18638,6.6798,4.8972,19.9324,-42.3582,-0.031708,0.81883,0.16148,8.8843e-08,0.0041075,0,70.6147,0.12423,0.63603,483.1317,1457.2915
3.2174,9970.1874,-0.81639,239.3981,6.5795,0.52497,-0.039779,4.3108,89.9846,-0.18638,6.6798,4.8972,19.9324,-42.3582,-0.031708,0.81883,0.16148,8.8843e-08,0.0041075,0,70.6147,0.12412,0.61508,483.1317,1457.2915
3.2189,9970.1874,-0.81639,239.3981,6.5795,0.52497,-0.039779,4.3108,89.9846,-0.18638,6.6798,4.8972,19.9324,-42.3582,-0.031708,0.81883,0.16148,8.8843e-08,0.0041075,0,70.6147,0.12389,0.57762,483.1317,1457.2915
3.2219,9970.1874,-0.81639,239.3981,6.5795,0.52497,-0.039779,4.3108,89.9846,-0.18638,6.6798,4.8972,19.9324,-42.3582,-0.031708,0.81883,0.16148,8.8843e-08,0.0041075,0,70.6147,0.12344,0.51765,483.1317,1457.2915
3.2232,9970.1874,-0.81639,239.3981,6.5795,0.52497,-0.039779,4.3108,89.9846,-0.18638,6.6798,4.8972,19.9324,-42.3582,-0.031708,0.81883,0.16148,8.8843e-08,0.0041075,0,70.6147,0.12323,0.49606,483.1317,1457.2915
3.2232,9970.1874,-0.81639,239.3981,6.5795,0.52497,-0.039779,4.3108,89.9846,-0.18638,6.6798,4.8972,19.9324,-42.3582,-0.031708,0.81883,0.16148,8.8843e-08,0.0041075,0,70.6147,0.12323,0.49606,483.1317,1457.2915
3.225,9970.1809,-0.73607,239.3959,6.5839,0.50995,-0.0038554,4.7107,89.983,-0.10844,6.6743,4.9631,17.5784,-41.4207,-0.031602,-1.3589,0.17165,8.9244e-08,0.0041181,0,70.7525,0.12476,0.62214,483.1317,1457.2918
3.2254,9970.1809,-0.73607,239.3959,6.5839,0.50995,-0.0038554,4.7107,89.983,-0.10844,6.6743,4.9631,17.5784,-41.4207,-0.031602,-1.3589,0.17165,8.9244e-08,0.0041181,0,70.7525,0.12469,0.6106,483.1317,1457.2918
3.2254,9970.1809,-0.73607,239.3959,6.5839,0.50995,-0.0038554,4.7107,89.983,-0.10844,6.6743,4.9631,17.5784,-41.4207,-0.031602,-1.3589,0.17165,8.9244e-08,0.0041181,0,70.7525,0.12469,0.6106,483.1317,1457.2918
3.2272,9970.1809,-0.73607,239.3959,6.5839,0.50995,-0.0038554,4.7107,89.983,-0.10844,6.6743,4.9631,17.5784,-41.4207,-0.031602,-1.3589,0.17165,8.9244e-08,0.0041181,0,70.7525,0.12443,0.56819,483.1317,1457.2918
3.2289,9970.1809,-0.73607,239.3959,6.5839,0.50995,-0.0038554,4.7107,89.983,-0.10844,6.6743,4.9631,17.5784,-41.4207,-0.031602,-1.3589,0.17165,8.9244e-08,0.0041181,0,70.7525,0.12417,0.53265,483.1317,1457.2918
3.2324,9970.1809,-0.73607,239.3959,6.5839,0.50995,-0.0038554,4.7107,89.983,-0.10844,6.6743,4.9631,17.5784,-41.4207,-0.031602,-1.3589,0.17165,8.9244e-08,0.0041181,0,70.7525,0.12364,0.47792,483.1317,1457.2918
3.2333,9970.1751,-0.65591,239.3939,6.5882,0.49489,0.0354,4.0713,89.9821,-0.025602,6.6687,5.017,-1.5669,-35.9683,-0.031432,-1.5849,0.17779,8.965e-08,0.0041288,0,70.8907,0.12521,0.60801,483.1317,1457.2921
3.2377,9970.1751,-0.65591,239.3939,6.5882,0.49489,0.0354,4.0713,89.9821,-0.025602,6.6687,5.017,-1.5669,-35.9683,-0.031432,-1.5849,0.17779,8.965e-08,0.0041288,0,70.8907,0.12456,0.51626,483.1317,1457.2921
3.2382,9970.1751,-0.65591,239.3939,6.5882,0.49489,0.0354,4.0713,89.9821,-0.025602,6.6687,5.017,-1.5669,-35.9683,-0.031432,-1.5849,0.17779,8.965e-08,0.0041288,0,70.8907,0.12448,0.50782,483.1317,1457.2921
3.2382,9970.1751,-0.65591,239.3939,6.5882,0.49489,0.0354,4.0713,89.9821,-0.025602,6.6687,5.017,-1.5669,-35.9683,-0.031432,-1.5849,0.17779,8.965e-08,0.0041288,0,70.8907,0.12448,0.50782,483.1317,1457.2921
3.2417,9970.17,-0.57593,239.3921,6.5923,0.47979,0.069328,3.3244,89.9819,0.060124,6.663,5.0607,-3.2518,-35.4003,-0.03126,-1.5543,0.18042,9.0055e-08,0.0041394,0,71.0291,0.1256,0.59359,483.1318,1457.2924
3.2451,9970.17,-0.57593,239.3921,6.5923,0.47979,0.069328,3.3244,89.9819,0.060124,6.663,5.0607,-3.2518,-35.4003,-0.03126,-1.5543,0.18042,9.0055e-08,0.0041394,0,71.0291,0.1251,0.52329,483.1318,1457.2924
3.25,9970.1655,-0.49612,239.3904,6.5963,0.46469,0.097032,2.5923,89.9824,0.14704,6.6572,5.096,-2.8253,-35.4721,-0.031091,-1.523,0.17742,9.0454e-08,0.0041501,0,71.1679,0.12596,0.57876,483.1318,1457.2927
3.2583,9970.1617,-0.41648,239.3888,6.6002,0.44961,0.11863,1.875,89.9836,0.23247,6.6513,5.1179,-2.7416,-35.5438,-0.030936,-1.4884,0.15335,9.0846e-08,0.0041607,0,71.307,0.12631,0.56353,483.1318,1457.2929
3.2667,9970.1586,-0.33707,239.3872,6.604,0.43461,0.13426,1.1728,89.9856,0.30626,6.6453,5.0635,-3.9415,-35.6219,-0.030833,-1.4522,0.11754,9.1227e-08,0.0041713,0,70.973,0.12669,0.559,483.1318,1457.2931
3.275,9970.1561,-0.25804,239.3848,6.6076,0.4197,0.14403,0.48598,89.9881,0.36279,6.6392,4.8616,-5.8577,-35.6992,-0.030768,-1.4157,0.076596,9.1595e-08,0.004182,0,70.6411,0.12709,0.60952,483.1318,1457.2932
3.2833,9970.1543,-0.17935,239.382,6.6111,0.40488,0.14808,-0.18571,89.9911,0.3996,6.6331,4.6504,-8.0905,-35.7728,-0.030737,-1.3797,0.033767,9.1949e-08,0.0041926,0,70.3117,0.12753,0.66485,483.1318,1457.2933
3.2917,9970.1531,-0.10097,239.3788,6.6145,0.39018,0.14654,-0.84256,89.9945,0.41579,6.6268,4.4379,-10.4422,-35.8408,-0.030693,-1.3446,-0.0079884,9.2288e-08,0.0042033,0,70.4479,0.12801,0.72153,483.1318,1457.2934
3.3,9970.1526,-0.022743,239.376,6.6177,0.37558,0.13951,-1.485,89.9979,0.41187,6.6205,4.364,-12.7333,-35.9041,-0.030654,-1.3108,-0.04653,9.261e-08,0.0042139,0,70.5845,0.12858,0.71744,483.1318,1457.2934
3.3083,9970.1527,0.055286,239.3733,6.6209,0.36109,0.12714,-2.1134,90.0014,0.38939,6.6141,4.2987,-14.8341,-35.9606,-0.030619,-1.2787,-0.080549,9.2917e-08,0.0042246,0,70.7215,0.12921,0.70726,483.1318,1457.2934
3.3167,9970.1535,0.13311,239.3708,6.6239,0.34666,0.10953,-2.7284,90.0046,0.35054,6.6076,4.245,-16.6649,-36.0091,-0.030603,-1.2483,-0.10934,9.3209e-08,0.0042352,0,70.8587,0.12988,0.69428,483.1318,1457.2934
3.325,9970.1549,0.21073,239.3684,6.6268,0.33226,0.086791,-3.3305,90.0075,0.29783,6.6009,4.2046,-18.1827,-36.0484,-0.030586,-1.2195,-0.13266,9.3487e-08,0.0042458,0,70.9963,0.13054,0.67996,483.1318,1457.2933
3.327,9970.1549,0.21073,239.3684,6.6268,0.33226,0.086791,-3.3305,90.0075,0.29783,6.6009,4.2046,-18.1827,-36.0484,-0.030586,-1.2195,-0.13266,9.3487e-08,0.0042458,0,70.9963,0.13028,0.62279,483.1318,1457.2933
3.327,9970.1549,0.21073,239.3684,6.6268,0.33226,0.086791,-3.3305,90.0075,0.29783,6.6009,4.2046,-18.1827,-36.0484,-0.030586,-1.2195,-0.13266,9.3487e-08,0.0042458,0,70.9963,0.13028,0.62279,483.1318,1457.2933
3.3333,9970.157,0.28814,239.3662,6.6296,0.31787,0.059037,-3.9201,90.01,0.23389,6.5942,4.1777,-19.3729,-36.0798,-0.030537,-1.0642,-0.15064,9.3753e-08,0.0042565,0,71.1343,0.13117,0.66485,483.1318,1457.2932
3.3348,9970.157,0.28814,239.3662,6.6296,0.31787,0.059037,-3.9201,90.01,0.23389,6.5942,4.1777,-19.3729,-36.0798,-0.030537,-1.0642,-0.15064,9.3753e-08,0.0042565,0,71.1343,0.13098,0.62538,483.1318,1457.2932
3.3348,9970.157,0.28814,239.3662,6.6296,0.31787,0.059037,-3.9201,90.01,0.23389,6.5942,4.1777,-19.3729,-36.0798,-0.030537,-1.0642,-0.15064,9.3753e-08,0.0042565,0,71.1343,0.13098,0.62538,483.1318,1457.2932
3.3405,9970.157,0.28814,239.3662,6.6296,0.31787,0.059037,-3.9201,90.01,0.23389,6.5942,4.1777,-19.3729,-36.0798,-0.030537,-1.0642,-0.15064,9.3753e-08,0.0042565,0,71.1343,0.13027,0.51705,483.1318,1457.2932
3.3405,9970.157,0.28814,239.3662,6.6296,0.31787,0.059037,-3.9201,90.01,0.23389,6.5942,4.1777,-19.3729,-36.0798,-0.030537,-1.0642,-0.15064,9.3753e-08,0.0042565,0,71.1343,0.13027,0.51705,483.1318,1457.2932
3.3417,9970.1597,0.36535,239.3641,6.6322,0.30345,0.02637,-4.4366,90.012,0.1613,6.5874,4.1618,-19.0802,-36.4269,-0.030444,-0.18829,-0.16367,9.401e-08,0.0042671,0,71.2725,0.13174,0.65023,483.1318,1457.293
3.3428,9970.1597,0.36535,239.3641,6.6322,0.30345,0.02637,-4.4366,90.012,0.1613,6.5874,4.1618,-19.0802,-36.4269,-0.030444,-0.18829,-0.16367,9.401e-08,0.0042671,0,71.2725,0.13159,0.62027,483.1318,1457.293
3.3451,9970.1597,0.36535,239.3641,6.6322,0.30345,0.02637,-4.4366,90.012,0.1613,6.5874,4.1618,-19.0802,-36.4269,-0.030444,-0.18829,-0.16367,9.401e-08,0.0042671,0,71.2725,0.13131,0.56991,483.1318,1457.293
3.35,9970.1631,0.44234,239.3621,6.6348,0.28901,-0.010602,-4.5356,90.0133,0.082436,6.5805,4.1569,-11.9381,-38.585,-0.030289,1.6027,-0.17226,9.4261e-08,0.0042778,0,71.4111,0.13223,0.63555,483.1318,1457.2928
3.3517,9970.1631,0.44234,239.3621,6.6348,0.28901,-0.010602,-4.5356,90.0133,0.082436,6.5805,4.1569,-11.9381,-38.585,-0.030289,1.6027,-0.17226,9.4261e-08,0.0042778,0,71.4111,0.13203,0.5956,483.1318,1457.2928
3.3517,9970.1631,0.44234,239.3621,6.6348,0.28901,-0.010602,-4.5356,90.0133,0.082436,6.5805,4.1569,-11.9381,-38.585,-0.030289,1.6027,-0.17226,9.4261e-08,0.0042778,0,71.4111,0.13203,0.5956,483.1318,1457.2928
3.3583,9970.1671,0.51912,239.3603,6.6372,0.27453,-0.048399,-3.78,90.014,-0.00054053,6.5734,4.1624,3.7852,-43.0535,-0.030095,1.5723,-0.17711,9.4509e-08,0.0042884,0,71.55,0.13266,0.62059,483.1318,1457.2926
3.3649,9970.1671,0.51912,239.3603,6.6372,0.27453,-0.048399,-3.78,90.014,-0.00054053,6.5734,4.1624,3.7852,-43.0535,-0.030095,1.5723,-0.17711,9.4509e-08,0.0042884,0,71.55,0.13188,0.50615,483.1318,1457.2926
3.3649,9970.1671,0.51912,239.3603,6.6372,0.27453,-0.048399,-3.78,90.014,-0.00054053,6.5734,4.1624,3.7852,-43.0535,-0.030095,1.5723,-0.17711,9.4509e-08,0.0042884,0,71.55,0.13188,0.50615,483.1318,1457.2926
3.3667,9970.1718,0.59567,239.3586,6.6395,0.26004,-0.079898,-3.0391,90.014,-0.085801,6.5663,4.1773,3.2119,-42.9687,-0.029905,1.5415,-0.17773,9.4761e-08,0.004299,0,71.6891,0.13304,0.60534,483.1318,1457.2923
3.3684,9970.1718,0.59567,239.3586,6.6395,0.26004,-0.079898,-3.0391,90.014,-0.085801,6.5663,4.1773,3.2119,-42.9687,-0.029905,1.5415,-0.17773,9.4761e-08,0.004299,0,71.6891,0.13283,0.56894,483.1318,1457.2923
3.372,9970.1718,0.59567,239.3586,6.6395,0.26004,-0.079898,-3.0391,90.014,-0.085801,6.5663,4.1773,3.2119,-42.9687,-0.029905,1.5415,-0.17773,9.4761e-08,0.004299,0,71.6891,0.13241,0.5132,483.1318,1457.2923
3.375,9970.177,0.672,239.357,6.6417,0.24557,-0.10522,-2.313,90.0133,-0.17132,6.5591,4.2034,2.8987,-42.8812,-0.02972,1.5093,-0.16845,9.5018e-08,0.0043097,0,71.8286,0.1334,0.58965,483.1317,1457.292
3.3833,9970.183,0.74809,239.3556,6.6437,0.23115,-0.1245,-1.6017,90.0119,-0.25234,6.5518,4.255,3.191,-42.7887,-0.02955,1.474,-0.13969,9.5285e-08,0.0043203,0,71.9684,0.13376,0.57356,483.1317,1457.2917
3.3917,9970.1895,0.82395,239.3544,6.6457,0.21682,-0.13785,-0.90574,90.0097,-0.31951,6.5444,4.3563,4.6714,-42.6862,-0.029438,1.4378,-0.10211,9.5563e-08,0.004331,0,71.6322,0.13417,0.557,483.1317,1457.2913
3.4,9970.1967,0.89936,239.3523,6.6475,0.2026,-0.14539,-0.22494,90.0071,-0.36859,6.537,4.3339,6.6939,-42.5762,-0.029369,1.4016,-0.06081,9.5854e-08,0.0043416,0,71.2982,0.1346,0.60698,483.1317,1457.2909
3.4083,9970.2045,0.97438,239.3498,6.6492,0.18849,-0.14727,0.44087,90.004,-0.39779,6.5295,4.3243,8.9476,-42.4615,-0.02934,1.366,-0.018708,9.6159e-08,0.0043522,0,70.9664,0.13507,0.66256,483.1316,1457.2905
3.4167,9970.2129,1.049,239.3468,6.6508,0.17448,-0.1436,1.092,90.0007,-0.40674,6.5219,4.3202,11.2561,-42.3433,-0.029294,1.3315,0.021509,9.648e-08,0.0043629,0,71.1037,0.13558,0.71986,483.1316,1457.29
3.425,9970.222,1.1235,239.3443,6.6522,0.16059,-0.1345,1.7289,89.9973,-0.39634,6.5142,4.4507,13.4561,-42.2258,-0.029247,1.2984,0.058027,9.6817e-08,0.0043735,0,71.2413,0.13616,0.71499,483.1316,1457.2895
3.4333,9970.2316,1.1977,239.3419,6.6536,0.14678,-0.12009,2.3521,89.994,-0.36838,6.5065,4.5724,15.4375,-42.1086,-0.029197,1.267,0.089784,9.7169e-08,0.0043842,0,71.3792,0.13678,0.70394,483.1315,1457.2889
3.4417,9970.2419,1.2716,239.3397,6.6548,0.13304,-0.10049,2.9621,89.9909,-0.32515,6.4986,4.6825,17.1355,-41.992,-0.029158,1.2372,0.11626,9.7536e-08,0.0043948,0,71.5174,0.13743,0.69005,483.1315,1457.2884
3.45,9970.2528,1.3454,239.3376,6.6559,0.11933,-0.075803,3.5593,89.9882,-0.26919,6.4907,4.7794,18.5183,-41.8752,-0.029105,1.2092,0.13736,9.7915e-08,0.0044054,0,71.656,0.13806,0.67479,483.1315,1457.2878
3.4516,9970.2528,1.3454,239.3376,6.6559,0.11933,-0.075803,3.5593,89.9882,-0.26919,6.4907,4.7794,18.5183,-41.8752,-0.029105,1.2092,0.13736,9.7915e-08,0.0044054,0,71.656,0.1379,0.6342,483.1315,1457.2878
3.4516,9970.2528,1.3454,239.3376,6.6559,0.11933,-0.075803,3.5593,89.9882,-0.26919,6.4907,4.7794,18.5183,-41.8752,-0.029105,1.2092,0.13736,9.7915e-08,0.0044054,0,71.656,0.1379,0.6342,483.1315,1457.2878
3.4553,9970.2528,1.3454,239.3376,6.6559,0.11933,-0.075803,3.5593,89.9882,-0.26919,6.4907,4.7794,18.5183,-41.8752,-0.029105,1.2092,0.13736,9.7915e-08,0.0044054,0,71.656,0.13753,0.56418,483.1315,1457.2878
3.4553,9970.2528,1.3454,239.3376,6.6559,0.11933,-0.075803,3.5593,89.9882,-0.26919,6.4907,4.7794,18.5183,-41.8752,-0.029105,1.2092,0.13736,9.7915e-08,0.0044054,0,71.656,0.13753,0.56418,483.1315,1457.2878
3.4583,9970.2644,1.4188,239.3357,6.6569,0.10562,-0.046143,4.1443,89.986,-0.20309,6.4827,4.8622,19.5797,-41.7595,-0.029015,0.92873,0.1533,9.8305e-08,0.0044161,0,71.7948,0.13865,0.65894,483.1314,1457.2871
3.4614,9970.2644,1.4188,239.3357,6.6569,0.10562,-0.046143,4.1443,89.986,-0.20309,6.4827,4.8622,19.5797,-41.7595,-0.029015,0.92873,0.1533,9.8305e-08,0.0044161,0,71.7948,0.13835,0.59273,483.1314,1457.2871
3.4625,9970.2644,1.4188,239.3357,6.6569,0.10562,-0.046143,4.1443,89.986,-0.20309,6.4827,4.8622,19.5797,-41.7595,-0.029015,0.92873,0.1533,9.8305e-08,0.0044161,0,71.7948,0.13824,0.57301,483.1314,1457.2871
3.4625,9970.2644,1.4188,239.3357,6.6569,0.10562,-0.046143,4.1443,89.986,-0.20309,6.4827,4.8622,19.5797,-41.7595,-0.029015,0.92873,0.1533,9.8305e-08,0.0044161,0,71.7948,0.13824,0.57301,483.1314,1457.2871
3.4667,9970.2765,1.492,239.3339,6.6578,0.091906,-0.011607,4.5962,89.9843,-0.12934,6.4746,4.9298,18.0278,-41.0144,-0.028878,-0.67985,0.16453,9.8703e-08,0.0044267,0,71.934,0.13918,0.64355,483.1314,1457.2864
3.4708,9970.2765,1.492,239.3339,6.6578,0.091906,-0.011607,4.5962,89.9843,-0.12934,6.4746,4.9298,18.0278,-41.0144,-0.028878,-0.67985,0.16453,9.8703e-08,0.0044267,0,71.934,0.13878,0.56391,483.1314,1457.2864
3.475,9970.2892,1.5649,239.3322,6.6586,0.078167,0.026694,4.2808,89.9832,-0.050205,6.4664,4.9848,4.1219,-36.9678,-0.028678,-1.5916,0.17157,9.9105e-08,0.0044374,0,72.0735,0.13964,0.62791,483.1313,1457.2857
3.4782,9970.2892,1.5649,239.3322,6.6586,0.078167,0.026694,4.2808,89.9832,-0.050205,6.4664,4.9848,4.1219,-36.9678,-0.028678,-1.5916,0.17157,9.9105e-08,0.0044374,0,72.0735,0.13934,0.56888,483.1313,1457.2857
3.4782,9970.2892,1.5649,239.3322,6.6586,0.078167,0.026694,4.2808,89.9832,-0.050205,6.4664,4.9848,4.1219,-36.9678,-0.028678,-1.5916,0.17157,9.9105e-08,0.0044374,0,72.0735,0.13934,0.56888,483.1313,1457.2857
3.4833,9970.3026,1.6376,239.3307,6.6593,0.064416,0.062368,3.5304,89.9828,0.032297,6.4581,5.0291,-3.7249,-34.6759,-0.028467,-1.5611,0.17511,9.9507e-08,0.004448,0,72.2133,0.14004,0.61192,483.1313,1457.2849
3.4885,9970.3026,1.6376,239.3307,6.6593,0.064416,0.062368,3.5304,89.9828,0.032297,6.4581,5.0291,-3.7249,-34.6759,-0.028467,-1.5611,0.17511,9.9507e-08,0.004448,0,72.2133,0.13956,0.53184,483.1313,1457.2849
3.4917,9970.3165,1.71,239.3294,6.6598,0.050674,0.091788,2.7948,89.9831,0.11648,6.4498,5.065,-3.2361,-34.7388,-0.028261,-1.5301,0.17371,9.9905e-08,0.0044586,0,72.3533,0.1404,0.59564,483.1312,1457.2842
3.5,9970.3311,1.7821,239.3282,6.6603,0.036967,0.11508,2.0739,89.984,0.19997,6.4413,5.0892,-3.0494,-34.801,-0.028063,-1.4966,0.15649,1.003e-07,0.0044693,0,72.4937,0.14074,0.57894,483.1312,1457.2833
3.5083,9970.3462,1.854,239.3271,6.6606,0.023335,0.13236,1.3681,89.9857,0.27518,6.4328,5.0747,-3.8264,-34.8677,-0.027918,-1.461,0.12454,1.0068e-07,0.0044799,0,72.1562,0.14111,0.56177,483.1311,1457.2825
3.5167,9970.362,1.9253,239.3252,6.6608,0.0098017,0.14376,0.67742,89.988,0.33502,6.4243,4.8752,-5.5026,-34.9352,-0.027812,-1.4249,0.085982,1.0104e-07,0.0044906,0,71.8207,0.14148,0.61216,483.1311,1457.2816
3.525,9970.3783,1.9963,239.3229,6.6609,-0.0036173,0.14941,0.0018844,89.9908,0.37631,6.4156,4.6628,-7.5841,-34.9998,-0.027741,-1.389,0.044793,1.014e-07,0.0045012,0,71.4875,0.14188,0.66825,483.131,1457.2807
3.5333,9970.3952,2.0668,239.3201,6.6608,-0.016918,0.14942,-0.6588,89.9939,0.39781,6.407,4.4472,-9.8301,-35.0594,-0.027652,-1.3538,0.0038605,1.0174e-07,0.0045118,0,71.6254,0.14233,0.72608,483.131,1457.2797
3.5417,9970.4127,2.137,239.3178,6.6607,-0.030088,0.14393,-1.305,89.9972,0.39964,6.3982,4.374,-12.0653,-35.1153,-0.027567,-1.32,-0.034493,1.0206e-07,0.0045225,0,71.7636,0.14286,0.72069,483.1309,1457.2787
3.55,9970.4308,2.207,239.3156,6.6605,-0.043137,0.13306,-1.9372,90.0006,0.38303,6.3894,4.3077,-14.1489,-35.1648,-0.027489,-1.2876,-0.068774,1.0237e-07,0.0045331,0,71.9021,0.14346,0.70901,483.1308,1457.2777
3.5583,9970.4495,2.2767,239.3136,6.6601,-0.056087,0.11691,-2.5558,90.0038,0.34996,6.3805,4.2521,-15.99,-35.2068,-0.027434,-1.2569,-0.09814,1.0266e-07,0.0045438,0,72.041,0.1441,0.69443,483.1308,1457.2766
3.5667,9970.4688,2.3461,239.3117,6.6597,-0.068979,0.095616,-3.1614,90.0067,0.30278,6.3715,4.209,-17.5374,-35.2396,-0.027385,-1.2278,-0.12224,1.0294e-07,0.0045544,0,72.1801,0.14475,0.67846,483.1307,1457.2756
3.5669,9970.4688,2.3461,239.3117,6.6597,-0.068979,0.095616,-3.1614,90.0067,0.30278,6.3715,4.209,-17.5374,-35.2396,-0.027385,-1.2278,-0.12224,1.0294e-07,0.0045544,0,72.1801,0.14473,0.67308,483.1307,1457.2756
3.5669,9970.4688,2.3461,239.3117,6.6597,-0.068979,0.095616,-3.1614,90.0067,0.30278,6.3715,4.209,-17.5374,-35.2396,-0.027385,-1.2278,-0.12224,1.0294e-07,0.0045544,0,72.1801,0.14473,0.67308,483.1307,1457.2756
3.575,9970.4886,2.4152,239.31,6.6591,-0.081845,0.069271,-3.7545,90.0092,0.24404,6.3625,4.1792,-18.7696,-35.2644,-0.027316,-1.1703,-0.1411,1.0321e-07,0.004565,0,72.3196,0.14537,0.66176,483.1306,1457.2744
3.5797,9970.4886,2.4152,239.31,6.6591,-0.081845,0.069271,-3.7545,90.0092,0.24404,6.3625,4.1792,-18.7696,-35.2644,-0.027316,-1.1703,-0.1411,1.0321e-07,0.004565,0,72.3196,0.14503,0.5763,483.1306,1457.2744
3.5797,9970.4886,2.4152,239.31,6.6591,-0.081845,0.069271,-3.7545,90.0092,0.24404,6.3625,4.1792,-18.7696,-35.2644,-0.027316,-1.1703,-0.1411,1.0321e-07,0.004565,0,72.3196,0.14503,0.5763,483.1306,1457.2744
3.5833,9970.509,2.484,239.3084,6.6584,-0.09471,0.037984,-4.3211,90.0112,0.17626,6.3533,4.1609,-19.4151,-35.3581,-0.027207,-0.75718,-0.15503,1.0346e-07,0.0045757,0,72.4594,0.14594,0.64507,483.1306,1457.2733
3.5869,9970.509,2.484,239.3084,6.6584,-0.09471,0.037984,-4.3211,90.0112,0.17626,6.3533,4.1609,-19.4151,-35.3581,-0.027207,-0.75718,-0.15503,1.0346e-07,0.0045757,0,72.4594,0.14569,0.58271,483.1306,1457.2733
3.5904,9970.509,2.484,239.3084,6.6584,-0.09471,0.037984,-4.3211,90.0112,0.17626,6.3533,4.1609,-19.4151,-35.3581,-0.027207,-0.75718,-0.15503,1.0346e-07,0.0045757,0,72.4594,0.14544,0.53979,483.1306,1457.2733
3.5904,9970.509,2.484,239.3084,6.6584,-0.09471,0.037984,-4.3211,90.0112,0.17626,6.3533,4.1609,-19.4151,-35.3581,-0.027207,-0.75718,-0.15503,1.0346e-07,0.0045757,0,72.4594,0.14544,0.53979,483.1306,1457.2733
3.5917,9970.53,2.5526,239.307,6.6577,-0.10759,0.0019751,-4.6912,90.0127,0.1018,6.3441,4.1533,-16.5266,-36.3442,-0.027045,1.4767,-0.16451,1.0371e-07,0.0045863,0,72.5994,0.14644,0.62865,483.1305,1457.2721
3.5919,9970.53,2.5526,239.307,6.6577,-0.10759,0.0019751,-4.6912,90.0127,0.1018,6.3441,4.1533,-16.5266,-36.3442,-0.027045,1.4767,-0.16451,1.0371e-07,0.0045863,0,72.5994,0.14642,0.62343,483.1305,1457.2721
3.5919,9970.53,2.5526,239.307,6.6577,-0.10759,0.0019751,-4.6912,90.0127,0.1018,6.3441,4.1533,-16.5266,-36.3442,-0.027045,1.4767,-0.16451,1.0371e-07,0.0045863,0,72.5994,0.14642,0.62343,483.1305,1457.2721
3.5932,9970.53,2.5526,239.307,6.6577,-0.10759,0.0019751,-4.6912,90.0127,0.1018,6.3441,4.1533,-16.5266,-36.3442,-0.027045,1.4767,-0.16451,1.0371e-07,0.0045863,0,72.5994,0.14633,0.60226,483.1305,1457.2721
3.5944,9970.53,2.5526,239.307,6.6577,-0.10759,0.0019751,-4.6912,90.0127,0.1018,6.3441,4.1533,-16.5266,-36.3442,-0.027045,1.4767,-0.16451,1.0371e-07,0.0045863,0,72.5994,0.14625,0.58354,483.1305,1457.2721
3.5968,9970.53,2.5526,239.307,6.6577,-0.10759,0.0019751,-4.6912,90.0127,0.1018,6.3441,4.1533,-16.5266,-36.3442,-0.027045,1.4767,-0.16451,1.0371e-07,0.0045863,0,72.5994,0.14608,0.55239,483.1305,1457.2721
3.6,9970.5516,2.6208,239.3057,6.6568,-0.12048,-0.037118,-3.9953,90.0136,0.022805,6.3349,4.1563,3.1543,-41.9094,-0.026825,1.5792,-0.17005,1.0396e-07,0.0045969,0,72.7397,0.14687,0.61198,483.1304,1457.2709
3.6046,9970.5516,2.6208,239.3057,6.6568,-0.12048,-0.037118,-3.9953,90.0136,0.022805,6.3349,4.1563,3.1543,-41.9094,-0.026825,1.5792,-0.17005,1.0396e-07,0.0045969,0,72.7397,0.14655,0.54853,483.1304,1457.2709
3.6046,9970.5516,2.6208,239.3057,6.6568,-0.12048,-0.037118,-3.9953,90.0136,0.022805,6.3349,4.1563,3.1543,-41.9094,-0.026825,1.5792,-0.17005,1.0396e-07,0.0045969,0,72.7397,0.14655,0.54853,483.1304,1457.2709
3.6083,9970.5737,2.6887,239.3046,6.6558,-0.13338,-0.070412,-3.2508,90.0137,-0.058849,6.3255,4.1689,3.7378,-42.1491,-0.026606,1.5486,-0.17215,1.042e-07,0.0046076,0,72.8804,0.14724,0.59497,483.1303,1457.2696
3.612,9970.5737,2.6887,239.3046,6.6558,-0.13338,-0.070412,-3.2508,90.0137,-0.058849,6.3255,4.1689,3.7378,-42.1491,-0.026606,1.5486,-0.17215,1.042e-07,0.0046076,0,72.8804,0.147,0.54828,483.1303,1457.2696
3.6167,9970.5964,2.7563,239.3036,6.6547,-0.14625,-0.097502,-2.521,90.0133,-0.14151,6.3161,4.1908,3.3286,-42.0544,-0.026404,1.5174,-0.16847,1.0445e-07,0.0046182,0,72.8386,0.14757,0.57762,483.1302,1457.2683
3.625,9970.6196,2.8235,239.3024,6.6535,-0.15907,-0.11851,-1.8058,90.0121,-0.22241,6.3066,4.1668,3.2739,-41.9558,-0.026236,1.4828,-0.14412,1.0471e-07,0.0046289,0,72.5008,0.14788,0.58771,483.1302,1457.267
3.6333,9970.6435,2.8902,239.3005,6.6522,-0.17182,-0.13356,-1.1058,90.0102,-0.29162,6.2971,4.1065,4.4804,-41.8454,-0.026098,1.447,-0.1094,1.0498e-07,0.0046395,0,72.1652,0.14817,0.64081,483.1301,1457.2657
3.6417,9970.6678,2.9564,239.2982,6.6507,-0.18446,-0.14277,-0.42106,90.0078,-0.34415,6.2875,4.0756,6.322,-41.7284,-0.025959,1.411,-0.070156,1.0526e-07,0.0046501,0,71.8317,0.14848,0.69804,483.13,1457.2643
3.65,9970.6927,3.0223,239.2959,6.6492,-0.19696,-0.14628,0.24873,90.0049,-0.37783,6.2779,4.1327,8.4448,-41.6091,-0.02581,1.3754,-0.029344,1.0556e-07,0.0046608,0,71.9703,0.14886,0.72285,483.1299,1457.2629
3.6583,9970.7182,3.0879,239.2938,6.6476,-0.2093,-0.14421,0.90382,90.0018,-0.39191,6.2683,4.2632,10.6688,-41.4892,-0.025674,1.3409,0.010235,1.0587e-07,0.0046714,0,72.1093,0.14934,0.71358,483.1298,1457.2615
3.6667,9970.7442,3.1532,239.292,6.6458,-0.2215,-0.13668,1.5446,89.9985,-0.38698,6.2585,4.3914,12.8242,-41.3683,-0.025566,1.3077,0.046611,1.062e-07,0.0046821,0,72.2486,0.14991,0.69973,483.1297,1457.26
3.675,9970.7707,3.2181,239.2903,6.644,-0.23357,-0.12381,2.1716,89.9953,-0.3646,6.2487,4.5122,14.7911,-41.246,-0.025494,1.276,0.078594,1.0654e-07,0.0046927,0,72.3882,0.15054,0.68372,483.1296,1457.2585
3.6833,9970.7978,3.2827,239.2887,6.6421,-0.24556,-0.10571,2.7852,89.9922,-0.32688,6.2388,4.6226,16.4972,-41.1221,-0.025442,1.246,0.10555,1.0689e-07,0.0047033,0,72.5281,0.15119,0.66666,483.1295,1457.257
3.6917,9970.8255,3.347,239.2873,6.64,-0.2575,-0.082499,3.386,89.9895,-0.27623,6.2289,4.7208,17.9037,-40.9975,-0.025392,1.2177,0.12728,1.0726e-07,0.004714,0,72.6682,0.15183,0.64902,483.1294,1457.2554
3.695,9970.8255,3.347,239.2873,6.64,-0.2575,-0.082499,3.386,89.9895,-0.27623,6.2289,4.7208,17.9037,-40.9975,-0.025392,1.2177,0.12728,1.0726e-07,0.004714,0,72.6682,0.15166,0.59568,483.1294,1457.2554
3.695,9970.8255,3.347,239.2873,6.64,-0.2575,-0.082499,3.386,89.9895,-0.27623,6.2289,4.7208,17.9037,-40.9975,-0.025392,1.2177,0.12728,1.0726e-07,0.004714,0,72.6682,0.15166,0.59568,483.1294,1457.2554
3.7,9970.8536,3.4109,239.2861,6.6379,-0.26943,-0.054283,3.9745,89.9872,-0.21516,6.2189,4.8058,18.9989,-40.8733,-0.025307,1.0329,0.14395,1.0764e-07,0.0047246,0,72.8087,0.15242,0.63091,483.1293,1457.2538
3.7021,9970.8536,3.4109,239.2861,6.6379,-0.26943,-0.054283,3.9745,89.9872,-0.21516,6.2189,4.8058,18.9989,-40.8733,-0.025307,1.0329,0.14395,1.0764e-07,0.0047246,0,72.8087,0.15232,0.59903,483.1293,1457.2538
3.7021,9970.8536,3.4109,239.2861,6.6379,-0.26943,-0.054283,3.9745,89.9872,-0.21516,6.2189,4.8058,18.9989,-40.8733,-0.025307,1.0329,0.14395,1.0764e-07,0.0047246,0,72.8087,0.15232,0.59903,483.1293,1457.2538
3.7071,9970.8536,3.4109,239.2861,6.6379,-0.26943,-0.054283,3.9745,89.9872,-0.21516,6.2189,4.8058,18.9989,-40.8733,-0.025307,1.0329,0.14395,1.0764e-07,0.0047246,0,72.8087,0.15208,0.54708,483.1293,1457.2538
3.7083,9970.8823,3.4745,239.285,6.6357,-0.28137,-0.021162,4.4756,89.9854,-0.14612,6.2089,4.8757,18.3581,-40.3586,-0.025175,-0.097356,0.15592,1.0803e-07,0.0047352,0,72.9494,0.15294,0.61346,483.1292,1457.2522
3.7145,9970.8823,3.4745,239.285,6.6357,-0.28137,-0.021162,4.4756,89.9854,-0.14612,6.2089,4.8757,18.3581,-40.3586,-0.025175,-0.097356,0.15592,1.0803e-07,0.0047352,0,72.9494,0.15266,0.54603,483.1292,1457.2522
3.7167,9970.9115,3.5378,239.2841,6.6333,-0.29331,0.016134,4.4378,89.9842,-0.07137,6.1988,4.9329,8.8421,-37.4927,-0.024978,-1.596,0.16364,1.0842e-07,0.0047459,0,73.0904,0.1534,0.59589,483.1291,1457.2505
3.7183,9970.9115,3.5378,239.2841,6.6333,-0.29331,0.016134,4.4378,89.9842,-0.07137,6.1988,4.9329,8.8421,-37.4927,-0.024978,-1.596,0.16364,1.0842e-07,0.0047459,0,73.0904,0.15333,0.57698,483.1291,1457.2505
3.7183,9970.9115,3.5378,239.2841,6.6333,-0.29331,0.016134,4.4378,89.9842,-0.07137,6.1988,4.9329,8.8421,-37.4927,-0.024978,-1.596,0.16364,1.0842e-07,0.0047459,0,73.0904,0.15333,0.57698,483.1291,1457.2505
3.725,9970.9413,3.6008,239.2833,6.6309,-0.30527,0.053116,3.6848,89.9836,0.0070837,6.1886,4.9788,-4.2824,-33.7254,-0.024771,-1.5656,0.16781,1.0881e-07,0.0047565,0,72.942,0.15378,0.57806,483.129,1457.2489
3.7313,9970.9413,3.6008,239.2833,6.6309,-0.30527,0.053116,3.6848,89.9836,0.0070837,6.1886,4.9788,-4.2824,-33.7254,-0.024771,-1.5656,0.16781,1.0881e-07,0.0047565,0,72.942,0.15351,0.52755,483.129,1457.2489
3.7313,9970.9413,3.6008,239.2833,6.6309,-0.30527,0.053116,3.6848,89.9836,0.0070837,6.1886,4.9788,-4.2824,-33.7254,-0.024771,-1.5656,0.16781,1.0881e-07,0.0047565,0,72.942,0.15351,0.52755,483.129,1457.2489
3.7333,9970.9715,3.6633,239.2821,6.6284,-0.31721,0.083823,2.9466,89.9837,0.087561,6.1783,4.9162,-3.7502,-33.7797,-0.024583,-1.5348,0.16779,1.092e-07,0.0047672,0,72.604,0.15408,0.60545,483.1289,1457.2472
3.7353,9970.9715,3.6633,239.2821,6.6284,-0.31721,0.083823,2.9466,89.9837,0.087561,6.1783,4.9162,-3.7502,-33.7797,-0.024583,-1.5348,0.16779,1.092e-07,0.0047672,0,72.604,0.154,0.58152,483.1289,1457.2472
3.7393,9970.9715,3.6633,239.2821,6.6284,-0.31721,0.083823,2.9466,89.9837,0.087561,6.1783,4.9162,-3.7502,-33.7797,-0.024583,-1.5348,0.16779,1.092e-07,0.0047672,0,72.604,0.15384,0.54592,483.1289,1457.2472
3.7417,9971.0023,3.7253,239.2802,6.6257,-0.32914,0.10838,2.2231,89.9844,0.16805,6.1681,4.7929,-3.4748,-33.832,-0.024403,-1.5024,0.15642,1.0959e-07,0.0047778,0,72.268,0.15429,0.66044,483.1288,1457.2454
3.75,9971.0336,3.7867,239.2779,6.623,-0.34101,0.1269,1.5144,89.9858,0.2431,6.1578,4.6444,-3.8911,-33.8864,-0.024187,-1.4674,0.12807,1.0996e-07,0.0047884,0,72.3817,0.15448,0.7186,483.1287,1457.2437
3.7583,9971.0654,3.8479,239.2761,6.6202,-0.35276,0.13952,0.82084,89.9878,0.30455,6.1474,4.5996,-5.3429,-33.9482,-0.023958,-1.4316,0.092055,1.1032e-07,0.0047991,0,72.5211,0.15472,0.71206,483.1286,1457.2419
3.7667,9971.0977,3.9088,239.2744,6.6172,-0.36435,0.14636,0.14239,89.9904,0.34872,6.137,4.5363,-7.2645,-34.0111,-0.023737,-1.3959,0.052886,1.1067e-07,0.0048097,0,72.6608,0.15507,0.69918,483.1285,1457.24
3.775,9971.1306,3.9692,239.2729,6.6142,-0.37576,0.14755,-0.5212,89.9933,0.3741,6.1266,4.4661,-9.3826,-34.071,-0.023565,-1.361,0.013303,1.1101e-07,0.0048203,0,72.8008,0.15552,0.68332,483.1283,1457.2382
3.7833,9971.1639,4.0294,239.2715,6.6111,-0.38699,0.14321,-1.1703,89.9964,0.3805,6.1161,4.396,-11.5309,-34.1241,-0.023443,-1.3271,-0.024257,1.1133e-07,0.004831,0,72.9411,0.15608,0.666,483.1282,1457.2363
3.7917,9971.1977,4.0891,239.2703,6.6079,-0.3981,0.13345,-1.8053,89.9996,0.36888,6.1055,4.3319,-13.5615,-34.1686,-0.023368,-1.2947,-0.058176,1.1164e-07,0.0048416,0,73.0816,0.15671,0.6479,483.1281,1457.2344
3.8,9971.232,4.1485,239.2693,6.6046,-0.4091,0.11841,-2.4267,90.0026,0.34099,6.0949,4.2776,-15.3759,-34.2036,-0.023326,-1.2639,-0.087518,1.1193e-07,0.0048522,0,73.2225,0.15737,0.62934,483.128,1457.2324
3.8083,9971.2669,4.2076,239.2684,6.6012,-0.42005,0.098187,-3.035,90.0055,0.29906,6.0843,4.2353,-16.9173,-34.2296,-0.023293,-1.2346,-0.11184,1.1221e-07,0.0048629,0,73.3636,0.15802,0.61044,483.1279,1457.2305
3.8167,9971.3022,4.2663,239.2677,6.5977,-0.43097,0.072895,-3.6307,90.008,0.24547,6.0736,4.2056,-18.1588,-34.2474,-0.023241,-1.207,-0.1311,1.1247e-07,0.0048735,0,73.5049,0.15863,0.59127,483.1277,1457.2285
3.8199,9971.3022,4.2663,239.2677,6.5977,-0.43097,0.072895,-3.6307,90.008,0.24547,6.0736,4.2056,-18.1588,-34.2474,-0.023241,-1.207,-0.1311,1.1247e-07,0.0048735,0,73.5049,0.15855,0.56382,483.1277,1457.2285
3.8199,9971.3022,4.2663,239.2677,6.5977,-0.43097,0.072895,-3.6307,90.008,0.24547,6.0736,4.2056,-18.1588,-34.2474,-0.023241,-1.207,-0.1311,1.1247e-07,0.0048735,0,73.5049,0.15855,0.56382,483.1277,1457.2285
3.8242,9971.3022,4.2663,239.2677,6.5977,-0.43097,0.072895,-3.6307,90.008,0.24547,6.0736,4.2056,-18.1588,-34.2474,-0.023241,-1.207,-0.1311,1.1247e-07,0.0048735,0,73.5049,0.15844,0.53854,483.1277,1457.2285
3.8242,9971.3022,4.2663,239.2677,6.5977,-0.43097,0.072895,-3.6307,90.008,0.24547,6.0736,4.2056,-18.1588,-34.2474,-0.023241,-1.207,-0.1311,1.1247e-07,0.0048735,0,73.5049,0.15844,0.53854,483.1277,1457.2285
3.825,9971.338,4.3247,239.2672,6.5941,-0.44189,0.04264,-4.2142,90.01,0.18269,6.0628,4.1876,-19.0972,-34.2589,-0.023175,-0.88731,-0.14553,1.1273e-07,0.0048842,0,73.165,0.15918,0.57209,483.1276,1457.2265
3.8258,9971.338,4.3247,239.2672,6.5941,-0.44189,0.04264,-4.2142,90.01,0.18269,6.0628,4.1876,-19.0972,-34.2589,-0.023175,-0.88731,-0.14553,1.1273e-07,0.0048842,0,73.165,0.15916,0.56617,483.1276,1457.2265
3.8273,9971.338,4.3247,239.2672,6.5941,-0.44189,0.04264,-4.2142,90.01,0.18269,6.0628,4.1876,-19.0972,-34.2589,-0.023175,-0.88731,-0.14553,1.1273e-07,0.0048842,0,73.165,0.15912,0.55565,483.1276,1457.2265
3.8304,9971.338,4.3247,239.2672,6.5941,-0.44189,0.04264,-4.2142,90.01,0.18269,6.0628,4.1876,-19.0972,-34.2589,-0.023175,-0.88731,-0.14553,1.1273e-07,0.0048842,0,73.165,0.15905,0.53905,483.1276,1457.2265
3.8304,9971.338,4.3247,239.2672,6.5941,-0.44189,0.04264,-4.2142,90.01,0.18269,6.0628,4.1876,-19.0972,-34.2589,-0.023175,-0.88731,-0.14553,1.1273e-07,0.0048842,0,73.165,0.15905,0.53905,483.1276,1457.2265
3.8333,9971.3743,4.3825,239.2659,6.5904,-0.45283,0.0075219,-4.6458,90.0115,0.11301,6.0521,4.0264,-17.0854,-35.0011,-0.023062,1.0331,-0.15557,1.1297e-07,0.0048948,0,72.827,0.15959,0.62338,483.1275,1457.2244
3.8362,9971.3743,4.3825,239.2659,6.5904,-0.45283,0.0075219,-4.6458,90.0115,0.11301,6.0521,4.0264,-17.0854,-35.0011,-0.023062,1.0331,-0.15557,1.1297e-07,0.0048948,0,72.827,0.15952,0.59096,483.1275,1457.2244
3.8417,9971.411,4.4398,239.264,6.5867,-0.46381,-0.031193,-4.1611,90.0125,0.038558,6.0413,3.8781,-0.28627,-39.7677,-0.02288,1.5839,-0.16164,1.1322e-07,0.0049054,0,72.4911,0.15987,0.68077,483.1273,1457.2223
3.8449,9971.411,4.4398,239.264,6.5867,-0.46381,-0.031193,-4.1611,90.0125,0.038558,6.0413,3.8781,-0.28627,-39.7677,-0.02288,1.5839,-0.16164,1.1322e-07,0.0049054,0,72.4911,0.15981,0.63021,483.1273,1457.2223
3.8449,9971.411,4.4398,239.264,6.5867,-0.46381,-0.031193,-4.1611,90.0125,0.038558,6.0413,3.8781,-0.28627,-39.7677,-0.02288,1.5839,-0.16164,1.1322e-07,0.0049054,0,72.4911,0.15981,0.63021,483.1273,1457.2223
3.85,9971.4482,4.4966,239.2617,6.5828,-0.4748,-0.065869,-3.4138,90.0128,-0.03883,6.0304,3.742,4.328,-41.1193,-0.022625,1.5534,-0.16447,1.1346e-07,0.0049161,0,72.6302,0.16005,0.74005,483.1272,1457.2202
3.8551,9971.4482,4.4966,239.2617,6.5828,-0.4748,-0.065869,-3.4138,90.0128,-0.03883,6.0304,3.742,4.328,-41.1193,-0.022625,1.5534,-0.16447,1.1346e-07,0.0049161,0,72.6302,0.15995,0.64371,483.1272,1457.2202
3.8583,9971.486,4.553,239.2599,6.5789,-0.48575,-0.094317,-2.6811,90.0125,-0.11762,6.0195,3.7594,3.8685,-41.02,-0.022334,1.5224,-0.16243,1.1371e-07,0.0049267,0,72.7695,0.1602,0.73416,483.1271,1457.2181
3.8667,9971.5241,4.6091,239.2582,6.5748,-0.49662,-0.11666,-1.9631,90.0115,-0.19547,6.0086,3.7895,3.7087,-40.9203,-0.022026,1.4887,-0.14323,1.1397e-07,0.0049373,0,72.9092,0.16037,0.72167,483.1269,1457.2159
3.875,9971.5628,4.6649,239.2567,6.5707,-0.50735,-0.13302,-1.2601,90.0099,-0.26413,5.9976,3.8631,4.597,-40.8135,-0.021748,1.4534,-0.1119,1.1424e-07,0.004948,0,73.0492,0.1606,0.70601,483.1268,1457.2138
3.8833,9971.6019,4.7202,239.2553,6.5665,-0.51791,-0.14352,-0.5723,90.0077,-0.31779,5.9866,3.9682,6.2271,-40.6996,-0.02151,1.4178,-0.075199,1.1452e-07,0.0049586,0,73.1895,0.16092,0.68876,483.1267,1457.2116
3.8917,9971.6414,4.7752,239.2541,6.5622,-0.5283,-0.14829,0.10056,90.005,-0.35386,5.9755,4.0879,8.1902,-40.5809,-0.021326,1.3826,-0.03644,1.1481e-07,0.0049692,0,73.33,0.16135,0.67061,483.1265,1457.2093
3.9,9971.6815,4.8297,239.2531,6.5578,-0.53853,-0.14745,0.75872,90.0021,-0.37135,5.9644,4.214,10.2845,-40.4578,-0.021198,1.3482,0.001676,1.1512e-07,0.0049799,0,73.4708,0.16188,0.65191,483.1264,1457.2071
3.9083,9971.7219,4.8839,239.2522,6.5533,-0.5486,-0.14113,1.4025,89.999,-0.37058,5.9533,4.3395,12.3461,-40.3312,-0.02112,1.315,0.037095,1.1544e-07,0.0049905,0,73.6119,0.16247,0.63281,483.1262,1457.2048
3.9167,9971.7629,4.9378,239.2516,6.5488,-0.55857,-0.12944,2.0325,89.9959,-0.35284,5.9421,4.4592,14.2503,-40.202,-0.021077,1.2834,0.068532,1.1577e-07,0.0050012,0,73.7533,0.16311,0.61339,483.1261,1457.2025
3.925,9971.8042,4.9912,239.251,6.5441,-0.56847,-0.1125,2.649,89.9929,-0.32005,5.9309,4.5696,15.9186,-40.0712,-0.02105,1.2533,0.095274,1.1613e-07,0.0050118,0,73.8949,0.16375,0.5937,483.1259,1457.2001
3.9333,9971.846,5.0443,239.2507,6.5394,-0.57833,-0.090427,3.2526,89.9903,-0.27447,5.9197,4.6685,17.3078,-39.9401,-0.02105,1.2248,0.11706,1.1649e-07,0.0050224,0,73.5544,0.16436,0.57375,483.1258,1457.1978
3.9355,9971.846,5.0443,239.2507,6.5394,-0.57833,-0.090427,3.2526,89.9903,-0.27447,5.9197,4.6685,17.3078,-39.9401,-0.02105,1.2248,0.11706,1.1649e-07,0.0050224,0,73.5544,0.16435,0.56248,483.1258,1457.1978
3.9355,9971.846,5.0443,239.2507,6.5394,-0.57833,-0.090427,3.2526,89.9903,-0.27447,5.9197,4.6685,17.3078,-39.9401,-0.02105,1.2248,0.11706,1.1649e-07,0.0050224,0,73.5544,0.16435,0.56248,483.1258,1457.1978
3.9417,9971.8883,5.0968,239.2495,6.5346,-0.58818,-0.063323,3.8438,89.988,-0.21848,5.9084,4.6005,18.4015,-39.8077,-0.021021,1.1148,0.13396,1.1686e-07,0.0050331,0,73.2158,0.16485,0.62407,483.1256,1457.1954
3.9423,9971.8883,5.0968,239.2495,6.5346,-0.58818,-0.063323,3.8438,89.988,-0.21848,5.9084,4.6005,18.4015,-39.8077,-0.021021,1.1148,0.13396,1.1686e-07,0.0050331,0,73.2158,0.16485,0.61715,483.1256,1457.1954
3.9423,9971.8883,5.0968,239.2495,6.5346,-0.58818,-0.063323,3.8438,89.988,-0.21848,5.9084,4.6005,18.4015,-39.8077,-0.021021,1.1148,0.13396,1.1686e-07,0.0050331,0,73.2158,0.16485,0.61715,483.1256,1457.1954
3.9484,9971.8883,5.0968,239.2495,6.5346,-0.58818,-0.063323,3.8438,89.988,-0.21848,5.9084,4.6005,18.4015,-39.8077,-0.021021,1.1148,0.13396,1.1686e-07,0.0050331,0,73.2158,0.16483,0.57254,483.1256,1457.1954
3.9486,9971.8883,5.0968,239.2495,6.5346,-0.58818,-0.063323,3.8438,89.988,-0.21848,5.9084,4.6005,18.4015,-39.8077,-0.021021,1.1148,0.13396,1.1686e-07,0.0050331,0,73.2158,0.16483,0.57188,483.1256,1457.1954
3.9486,9971.8883,5.0968,239.2495,6.5346,-0.58818,-0.063323,3.8438,89.988,-0.21848,5.9084,4.6005,18.4015,-39.8077,-0.021021,1.1148,0.13396,1.1686e-07,0.0050331,0,73.2158,0.16483,0.57188,483.1256,1457.1954
3.95,9971.931,5.1488,239.2479,6.5297,-0.59807,-0.031291,4.3834,89.9862,-0.15443,5.8971,4.5209,18.4515,-39.4708,-0.020938,0.28542,0.14629,1.1725e-07,0.0050437,0,72.8792,0.16522,0.68114,483.1255,1457.193
3.9514,9971.931,5.1488,239.2479,6.5297,-0.59807,-0.031291,4.3834,89.9862,-0.15443,5.8971,4.5209,18.4515,-39.4708,-0.020938,0.28542,0.14629,1.1725e-07,0.0050437,0,72.8792,0.16522,0.66003,483.1255,1457.193
3.9542,9971.931,5.1488,239.2479,6.5297,-0.59807,-0.031291,4.3834,89.9862,-0.15443,5.8971,4.5209,18.4515,-39.4708,-0.020938,0.28542,0.14629,1.1725e-07,0.0050437,0,72.8792,0.16522,0.62587,483.1255,1457.193
3.9583,9971.9741,5.2003,239.2458,6.5247,-0.60797,0.0052366,4.5276,89.9849,-0.084514,5.8858,4.4307,11.6884,-37.3444,-0.020725,-1.5975,0.15446,1.1764e-07,0.0050543,0,73.0185,0.16547,0.74052,483.1253,1457.1905
3.9587,9971.9741,5.2003,239.2458,6.5247,-0.60797,0.0052366,4.5276,89.9849,-0.084514,5.8858,4.4307,11.6884,-37.3444,-0.020725,-1.5975,0.15446,1.1764e-07,0.0050543,0,73.0185,0.16547,0.73338,483.1253,1457.1905
3.9587,9971.9741,5.2003,239.2458,6.5247,-0.60797,0.0052366,4.5276,89.9849,-0.084514,5.8858,4.4307,11.6884,-37.3444,-0.020725,-1.5975,0.15446,1.1764e-07,0.0050543,0,73.0185,0.16547,0.73338,483.1253,1457.1905
3.9667,9972.0177,5.2514,239.2441,6.5197,-0.61787,0.042966,3.7733,89.9842,-0.0107,5.8745,4.4752,-4.8903,-32.6117,-0.020429,-1.5671,0.15905,1.1803e-07,0.005065,0,73.1582,0.16566,0.73432,483.1252,1457.1881
3.9713,9972.0177,5.2514,239.2441,6.5197,-0.61787,0.042966,3.7733,89.9842,-0.0107,5.8745,4.4752,-4.8903,-32.6117,-0.020429,-1.5671,0.15905,1.1803e-07,0.005065,0,73.1582,0.16567,0.6569,483.1252,1457.1881
3.9713,9972.0177,5.2514,239.2441,6.5197,-0.61787,0.042966,3.7733,89.9842,-0.0107,5.8745,4.4752,-4.8903,-32.6117,-0.020429,-1.5671,0.15905,1.1803e-07,0.005065,0,73.1582,0.16567,0.6569,483.1252,1457.1881
3.975,9972.0616,5.3022,239.2426,6.5145,-0.62771,0.07441,3.0336,89.9841,0.065376,5.8631,4.5105,-4.3278,-32.6655,-0.020108,-1.5366,0.16006,1.1842e-07,0.0050756,0,73.2982,0.16583,0.72148,483.125,1457.1856
3.9787,9972.0616,5.3022,239.2426,6.5145,-0.62771,0.07441,3.0336,89.9841,0.065376,5.8631,4.5105,-4.3278,-32.6655,-0.020108,-1.5366,0.16006,1.1842e-07,0.0050756,0,73.2982,0.16585,0.6616,483.125,1457.1856
3.9833,9972.106,5.3525,239.2413,6.5093,-0.63748,0.09969,2.3087,89.9846,0.142,5.8517,4.5374,-3.9852,-32.7195,-0.0198,-1.5049,0.15262,1.1881e-07,0.0050862,0,73.4384,0.16602,0.7056,483.1249,1457.1831
3.9917,9972.1508,5.4025,239.2402,6.504,-0.64713,0.11893,1.5984,89.9858,0.2151,5.8402,4.544,-4.1584,-32.7743,-0.019516,-1.4704,0.12718,1.1918e-07,0.0050969,0,73.5789,0.16623,0.68812,483.1247,1457.1806
4,9972.1961,5.4521,239.2392,6.4986,-0.65664,0.13225,0.90324,89.9876,0.27604,5.8287,4.5067,-5.4295,-32.8335,-0.019275,-1.435,0.093674,1.1955e-07,0.0051075,0,73.7197,0.16651,0.6697,483.1245,1457.178
4.0083,9972.2417,5.5012,239.2383,6.4932,-0.66598,0.13978,0.22311,89.9899,0.32094,5.8172,4.4503,-7.1948,-32.891,-0.019078,-1.3998,0.05672,1.1991e-07,0.0051181,0,73.8608,0.16688,0.65067,483.1244,1457.1754
4.0167,9972.2878,5.55,239.2377,6.4876,-0.67517,0.14163,-0.44219,89.9926,0.34815,5.8057,4.3865,-9.1744,-32.9439,-0.018932,-1.3651,0.018938,1.2025e-07,0.0051288,0,74.0022,0.16733,0.63117,483.1242,1457.1728
4.025,9972.3342,5.5984,239.2372,6.482,-0.68421,0.13795,-1.093,89.9955,0.35727,5.7942,4.3218,-11.2095,-32.9902,-0.018832,-1.3315,-0.01722,1.2058e-07,0.0051394,0,74.1438,0.16786,0.61131,483.1241,1457.1702
4.0333,9972.3811,5.6464,239.2369,6.4763,-0.69313,0.12884,-1.7297,89.9985,0.34908,5.7826,4.262,-13.1511,-33.0285,-0.018769,-1.2992,-0.050099,1.2089e-07,0.0051501,0,74.182,0.16844,0.59113,483.1239,1457.1676
4.0417,9972.4283,5.694,239.2368,6.4705,-0.70195,0.11443,-2.3527,90.0014,0.32516,5.771,4.2112,-14.8988,-33.0584,-0.01876,-1.2684,-0.078727,1.2119e-07,0.0051607,0,73.8409,0.16903,0.57067,483.1237,1457.1649
4.05,9972.476,5.741,239.2359,6.4647,-0.71074,0.094822,-2.9626,90.0041,0.28756,5.7594,4.0158,-16.3933,-33.0781,-0.018763,-1.2392,-0.10262,1.2148e-07,0.0051713,0,73.5017,0.16955,0.62102,483.1236,1457.1622
4.0583,9972.524,5.7874,239.2344,6.4588,-0.71951,0.070134,-3.5598,90.0065,0.23855,5.7477,3.8348,-17.6049,-33.0896,-0.018743,-1.2115,-0.12167,1.2176e-07,0.005182,0,73.1644,0.16997,0.67753,483.1234,1457.1595
4.0609,9972.524,5.7874,239.2344,6.4588,-0.71951,0.070134,-3.5598,90.0065,0.23855,5.7477,3.8348,-17.6049,-33.0896,-0.018743,-1.2115,-0.12167,1.2176e-07,0.005182,0,73.1644,0.17001,0.64734,483.1234,1457.1595
4.0609,9972.524,5.7874,239.2344,6.4588,-0.71951,0.070134,-3.5598,90.0065,0.23855,5.7477,3.8348,-17.6049,-33.0896,-0.018743,-1.2115,-0.12167,1.2176e-07,0.005182,0,73.1644,0.17001,0.64734,483.1234,1457.1595
4.0658,9972.524,5.7874,239.2344,6.4588,-0.71951,0.070134,-3.5598,90.0065,0.23855,5.7477,3.8348,-17.6049,-33.0896,-0.018743,-1.2115,-0.12167,1.2176e-07,0.005182,0,73.1644,0.17009,0.60788,483.1234,1457.1595
4.0658,9972.524,5.7874,239.2344,6.4588,-0.71951,0.070134,-3.5598,90.0065,0.23855,5.7477,3.8348,-17.6049,-33.0896,-0.018743,-1.2115,-0.12167,1.2176e-07,0.005182,0,73.1644,0.17009,0.60788,483.1234,1457.1595
4.0667,9972.5724,5.8334,239.2325,6.4528,-0.7283,0.040469,-4.1448,90.0085,0.18045,5.7361,3.6677,-18.5276,-33.0951,-0.018612,-0.92985,-0.13609,1.2203e-07,0.0051926,0,73.3041,0.17028,0.73616,483.1232,1457.1567
4.0675,9972.5724,5.8334,239.2325,6.4528,-0.7283,0.040469,-4.1448,90.0085,0.18045,5.7361,3.6677,-18.5276,-33.0951,-0.018612,-0.92985,-0.13609,1.2203e-07,0.0051926,0,73.3041,0.1703,0.72002,483.1232,1457.1567
4.0693,9972.5724,5.8334,239.2325,6.4528,-0.7283,0.040469,-4.1448,90.0085,0.18045,5.7361,3.6677,-18.5276,-33.0951,-0.018612,-0.92985,-0.13609,1.2203e-07,0.0051926,0,73.3041,0.17033,0.69177,483.1232,1457.1567
4.0712,9972.5724,5.8334,239.2325,6.4528,-0.7283,0.040469,-4.1448,90.0085,0.18045,5.7361,3.6677,-18.5276,-33.0951,-0.018612,-0.92985,-0.13609,1.2203e-07,0.0051926,0,73.3041,0.17037,0.66639,483.1232,1457.1567
4.0712,9972.5724,5.8334,239.2325,6.4528,-0.7283,0.040469,-4.1448,90.0085,0.18045,5.7361,3.6677,-18.5276,-33.0951,-0.018612,-0.92985,-0.13609,1.2203e-07,0.0051926,0,73.3041,0.17037,0.66639,483.1232,1457.1567
4.075,9972.6212,5.879,239.2311,6.4468,-0.73707,0.0059293,-4.5961,90.01,0.11551,5.7244,3.6573,-16.8577,-33.7415,-0.01839,0.82123,-0.14624,1.2229e-07,0.0052032,0,73.444,0.17055,0.72944,483.123,1457.154
4.0787,9972.6212,5.879,239.2311,6.4468,-0.73707,0.0059293,-4.5961,90.01,0.11551,5.7244,3.6573,-16.8577,-33.7415,-0.01839,0.82123,-0.14624,1.2229e-07,0.0052032,0,73.444,0.17062,0.67313,483.123,1457.154
4.0833,9972.6704,5.9242,239.2299,6.4406,-0.74581,-0.032371,-4.2118,90.0109,0.045743,5.7127,3.6571,-1.6036,-38.0849,-0.018076,1.5838,-0.15251,1.2255e-07,0.0052139,0,73.5843,0.17076,0.71622,483.1229,1457.1512
4.0855,9972.6704,5.9242,239.2299,6.4406,-0.74581,-0.032371,-4.2118,90.0109,0.045743,5.7127,3.6571,-1.6036,-38.0849,-0.018076,1.5838,-0.15251,1.2255e-07,0.0052139,0,73.5843,0.17081,0.68346,483.1229,1457.1512
4.0855,9972.6704,5.9242,239.2299,6.4406,-0.74581,-0.032371,-4.2118,90.0109,0.045743,5.7127,3.6571,-1.6036,-38.0849,-0.018076,1.5838,-0.15251,1.2255e-07,0.0052139,0,73.5843,0.17081,0.68346,483.1229,1457.1512
4.0917,9972.7199,5.969,239.2288,6.4344,-0.7545,-0.067469,-3.4638,90.0113,-0.027064,5.701,3.6664,4.9147,-39.9697,-0.017759,1.5533,-0.15559,1.2281e-07,0.0052245,0,73.7248,0.17096,0.69996,483.1227,1457.1484
4.0978,9972.7199,5.969,239.2288,6.4344,-0.7545,-0.067469,-3.4638,90.0113,-0.027064,5.701,3.6664,4.9147,-39.9697,-0.017759,1.5533,-0.15559,1.2281e-07,0.0052245,0,73.7248,0.17109,0.63247,483.1227,1457.1484
4.0988,9972.7199,5.969,239.2288,6.4344,-0.7545,-0.067469,-3.4638,90.0113,-0.027064,5.701,3.6664,4.9147,-39.9697,-0.017759,1.5533,-0.15559,1.2281e-07,0.0052245,0,73.7248,0.17111,0.62503,483.1227,1457.1484
4.0988,9972.7199,5.969,239.2288,6.4344,-0.7545,-0.067469,-3.4638,90.0113,-0.027064,5.701,3.6664,4.9147,-39.9697,-0.017759,1.5533,-0.15559,1.2281e-07,0.0052245,0,73.7248,0.17111,0.62503,483.1227,1457.1484
4.1,9972.7699,6.0134,239.2278,6.4281,-0.76312,-0.096333,-2.7304,90.0111,-0.10142,5.6893,3.6843,4.4366,-39.8705,-0.017455,1.5226,-0.15423,1.2307e-07,0.0052351,0,73.8656,0.17115,0.68219,483.1225,1457.1456
4.1012,9972.7699,6.0134,239.2278,6.4281,-0.76312,-0.096333,-2.7304,90.0111,-0.10142,5.6893,3.6843,4.4366,-39.8705,-0.017455,1.5226,-0.15423,1.2307e-07,0.0052351,0,73.8656,0.17117,0.66755,483.1225,1457.1456
4.1036,9972.7699,6.0134,239.2278,6.4281,-0.76312,-0.096333,-2.7304,90.0111,-0.10142,5.6893,3.6843,4.4366,-39.8705,-0.017455,1.5226,-0.15423,1.2307e-07,0.0052351,0,73.8656,0.17123,0.64315,483.1225,1457.1456
4.1083,9972.8202,6.0574,239.2271,6.4218,-0.77164,-0.11909,-2.0117,90.0102,-0.17519,5.6775,3.714,4.2321,-39.7684,-0.017176,1.4895,-0.13786,1.2335e-07,0.0052458,0,74.0067,0.17135,0.66349,483.1223,1457.1428
4.1167,9972.8708,6.101,239.2265,6.4154,-0.78005,-0.13585,-1.3079,90.0088,-0.24118,5.6657,3.7823,4.9444,-39.6578,-0.016931,1.4547,-0.10904,1.2363e-07,0.0052564,0,74.148,0.17159,0.64418,483.1221,1457.1399
4.125,9972.9218,6.1442,239.2261,6.4089,-0.78832,-0.14675,-0.61914,90.0068,-0.29339,5.6539,3.8827,6.4188,-39.5397,-0.016726,1.4195,-0.074658,1.2392e-07,0.005267,0,74.2896,0.17189,0.62437,483.122,1457.137
4.1333,9972.9732,6.187,239.2259,6.4023,-0.79642,-0.15191,0.05466,90.0043,-0.32917,5.6421,3.9983,8.2375,-39.4169,-0.016563,1.3847,-0.038115,1.2423e-07,0.0052777,0,74.4315,0.17228,0.60413,483.1218,1457.1341
4.1417,9973.025,6.2293,239.2258,6.3957,-0.80438,-0.15145,0.71378,90.0016,-0.34746,5.6303,4.1203,10.1939,-39.2904,-0.016468,1.3506,-0.0019442,1.2455e-07,0.0052883,0,74.0904,0.17274,0.58352,483.1216,1457.1312
4.15,9973.077,6.2711,239.2252,6.389,-0.81221,-0.1455,1.3586,89.9987,-0.34846,5.6185,4.1343,12.1342,-39.1595,-0.016429,1.3178,0.031839,1.2489e-07,0.0052989,0,73.7504,0.17323,0.61201,483.1214,1457.1282
4.1583,9973.1295,6.3124,239.2241,6.3822,-0.81995,-0.13418,1.9895,89.9958,-0.3333,5.6067,4.097,13.9357,-39.0253,-0.01642,1.2863,0.061949,1.2524e-07,0.0053096,0,73.4124,0.17369,0.66649,483.1212,1457.1253
4.1666,9973.1823,6.3531,239.2224,6.3754,-0.82763,-0.1176,2.607,89.993,-0.30376,5.5948,4.0535,15.5204,-38.8897,-0.016369,1.2563,0.087668,1.256e-07,0.0053202,0,73.0764,0.1741,0.72425,483.121,1457.1223
4.175,9973.2354,6.3935,239.2213,6.3685,-0.83526,-0.095879,3.2115,89.9905,-0.26194,5.583,4.148,16.8444,-38.757,-0.016275,1.2279,0.10871,1.2598e-07,0.0053308,0,73.2167,0.1745,0.7158,483.1208,1457.1193
4.1774,9973.2354,6.3935,239.2213,6.3685,-0.83526,-0.095879,3.2115,89.9905,-0.26194,5.583,4.148,16.8444,-38.757,-0.016275,1.2279,0.10871,1.2598e-07,0.0053308,0,73.2167,0.17458,0.68469,483.1208,1457.1193
4.1774,9973.2354,6.3935,239.2213,6.3685,-0.83526,-0.095879,3.2115,89.9905,-0.26194,5.583,4.148,16.8444,-38.757,-0.016275,1.2279,0.10871,1.2598e-07,0.0053308,0,73.2167,0.17458,0.68469,483.1208,1457.1193
4.1833,9973.2888,6.4335,239.2203,6.3616,-0.84285,-0.069117,3.8036,89.9883,-0.2101,5.5711,4.2306,17.8902,-38.6275,-0.016121,1.1434,0.12512,1.2637e-07,0.0053415,0,73.3572,0.17487,0.70092,483.1207,1457.1163
4.1835,9973.2888,6.4335,239.2203,6.3616,-0.84285,-0.069117,3.8036,89.9883,-0.2101,5.5711,4.2306,17.8902,-38.6275,-0.016121,1.1434,0.12512,1.2637e-07,0.0053415,0,73.3572,0.17488,0.69802,483.1207,1457.1163
4.1835,9973.2888,6.4335,239.2203,6.3616,-0.84285,-0.069117,3.8036,89.9883,-0.2101,5.5711,4.2306,17.8902,-38.6275,-0.016121,1.1434,0.12512,1.2637e-07,0.0053415,0,73.3572,0.17488,0.69802,483.1207,1457.1163
4.1895,9973.2888,6.4335,239.2203,6.3616,-0.84285,-0.069117,3.8036,89.9883,-0.2101,5.5711,4.2306,17.8902,-38.6275,-0.016121,1.1434,0.12512,1.2637e-07,0.0053415,0,73.3572,0.17509,0.64112,483.1207,1457.1163
4.1901,9973.2888,6.4335,239.2203,6.3616,-0.84285,-0.069117,3.8036,89.9883,-0.2101,5.5711,4.2306,17.8902,-38.6275,-0.016121,1.1434,0.12512,1.2637e-07,0.0053415,0,73.3572,0.17511,0.63679,483.1207,1457.1163
4.1901,9973.2888,6.4335,239.2203,6.3616,-0.84285,-0.069117,3.8036,89.9883,-0.2101,5.5711,4.2306,17.8902,-38.6275,-0.016121,1.1434,0.12512,1.2637e-07,0.0053415,0,73.3572,0.17511,0.63679,483.1207,1457.1163
4.1916,9973.3426,6.473,239.2195,6.3546,-0.85039,-0.037421,4.3561,89.9865,-0.15045,5.5592,4.2998,18.1377,-38.3583,-0.015925,0.33141,0.13719,1.2677e-07,0.0053521,0,73.4981,0.17521,0.68368,483.1205,1457.1132
4.1932,9973.3426,6.473,239.2195,6.3546,-0.85039,-0.037421,4.3561,89.9865,-0.15045,5.5592,4.2998,18.1377,-38.3583,-0.015925,0.33141,0.13719,1.2677e-07,0.0053521,0,73.4981,0.17527,0.6681,483.1205,1457.1132
4.1962,9973.3426,6.473,239.2195,6.3546,-0.85039,-0.037421,4.3561,89.9865,-0.15045,5.5592,4.2998,18.1377,-38.3583,-0.015925,0.33141,0.13719,1.2677e-07,0.0053521,0,73.4981,0.17538,0.64327,483.1205,1457.1132
4.2,9973.3426,6.473,239.2195,6.3546,-0.85039,-0.037421,4.3561,89.9865,-0.15045,5.5592,4.2998,18.1377,-38.3583,-0.015925,0.33141,0.13719,1.2677e-07,0.0053521,0,73.4981,0.17551,0.62128,483.1205,1457.1132
4.2,9973.3426,6.473,239.2195,6.3546,-0.85039,-0.037421,4.3561,89.9865,-0.15045,5.5592,4.2998,18.1377,-38.3583,-0.015925,0.33141,0.13719,1.2677e-07,0.0053521,0,73.4981,0.17551,0.62128,483.1205,1457.1132
4.2,9973.3967,6.5122,239.2189,6.3475,-0.8579,-0.0011205,4.5216,89.9853,-0.085093,5.5473,4.3567,11.516,-36.2793,-0.015677,-1.5951,0.14525,1.2718e-07,0.0053627,0,73.6392,0.17551,0.66541,483.1203,1457.1102
4.2,9973.3967,6.5122,239.2189,6.3475,-0.8579,-0.0011205,4.5216,89.9853,-0.085093,5.5473,4.3567,11.516,-36.2793,-0.015677,-1.5951,0.14525,1.2718e-07,0.0053627,0,73.6392,0.17551,0.66516,483.1203,1457.1102
4.2001,9973.3967,6.5122,239.2189,6.3475,-0.8579,-0.0011205,4.5216,89.9853,-0.085093,5.5473,4.3567,11.516,-36.2793,-0.015677,-1.5951,0.14525,1.2718e-07,0.0053627,0,73.6392,0.17551,0.66467,483.1203,1457.1102
4.2002,9973.3967,6.5122,239.2189,6.3475,-0.8579,-0.0011205,4.5216,89.9853,-0.085093,5.5473,4.3567,11.516,-36.2793,-0.015677,-1.5951,0.14525,1.2718e-07,0.0053627,0,73.6392,0.17551,0.66369,483.1203,1457.1102
4.2004,9973.3967,6.5122,239.2189,6.3475,-0.8579,-0.0011205,4.5216,89.9853,-0.085093,5.5473,4.3567,11.516,-36.2793,-0.015677,-1.5951,0.14525,1.2718e-07,0.0053627,0,73.6392,0.17552,0.66177,483.1203,1457.1102
4.2008,9973.3967,6.5122,239.2189,6.3475,-0.8579,-0.0011205,4.5216,89.9853,-0.085093,5.5473,4.3567,11.516,-36.2793,-0.015677,-1.5951,0.14525,1.2718e-07,0.0053627,0,73.6392,0.17554,0.65805,483.1203,1457.1102
4.2017,9973.3967,6.5122,239.2189,6.3475,-0.8579,-0.0011205,4.5216,89.9853,-0.085093,5.5473,4.3567,11.516,-36.2793,-0.015677,-1.5951,0.14525,1.2718e-07,0.0053627,0,73.6392,0.17557,0.65108,483.1203,1457.1102
4.2034,9973.3967,6.5122,239.2189,6.3475,-0.8579,-0.0011205,4.5216,89.9853,-0.085093,5.5473,4.3567,11.516,-36.2793,-0.015677,-1.5951,0.14525,1.2718e-07,0.0053627,0,73.6392,0.17564,0.63886,483.1203,1457.1102
4.2069,9973.3967,6.5122,239.2189,6.3475,-0.8579,-0.0011205,4.5216,89.9853,-0.085093,5.5473,4.3567,11.516,-36.2793,-0.015677,-1.5951,0.14525,1.2718e-07,0.0053627,0,73.6392,0.17577,0.62008,483.1203,1457.1102
4.2083,9973.4511,6.551,239.2185,6.3404,-0.86537,0.036559,3.7676,89.9846,-0.01589,5.5354,4.4026,-5.4605,-31.4375,-0.015398,-1.5648,0.14985,1.2759e-07,0.0053734,0,73.7806,0.17576,0.64642,483.1201,1457.1071
4.212,9973.4511,6.551,239.2185,6.3404,-0.86537,0.036559,3.7676,89.9846,-0.01589,5.5354,4.4026,-5.4605,-31.4375,-0.015398,-1.5648,0.14985,1.2759e-07,0.0053734,0,73.7806,0.1759,0.62468,483.1201,1457.1071
4.212,9973.4511,6.551,239.2185,6.3404,-0.86537,0.036559,3.7676,89.9846,-0.01589,5.5354,4.4026,-5.4605,-31.4375,-0.015398,-1.5648,0.14985,1.2759e-07,0.0053734,0,73.7806,0.1759,0.62468,483.1201,1457.1071
4.2166,9973.5059,6.5893,239.2182,6.3332,-0.8728,0.067955,3.0284,89.9844,0.055606,5.5235,4.44,-4.8947,-31.4878,-0.015132,-1.5344,0.15118,1.2799e-07,0.005384,0,73.9222,0.17598,0.62691,483.1199,1457.104
4.2213,9973.5059,6.5893,239.2182,6.3332,-0.8728,0.067955,3.0284,89.9844,0.055606,5.5235,4.44,-4.8947,-31.4878,-0.015132,-1.5344,0.15118,1.2799e-07,0.005384,0,73.9222,0.17616,0.60846,483.1199,1457.104
4.225,9973.5609,6.6273,239.2181,6.3259,-0.88016,0.093192,2.3037,89.9849,0.12783,5.5116,4.47,-4.5296,-31.5362,-0.01488,-1.503,0.14467,1.284e-07,0.0053946,0,74.0641,0.17618,0.60694,483.1197,1457.1009
4.2333,9973.6163,6.6648,239.2181,6.3186,-0.88745,0.11239,1.5937,89.986,0.19701,5.4996,4.4812,-4.6436,-31.5849,-0.014667,-1.4689,0.12097,1.2879e-07,0.0054053,0,73.8838,0.17639,0.58652,483.1195,1457.0978
4.2416,9973.672,6.7018,239.2178,6.3112,-0.89462,0.12567,0.89873,89.9876,0.25489,5.4877,4.3622,-5.8058,-31.6368,-0.014501,-1.434,0.089511,1.2918e-07,0.0054159,0,73.5433,0.1766,0.60601,483.1193,1457.0946
4.25,9973.728,6.7382,239.2168,6.3037,-0.90168,0.13316,0.21873,89.9897,0.29775,5.4758,4.1581,-7.4443,-31.6864,-0.014368,-1.3992,0.054718,1.2956e-07,0.0054265,0,73.2048,0.17682,0.65982,483.1191,1457.0915
4.2583,9973.7843,6.7741,239.2154,6.2962,-0.90861,0.13498,-0.44649,89.9922,0.32399,5.4639,3.9491,-9.2901,-31.7319,-0.014228,-1.3649,0.019076,1.2992e-07,0.0054372,0,72.8683,0.17705,0.71736,483.1189,1457.0883
4.2666,9973.8409,6.8096,239.2143,6.2887,-0.9154,0.13126,-1.0972,89.9949,0.33319,5.452,3.8548,-11.1926,-31.7742,-0.014081,-1.3317,-0.015086,1.3027e-07,0.0054478,0,73.0086,0.17735,0.72393,483.1187,1457.0851
4.275,9973.8978,6.8447,239.2134,6.2811,-0.92206,0.12212,-1.7339,89.9977,0.32607,5.44,3.7983,-13.0106,-31.8119,-0.013935,-1.2997,-0.04619,1.3061e-07,0.0054584,0,73.1491,0.17771,0.71042,483.1185,1457.0819
4.2833,9973.955,6.8793,239.2126,6.2734,-0.92859,0.10767,-2.3569,90.0004,0.3041,5.4281,3.7499,-14.6481,-31.8433,-0.013808,-1.2692,-0.073307,1.3094e-07,0.0054691,0,73.2899,0.17812,0.69311,483.1183,1457.0787
4.2916,9974.0125,6.9136,239.2121,6.2657,-0.93502,0.088027,-2.9668,90.0029,0.2692,5.4162,3.7119,-16.0485,-31.8671,-0.013691,-1.2402,-0.095967,1.3126e-07,0.0054797,0,73.4309,0.17854,0.67401,483.1181,1457.0754
4.3,9974.0702,6.9475,239.2117,6.2579,-0.94139,0.063304,-3.5639,90.0052,0.2235,5.4042,3.6853,-17.1833,-31.8834,-0.01357,-1.2127,-0.11407,1.3156e-07,0.0054904,0,73.5723,0.17895,0.654,483.1179,1457.0722
4.3032,9974.0702,6.9475,239.2117,6.2579,-0.94139,0.063304,-3.5639,90.0052,0.2235,5.4042,3.6853,-17.1833,-31.8834,-0.01357,-1.2127,-0.11407,1.3156e-07,0.0054904,0,73.5723,0.17911,0.63745,483.1179,1457.0722
4.3032,9974.0702,6.9475,239.2117,6.2579,-0.94139,0.063304,-3.5639,90.0052,0.2235,5.4042,3.6853,-17.1833,-31.8834,-0.01357,-1.2127,-0.11407,1.3156e-07,0.0054904,0,73.5723,0.17911,0.63745,483.1179,1457.0722
4.3083,9974.1283,6.9809,239.2115,6.2501,-0.94773,0.033605,-4.1489,90.0071,0.1692,5.3923,3.6698,-18.0461,-31.893,-0.013418,-0.92679,-0.12779,1.3186e-07,0.005501,0,73.7139,0.17932,0.63359,483.1177,1457.0689
4.3132,9974.1283,6.9809,239.2115,6.2501,-0.94773,0.033605,-4.1489,90.0071,0.1692,5.3923,3.6698,-18.0461,-31.893,-0.013418,-0.92679,-0.12779,1.3186e-07,0.005501,0,73.7139,0.17957,0.61869,483.1177,1457.0689
4.3132,9974.1283,6.9809,239.2115,6.2501,-0.94773,0.033605,-4.1489,90.0071,0.1692,5.3923,3.6698,-18.0461,-31.893,-0.013418,-0.92679,-0.12779,1.3186e-07,0.005501,0,73.7139,0.17957,0.61869,483.1177,1457.0689
4.3166,9974.1866,7.014,239.2115,6.2422,-0.95403,-0.00096891,-4.5981,90.0085,0.1084,5.3803,3.6634,-16.2927,-32.5505,-0.013228,0.89443,-0.13748,1.3215e-07,0.0055116,0,73.8557,0.17964,0.61353,483.1175,1457.0656
4.3201,9974.1866,7.014,239.2115,6.2422,-0.95403,-0.00096891,-4.5981,90.0085,0.1084,5.3803,3.6634,-16.2927,-32.5505,-0.013228,0.89443,-0.13748,1.3215e-07,0.0055116,0,73.8557,0.17982,0.60851,483.1175,1457.0656
4.325,9974.2452,7.0466,239.2117,6.2342,-0.96032,-0.039286,-4.1781,90.0094,0.043016,5.3684,3.6672,-0.37609,-37.0675,-0.012987,1.5804,-0.14346,1.3244e-07,0.0055223,0,73.9978,0.1799,0.59324,483.1172,1457.0623
4.3267,9974.2452,7.0466,239.2117,6.2342,-0.96032,-0.039286,-4.1781,90.0094,0.043016,5.3684,3.6672,-0.37609,-37.0675,-0.012987,1.5804,-0.14346,1.3244e-07,0.0055223,0,73.9978,0.17999,0.59388,483.1172,1457.0623
4.3267,9974.2452,7.0466,239.2117,6.2342,-0.96032,-0.039286,-4.1781,90.0094,0.043016,5.3684,3.6672,-0.37609,-37.0675,-0.012987,1.5804,-0.14346,1.3244e-07,0.0055223,0,73.9978,0.17999,0.59388,483.1172,1457.0623
4.3333,9974.304,7.0788,239.2119,6.2262,-0.96658,-0.074103,-3.431,90.0097,-0.025287,5.3564,3.6732,5.4619,-38.7558,-0.012773,1.55,-0.1464,1.3274e-07,0.0055329,0,73.6563,0.18011,0.57598,483.117,1457.0589
4.3397,9974.304,7.0788,239.2119,6.2262,-0.96658,-0.074103,-3.431,90.0097,-0.025287,5.3564,3.6732,5.4619,-38.7558,-0.012773,1.55,-0.1464,1.3274e-07,0.0055329,0,73.6563,0.18045,0.58683,483.117,1457.0589
4.3397,9974.304,7.0788,239.2119,6.2262,-0.96658,-0.074103,-3.431,90.0097,-0.025287,5.3564,3.6732,5.4619,-38.7558,-0.012773,1.55,-0.1464,1.3274e-07,0.0055329,0,73.6563,0.18045,0.58683,483.117,1457.0589
4.3416,9974.3631,7.1104,239.2114,6.2182,-0.97282,-0.10269,-2.6985,90.0095,-0.095102,5.3445,3.5381,4.9891,-38.6501,-0.012572,1.5193,-0.14513,1.3303e-07,0.0055435,0,73.3166,0.18022,0.62693,483.1168,1457.0556
4.3436,9974.3631,7.1104,239.2114,6.2182,-0.97282,-0.10269,-2.6985,90.0095,-0.095102,5.3445,3.5381,4.9891,-38.6501,-0.012572,1.5193,-0.14513,1.3303e-07,0.0055435,0,73.3166,0.18033,0.62221,483.1168,1457.0556
4.3475,9974.3631,7.1104,239.2114,6.2182,-0.97282,-0.10269,-2.6985,90.0095,-0.095102,5.3445,3.5381,4.9891,-38.6501,-0.012572,1.5193,-0.14513,1.3303e-07,0.0055435,0,73.3166,0.18054,0.61527,483.1168,1457.0556
4.35,9974.4225,7.1415,239.2104,6.2101,-0.97901,-0.12518,-1.9805,90.0087,-0.1644,5.3326,3.4166,4.7772,-38.5411,-0.012378,1.4864,-0.12926,1.3334e-07,0.0055542,0,72.9788,0.18027,0.68376,483.1166,1457.0523
4.3583,9974.4822,7.172,239.2089,6.2019,-0.98512,-0.14169,-1.2775,90.0074,-0.22618,5.3207,3.3348,5.4568,-38.4248,-0.012141,1.452,-0.10196,1.3366e-07,0.0055648,0,73.1187,0.18029,0.74239,483.1164,1457.0489
4.3666,9974.5421,7.2022,239.2079,6.1937,-0.99109,-0.15233,-0.58946,90.0055,-0.27494,5.3088,3.4306,6.837,-38.3058,-0.011894,1.4172,-0.069551,1.3398e-07,0.0055754,0,73.2589,0.18039,0.73425,483.1162,1457.0455
4.375,9974.6022,7.2319,239.2071,6.1855,-0.99688,-0.15724,0.083677,90.0032,-0.30823,5.2968,3.5401,8.5337,-38.185,-0.011657,1.3829,-0.035168,1.3433e-07,0.0055861,0,73.3993,0.18058,0.71938,483.116,1457.0421
4.3833,9974.6626,7.2612,239.2065,6.1772,-1.0025,-0.15654,0.74218,90.0006,-0.32512,5.285,3.6553,10.357,-38.0626,-0.011467,1.3493,-0.0011918,1.3468e-07,0.0055967,0,73.5401,0.18088,0.70139,483.1158,1457.0387
4.3916,9974.7232,7.2901,239.206,6.1689,-1.0079,-0.15036,1.3864,89.9979,-0.32578,5.2731,3.7705,12.1622,-37.9371,-0.011324,1.3169,0.030501,1.3505e-07,0.0056073,0,73.6811,0.18127,0.68188,483.1155,1457.0353
4.4,9974.7841,7.3186,239.2057,6.1605,-1.0132,-0.13881,2.0168,89.9952,-0.31132,5.2612,3.8808,13.8351,-37.8092,-0.011225,1.2858,0.058722,1.3544e-07,0.005618,0,73.8223,0.18171,0.66158,483.1153,1457.0318
4.4083,9974.8452,7.3467,239.2056,6.152,-1.0184,-0.122,2.6337,89.9926,-0.2834,5.2493,3.9832,15.3035,-37.6794,-0.011152,1.2562,0.082809,1.3584e-07,0.0056286,0,73.9639,0.18217,0.64081,483.1151,1457.0284
4.4166,9974.9065,7.3744,239.2057,6.1436,-1.0236,-0.10005,3.2378,89.9902,-0.24402,5.2374,4.0757,16.5268,-37.5486,-0.011085,1.2281,0.1025,1.3626e-07,0.0056392,0,74.1057,0.18261,0.6197,483.1149,1457.0249
4.4204,9974.9065,7.3744,239.2057,6.1436,-1.0236,-0.10005,3.2378,89.9902,-0.24402,5.2374,4.0757,16.5268,-37.5486,-0.011085,1.2281,0.1025,1.3626e-07,0.0056392,0,74.1057,0.18285,0.61825,483.1149,1457.0249
4.4204,9974.9065,7.3744,239.2057,6.1436,-1.0236,-0.10005,3.2378,89.9902,-0.24402,5.2374,4.0757,16.5268,-37.5486,-0.011085,1.2281,0.1025,1.3626e-07,0.0056392,0,74.1057,0.18285,0.61825,483.1149,1457.0249
4.425,9974.9681,7.4017,239.206,6.135,-1.0287,-0.073071,3.8294,89.9882,-0.19528,5.2256,4.1572,17.4891,-37.418,-0.010994,1.132,0.11784,1.3668e-07,0.0056499,0,74.2477,0.18301,0.59831,483.1147,1457.0214
4.4255,9974.9681,7.4017,239.206,6.135,-1.0287,-0.073071,3.8294,89.9882,-0.19528,5.2256,4.1572,17.4891,-37.418,-0.010994,1.132,0.11784,1.3668e-07,0.0056499,0,74.2477,0.18305,0.59926,483.1147,1457.0214
4.4255,9974.9681,7.4017,239.206,6.135,-1.0287,-0.073071,3.8294,89.9882,-0.19528,5.2256,4.1572,17.4891,-37.418,-0.010994,1.132,0.11784,1.3668e-07,0.0056499,0,74.2477,0.18305,0.59926,483.1147,1457.0214
4.4301,9974.9681,7.4017,239.206,6.135,-1.0287,-0.073071,3.8294,89.9882,-0.19528,5.2256,4.1572,17.4891,-37.418,-0.010994,1.132,0.11784,1.3668e-07,0.0056499,0,74.2477,0.18335,0.60559,483.1147,1457.0214
4.4331,9974.9681,7.4017,239.206,6.135,-1.0287,-0.073071,3.8294,89.9882,-0.19528,5.2256,4.1572,17.4891,-37.418,-0.010994,1.132,0.11784,1.3668e-07,0.0056499,0,74.2477,0.18354,0.60851,483.1147,1457.0214
4.4331,9974.9681,7.4017,239.206,6.135,-1.0287,-0.073071,3.8294,89.9882,-0.19528,5.2256,4.1572,17.4891,-37.418,-0.010994,1.132,0.11784,1.3668e-07,0.0056499,0,74.2477,0.18354,0.60851,483.1147,1457.0214
4.4333,9975.0299,7.4286,239.2064,6.1265,-1.0338,-0.04116,4.3759,89.9866,-0.13926,5.2137,4.2266,17.5641,-37.1168,-0.010896,0.14628,0.12911,1.3712e-07,0.0056605,0,73.9062,0.18335,0.57716,483.1145,1457.018
4.4335,9975.0299,7.4286,239.2064,6.1265,-1.0338,-0.04116,4.3759,89.9866,-0.13926,5.2137,4.2266,17.5641,-37.1168,-0.010896,0.14628,0.12911,1.3712e-07,0.0056605,0,73.9062,0.18337,0.57796,483.1145,1457.018
4.4339,9975.0299,7.4286,239.2064,6.1265,-1.0338,-0.04116,4.3759,89.9866,-0.13926,5.2137,4.2266,17.5641,-37.1168,-0.010896,0.14628,0.12911,1.3712e-07,0.0056605,0,73.9062,0.18339,0.57953,483.1145,1457.018
4.4347,9975.0299,7.4286,239.2064,6.1265,-1.0338,-0.04116,4.3759,89.9866,-0.13926,5.2137,4.2266,17.5641,-37.1168,-0.010896,0.14628,0.12911,1.3712e-07,0.0056605,0,73.9062,0.18345,0.58247,483.1145,1457.018
4.4364,9975.0299,7.4286,239.2064,6.1265,-1.0338,-0.04116,4.3759,89.9866,-0.13926,5.2137,4.2266,17.5641,-37.1168,-0.010896,0.14628,0.12911,1.3712e-07,0.0056605,0,73.9062,0.18355,0.58773,483.1145,1457.018
4.4396,9975.0299,7.4286,239.2064,6.1265,-1.0338,-0.04116,4.3759,89.9866,-0.13926,5.2137,4.2266,17.5641,-37.1168,-0.010896,0.14628,0.12911,1.3712e-07,0.0056605,0,73.9062,0.18377,0.59609,483.1145,1457.018
4.4416,9975.0919,7.4549,239.206,6.1179,-1.0389,-0.0046945,4.4523,89.9854,-0.077928,5.2019,4.1277,9.3167,-34.6002,-0.010748,-1.5903,0.13659,1.3756e-07,0.0056711,0,73.5665,0.18356,0.62761,483.1142,1457.0145
4.45,9975.1541,7.4806,239.2052,6.1092,-1.044,0.032408,3.6999,89.9848,-0.013022,5.19,4.0208,-5.9699,-30.2274,-0.01056,-1.5601,0.14082,1.38e-07,0.0056818,0,73.2288,0.18366,0.6843,483.114,1457.0109
4.4532,9975.1541,7.4806,239.2052,6.1092,-1.044,0.032408,3.6999,89.9848,-0.013022,5.19,4.0208,-5.9699,-30.2274,-0.01056,-1.5601,0.14082,1.38e-07,0.0056818,0,73.2288,0.18388,0.66686,483.114,1457.0109
4.4532,9975.1541,7.4806,239.2052,6.1092,-1.044,0.032408,3.6999,89.9848,-0.013022,5.19,4.0208,-5.9699,-30.2274,-0.01056,-1.5601,0.14082,1.38e-07,0.0056818,0,73.2288,0.18388,0.66686,483.114,1457.0109
4.4583,9975.2166,7.5058,239.2038,6.1005,-1.0491,0.06324,2.9622,89.9846,0.054022,5.1782,3.9082,-5.424,-30.2723,-0.01031,-1.5297,0.14192,1.3844e-07,0.0056924,0,73.3686,0.18367,0.74294,483.1138,1457.0074
4.4635,9975.2166,7.5058,239.2038,6.1005,-1.0491,0.06324,2.9622,89.9846,0.054022,5.1782,3.9082,-5.424,-30.2723,-0.01031,-1.5297,0.14192,1.3844e-07,0.0056924,0,73.3686,0.18401,0.6946,483.1138,1457.0074
4.4666,9975.2792,7.5307,239.203,6.0918,-1.0542,0.087924,2.239,89.9851,0.1217,5.1664,3.9366,-5.0708,-30.3194,-0.010026,-1.4982,0.13455,1.3888e-07,0.005703,0,73.5088,0.18366,0.73488,483.1136,1457.0039
4.475,9975.3421,7.5551,239.2023,6.083,-1.0591,0.10658,1.5304,89.9861,0.18595,5.1547,3.9443,-5.2352,-30.3699,-0.0097303,-1.4644,0.11173,1.3932e-07,0.0057137,0,73.6492,0.18368,0.72011,483.1133,1457.0003
4.4833,9975.4051,7.5791,239.2018,6.0742,-1.0639,0.11933,0.83684,89.9877,0.23935,5.1429,3.9142,-6.3427,-30.4257,-0.0094641,-1.43,0.081986,1.3974e-07,0.0057243,0,73.79,0.18376,0.70215,483.1131,1456.9968
4.4916,9975.4684,7.6028,239.2015,6.0654,-1.0686,0.12631,0.1582,89.9896,0.27857,5.1311,3.8678,-7.8758,-30.4799,-0.0092347,-1.3956,0.049263,1.4016e-07,0.0057349,0,73.931,0.18393,0.68261,483.1129,1456.9932
4.5,9975.5319,7.626,239.2014,6.0565,-1.073,0.12763,-0.50572,89.992,0.30218,5.1194,3.815,-9.5947,-30.5299,-0.0090541,-1.3619,0.015895,1.4056e-07,0.0057456,0,74.0722,0.18419,0.66219,483.1127,1456.9896
4.5083,9975.5955,7.6488,239.2014,6.0475,-1.0774,0.12341,-1.1552,89.9945,0.30988,5.1077,3.7617,-11.358,-30.5735,-0.00892,-1.3292,-0.015978,1.4096e-07,0.0057562,0,74.2138,0.18452,0.64124,483.1124,1456.986
4.5166,9975.6593,7.6711,239.2016,6.0386,-1.0816,0.11378,-1.7907,89.9971,0.30238,5.096,3.7131,-13.036,-30.6096,-0.008824,-1.2978,-0.044923,1.4134e-07,0.0057668,0,74.3556,0.1849,0.6199,483.1122,1456.9824
4.525,9975.7233,7.6931,239.2021,6.0296,-1.0857,0.098862,-2.4126,89.9996,0.28108,5.0843,3.6725,-14.5413,-30.6377,-0.0087509,-1.2677,-0.070097,1.4171e-07,0.0057775,0,74.4976,0.18529,0.59826,483.112,1456.9788
4.5333,9975.7875,7.7147,239.2027,6.0205,-1.0897,0.078757,-3.0215,90.0019,0.24781,5.0726,3.6418,-15.8228,-30.6581,-0.0087162,-1.2391,-0.091084,1.4207e-07,0.0057881,0,74.1561,0.18567,0.57634,483.1118,1456.9752
4.5345,9975.7875,7.7147,239.2027,6.0205,-1.0897,0.078757,-3.0215,90.0019,0.24781,5.0726,3.6418,-15.8228,-30.6581,-0.0087162,-1.2391,-0.091084,1.4207e-07,0.0057881,0,74.1561,0.18576,0.58305,483.1118,1456.9752
4.5345,9975.7875,7.7147,239.2027,6.0205,-1.0897,0.078757,-3.0215,90.0019,0.24781,5.0726,3.6418,-15.8228,-30.6581,-0.0087162,-1.2391,-0.091084,1.4207e-07,0.0057881,0,74.1561,0.18576,0.58305,483.1118,1456.9752
4.5416,9975.8519,7.7357,239.2024,6.0115,-1.0937,0.053578,-3.6176,90.004,0.20455,5.0609,3.4653,-16.8551,-30.6695,-0.0086722,-1.2119,-0.10781,1.4243e-07,0.0057987,0,73.8164,0.18596,0.62568,483.1115,1456.9715
4.5465,9975.8519,7.7357,239.2024,6.0115,-1.0937,0.053578,-3.6176,90.004,0.20455,5.0609,3.4653,-16.8551,-30.6695,-0.0086722,-1.2119,-0.10781,1.4243e-07,0.0057987,0,73.8164,0.18633,0.62995,483.1115,1456.9715
4.5465,9975.8519,7.7357,239.2024,6.0115,-1.0937,0.053578,-3.6176,90.004,0.20455,5.0609,3.4653,-16.8551,-30.6695,-0.0086722,-1.2119,-0.10781,1.4243e-07,0.0057987,0,73.8164,0.18633,0.62995,483.1115,1456.9715
4.55,9975.9165,7.7562,239.2017,6.0024,-1.0977,0.023431,-4.2016,90.0057,0.15337,5.0493,3.3014,-17.6333,-30.6748,-0.0085862,-0.71135,-0.12045,1.4278e-07,0.0058094,0,73.4787,0.18614,0.68143,483.1113,1456.9679
4.5534,9975.9165,7.7562,239.2017,6.0024,-1.0977,0.023431,-4.2016,90.0057,0.15337,5.0493,3.3014,-17.6333,-30.6748,-0.0085862,-0.71135,-0.12045,1.4278e-07,0.0058094,0,73.4787,0.18641,0.66888,483.1113,1456.9679
4.556,9975.9165,7.7562,239.2017,6.0024,-1.0977,0.023431,-4.2016,90.0057,0.15337,5.0493,3.3014,-17.6333,-30.6748,-0.0085862,-0.71135,-0.12045,1.4278e-07,0.0058094,0,73.4787,0.18661,0.66194,483.1113,1456.9679
4.556,9975.9165,7.7562,239.2017,6.0024,-1.0977,0.023431,-4.2016,90.0057,0.15337,5.0493,3.3014,-17.6333,-30.6748,-0.0085862,-0.71135,-0.12045,1.4278e-07,0.0058094,0,73.4787,0.18661,0.66194,483.1113,1456.9679
4.5583,9975.9812,7.7762,239.2006,5.9932,-1.1017,-0.011582,-4.5473,90.007,0.096221,5.0377,3.1485,-13.8672,-31.8681,-0.0083877,1.1286,-0.1293,1.4312e-07,0.00582,0,73.6186,0.18622,0.73979,483.1111,1456.9642
4.5606,9975.9812,7.7762,239.2006,5.9932,-1.1017,-0.011582,-4.5473,90.007,0.096221,5.0377,3.1485,-13.8672,-31.8681,-0.0083877,1.1286,-0.1293,1.4312e-07,0.00582,0,73.6186,0.1864,0.71943,483.1111,1456.9642
4.5652,9975.9812,7.7762,239.2006,5.9932,-1.1017,-0.011582,-4.5473,90.007,0.096221,5.0377,3.1485,-13.8672,-31.8681,-0.0083877,1.1286,-0.1293,1.4312e-07,0.00582,0,73.6186,0.18675,0.69053,483.1111,1456.9642
4.5666,9976.0461,7.7958,239.1999,5.9841,-1.1057,-0.049476,-4.0148,90.0078,0.034884,5.0261,3.1534,2.2666,-36.4359,-0.0081044,1.5718,-0.13473,1.4346e-07,0.0058306,0,73.7587,0.18625,0.73164,483.1108,1456.9606
4.5682,9976.0461,7.7958,239.1999,5.9841,-1.1057,-0.049476,-4.0148,90.0078,0.034884,5.0261,3.1534,2.2666,-36.4359,-0.0081044,1.5718,-0.13473,1.4346e-07,0.0058306,0,73.7587,0.18637,0.71899,483.1108,1456.9606
4.5682,9976.0461,7.7958,239.1999,5.9841,-1.1057,-0.049476,-4.0148,90.0078,0.034884,5.0261,3.1534,2.2666,-36.4359,-0.0081044,1.5718,-0.13473,1.4346e-07,0.0058306,0,73.7587,0.18637,0.71899,483.1108,1456.9606
4.575,9976.1111,7.815,239.1994,5.9748,-1.1097,-0.082932,-3.271,90.0081,-0.029135,5.0146,3.1667,5.934,-37.5206,-0.0077908,1.5415,-0.13731,1.438e-07,0.0058413,0,73.8992,0.18626,0.71688,483.1106,1456.9569
4.5811,9976.1111,7.815,239.1994,5.9748,-1.1097,-0.082932,-3.271,90.0081,-0.029135,5.0146,3.1667,5.934,-37.5206,-0.0077908,1.5415,-0.13731,1.438e-07,0.0058413,0,73.8992,0.18674,0.6835,483.1106,1456.9569
4.5811,9976.1111,7.815,239.1994,5.9748,-1.1097,-0.082932,-3.271,90.0081,-0.029135,5.0146,3.1667,5.934,-37.5206,-0.0077908,1.5415,-0.13731,1.438e-07,0.0058413,0,73.8992,0.18674,0.6835,483.1106,1456.9569
4.5833,9976.1763,7.8338,239.199,5.9656,-1.1135,-0.11019,-2.5418,90.0078,-0.094511,5.003,3.1876,5.4823,-37.4216,-0.0074894,1.5107,-0.13466,1.4416e-07,0.0058519,0,74.0399,0.18627,0.69899,483.1104,1456.9532
4.5856,9976.1763,7.8338,239.199,5.9656,-1.1135,-0.11019,-2.5418,90.0078,-0.094511,5.003,3.1876,5.4823,-37.4216,-0.0074894,1.5107,-0.13466,1.4416e-07,0.0058519,0,74.0399,0.18645,0.6881,483.1104,1456.9532
4.5901,9976.1763,7.8338,239.199,5.9656,-1.1135,-0.11019,-2.5418,90.0078,-0.094511,5.003,3.1876,5.4823,-37.4216,-0.0074894,1.5107,-0.13466,1.4416e-07,0.0058519,0,74.0399,0.18681,0.67265,483.1104,1456.9532
4.5916,9976.2417,7.8522,239.1989,5.9563,-1.1173,-0.13137,-1.8272,90.0071,-0.15873,4.9915,3.2224,5.3537,-37.3193,-0.0072087,1.4778,-0.11767,1.4452e-07,0.0058625,0,74.1809,0.18631,0.67952,483.1101,1456.9495
4.6,9976.3072,7.8701,239.1989,5.947,-1.1209,-0.1466,-1.1274,90.0057,-0.2149,4.98,3.294,6.1014,-37.2092,-0.0069638,1.4437,-0.091166,1.4489e-07,0.0058732,0,74.3221,0.1864,0.65915,483.1099,1456.9458
4.6083,9976.3728,7.8877,239.1991,5.9377,-1.1244,-0.15599,-0.44251,90.004,-0.25846,4.9685,3.3904,7.4331,-37.0928,-0.0067582,1.4095,-0.060436,1.4527e-07,0.0058838,0,74.4636,0.18655,0.63818,483.1097,1456.9421
4.6166,9976.4387,7.9049,239.1995,5.9284,-1.1277,-0.15968,0.22754,90.0018,-0.28739,4.957,3.4985,9.0282,-36.9723,-0.0065972,1.3758,-0.028196,1.4566e-07,0.0058944,0,74.6054,0.18679,0.61675,483.1094,1456.9384
4.625,9976.5046,7.9217,239.2001,5.919,-1.1309,-0.15778,0.88306,89.9994,-0.30095,4.9456,3.6113,10.7215,-36.8483,-0.0064802,1.3428,0.0033633,1.4608e-07,0.0059051,0,74.6723,0.1871,0.59496,483.1092,1456.9347
4.6333,9976.5707,7.9381,239.2009,5.9096,-1.1339,-0.15042,1.5244,89.9969,-0.29947,4.9341,3.7235,12.3802,-36.7216,-0.0064344,1.311,0.032591,1.465e-07,0.0059157,0,74.3308,0.18745,0.57286,483.109,1456.9309
4.6416,9976.6369,7.9539,239.2008,5.9001,-1.1369,-0.13772,2.152,89.9944,-0.28406,4.9228,3.6741,13.9036,-36.591,-0.0064222,1.2806,0.058458,1.4694e-07,0.0059263,0,73.9912,0.18778,0.62198,483.1087,1456.9272
4.65,9976.7032,7.9692,239.2003,5.8907,-1.1398,-0.11979,2.7663,89.992,-0.25635,4.9114,3.6193,15.2292,-36.4588,-0.0064183,1.2515,0.080406,1.474e-07,0.005937,0,73.6535,0.18805,0.67731,483.1085,1456.9235
4.6583,9976.7697,7.984,239.1993,5.8812,-1.1427,-0.096735,3.3678,89.9899,-0.21822,4.9001,3.5573,16.3227,-36.3265,-0.0063446,1.2238,0.098238,1.4786e-07,0.0059476,0,73.5386,0.18824,0.73467,483.1083,1456.9197
4.659,9976.7697,7.984,239.1993,5.8812,-1.1427,-0.096735,3.3678,89.9899,-0.21822,4.9001,3.5573,16.3227,-36.3265,-0.0063446,1.2238,0.098238,1.4786e-07,0.0059476,0,73.5386,0.1883,0.72969,483.1083,1456.9197
4.659,9976.7697,7.984,239.1993,5.8812,-1.1427,-0.096735,3.3678,89.9899,-0.21822,4.9001,3.5573,16.3227,-36.3265,-0.0063446,1.2238,0.098238,1.4786e-07,0.0059476,0,73.5386,0.1883,0.72969,483.1083,1456.9197
4.6656,9976.7697,7.984,239.1993,5.8812,-1.1427,-0.096735,3.3678,89.9899,-0.21822,4.9001,3.5573,16.3227,-36.3265,-0.0063446,1.2238,0.098238,1.4786e-07,0.0059476,0,73.5386,0.18886,0.69465,483.1083,1456.9197
4.6656,9976.7697,7.984,239.1993,5.8812,-1.1427,-0.096735,3.3678,89.9899,-0.21822,4.9001,3.5573,16.3227,-36.3265,-0.0063446,1.2238,0.098238,1.4786e-07,0.0059476,0,73.5386,0.18886,0.69465,483.1083,1456.9197
4.6666,9976.8363,7.9985,239.1988,5.8717,-1.1456,-0.06867,3.9569,89.9881,-0.17162,4.8888,3.6331,17.1721,-36.1987,-0.0062022,1.0567,0.11204,1.4834e-07,0.0059582,0,73.6788,0.18841,0.72546,483.108,1456.9159
4.6677,9976.8363,7.9985,239.1988,5.8717,-1.1456,-0.06867,3.9569,89.9881,-0.17162,4.8888,3.6331,17.1721,-36.1987,-0.0062022,1.0567,0.11204,1.4834e-07,0.0059582,0,73.6788,0.1885,0.71864,483.108,1456.9159
4.6688,9976.8363,7.9985,239.1988,5.8717,-1.1456,-0.06867,3.9569,89.9881,-0.17162,4.8888,3.6331,17.1721,-36.1987,-0.0062022,1.0567,0.11204,1.4834e-07,0.0059582,0,73.6788,0.18859,0.7124,483.108,1456.9159
4.6688,9976.8363,7.9985,239.1988,5.8717,-1.1456,-0.06867,3.9569,89.9881,-0.17162,4.8888,3.6331,17.1721,-36.1987,-0.0062022,1.0567,0.11204,1.4834e-07,0.0059582,0,73.6788,0.18859,0.7124,483.108,1456.9159
4.6709,9976.8363,7.9985,239.1988,5.8717,-1.1456,-0.06867,3.9569,89.9881,-0.17162,4.8888,3.6331,17.1721,-36.1987,-0.0062022,1.0567,0.11204,1.4834e-07,0.0059582,0,73.6788,0.18878,0.70205,483.108,1456.9159
4.6731,9976.8363,7.9985,239.1988,5.8717,-1.1456,-0.06867,3.9569,89.9881,-0.17162,4.8888,3.6331,17.1721,-36.1987,-0.0062022,1.0567,0.11204,1.4834e-07,0.0059582,0,73.6788,0.18896,0.69376,483.108,1456.9159
4.675,9976.903,8.0125,239.1985,5.8621,-1.1484,-0.035696,4.4669,89.9866,-0.11851,4.8776,3.6968,16.5065,-35.7252,-0.0059918,-0.32689,0.12207,1.4882e-07,0.0059689,0,73.8192,0.18853,0.71029,483.1078,1456.9122
4.6812,9976.903,8.0125,239.1985,5.8621,-1.1484,-0.035696,4.4669,89.9866,-0.11851,4.8776,3.6968,16.5065,-35.7252,-0.0059918,-0.32689,0.12207,1.4882e-07,0.0059689,0,73.8192,0.18907,0.6872,483.1078,1456.9122
4.6833,9976.9698,8.0262,239.1983,5.8526,-1.1512,0.0015282,4.3168,89.9856,-0.060673,4.8663,3.7495,4.575,-32.2278,-0.005732,-1.583,0.12862,1.4932e-07,0.0059795,0,73.9599,0.18863,0.69228,483.1075,1456.9084
4.6916,9977.0368,8.0395,239.1984,5.843,-1.1539,0.037501,3.5672,89.9851,0.00032703,4.8551,3.7928,-6.407,-29.065,-0.0054583,-1.5527,0.13217,1.4981e-07,0.0059901,0,74.1009,0.18869,0.67284,483.1073,1456.9046
4.695,9977.0368,8.0395,239.1984,5.843,-1.1539,0.037501,3.5672,89.9851,0.00032703,4.8551,3.7928,-6.407,-29.065,-0.0054583,-1.5527,0.13217,1.4981e-07,0.0059901,0,74.1009,0.18899,0.6699,483.1073,1456.9046
4.695,9977.0368,8.0395,239.1984,5.843,-1.1539,0.037501,3.5672,89.9851,0.00032703,4.8551,3.7928,-6.407,-29.065,-0.0054583,-1.5527,0.13217,1.4981e-07,0.0059901,0,74.1009,0.18899,0.6699,483.1073,1456.9046
4.7,9977.1038,8.0524,239.1986,5.8334,-1.1566,0.067227,2.8322,89.9851,0.063153,4.8439,3.8291,-5.9015,-29.1173,-0.0052001,-1.5224,0.13246,1.503e-07,0.0060008,0,74.2421,0.18874,0.65255,483.1071,1456.9008
4.7049,9977.1038,8.0524,239.1986,5.8334,-1.1566,0.067227,2.8322,89.9851,0.063153,4.8439,3.8291,-5.9015,-29.1173,-0.0052001,-1.5224,0.13246,1.503e-07,0.0060008,0,74.2421,0.18918,0.65702,483.1071,1456.9008
4.7083,9977.171,8.0649,239.199,5.8237,-1.1592,0.090828,2.1117,89.9857,0.12624,4.8327,3.8581,-5.5973,-29.1675,-0.0049596,-1.4905,0.12232,1.5079e-07,0.0060114,0,74.3836,0.18878,0.63168,483.1068,1456.897
4.7166,9977.2383,8.077,239.1995,5.8141,-1.1618,0.10843,1.4059,89.9867,0.18457,4.8216,3.8619,-5.9298,-29.219,-0.0047436,-1.4569,0.099503,1.5127e-07,0.006022,0,74.5254,0.18884,0.61033,483.1066,1456.8932
4.725,9977.3056,8.0888,239.2003,5.8044,-1.1642,0.12014,0.71506,89.9883,0.23208,4.8105,3.8349,-7.037,-29.2724,-0.0045588,-1.4229,0.071037,1.5175e-07,0.0060327,0,74.2176,0.18894,0.58855,483.1063,1456.8894
4.7333,9977.3731,8.1001,239.2012,5.7947,-1.1664,0.1261,0.039059,89.9902,0.26604,4.7994,3.7792,-8.4923,-29.3235,-0.0044354,-1.3891,0.040197,1.5221e-07,0.0060433,0,73.8764,0.18909,0.57356,483.1061,1456.8856
4.7416,9977.4406,8.1109,239.2012,5.785,-1.1686,0.12643,-0.62231,89.9924,0.28531,4.7884,3.5783,-10.0971,-29.3685,-0.0043518,-1.356,0.009162,1.5267e-07,0.0060539,0,73.537,0.18924,0.62314,483.1059,1456.8818
4.75,9977.5082,8.1211,239.2008,5.7753,-1.1707,0.12124,-1.2694,89.9948,0.28981,4.7774,3.3802,-11.7189,-29.4072,-0.0042943,-1.3239,-0.020195,1.5311e-07,0.0060646,0,73.1996,0.18939,0.67845,483.1056,1456.878
4.7583,9977.576,8.1309,239.1999,5.7655,-1.1726,0.11066,-1.9025,89.9972,0.28033,4.7665,3.1893,-13.2441,-29.4394,-0.0041992,-1.2931,-0.046646,1.5354e-07,0.0060752,0,73.3394,0.18953,0.73556,483.1054,1456.8742
4.7666,9977.6438,8.1403,239.1996,5.7558,-1.1745,0.094807,-2.5222,89.9995,0.25826,4.7556,3.1538,-14.5981,-29.468,-0.0040832,-1.2636,-0.069486,1.5397e-07,0.0060858,0,73.4794,0.18969,0.72623,483.1051,1456.8703
4.775,9977.7116,8.1494,239.1994,5.746,-1.1763,0.073789,-3.1288,90.0017,0.22535,4.7447,3.1274,-15.7379,-29.4917,-0.0039412,-1.2354,-0.088392,1.5438e-07,0.0060965,0,73.6197,0.18986,0.7103,483.1049,1456.8665
4.7795,9977.7116,8.1494,239.1994,5.746,-1.1763,0.073789,-3.1288,90.0017,0.22535,4.7447,3.1274,-15.7379,-29.4917,-0.0039412,-1.2354,-0.088392,1.5438e-07,0.0060965,0,73.6197,0.19028,0.69756,483.1049,1456.8665
4.7795,9977.7116,8.1494,239.1994,5.746,-1.1763,0.073789,-3.1288,90.0017,0.22535,4.7447,3.1274,-15.7379,-29.4917,-0.0039412,-1.2354,-0.088392,1.5438e-07,0.0060965,0,73.6197,0.19028,0.69756,483.1049,1456.8665
4.7833,9977.7796,8.1581,239.1994,5.7362,-1.1781,0.047716,-3.7229,90.0036,0.18347,4.7338,3.1109,-16.6438,-29.5105,-0.0037855,-1.1921,-0.10334,1.5478e-07,0.0061071,0,73.7602,0.19002,0.69132,483.1047,1456.8627
4.7871,9977.7796,8.1581,239.1994,5.7362,-1.1781,0.047716,-3.7229,90.0036,0.18347,4.7338,3.1109,-16.6438,-29.5105,-0.0037855,-1.1921,-0.10334,1.5478e-07,0.0061071,0,73.7602,0.19037,0.68676,483.1047,1456.8627
4.7914,9977.7796,8.1581,239.1994,5.7362,-1.1781,0.047716,-3.7229,90.0036,0.18347,4.7338,3.1109,-16.6438,-29.5105,-0.0037855,-1.1921,-0.10334,1.5478e-07,0.0061071,0,73.7602,0.19077,0.6835,483.1047,1456.8627
4.7914,9977.7796,8.1581,239.1994,5.7362,-1.1781,0.047716,-3.7229,90.0036,0.18347,4.7338,3.1109,-16.6438,-29.5105,-0.0037855,-1.1921,-0.10334,1.5478e-07,0.0061071,0,73.7602,0.19077,0.6835,483.1047,1456.8627
4.7916,9977.8476,8.1664,239.1995,5.7264,-1.1798,0.016692,-4.297,90.0051,0.13452,4.723,3.1035,-17.1645,-29.5655,-0.0036017,-0.2374,-0.11453,1.5518e-07,0.0061177,0,73.9011,0.19016,0.67123,483.1044,1456.8588
4.7919,9977.8476,8.1664,239.1995,5.7264,-1.1798,0.016692,-4.297,90.0051,0.13452,4.723,3.1035,-17.1645,-29.5655,-0.0036017,-0.2374,-0.11453,1.5518e-07,0.0061177,0,73.9011,0.19018,0.67137,483.1044,1456.8588
4.7923,9977.8476,8.1664,239.1995,5.7264,-1.1798,0.016692,-4.297,90.0051,0.13452,4.723,3.1035,-17.1645,-29.5655,-0.0036017,-0.2374,-0.11453,1.5518e-07,0.0061177,0,73.9011,0.19022,0.67165,483.1044,1456.8588
4.7932,9977.8476,8.1664,239.1995,5.7264,-1.1798,0.016692,-4.297,90.0051,0.13452,4.723,3.1035,-17.1645,-29.5655,-0.0036017,-0.2374,-0.11453,1.5518e-07,0.0061177,0,73.9011,0.19031,0.67219,483.1044,1456.8588
4.795,9977.8476,8.1664,239.1995,5.7264,-1.1798,0.016692,-4.297,90.0051,0.13452,4.723,3.1035,-17.1645,-29.5655,-0.0036017,-0.2374,-0.11453,1.5518e-07,0.0061177,0,73.9011,0.19047,0.67316,483.1044,1456.8588
4.7985,9977.8476,8.1664,239.1995,5.7264,-1.1798,0.016692,-4.297,90.0051,0.13452,4.723,3.1035,-17.1645,-29.5655,-0.0036017,-0.2374,-0.11453,1.5518e-07,0.0061177,0,73.9011,0.19081,0.67479,483.1044,1456.8588
4.7999,9977.8476,8.1664,239.1995,5.7264,-1.1798,0.016692,-4.297,90.0051,0.13452,4.723,3.1035,-17.1645,-29.5655,-0.0036017,-0.2374,-0.11453,1.5518e-07,0.0061177,0,73.9011,0.19093,0.67532,483.1044,1456.8588
4.7999,9977.8476,8.1664,239.1995,5.7264,-1.1798,0.016692,-4.297,90.0051,0.13452,4.723,3.1035,-17.1645,-29.5655,-0.0036017,-0.2374,-0.11453,1.5518e-07,0.0061177,0,73.9011,0.19093,0.67532,483.1044,1456.8588
4.8,9977.9157,8.1743,239.1999,5.7166,-1.1814,-0.019116,-4.4157,90.0062,0.080307,4.7122,3.1047,-9.1926,-31.9085,-0.0033815,1.4971,-0.12219,1.5558e-07,0.0061284,0,74.0422,0.19027,0.65081,483.1042,1456.855
4.8,9977.9157,8.1743,239.1999,5.7166,-1.1814,-0.019116,-4.4157,90.0062,0.080307,4.7122,3.1047,-9.1926,-31.9085,-0.0033815,1.4971,-0.12219,1.5558e-07,0.0061284,0,74.0422,0.19028,0.65099,483.1042,1456.855
4.8002,9977.9157,8.1743,239.1999,5.7166,-1.1814,-0.019116,-4.4157,90.0062,0.080307,4.7122,3.1047,-9.1926,-31.9085,-0.0033815,1.4971,-0.12219,1.5558e-07,0.0061284,0,74.0422,0.19029,0.65135,483.1042,1456.855
4.8004,9977.9157,8.1743,239.1999,5.7166,-1.1814,-0.019116,-4.4157,90.0062,0.080307,4.7122,3.1047,-9.1926,-31.9085,-0.0033815,1.4971,-0.12219,1.5558e-07,0.0061284,0,74.0422,0.19031,0.65205,483.1042,1456.855
4.8009,9977.9157,8.1743,239.1999,5.7166,-1.1814,-0.019116,-4.4157,90.0062,0.080307,4.7122,3.1047,-9.1926,-31.9085,-0.0033815,1.4971,-0.12219,1.5558e-07,0.0061284,0,74.0422,0.19036,0.65341,483.1042,1456.855
4.802,9977.9157,8.1743,239.1999,5.7166,-1.1814,-0.019116,-4.4157,90.0062,0.080307,4.7122,3.1047,-9.1926,-31.9085,-0.0033815,1.4971,-0.12219,1.5558e-07,0.0061284,0,74.0422,0.19046,0.65593,483.1042,1456.855
4.804,9977.9157,8.1743,239.1999,5.7166,-1.1814,-0.019116,-4.4157,90.0062,0.080307,4.7122,3.1047,-9.1926,-31.9085,-0.0033815,1.4971,-0.12219,1.5558e-07,0.0061284,0,74.0422,0.19065,0.66031,483.1042,1456.855
4.8083,9977.9838,8.1819,239.2004,5.7068,-1.183,-0.055913,-3.7067,90.0069,0.022443,4.7014,3.1152,6.0528,-36.2214,-0.003139,1.5575,-0.12676,1.5598e-07,0.006139,0,74.1836,0.19034,0.62997,483.1039,1456.8511
4.81,9977.9838,8.1819,239.2004,5.7068,-1.183,-0.055913,-3.7067,90.0069,0.022443,4.7014,3.1152,6.0528,-36.2214,-0.003139,1.5575,-0.12676,1.5598e-07,0.006139,0,74.1836,0.19049,0.63756,483.1039,1456.8511
4.81,9977.9838,8.1819,239.2004,5.7068,-1.183,-0.055913,-3.7067,90.0069,0.022443,4.7014,3.1152,6.0528,-36.2214,-0.003139,1.5575,-0.12676,1.5598e-07,0.006139,0,74.1836,0.19049,0.63756,483.1039,1456.8511
4.8166,9978.052,8.1891,239.2011,5.6969,-1.1846,-0.086802,-2.969,90.0071,-0.037733,4.6907,3.1338,6.2988,-36.3499,-0.0029085,1.5274,-0.12868,1.5638e-07,0.0061496,0,74.3253,0.19038,0.60875,483.1037,1456.8473
4.8228,9978.052,8.1891,239.2011,5.6969,-1.1846,-0.086802,-2.969,90.0071,-0.037733,4.6907,3.1338,6.2988,-36.3499,-0.0029085,1.5274,-0.12868,1.5638e-07,0.0061496,0,74.3253,0.19096,0.64231,483.1037,1456.8473
4.8228,9978.052,8.1891,239.2011,5.6969,-1.1846,-0.086802,-2.969,90.0071,-0.037733,4.6907,3.1338,6.2988,-36.3499,-0.0029085,1.5274,-0.12868,1.5638e-07,0.0061496,0,74.3253,0.19096,0.64231,483.1037,1456.8473
4.825,9978.1203,8.1959,239.202,5.687,-1.1861,-0.11154,-2.2458,90.0068,-0.098955,4.68,3.1597,5.889,-36.2496,-0.0026934,1.4964,-0.12311,1.5678e-07,0.0061603,0,74.0976,0.1904,0.58713,483.1034,1456.8434
4.8271,9978.1203,8.1959,239.202,5.687,-1.1861,-0.11154,-2.2458,90.0068,-0.098955,4.68,3.1597,5.889,-36.2496,-0.0026934,1.4964,-0.12311,1.5678e-07,0.0061603,0,74.0976,0.19061,0.60546,483.1034,1456.8434
4.8314,9978.1203,8.1959,239.202,5.687,-1.1861,-0.11154,-2.2458,90.0068,-0.098955,4.68,3.1597,5.889,-36.2496,-0.0026934,1.4964,-0.12311,1.5678e-07,0.0061603,0,74.0976,0.19101,0.63237,483.1034,1456.8434
4.8333,9978.1886,8.2023,239.203,5.6772,-1.1876,-0.13026,-1.5371,90.0059,-0.15763,4.6693,3.1876,5.9392,-36.1449,-0.0025256,1.4633,-0.10362,1.572e-07,0.0061709,0,73.7567,0.19042,0.57314,483.1032,1456.8396
4.8416,9978.257,8.2082,239.2032,5.6673,-1.189,-0.14307,-0.8433,90.0046,-0.20707,4.6587,3.1134,6.8409,-36.0308,-0.0023862,1.4296,-0.077253,1.5762e-07,0.0061815,0,73.4176,0.19042,0.62267,483.103,1456.8357
4.85,9978.3254,8.2136,239.2029,5.6574,-1.1902,-0.15009,-0.16434,90.0029,-0.24398,4.6481,3.0596,8.1664,-35.9119,-0.002268,1.3959,-0.047863,1.5806e-07,0.0061922,0,73.0806,0.19042,0.6778,483.1027,1456.8319
4.8583,9978.3939,8.2185,239.2021,5.6475,-1.1914,-0.15146,0.49995,90.0009,-0.26691,4.6376,3.0166,9.6821,-35.7901,-0.0021214,1.3628,-0.017683,1.5851e-07,0.0062028,0,73.2201,0.19044,0.73466,483.1025,1456.828
4.8666,9978.4624,8.2231,239.2019,5.6376,-1.1924,-0.1473,1.1499,89.9987,-0.27547,4.6272,3.1235,11.2524,-35.6693,-0.0019753,1.3307,0.011336,1.5897e-07,0.0062134,0,73.36,0.19053,0.72525,483.1022,1456.8241
4.875,9978.531,8.2273,239.2018,5.6276,-1.1933,-0.13771,1.7858,89.9964,-0.27023,4.6167,3.228,12.7588,-35.5486,-0.0018338,1.2997,0.037836,1.5945e-07,0.0062241,0,73.5002,0.19068,0.70923,483.102,1456.8202
4.8833,9978.5995,8.2312,239.202,5.6177,-1.194,-0.12283,2.4081,89.9941,-0.25238,4.6063,3.3266,14.1186,-35.4278,-0.0017188,1.2699,0.061006,1.5994e-07,0.0062347,0,73.6406,0.19088,0.69017,483.1017,1456.8164
4.8916,9978.6681,8.2347,239.2023,5.6078,-1.1947,-0.10277,3.0173,89.992,-0.22353,4.596,3.4175,15.2824,-35.3061,-0.0016173,1.2416,0.080432,1.6044e-07,0.0062453,0,73.7813,0.1911,0.66967,483.1015,1456.8125
4.8941,9978.6681,8.2347,239.2023,5.6078,-1.1947,-0.10277,3.0173,89.992,-0.22353,4.596,3.4175,15.2824,-35.3061,-0.0016173,1.2416,0.080432,1.6044e-07,0.0062453,0,73.7813,0.19135,0.67473,483.1015,1456.8125
4.8941,9978.6681,8.2347,239.2023,5.6078,-1.1947,-0.10277,3.0173,89.992,-0.22353,4.596,3.4175,15.2824,-35.3061,-0.0016173,1.2416,0.080432,1.6044e-07,0.0062453,0,73.7813,0.19135,0.67473,483.1015,1456.8125
4.9,9978.7368,8.2378,239.2027,5.5978,-1.1953,-0.077622,3.6138,89.9901,-0.18547,4.5856,3.4992,16.2248,-35.1843,-0.0015162,1.2145,0.096016,1.6095e-07,0.006256,0,73.9223,0.19131,0.6484,483.1012,1456.8086
4.9056,9978.7368,8.2378,239.2027,5.5978,-1.1953,-0.077622,3.6138,89.9901,-0.18547,4.5856,3.4992,16.2248,-35.1843,-0.0015162,1.2145,0.096016,1.6095e-07,0.006256,0,73.9223,0.19186,0.66788,483.1012,1456.8086
4.9056,9978.7368,8.2378,239.2027,5.5978,-1.1953,-0.077622,3.6138,89.9901,-0.18547,4.5856,3.4992,16.2248,-35.1843,-0.0015162,1.2145,0.096016,1.6095e-07,0.006256,0,73.9223,0.19186,0.66788,483.1012,1456.8086
4.9083,9978.8054,8.2406,239.2034,5.5879,-1.1959,-0.047507,4.1982,89.9886,-0.14004,4.5754,3.571,16.9397,-35.063,-0.0013918,0.6104,0.1079,1.6147e-07,0.0062666,0,74.0636,0.19148,0.62683,483.101,1456.8047
4.9111,9978.8054,8.2406,239.2034,5.5879,-1.1959,-0.047507,4.1982,89.9886,-0.14004,4.5754,3.571,16.9397,-35.063,-0.0013918,0.6104,0.1079,1.6147e-07,0.0062666,0,74.0636,0.19175,0.64313,483.101,1456.8047
4.9142,9978.8054,8.2406,239.2034,5.5879,-1.1959,-0.047507,4.1982,89.9886,-0.14004,4.5754,3.571,16.9397,-35.063,-0.0013918,0.6104,0.1079,1.6147e-07,0.0062666,0,74.0636,0.19206,0.65705,483.101,1456.8047
4.9142,9978.8054,8.2406,239.2034,5.5879,-1.1959,-0.047507,4.1982,89.9886,-0.14004,4.5754,3.571,16.9397,-35.063,-0.0013918,0.6104,0.1079,1.6147e-07,0.0062666,0,74.0636,0.19206,0.65705,483.101,1456.8047
4.9166,9978.8741,8.2431,239.2043,5.5779,-1.1965,-0.012523,4.4946,89.9874,-0.089015,4.5651,3.6319,12.1912,-33.5043,-0.0012315,-1.0794,0.11629,1.62e-07,0.0062772,0,74.2051,0.1916,0.60548,483.1008,1456.8009
4.9191,9978.8741,8.2431,239.2043,5.5779,-1.1965,-0.012523,4.4946,89.9874,-0.089015,4.5651,3.6319,12.1912,-33.5043,-0.0012315,-1.0794,0.11629,1.62e-07,0.0062772,0,74.2051,0.19185,0.62518,483.1008,1456.8009
4.9241,9978.8741,8.2431,239.2043,5.5779,-1.1965,-0.012523,4.4946,89.9874,-0.089015,4.5651,3.6319,12.1912,-33.5043,-0.0012315,-1.0794,0.11629,1.62e-07,0.0062772,0,74.2051,0.19234,0.65284,483.1008,1456.8009
4.925,9978.9428,8.2452,239.2053,5.568,-1.1971,0.024932,3.9846,89.9867,-0.034017,4.5549,3.6831,-2.6145,-29.2516,-0.0010402,-1.5679,0.12157,1.6253e-07,0.0062879,0,73.878,0.19168,0.5839,483.1005,1456.797
4.9253,9978.9428,8.2452,239.2053,5.568,-1.1971,0.024932,3.9846,89.9867,-0.034017,4.5549,3.6831,-2.6145,-29.2516,-0.0010402,-1.5679,0.12157,1.6253e-07,0.0062879,0,73.878,0.19171,0.58727,483.1005,1456.797
4.9253,9978.9428,8.2452,239.2053,5.568,-1.1971,0.024932,3.9846,89.9867,-0.034017,4.5549,3.6831,-2.6145,-29.2516,-0.0010402,-1.5679,0.12157,1.6253e-07,0.0062879,0,73.878,0.19171,0.58727,483.1005,1456.797
4.9299,9978.9428,8.2452,239.2053,5.568,-1.1971,0.024932,3.9846,89.9867,-0.034017,4.5549,3.6831,-2.6145,-29.2516,-0.0010402,-1.5679,0.12157,1.6253e-07,0.0062879,0,73.878,0.19216,0.62777,483.1005,1456.797
4.9333,9979.0115,8.2469,239.2063,5.558,-1.1976,0.058137,3.2415,89.9864,0.023599,4.5447,3.6932,-6.7092,-28.0079,-0.0008739,-1.5378,0.1242,1.6306e-07,0.0062985,0,73.5376,0.19169,0.57715,483.1003,1456.7931
4.9377,9979.0115,8.2469,239.2063,5.558,-1.1976,0.058137,3.2415,89.9864,0.023599,4.5447,3.6932,-6.7092,-28.0079,-0.0008739,-1.5378,0.1242,1.6306e-07,0.0062985,0,73.5376,0.19213,0.62013,483.1003,1456.7931
4.9377,9979.0115,8.2469,239.2063,5.558,-1.1976,0.058137,3.2415,89.9864,0.023599,4.5447,3.6932,-6.7092,-28.0079,-0.0008739,-1.5378,0.1242,1.6306e-07,0.0062985,0,73.5376,0.19213,0.62013,483.1003,1456.7931
4.9416,9979.0803,8.2481,239.2066,5.548,-1.1981,0.085149,2.513,89.9866,0.082607,4.5346,3.576,-6.2602,-28.0576,-0.00071606,-1.5071,0.12147,1.6358e-07,0.0063091,0,73.1992,0.19162,0.62725,483.1,1456.7892
4.9456,9979.0803,8.2481,239.2066,5.548,-1.1981,0.085149,2.513,89.9866,0.082607,4.5346,3.576,-6.2602,-28.0576,-0.00071606,-1.5071,0.12147,1.6358e-07,0.0063091,0,73.1992,0.19201,0.65032,483.1,1456.7892
4.95,9979.149,8.2488,239.2064,5.538,-1.1986,0.10609,1.799,89.9873,0.14043,4.5245,3.4484,-6.1406,-28.1064,-0.00055929,-1.4747,0.10628,1.641e-07,0.0063198,0,72.8627,0.19149,0.68244,483.0998,1456.7853
4.9583,9979.2177,8.2491,239.2057,5.5281,-1.199,0.12108,1.0997,89.9884,0.19109,4.5145,3.2928,-6.7816,-28.1583,-0.0003595,-1.4412,0.082398,1.6462e-07,0.0063304,0,73.002,0.19134,0.73911,483.0995,1456.7815
4.9666,9979.2865,8.249,239.2055,5.5181,-1.1993,0.13025,0.41538,89.99,0.23042,4.5045,3.2623,-7.9554,-28.2139,-0.00014958,-1.4076,0.054677,1.6512e-07,0.006341,0,73.1416,0.19126,0.72987,483.0993,1456.7776
4.975,9979.3552,8.2486,239.2055,5.5081,-1.1994,0.13371,-0.25423,89.9919,0.25657,4.4946,3.2229,-9.3675,-28.2686,5.5033e-05,-1.3745,0.025576,1.6562e-07,0.0063517,0,73.2815,0.19125,0.71395,483.099,1456.7737
4.9833,9979.424,8.2479,239.2057,5.4981,-1.1994,0.13159,-0.90937,89.9941,0.26888,4.4847,3.1808,-10.8688,-28.3199,0.00022036,-1.3422,-0.0029394,1.661e-07,0.0063623,0,73.4217,0.19132,0.69495,483.0988,1456.7698
4.9916,9979.4927,8.2468,239.2061,5.4881,-1.1993,0.12401,-1.5504,89.9963,0.26762,4.4749,3.141,-12.3399,-28.3649,0.00034802,-1.311,-0.029371,1.6657e-07,0.0063729,0,73.5622,0.19146,0.67446,483.0986,1456.7659
5,9979.5614,8.2453,239.2067,5.4782,-1.199,0.11109,-2.1777,89.9986,0.25381,4.4651,3.1073,-13.6898,-28.4026,0.0004412,-1.281,-0.052789,1.6703e-07,0.0063836,0,73.7029,0.19165,0.65318,483.0983,1456.7621
5.0083,9979.6301,8.2436,239.2074,5.4682,-1.1987,0.092943,-2.7917,90.0007,0.22887,4.4553,3.0816,-14.8618,-28.4327,0.00051439,-1.2523,-0.072686,1.6748e-07,0.0063942,0,73.8439,0.19185,0.63144,483.0981,1456.7582
5.0166,9979.6988,8.2415,239.2084,5.4582,-1.1983,0.069679,-3.393,90.0026,0.19449,4.4456,3.0652,-15.8251,-28.4557,0.00059578,-1.2249,-0.088882,1.6792e-07,0.0064048,0,73.9852,0.19203,0.60935,483.0978,1456.7543
5.0191,9979.6988,8.2415,239.2084,5.4582,-1.1983,0.069679,-3.393,90.0026,0.19449,4.4456,3.0652,-15.8251,-28.4557,0.00059578,-1.2249,-0.088882,1.6792e-07,0.0064048,0,73.9852,0.19228,0.63111,483.0978,1456.7543
5.0191,9979.6988,8.2415,239.2084,5.4582,-1.1983,0.069679,-3.393,90.0026,0.19449,4.4456,3.0652,-15.8251,-28.4557,0.00059578,-1.2249,-0.088882,1.6792e-07,0.0064048,0,73.9852,0.19228,0.63111,483.0978,1456.7543
5.025,9979.7675,8.2391,239.2095,5.4482,-1.1979,0.041404,-3.9818,90.0042,0.15246,4.4359,3.0566,-16.5686,-28.4734,0.00070213,-1.0348,-0.10145,1.6835e-07,0.0064155,0,74.1268,0.19218,0.58769,483.0976,1456.7504
5.0281,9979.7675,8.2391,239.2095,5.4482,-1.1979,0.041404,-3.9818,90.0042,0.15246,4.4359,3.0566,-16.5686,-28.4734,0.00070213,-1.0348,-0.10145,1.6835e-07,0.0064155,0,74.1268,0.19251,0.62095,483.0976,1456.7504
5.0281,9979.7675,8.2391,239.2095,5.4482,-1.1979,0.041404,-3.9818,90.0042,0.15246,4.4359,3.0566,-16.5686,-28.4734,0.00070213,-1.0348,-0.10145,1.6835e-07,0.0064155,0,74.1268,0.19251,0.62095,483.0976,1456.7504
5.0333,9979.8361,8.2363,239.2108,5.4382,-1.1975,0.0082225,-4.4805,90.0055,0.1045,4.4263,3.0556,-15.6107,-28.8985,0.00080907,0.59762,-0.11062,1.6878e-07,0.0064261,0,73.7864,0.19229,0.56641,483.0973,1456.7465
5.0385,9979.8361,8.2363,239.2108,5.4382,-1.1975,0.0082225,-4.4805,90.0055,0.1045,4.4263,3.0556,-15.6107,-28.8985,0.00080907,0.59762,-0.11062,1.6878e-07,0.0064261,0,73.7864,0.19282,0.62476,483.0973,1456.7465
5.0416,9979.9047,8.2331,239.2112,5.4283,-1.1971,-0.029115,-4.2001,90.0064,0.052234,4.4167,2.9091,-1.3739,-32.9461,0.00095633,1.5759,-0.11659,1.6921e-07,0.0064367,0,73.448,0.19229,0.61561,483.0971,1456.7427
5.05,9979.9733,8.2294,239.2112,5.4183,-1.1966,-0.064115,-3.4529,90.0068,-0.0029444,4.4072,2.7733,7.113,-35.3703,0.0011164,1.5458,-0.11988,1.6964e-07,0.0064474,0,73.1116,0.19221,0.67094,483.0968,1456.7388
5.0527,9979.9733,8.2294,239.2112,5.4183,-1.1966,-0.064115,-3.4529,90.0068,-0.0029444,4.4072,2.7733,7.113,-35.3703,0.0011164,1.5458,-0.11988,1.6964e-07,0.0064474,0,73.1116,0.19249,0.68105,483.0968,1456.7388
5.0527,9979.9733,8.2294,239.2112,5.4183,-1.1966,-0.064115,-3.4529,90.0068,-0.0029444,4.4072,2.7733,7.113,-35.3703,0.0011164,1.5458,-0.11988,1.6964e-07,0.0064474,0,73.1116,0.19249,0.68105,483.0968,1456.7388
5.0583,9980.0419,8.2252,239.2107,5.4084,-1.1962,-0.092889,-2.7202,90.0068,-0.059832,4.3978,2.647,6.6162,-35.2722,0.0013316,1.5155,-0.12009,1.7007e-07,0.006458,0,73.0929,0.19205,0.72822,483.0966,1456.7349
5.0639,9980.0419,8.2252,239.2107,5.4084,-1.1962,-0.092889,-2.7202,90.0068,-0.059832,4.3978,2.647,6.6162,-35.2722,0.0013316,1.5155,-0.12009,1.7007e-07,0.006458,0,73.0929,0.19262,0.72256,483.0966,1456.7349
5.0659,9980.0419,8.2252,239.2107,5.4084,-1.1962,-0.092889,-2.7202,90.0068,-0.059832,4.3978,2.647,6.6162,-35.2722,0.0013316,1.5155,-0.12009,1.7007e-07,0.006458,0,73.0929,0.19283,0.72128,483.0966,1456.7349
5.0659,9980.0419,8.2252,239.2107,5.4084,-1.1962,-0.092889,-2.7202,90.0068,-0.059832,4.3978,2.647,6.6162,-35.2722,0.0013316,1.5155,-0.12009,1.7007e-07,0.006458,0,73.0929,0.19283,0.72128,483.0966,1456.7349
5.0666,9980.1104,8.2208,239.2108,5.3984,-1.1957,-0.11556,-2.002,90.0063,-0.11695,4.3883,2.6749,6.3115,-35.1755,0.0015694,1.4838,-0.10944,1.705e-07,0.0064686,0,73.2325,0.19189,0.71974,483.0964,1456.7311
5.0673,9980.1104,8.2208,239.2108,5.3984,-1.1957,-0.11556,-2.002,90.0063,-0.11695,4.3883,2.6749,6.3115,-35.1755,0.0015694,1.4838,-0.10944,1.705e-07,0.0064686,0,73.2325,0.19196,0.71948,483.0964,1456.7311
5.0687,9980.1104,8.2208,239.2108,5.3984,-1.1957,-0.11556,-2.002,90.0063,-0.11695,4.3883,2.6749,6.3115,-35.1755,0.0015694,1.4838,-0.10944,1.705e-07,0.0064686,0,73.2325,0.19211,0.71904,483.0964,1456.7311
5.0715,9980.1104,8.2208,239.2108,5.3984,-1.1957,-0.11556,-2.002,90.0063,-0.11695,4.3883,2.6749,6.3115,-35.1755,0.0015694,1.4838,-0.10944,1.705e-07,0.0064686,0,73.2325,0.19239,0.7184,483.0964,1456.7311
5.075,9980.1789,8.216,239.211,5.3884,-1.1951,-0.13224,-1.2984,90.0053,-0.16908,4.379,2.7306,6.6722,-35.075,0.0018141,1.4506,-0.088157,1.7095e-07,0.0064793,0,73.3724,0.19177,0.70466,483.0961,1456.7272
5.0833,9980.2474,8.211,239.2113,5.3785,-1.1944,-0.14306,-0.60973,90.0039,-0.21113,4.3696,2.8136,7.6854,-34.97,0.0020297,1.4172,-0.062109,1.7141e-07,0.0064899,0,73.5125,0.19172,0.68648,483.0959,1456.7233
5.0916,9980.3158,8.2055,239.2119,5.3686,-1.1935,-0.14814,0.064187,90.0021,-0.24081,4.3604,2.9094,8.9942,-34.8613,0.002209,1.3841,-0.034059,1.7187e-07,0.0065005,0,73.653,0.19174,0.66677,483.0956,1456.7195
5.1,9980.3841,8.1998,239.2126,5.3586,-1.1925,-0.14761,0.72355,90.0001,-0.25715,4.3511,3.0112,10.4311,-34.7494,0.0023429,1.3517,-0.0060107,1.7235e-07,0.0065112,0,73.7937,0.19185,0.64623,483.0954,1456.7156
5.1083,9980.4524,8.1938,239.2135,5.3487,-1.1913,-0.14158,1.3687,89.998,-0.26016,4.342,3.1139,11.8747,-34.6346,0.0024347,1.3203,0.020413,1.7285e-07,0.0065218,0,73.9347,0.19202,0.62519,483.0951,1456.7117
5.1166,9980.5207,8.1874,239.2146,5.3388,-1.1901,-0.13017,2,89.9958,-0.25061,4.3329,3.2133,13.226,-34.5175,0.0024935,1.29,0.044151,1.7335e-07,0.0065324,0,74.076,0.19222,0.60379,483.0949,1456.7079
5.125,9980.5889,8.1807,239.2158,5.3289,-1.1888,-0.1135,2.6179,89.9937,-0.22979,4.3238,3.3067,14.4205,-34.3991,0.0025307,1.261,0.064593,1.7387e-07,0.0065431,0,73.7632,0.19243,0.58209,483.0946,1456.704
5.1333,9980.657,8.1737,239.2172,5.319,-1.1875,-0.091688,3.2229,89.9918,-0.19927,4.3148,3.377,15.4211,-34.2799,0.0025359,1.2333,0.081475,1.7439e-07,0.0065537,0,73.4231,0.19262,0.56707,483.0944,1456.7002
5.1416,9980.7251,8.1663,239.2177,5.3091,-1.1861,-0.064831,3.8154,89.9901,-0.16076,4.3058,3.2998,16.2113,-34.1592,0.0025565,1.1468,0.094794,1.7493e-07,0.0065644,0,73.085,0.19272,0.616,483.0942,1456.6964
5.1422,9980.7251,8.1663,239.2177,5.3091,-1.1861,-0.064831,3.8154,89.9901,-0.16076,4.3058,3.2998,16.2113,-34.1592,0.0025565,1.1468,0.094794,1.7493e-07,0.0065644,0,73.085,0.19278,0.62184,483.0942,1456.6964
5.1422,9980.7251,8.1663,239.2177,5.3091,-1.1861,-0.064831,3.8154,89.9901,-0.16076,4.3058,3.2998,16.2113,-34.1592,0.0025565,1.1468,0.094794,1.7493e-07,0.0065644,0,73.085,0.19278,0.62184,483.0942,1456.6964
5.15,9980.7931,8.1584,239.2178,5.2992,-1.1848,-0.033036,4.3671,89.9888,-0.11597,4.2969,3.2152,16.2461,-33.8903,0.0026166,-0.096844,0.10474,1.7548e-07,0.006575,0,72.7488,0.19273,0.67102,483.0939,1456.6925
5.1583,9980.8611,8.1501,239.2174,5.2894,-1.1834,0.0033557,4.3254,89.9878,-0.066508,4.288,3.1229,5.5783,-30.7424,0.0027858,-1.5802,0.11153,1.7602e-07,0.0065856,0,72.888,0.19264,0.72816,483.0937,1456.6887
5.1666,9980.9289,8.1416,239.2176,5.2795,-1.1821,0.039401,3.5758,89.9873,-0.013783,4.2792,3.1673,-7.4496,-27.017,0.003012,-1.5501,0.11551,1.7657e-07,0.0065963,0,73.0275,0.19251,0.71982,483.0934,1456.6848
5.1677,9980.9289,8.1416,239.2176,5.2795,-1.1821,0.039401,3.5758,89.9873,-0.013783,4.2792,3.1673,-7.4496,-27.017,0.003012,-1.5501,0.11551,1.7657e-07,0.0065963,0,73.0275,0.19262,0.72068,483.0934,1456.6848
5.1677,9980.9289,8.1416,239.2176,5.2795,-1.1821,0.039401,3.5758,89.9873,-0.013783,4.2792,3.1673,-7.4496,-27.017,0.003012,-1.5501,0.11551,1.7657e-07,0.0065963,0,73.0275,0.19262,0.72068,483.0934,1456.6848
5.175,9980.9968,8.1327,239.2178,5.2697,-1.1807,0.069199,2.8407,89.9872,0.040984,4.2705,3.2048,-6.9175,-27.0766,0.0032598,-1.52,0.11693,1.7712e-07,0.0066069,0,73.1672,0.19237,0.70495,483.0932,1456.681
5.1803,9980.9968,8.1327,239.2178,5.2697,-1.1807,0.069199,2.8407,89.9872,0.040984,4.2705,3.2048,-6.9175,-27.0766,0.0032598,-1.52,0.11693,1.7712e-07,0.0066069,0,73.1672,0.19292,0.71519,483.0932,1456.681
5.1803,9980.9968,8.1327,239.2178,5.2697,-1.1807,0.069199,2.8407,89.9872,0.040984,4.2705,3.2048,-6.9175,-27.0766,0.0032598,-1.52,0.11693,1.7712e-07,0.0066069,0,73.1672,0.19292,0.71519,483.0932,1456.681
5.1833,9981.0645,8.1235,239.2183,5.2598,-1.1793,0.092871,2.1201,89.9875,0.096559,4.2618,3.2363,-6.5446,-27.1358,0.0034959,-1.4889,0.10995,1.7767e-07,0.0066175,0,73.3073,0.19223,0.68698,483.093,1456.6772
5.1863,9981.0645,8.1235,239.2183,5.2598,-1.1793,0.092871,2.1201,89.9875,0.096559,4.2618,3.2363,-6.5446,-27.1358,0.0034959,-1.4889,0.10995,1.7767e-07,0.0066175,0,73.3073,0.19255,0.69834,483.093,1456.6772
5.1916,9981.1322,8.1141,239.2189,5.25,-1.1777,0.11054,1.414,89.9883,0.14891,4.2531,3.2477,-6.6856,-27.1956,0.0037109,-1.4561,0.090912,1.7821e-07,0.0066282,0,73.4476,0.19213,0.66747,483.0927,1456.6734
5.2,9981.1997,8.1043,239.2197,5.2402,-1.1761,0.12232,0.72268,89.9895,0.19226,4.2445,3.2299,-7.5637,-27.2571,0.0038936,-1.4228,0.066369,1.7874e-07,0.0066388,0,73.5882,0.19208,0.64708,483.0925,1456.6696
5.2083,9981.2672,8.0943,239.2207,5.2304,-1.1743,0.12834,0.046176,89.9911,0.22395,4.236,3.1993,-8.7811,-27.3164,0.0040411,-1.3899,0.039436,1.7926e-07,0.0066494,0,73.7291,0.19209,0.62613,483.0922,1456.6657
5.2166,9981.3346,8.0839,239.2219,5.2206,-1.1724,0.12873,-0.61575,89.993,0.24285,4.2275,3.1637,-10.1489,-27.3713,0.004151,-1.3575,0.012062,1.7977e-07,0.0066601,0,73.8703,0.19216,0.60477,483.092,1456.6619
5.225,9981.402,8.0733,239.2232,5.2109,-1.1705,0.1236,-1.2634,89.995,0.24874,4.219,3.1279,-11.5488,-27.4207,0.0042271,-1.326,-0.014051,1.8027e-07,0.0066707,0,73.8291,0.19227,0.58307,483.0918,1456.6581
5.2333,9981.4692,8.0623,239.2248,5.2011,-1.1684,0.11307,-1.8971,89.9971,0.24223,4.2106,3.096,-12.8774,-27.4636,0.0042442,-1.2956,-0.03775,1.8076e-07,0.0066813,0,73.4891,0.19242,0.56107,483.0915,1456.6543
5.2416,9981.5363,8.0509,239.2255,5.1914,-1.1663,0.097259,-2.5174,89.9991,0.22445,4.2023,2.917,-14.0647,-27.4978,0.0042406,-1.2665,-0.058362,1.8124e-07,0.006692,0,73.1509,0.19253,0.60916,483.0913,1456.6505
5.25,9981.6034,8.0392,239.2257,5.1817,-1.1641,0.076281,-3.1246,90.001,0.1969,4.1941,2.7486,-15.0695,-27.5249,0.0042382,-1.2386,-0.075557,1.8171e-07,0.0067026,0,72.8149,0.19257,0.66333,483.091,1456.6468
5.2583,9981.6703,8.027,239.2255,5.172,-1.162,0.050242,-3.7193,90.0026,0.16121,4.1859,2.5912,-15.8718,-27.5463,0.0043125,-1.199,-0.089282,1.8218e-07,0.0067132,0,72.641,0.19255,0.71948,483.0908,1456.643
5.2666,9981.7371,8.0146,239.2258,5.1623,-1.1598,0.019249,-4.2956,90.004,0.11905,4.1777,2.5873,-16.351,-27.5989,0.0044498,-0.069679,-0.099687,1.8263e-07,0.0067239,0,72.7804,0.19249,0.71048,483.0906,1456.6392
5.275,9981.8039,8.0019,239.2263,5.1527,-1.1576,-0.016548,-4.3331,90.005,0.071986,4.1696,2.5907,-6.7479,-30.3899,0.0046569,1.492,-0.10697,1.8309e-07,0.0067345,0,72.9202,0.1924,0.69542,483.0903,1456.6354
5.2833,9981.8705,7.989,239.2269,5.1431,-1.1554,-0.052657,-3.6253,90.0056,0.021441,4.1616,2.6022,6.953,-34.2819,0.0048849,1.5514,-0.11144,1.8355e-07,0.0067451,0,73.0602,0.1923,0.67743,483.0901,1456.6317
5.2836,9981.8705,7.989,239.2269,5.1431,-1.1554,-0.052657,-3.6253,90.0056,0.021441,4.1616,2.6022,6.953,-34.2819,0.0048849,1.5514,-0.11144,1.8355e-07,0.0067451,0,73.0602,0.19233,0.6794,483.0901,1456.6317
5.2836,9981.8705,7.989,239.2269,5.1431,-1.1554,-0.052657,-3.6253,90.0056,0.021441,4.1616,2.6022,6.953,-34.2819,0.0048849,1.5514,-0.11144,1.8355e-07,0.0067451,0,73.0602,0.19233,0.6794,483.0901,1456.6317
5.2916,9981.937,7.9757,239.2277,5.1334,-1.1531,-0.082867,-2.8892,90.0058,-0.031371,4.1536,2.6211,7.1954,-34.4185,0.0051032,1.5215,-0.11356,1.84e-07,0.0067558,0,73.2005,0.19218,0.65798,483.0898,1456.6279
5.296,9981.937,7.9757,239.2277,5.1334,-1.1531,-0.082867,-2.8892,90.0058,-0.031371,4.1536,2.6211,7.1954,-34.4185,0.0051032,1.5215,-0.11356,1.84e-07,0.0067558,0,73.2005,0.19263,0.68806,483.0898,1456.6279
5.296,9981.937,7.9757,239.2277,5.1334,-1.1531,-0.082867,-2.8892,90.0058,-0.031371,4.1536,2.6211,7.1954,-34.4185,0.0051032,1.5215,-0.11356,1.84e-07,0.0067558,0,73.2005,0.19263,0.68806,483.0898,1456.6279
5.3,9982.0034,7.9622,239.2287,5.1238,-1.1508,-0.10694,-2.1676,90.0055,-0.085321,4.1457,2.6466,6.7751,-34.3296,0.0053035,1.4907,-0.10811,1.8447e-07,0.0067664,0,73.3411,0.19207,0.63772,483.0896,1456.6242
5.3039,9982.0034,7.9622,239.2287,5.1238,-1.1508,-0.10694,-2.1676,90.0055,-0.085321,4.1457,2.6466,6.7751,-34.3296,0.0053035,1.4907,-0.10811,1.8447e-07,0.0067664,0,73.3411,0.19247,0.67238,483.0896,1456.6242
5.3083,9982.0697,7.9485,239.2298,5.1143,-1.1484,-0.12501,-1.4604,90.0048,-0.13678,4.1378,2.6918,6.8192,-34.236,0.0054804,1.4581,-0.090775,1.8494e-07,0.0067771,0,73.482,0.19197,0.61686,483.0894,1456.6204
5.3166,9982.1359,7.9344,239.2311,5.1047,-1.1459,-0.13718,-0.76804,90.0037,-0.18006,4.1299,2.7676,7.5919,-34.1356,0.00563,1.4251,-0.067468,1.8542e-07,0.0067877,0,73.6232,0.19191,0.59554,483.0891,1456.6167
5.325,9982.202,7.9201,239.2327,5.0952,-1.1433,-0.14358,-0.090424,90.0022,-0.21227,4.1222,2.8592,8.7336,-34.0309,0.0057318,1.3923,-0.041552,1.8591e-07,0.0067983,0,73.2838,0.1919,0.57384,483.0889,1456.613
5.3333,9982.2679,7.9054,239.2338,5.0856,-1.1407,-0.14433,0.57261,90.0004,-0.23218,4.1145,2.8707,10.0403,-33.9221,0.005784,1.36,-0.014966,1.8642e-07,0.006809,0,72.9452,0.19192,0.59188,483.0887,1456.6092
5.3416,9982.3337,7.8903,239.2343,5.0762,-1.1379,-0.13956,1.2214,89.9985,-0.23945,4.1068,2.8207,11.3942,-33.8097,0.005804,1.3286,0.010586,1.8693e-07,0.0068196,0,72.6086,0.19194,0.64319,483.0884,1456.6055
5.35,9982.3994,7.8749,239.2343,5.0667,-1.1351,-0.12938,1.8562,89.9965,-0.23458,4.0993,2.7711,12.6918,-33.6953,0.0058301,1.2982,0.03392,1.8746e-07,0.0068302,0,72.2742,0.19194,0.69818,483.0882,1456.6018
5.3583,9982.465,7.8592,239.2344,5.0572,-1.1322,-0.11391,2.4775,89.9945,-0.21864,4.0918,2.7862,13.861,-33.5815,0.0058854,1.2691,0.05433,1.8799e-07,0.0068409,0,72.4132,0.19194,0.72318,483.088,1456.5981
5.3666,9982.5304,7.8432,239.2348,5.0478,-1.1293,-0.093266,3.0857,89.9927,-0.19301,4.0843,2.8701,14.8587,-33.4699,0.0059646,1.2411,0.07146,1.8854e-07,0.0068515,0,72.5525,0.19196,0.71094,483.0877,1456.5944
5.3748,9982.5304,7.8432,239.2348,5.0478,-1.1293,-0.093266,3.0857,89.9927,-0.19301,4.0843,2.8701,14.8587,-33.4699,0.0059646,1.2411,0.07146,1.8854e-07,0.0068515,0,72.5525,0.19278,0.73333,483.0877,1456.5944
5.3748,9982.5304,7.8432,239.2348,5.0478,-1.1293,-0.093266,3.0857,89.9927,-0.19301,4.0843,2.8701,14.8587,-33.4699,0.0059646,1.2411,0.07146,1.8854e-07,0.0068515,0,72.5525,0.19278,0.73333,483.0877,1456.5944
5.375,9982.5957,7.827,239.2354,5.0384,-1.1263,-0.067553,3.6813,89.9911,-0.15927,4.0769,2.9459,15.6632,-33.3601,0.0060663,1.2144,0.085228,1.891e-07,0.0068621,0,72.6921,0.19196,0.69389,483.0875,1456.5907
5.3752,9982.5957,7.827,239.2354,5.0384,-1.1263,-0.067553,3.6813,89.9911,-0.15927,4.0769,2.9459,15.6632,-33.3601,0.0060663,1.2144,0.085228,1.891e-07,0.0068621,0,72.6921,0.19198,0.69502,483.0875,1456.5907
5.3756,9982.5957,7.827,239.2354,5.0384,-1.1263,-0.067553,3.6813,89.9911,-0.15927,4.0769,2.9459,15.6632,-33.3601,0.0060663,1.2144,0.085228,1.891e-07,0.0068621,0,72.6921,0.19202,0.69722,483.0875,1456.5907
5.3764,9982.5957,7.827,239.2354,5.0384,-1.1263,-0.067553,3.6813,89.9911,-0.15927,4.0769,2.9459,15.6632,-33.3601,0.0060663,1.2144,0.085228,1.891e-07,0.0068621,0,72.6921,0.1921,0.70136,483.0875,1456.5907
5.378,9982.5957,7.827,239.2354,5.0384,-1.1263,-0.067553,3.6813,89.9911,-0.15927,4.0769,2.9459,15.6632,-33.3601,0.0060663,1.2144,0.085228,1.891e-07,0.0068621,0,72.6921,0.19226,0.70875,483.0875,1456.5907
5.3811,9982.5957,7.827,239.2354,5.0384,-1.1263,-0.067553,3.6813,89.9911,-0.15927,4.0769,2.9459,15.6632,-33.3601,0.0060663,1.2144,0.085228,1.891e-07,0.0068621,0,72.6921,0.19258,0.72055,483.0875,1456.5907
5.3833,9982.6608,7.8105,239.2361,5.029,-1.1233,-0.036876,4.2647,89.9897,-0.11903,4.0695,3.0127,16.2693,-33.2521,0.0061913,0.20331,0.095755,1.8966e-07,0.0068728,0,72.832,0.19195,0.67482,483.0873,1456.5871
5.3911,9982.6608,7.8105,239.2361,5.029,-1.1233,-0.036876,4.2647,89.9897,-0.11903,4.0695,3.0127,16.2693,-33.2521,0.0061913,0.20331,0.095755,1.8966e-07,0.0068728,0,72.832,0.19274,0.7172,483.0873,1456.5871
5.3911,9982.6608,7.8105,239.2361,5.029,-1.1233,-0.036876,4.2647,89.9897,-0.11903,4.0695,3.0127,16.2693,-33.2521,0.0061913,0.20331,0.095755,1.8966e-07,0.0068728,0,72.832,0.19274,0.7172,483.0873,1456.5871
5.3916,9982.7259,7.7938,239.237,5.0197,-1.1202,-0.0013371,4.3657,89.9887,-0.073838,4.0623,3.0698,7.7466,-30.6933,0.00635,-1.3239,0.10323,1.9023e-07,0.0068834,0,72.9722,0.19191,0.65508,483.087,1456.5834
5.3922,9982.7259,7.7938,239.237,5.0197,-1.1202,-0.0013371,4.3657,89.9887,-0.073838,4.0623,3.0698,7.7466,-30.6933,0.00635,-1.3239,0.10323,1.9023e-07,0.0068834,0,72.9722,0.19196,0.6601,483.087,1456.5834
5.3932,9982.7259,7.7938,239.237,5.0197,-1.1202,-0.0013371,4.3657,89.9887,-0.073838,4.0623,3.0698,7.7466,-30.6933,0.00635,-1.3239,0.10323,1.9023e-07,0.0068834,0,72.9722,0.19207,0.66938,483.087,1456.5834
5.3953,9982.7259,7.7938,239.237,5.0197,-1.1202,-0.0013371,4.3657,89.9887,-0.073838,4.0623,3.0698,7.7466,-30.6933,0.00635,-1.3239,0.10323,1.9023e-07,0.0068834,0,72.9722,0.19228,0.68532,483.087,1456.5834
5.3995,9982.7259,7.7938,239.237,5.0197,-1.1202,-0.0013371,4.3657,89.9887,-0.073838,4.0623,3.0698,7.7466,-30.6933,0.00635,-1.3239,0.10323,1.9023e-07,0.0068834,0,72.9722,0.1927,0.70889,483.087,1456.5834
5.4,9982.7907,7.7769,239.2381,5.0104,-1.1172,0.035043,3.7379,89.9881,-0.025079,4.055,3.1185,-5.6396,-26.8623,0.0065271,-1.5555,0.10792,1.908e-07,0.006894,0,73.1127,0.19184,0.63479,483.0868,1456.5797
5.4023,9982.7907,7.7769,239.2381,5.0104,-1.1172,0.035043,3.7379,89.9881,-0.025079,4.055,3.1185,-5.6396,-26.8623,0.0065271,-1.5555,0.10792,1.908e-07,0.006894,0,73.1127,0.19207,0.65949,483.0868,1456.5797
5.4083,9982.8555,7.7597,239.2393,5.0011,-1.1141,0.066192,2.9996,89.9879,0.026036,4.0478,3.1605,-7.4387,-26.2726,0.0066956,-1.5255,0.11035,1.9137e-07,0.0069047,0,73.2535,0.19175,0.61407,483.0866,1456.5761
5.4117,9982.8555,7.7597,239.2393,5.0011,-1.1141,0.066192,2.9996,89.9879,0.026036,4.0478,3.1605,-7.4387,-26.2726,0.0066956,-1.5255,0.11035,1.9137e-07,0.0069047,0,73.2535,0.19209,0.65505,483.0866,1456.5761
5.4117,9982.8555,7.7597,239.2393,5.0011,-1.1141,0.066192,2.9996,89.9879,0.026036,4.0478,3.1605,-7.4387,-26.2726,0.0066956,-1.5255,0.11035,1.9137e-07,0.0069047,0,73.2535,0.19209,0.65505,483.0866,1456.5761
5.4166,9982.9201,7.7422,239.2408,4.9918,-1.111,0.091189,2.2758,89.9881,0.078437,4.0407,3.1975,-7.0048,-26.3344,0.0068534,-1.4948,0.10597,1.9194e-07,0.0069153,0,73.3945,0.19163,0.593,483.0863,1456.5724
5.4215,9982.9201,7.7422,239.2408,4.9918,-1.111,0.091189,2.2758,89.9881,0.078437,4.0407,3.1975,-7.0048,-26.3344,0.0068534,-1.4948,0.10597,1.9194e-07,0.0069153,0,73.3945,0.19213,0.65592,483.0863,1456.5724
5.425,9982.9845,7.7245,239.2424,4.9825,-1.1079,0.11015,1.5664,89.9888,0.12886,4.0336,3.2183,-6.9879,-26.3961,0.0069753,-1.4626,0.090428,1.925e-07,0.006926,0,73.0554,0.19152,0.57149,483.0861,1456.5688
5.4333,9983.0488,7.7065,239.2435,4.9733,-1.1047,0.12321,0.87183,89.9899,0.17195,4.0266,3.1111,-7.6542,-26.4582,0.0070637,-1.4297,0.068369,1.9305e-07,0.0069366,0,72.7173,0.1914,0.5958,483.0859,1456.5652
5.4416,9983.113,7.6881,239.2441,4.9641,-1.1014,0.13047,0.19198,89.9913,0.20458,4.0197,2.9385,-8.7208,-26.5182,0.0071295,-1.397,0.043417,1.9359e-07,0.0069472,0,72.3813,0.19127,0.6475,483.0857,1456.5615
5.45,9983.1769,7.6694,239.2442,4.955,-1.098,0.13207,-0.47326,89.993,0.22536,4.0128,2.762,-9.9682,-26.5749,0.0072172,-1.3647,0.01759,1.9413e-07,0.0069579,0,72.0474,0.19115,0.70246,483.0854,1456.5579
5.4583,9983.2408,7.6504,239.2447,4.9458,-1.0946,0.12813,-1.1242,89.9949,0.23387,4.006,2.7222,-11.274,-26.6297,0.00731,-1.3333,-0.007427,1.9465e-07,0.0069685,0,72.1868,0.19109,0.69584,483.0852,1456.5543
5.4666,9983.3045,7.6313,239.2455,4.9367,-1.0911,0.11876,-1.7611,89.9968,0.2305,3.9993,2.6921,-12.5358,-26.6805,0.0074023,-1.3029,-0.03042,1.9516e-07,0.0069791,0,72.3264,0.19107,0.6801,483.085,1456.5507
5.475,9983.368,7.6119,239.2464,4.9276,-1.0874,0.10408,-2.3845,89.9987,0.21621,3.9926,2.6674,-13.68,-26.7264,0.0074759,-1.2737,-0.050652,1.9566e-07,0.0069898,0,72.4664,0.19109,0.6613,483.0847,1456.5471
5.4833,9983.4313,7.5923,239.2475,4.9186,-1.0838,0.084213,-2.9947,90.0005,0.19232,3.986,2.6501,-14.6616,-26.7659,0.0075393,-1.2457,-0.067734,1.9616e-07,0.0070004,0,72.6066,0.19112,0.64105,483.0845,1456.5436
5.4915,9983.4313,7.5923,239.2475,4.9186,-1.0838,0.084213,-2.9947,90.0005,0.19232,3.986,2.6501,-14.6616,-26.7659,0.0075393,-1.2457,-0.067734,1.9616e-07,0.0070004,0,72.6066,0.19193,0.70904,483.0845,1456.5436
5.4915,9983.4313,7.5923,239.2475,4.9186,-1.0838,0.084213,-2.9947,90.0005,0.19232,3.986,2.6501,-14.6616,-26.7659,0.0075393,-1.2457,-0.067734,1.9616e-07,0.0070004,0,72.6066,0.19193,0.70904,483.0845,1456.5436
5.4916,9983.4945,7.5724,239.2487,4.9096,-1.08,0.059258,-3.5922,90.0021,0.16034,3.9794,2.6409,-15.457,-26.7992,0.0076025,-1.2189,-0.081554,1.9664e-07,0.007011,0,72.7471,0.19115,0.62003,483.0843,1456.54
5.4918,9983.4945,7.5724,239.2487,4.9096,-1.08,0.059258,-3.5922,90.0021,0.16034,3.9794,2.6409,-15.457,-26.7992,0.0076025,-1.2189,-0.081554,1.9664e-07,0.007011,0,72.7471,0.19116,0.6218,483.0843,1456.54
5.492,9983.4945,7.5724,239.2487,4.9096,-1.08,0.059258,-3.5922,90.0021,0.16034,3.9794,2.6409,-15.457,-26.7992,0.0076025,-1.2189,-0.081554,1.9664e-07,0.007011,0,72.7471,0.19119,0.62527,483.0843,1456.54
5.4925,9983.4945,7.5724,239.2487,4.9096,-1.08,0.059258,-3.5922,90.0021,0.16034,3.9794,2.6409,-15.457,-26.7992,0.0076025,-1.2189,-0.081554,1.9664e-07,0.007011,0,72.7471,0.19124,0.63195,483.0843,1456.54
5.4935,9983.4945,7.5724,239.2487,4.9096,-1.08,0.059258,-3.5922,90.0021,0.16034,3.9794,2.6409,-15.457,-26.7992,0.0076025,-1.2189,-0.081554,1.9664e-07,0.007011,0,72.7471,0.19133,0.64437,483.0843,1456.54
5.4955,9983.4945,7.5724,239.2487,4.9096,-1.08,0.059258,-3.5922,90.0021,0.16034,3.9794,2.6409,-15.457,-26.7992,0.0076025,-1.2189,-0.081554,1.9664e-07,0.007011,0,72.7471,0.19153,0.66582,483.0843,1456.54
5.4995,9983.4945,7.5724,239.2487,4.9096,-1.08,0.059258,-3.5922,90.0021,0.16034,3.9794,2.6409,-15.457,-26.7992,0.0076025,-1.2189,-0.081554,1.9664e-07,0.007011,0,72.7471,0.19192,0.69793,483.0843,1456.54
5.5,9983.5575,7.5524,239.2502,4.9006,-1.0763,0.029323,-4.1775,90.0035,0.12182,3.9729,2.6399,-16.0591,-26.8271,0.0076854,-0.30794,-0.092209,1.9712e-07,0.0070217,0,72.8879,0.19115,0.59868,483.0841,1456.5364
5.5023,9983.5575,7.5524,239.2502,4.9006,-1.0763,0.029323,-4.1775,90.0035,0.12182,3.9729,2.6399,-16.0591,-26.8271,0.0076854,-0.30794,-0.092209,1.9712e-07,0.0070217,0,72.8879,0.19138,0.63305,483.0841,1456.5364
5.5068,9983.5575,7.5524,239.2502,4.9006,-1.0763,0.029323,-4.1775,90.0035,0.12182,3.9729,2.6399,-16.0591,-26.8271,0.0076854,-0.30794,-0.092209,1.9712e-07,0.0070217,0,72.8879,0.19182,0.68052,483.0841,1456.5364
5.5068,9983.5575,7.5524,239.2502,4.9006,-1.0763,0.029323,-4.1775,90.0035,0.12182,3.9729,2.6399,-16.0591,-26.8271,0.0076854,-0.30794,-0.092209,1.9712e-07,0.0070217,0,72.8879,0.19182,0.68052,483.0841,1456.5364
5.5083,9983.6204,7.5321,239.2518,4.8916,-1.0726,-0.0054899,-4.3283,90.0045,0.078296,3.9664,2.6458,-8.4509,-29.0741,0.0078008,1.1877,-0.099869,1.976e-07,0.0070323,0,73.029,0.19112,0.5775,483.0838,1456.5329
5.5098,9983.6204,7.5321,239.2518,4.8916,-1.0726,-0.0054899,-4.3283,90.0045,0.078296,3.9664,2.6458,-8.4509,-29.0741,0.0078008,1.1877,-0.099869,1.976e-07,0.0070323,0,73.029,0.19126,0.60295,483.0838,1456.5329
5.5127,9983.6204,7.5321,239.2518,4.8916,-1.0726,-0.0054899,-4.3283,90.0045,0.078296,3.9664,2.6458,-8.4509,-29.0741,0.0078008,1.1877,-0.099869,1.976e-07,0.0070323,0,73.029,0.19155,0.64397,483.0838,1456.5329
5.5166,9983.6831,7.5116,239.2536,4.8827,-1.0688,-0.041559,-3.7652,90.0052,0.031118,3.96,2.6562,4.6316,-32.8004,0.0079099,1.5562,-0.1048,1.9807e-07,0.007043,0,72.6899,0.19104,0.55762,483.0836,1456.5293
5.525,9983.7456,7.4907,239.2546,4.8738,-1.0651,-0.072935,-3.0264,90.0054,-0.018513,3.9537,2.5251,7.6513,-33.7106,0.0080122,1.5263,-0.10745,1.9855e-07,0.0070536,0,72.3527,0.19088,0.60568,483.0834,1456.5258
5.5277,9983.7456,7.4907,239.2546,4.8738,-1.0651,-0.072935,-3.0264,90.0054,-0.018513,3.9537,2.5251,7.6513,-33.7106,0.0080122,1.5263,-0.10745,1.9855e-07,0.0070536,0,72.3527,0.19115,0.64404,483.0834,1456.5258
5.5277,9983.7456,7.4907,239.2546,4.8738,-1.0651,-0.072935,-3.0264,90.0054,-0.018513,3.9537,2.5251,7.6513,-33.7106,0.0080122,1.5263,-0.10745,1.9855e-07,0.0070536,0,72.3527,0.19115,0.64404,483.0834,1456.5258
5.5333,9983.8079,7.4695,239.2551,4.8649,-1.0614,-0.098155,-2.302,90.0053,-0.069533,3.9474,2.4027,7.1985,-33.6226,0.0081112,1.4957,-0.10393,1.9903e-07,0.0070642,0,72.0176,0.19066,0.65965,483.0832,1456.5223
5.5389,9983.8079,7.4695,239.2551,4.8649,-1.0614,-0.098155,-2.302,90.0053,-0.069533,3.9474,2.4027,7.1985,-33.6226,0.0081112,1.4957,-0.10393,1.9903e-07,0.0070642,0,72.0176,0.1912,0.70508,483.0832,1456.5223
5.5409,9983.8079,7.4695,239.2551,4.8649,-1.0614,-0.098155,-2.302,90.0053,-0.069533,3.9474,2.4027,7.1985,-33.6226,0.0081112,1.4957,-0.10393,1.9903e-07,0.0070642,0,72.0176,0.19139,0.71635,483.0832,1456.5223
5.5409,9983.8079,7.4695,239.2551,4.8649,-1.0614,-0.098155,-2.302,90.0053,-0.069533,3.9474,2.4027,7.1985,-33.6226,0.0081112,1.4957,-0.10393,1.9903e-07,0.0070642,0,72.0176,0.19139,0.71635,483.0832,1456.5223
5.5416,9983.8701,7.4481,239.2552,4.8561,-1.0576,-0.11734,-1.592,90.0047,-0.11898,3.9412,2.2987,7.1261,-33.5312,0.0082568,1.4637,-0.089835,1.9951e-07,0.0070749,0,72.1563,0.19039,0.71536,483.083,1456.5188
5.5424,9983.8701,7.4481,239.2552,4.8561,-1.0576,-0.11734,-1.592,90.0047,-0.11898,3.9412,2.2987,7.1261,-33.5312,0.0082568,1.4637,-0.089835,1.9951e-07,0.0070749,0,72.1563,0.19046,0.71896,483.083,1456.5188
5.5438,9983.8701,7.4481,239.2552,4.8561,-1.0576,-0.11734,-1.592,90.0047,-0.11898,3.9412,2.2987,7.1261,-33.5312,0.0082568,1.4637,-0.089835,1.9951e-07,0.0070749,0,72.1563,0.1906,0.72545,483.083,1456.5188
5.5467,9983.8701,7.4481,239.2552,4.8561,-1.0576,-0.11734,-1.592,90.0047,-0.11898,3.9412,2.2987,7.1261,-33.5312,0.0082568,1.4637,-0.089835,1.9951e-07,0.0070749,0,72.1563,0.19088,0.736,483.083,1456.5188
5.55,9983.932,7.4264,239.2557,4.8473,-1.0538,-0.13061,-0.89676,90.0037,-0.16179,3.935,2.3656,7.7019,-33.4374,0.0084151,1.431,-0.068821,2.0001e-07,0.0070855,0,72.2953,0.19016,0.70627,483.0827,1456.5153
5.5583,9983.9938,7.4045,239.2564,4.8385,-1.0499,-0.13808,-0.21624,90.0024,-0.19463,3.929,2.4505,8.7044,-33.3413,0.0085745,1.3984,-0.04471,2.0052e-07,0.0070961,0,72.4346,0.18998,0.69068,483.0825,1456.5118
5.5666,9984.0554,7.3824,239.2573,4.8298,-1.0459,-0.13988,0.44969,90.0007,-0.21603,3.923,2.5437,9.9015,-33.2437,0.0087018,1.3663,-0.019565,2.0103e-07,0.0071068,0,72.5743,0.18989,0.67208,483.0823,1456.5083
5.575,9984.1169,7.3602,239.2584,4.8211,-1.0417,-0.13613,1.1013,89.9989,-0.22548,3.917,2.6403,11.168,-33.1435,0.008794,1.3349,0.0049372,2.0156e-07,0.0071174,0,72.7142,0.18986,0.65202,483.0821,1456.5049
5.5833,9984.1781,7.3377,239.2596,4.8124,-1.0375,-0.12695,1.7389,89.9971,-0.22329,3.9111,2.7361,12.4019,-33.0412,0.0088499,1.3046,0.027576,2.021e-07,0.0071281,0,72.8544,0.18988,0.63117,483.0819,1456.5014
5.5916,9984.2392,7.315,239.2611,4.8038,-1.0332,-0.11246,2.3629,89.9952,-0.21035,3.9053,2.8279,13.529,-32.9371,0.0088788,1.2754,0.047589,2.0265e-07,0.0071387,0,72.9948,0.18994,0.60987,483.0816,1456.4979
5.6,9984.3,7.2921,239.2627,4.7952,-1.0288,-0.092774,2.9737,89.9934,-0.18791,3.8995,2.9136,14.5028,-32.8319,0.0088942,1.2474,0.064567,2.032e-07,0.0071493,0,73.1356,0.19,0.58823,483.0814,1456.4945
5.6081,9984.3,7.2921,239.2627,4.7952,-1.0288,-0.092774,2.9737,89.9934,-0.18791,3.8995,2.9136,14.5028,-32.8319,0.0088942,1.2474,0.064567,2.032e-07,0.0071493,0,73.1356,0.19076,0.6904,483.0814,1456.4945
5.6081,9984.3,7.2921,239.2627,4.7952,-1.0288,-0.092774,2.9737,89.9934,-0.18791,3.8995,2.9136,14.5028,-32.8319,0.0088942,1.2474,0.064567,2.032e-07,0.0071493,0,73.1356,0.19076,0.6904,483.0814,1456.4945
5.6083,9984.3607,7.2691,239.2644,4.7866,-1.0244,-0.067993,3.5719,89.9919,-0.15743,3.8938,2.992,15.2982,-32.7264,0.0088899,1.2205,0.078377,2.0377e-07,0.00716,0,72.7971,0.19003,0.56631,483.0812,1456.4911
5.6085,9984.3607,7.2691,239.2644,4.7866,-1.0244,-0.067993,3.5719,89.9919,-0.15743,3.8938,2.992,15.2982,-32.7264,0.0088899,1.2205,0.078377,2.0377e-07,0.00716,0,72.7971,0.19005,0.57094,483.0812,1456.4911
5.609,9984.3607,7.2691,239.2644,4.7866,-1.0244,-0.067993,3.5719,89.9919,-0.15743,3.8938,2.992,15.2982,-32.7264,0.0088899,1.2205,0.078377,2.0377e-07,0.00716,0,72.7971,0.1901,0.57991,483.0812,1456.4911
5.6099,9984.3607,7.2691,239.2644,4.7866,-1.0244,-0.067993,3.5719,89.9919,-0.15743,3.8938,2.992,15.2982,-32.7264,0.0088899,1.2205,0.078377,2.0377e-07,0.00716,0,72.7971,0.19018,0.59666,483.0812,1456.4911
5.6117,9984.3607,7.2691,239.2644,4.7866,-1.0244,-0.067993,3.5719,89.9919,-0.15743,3.8938,2.992,15.2982,-32.7264,0.0088899,1.2205,0.078377,2.0377e-07,0.00716,0,72.7971,0.19035,0.62595,483.0812,1456.4911
5.6154,9984.3607,7.2691,239.2644,4.7866,-1.0244,-0.067993,3.5719,89.9919,-0.15743,3.8938,2.992,15.2982,-32.7264,0.0088899,1.2205,0.078377,2.0377e-07,0.00716,0,72.7971,0.19069,0.67082,483.0812,1456.4911
5.6164,9984.3607,7.2691,239.2644,4.7866,-1.0244,-0.067993,3.5719,89.9919,-0.15743,3.8938,2.992,15.2982,-32.7264,0.0088899,1.2205,0.078377,2.0377e-07,0.00716,0,72.7971,0.19079,0.68041,483.0812,1456.4911
5.6164,9984.3607,7.2691,239.2644,4.7866,-1.0244,-0.067993,3.5719,89.9919,-0.15743,3.8938,2.992,15.2982,-32.7264,0.0088899,1.2205,0.078377,2.0377e-07,0.00716,0,72.7971,0.19079,0.68041,483.0812,1456.4911
5.6166,9984.4212,7.2457,239.2657,4.7781,-1.0201,-0.038227,4.1578,89.9906,-0.12041,3.8881,2.9547,15.907,-32.6201,0.0088976,0.38371,0.089092,2.0435e-07,0.0071706,0,72.4599,0.19,0.59354,483.081,1456.4877
5.6169,9984.4212,7.2457,239.2657,4.7781,-1.0201,-0.038227,4.1578,89.9906,-0.12041,3.8881,2.9547,15.907,-32.6201,0.0088976,0.38371,0.089092,2.0435e-07,0.0071706,0,72.4599,0.19002,0.59842,483.081,1456.4877
5.6175,9984.4212,7.2457,239.2657,4.7781,-1.0201,-0.038227,4.1578,89.9906,-0.12041,3.8881,2.9547,15.907,-32.6201,0.0088976,0.38371,0.089092,2.0435e-07,0.0071706,0,72.4599,0.19007,0.6078,483.081,1456.4877
5.6186,9984.4212,7.2457,239.2657,4.7781,-1.0201,-0.038227,4.1578,89.9906,-0.12041,3.8881,2.9547,15.907,-32.6201,0.0088976,0.38371,0.089092,2.0435e-07,0.0071706,0,72.4599,0.19018,0.62508,483.081,1456.4877
5.6208,9984.4212,7.2457,239.2657,4.7781,-1.0201,-0.038227,4.1578,89.9906,-0.12041,3.8881,2.9547,15.907,-32.6201,0.0088976,0.38371,0.089092,2.0435e-07,0.0071706,0,72.4599,0.19038,0.65445,483.081,1456.4877
5.6228,9984.4212,7.2457,239.2657,4.7781,-1.0201,-0.038227,4.1578,89.9906,-0.12041,3.8881,2.9547,15.907,-32.6201,0.0088976,0.38371,0.089092,2.0435e-07,0.0071706,0,72.4599,0.19057,0.6756,483.081,1456.4877
5.6228,9984.4212,7.2457,239.2657,4.7781,-1.0201,-0.038227,4.1578,89.9906,-0.12041,3.8881,2.9547,15.907,-32.6201,0.0088976,0.38371,0.089092,2.0435e-07,0.0071706,0,72.4599,0.19057,0.6756,483.081,1456.4877
5.625,9984.4815,7.222,239.2664,4.7696,-1.0158,-0.0035794,4.3445,89.9895,-0.078351,3.8825,2.8663,8.9771,-30.4962,0.008943,-1.0827,0.096873,2.0492e-07,0.0071812,0,72.1247,0.18987,0.64538,483.0808,1456.4843
5.6272,9984.4815,7.222,239.2664,4.7696,-1.0158,-0.0035794,4.3445,89.9895,-0.078351,3.8825,2.8663,8.9771,-30.4962,0.008943,-1.0827,0.096873,2.0492e-07,0.0071812,0,72.1247,0.19008,0.6709,483.0808,1456.4843
5.6316,9984.4815,7.222,239.2664,4.7696,-1.0158,-0.0035794,4.3445,89.9895,-0.078351,3.8825,2.8663,8.9771,-30.4962,0.008943,-1.0827,0.096873,2.0492e-07,0.0071812,0,72.1247,0.19049,0.7079,483.0808,1456.4843
5.6333,9984.5415,7.1981,239.2667,4.7611,-1.0115,0.032624,3.8314,89.9889,-0.032583,3.877,2.7721,-3.8402,-26.8157,0.0090702,-1.5585,0.10197,2.055e-07,0.0071919,0,71.7917,0.18967,0.70035,483.0806,1456.4809
5.6416,9984.6014,7.174,239.2674,4.7527,-1.0072,0.064552,3.0912,89.9886,0.015705,3.8715,2.815,-7.8321,-25.6202,0.0092311,-1.5286,0.10481,2.0608e-07,0.0072025,0,71.9308,0.18943,0.69104,483.0804,1456.4775
5.6438,9984.6014,7.174,239.2674,4.7527,-1.0072,0.064552,3.0912,89.9886,0.015705,3.8715,2.815,-7.8321,-25.6202,0.0092311,-1.5286,0.10481,2.0608e-07,0.0072025,0,71.9308,0.18962,0.70719,483.0804,1456.4775
5.6438,9984.6014,7.174,239.2674,4.7527,-1.0072,0.064552,3.0912,89.9886,0.015705,3.8715,2.815,-7.8321,-25.6202,0.0092311,-1.5286,0.10481,2.0608e-07,0.0072025,0,71.9308,0.18962,0.70719,483.0804,1456.4775
5.65,9984.6611,7.1498,239.2683,4.7443,-1.0029,0.090312,2.3655,89.9887,0.065468,3.8661,2.8527,-7.3743,-25.6891,0.009411,-1.4981,0.10193,2.0666e-07,0.0072132,0,72.0701,0.18918,0.67551,483.0801,1456.4741
5.6562,9984.6611,7.1498,239.2683,4.7443,-1.0029,0.090312,2.3655,89.9887,0.065468,3.8661,2.8527,-7.3743,-25.6891,0.009411,-1.4981,0.10193,2.0666e-07,0.0072132,0,72.0701,0.18975,0.72228,483.0801,1456.4741
5.6567,9984.6611,7.1498,239.2683,4.7443,-1.0029,0.090312,2.3655,89.9887,0.065468,3.8661,2.8527,-7.3743,-25.6891,0.009411,-1.4981,0.10193,2.0666e-07,0.0072132,0,72.0701,0.1898,0.72484,483.0801,1456.4741
5.6567,9984.6611,7.1498,239.2683,4.7443,-1.0029,0.090312,2.3655,89.9887,0.065468,3.8661,2.8527,-7.3743,-25.6891,0.009411,-1.4981,0.10193,2.0666e-07,0.0072132,0,72.0701,0.1898,0.72484,483.0801,1456.4741
5.6583,9984.7206,7.1253,239.2694,4.736,-0.99849,0.11002,1.6542,89.9893,0.11396,3.8608,2.8766,-7.2676,-25.7588,0.0095778,-1.4663,0.088967,2.0723e-07,0.0072238,0,72.2098,0.18896,0.65702,483.0799,1456.4708
5.66,9984.7206,7.1253,239.2694,4.736,-0.99849,0.11002,1.6542,89.9893,0.11396,3.8608,2.8766,-7.2676,-25.7588,0.0095778,-1.4663,0.088967,2.0723e-07,0.0072238,0,72.2098,0.18911,0.67517,483.0799,1456.4708
5.6632,9984.7206,7.1253,239.2694,4.736,-0.99849,0.11002,1.6542,89.9893,0.11396,3.8608,2.8766,-7.2676,-25.7588,0.0095778,-1.4663,0.088967,2.0723e-07,0.0072238,0,72.2098,0.18941,0.70374,483.0799,1456.4708
5.6666,9984.7799,7.1007,239.2706,4.7277,-0.99403,0.12381,0.95762,89.9902,0.15635,3.8555,2.8761,-7.7779,-25.8298,0.0097237,-1.4337,0.068818,2.0779e-07,0.0072344,0,72.3497,0.18877,0.63706,483.0797,1456.4674
5.675,9984.8389,7.0759,239.2721,4.7194,-0.98949,0.13179,0.27575,89.9915,0.18919,3.8503,2.8585,-8.7295,-25.9,0.0098393,-1.4012,0.045422,2.0834e-07,0.0072451,0,72.4899,0.18864,0.61626,483.0795,1456.4641
5.6833,9984.8978,7.0509,239.2737,4.7112,-0.98485,0.13409,-0.39151,89.9931,0.21092,3.8451,2.8337,-9.8834,-25.9668,0.0099211,-1.3691,0.020879,2.0889e-07,0.0072557,0,72.6305,0.18857,0.59495,483.0793,1456.4608
5.6916,9984.9564,7.0258,239.2754,4.703,-0.98012,0.13082,-1.0444,89.9949,0.22099,3.84,2.8069,-11.1121,-26.0287,0.0099678,-1.3378,-0.0031555,2.0942e-07,0.0072663,0,72.7712,0.18855,0.57325,483.0791,1456.4575
5.7,9985.0149,7.0004,239.2774,4.6948,-0.97533,0.12212,-1.6833,89.9967,0.21963,3.835,2.7763,-12.3152,-26.0846,0.0099543,-1.3075,-0.025454,2.0994e-07,0.007277,0,72.4328,0.18857,0.55393,483.0789,1456.4542
5.7083,9985.0731,6.9748,239.2785,4.6867,-0.9705,0.10809,-2.3086,89.9985,0.20769,3.8301,2.6057,-13.418,-26.1322,0.0099162,-1.2783,-0.045239,2.1046e-07,0.0072876,0,72.0964,0.18855,0.60099,483.0787,1456.4509
5.7166,9985.1311,6.9489,239.2792,4.6786,-0.96566,0.088855,-2.9207,90.0003,0.18635,3.8252,2.4442,-14.3732,-26.173,0.0098734,-1.2502,-0.062085,2.1096e-07,0.0072983,0,71.762,0.1885,0.65386,483.0785,1456.4476
5.725,9985.1889,6.9228,239.2794,4.6706,-0.96083,0.064516,-3.52,90.0018,0.15702,3.8203,2.2926,-15.1549,-26.2081,0.0098931,-1.2233,-0.075844,2.1145e-07,0.0073089,0,71.9004,0.18838,0.70859,483.0783,1456.4443
5.7328,9985.1889,6.9228,239.2794,4.6706,-0.96083,0.064516,-3.52,90.0018,0.15702,3.8203,2.2926,-15.1549,-26.2081,0.0098931,-1.2233,-0.075844,2.1145e-07,0.0073089,0,71.9004,0.18907,0.74832,483.0783,1456.4443
5.7328,9985.1889,6.9228,239.2794,4.6706,-0.96083,0.064516,-3.52,90.0018,0.15702,3.8203,2.2926,-15.1549,-26.2081,0.0098931,-1.2233,-0.075844,2.1145e-07,0.0073089,0,71.9004,0.18907,0.74832,483.0783,1456.4443
5.7333,9985.2465,6.8965,239.2802,4.6626,-0.95601,0.035183,-4.1071,90.0031,0.12119,3.8156,2.2913,-15.7539,-26.2415,0.0099684,-0.41301,-0.086575,2.1194e-07,0.0073195,0,72.0391,0.18824,0.69918,483.0781,1456.4411
5.7339,9985.2465,6.8965,239.2802,4.6626,-0.95601,0.035183,-4.1071,90.0031,0.12119,3.8156,2.2913,-15.7539,-26.2415,0.0099684,-0.41301,-0.086575,2.1194e-07,0.0073195,0,72.0391,0.18829,0.70357,483.0781,1456.4411
5.7349,9985.2465,6.8965,239.2802,4.6626,-0.95601,0.035183,-4.1071,90.0031,0.12119,3.8156,2.2913,-15.7539,-26.2415,0.0099684,-0.41301,-0.086575,2.1194e-07,0.0073195,0,72.0391,0.18838,0.71168,483.0781,1456.4411
5.7371,9985.2465,6.8965,239.2802,4.6626,-0.95601,0.035183,-4.1071,90.0031,0.12119,3.8156,2.2913,-15.7539,-26.2415,0.0099684,-0.41301,-0.086575,2.1194e-07,0.0073195,0,72.0391,0.18857,0.72552,483.0781,1456.4411
5.7391,9985.2465,6.8965,239.2802,4.6626,-0.95601,0.035183,-4.1071,90.0031,0.12119,3.8156,2.2913,-15.7539,-26.2415,0.0099684,-0.41301,-0.086575,2.1194e-07,0.0073195,0,72.0391,0.18875,0.73577,483.0781,1456.4411
5.7391,9985.2465,6.8965,239.2802,4.6626,-0.95601,0.035183,-4.1071,90.0031,0.12119,3.8156,2.2913,-15.7539,-26.2415,0.0099684,-0.41301,-0.086575,2.1194e-07,0.0073195,0,72.0391,0.18875,0.73577,483.0781,1456.4411
5.7416,9985.3039,6.8701,239.281,4.6546,-0.95117,0.00095744,-4.3076,90.0042,0.080295,3.8109,2.2962,-9.0634,-28.2429,0.010103,1.0287,-0.094429,2.1243e-07,0.0073302,0,72.1781,0.18808,0.68399,483.0778,1456.4378
5.7442,9985.3039,6.8701,239.281,4.6546,-0.95117,0.00095744,-4.3076,90.0042,0.080295,3.8109,2.2962,-9.0634,-28.2429,0.010103,1.0287,-0.094429,2.1243e-07,0.0073302,0,72.1781,0.1883,0.70645,483.0778,1456.4378
5.7493,9985.3039,6.8701,239.281,4.6546,-0.95117,0.00095744,-4.3076,90.0042,0.080295,3.8109,2.2962,-9.0634,-28.2429,0.010103,1.0287,-0.094429,2.1243e-07,0.0073302,0,72.1781,0.18875,0.73749,483.0778,1456.4378
5.75,9985.361,6.8435,239.2821,4.6467,-0.94633,-0.034939,-3.8201,90.0048,0.035659,3.8062,2.3085,3.52,-31.8411,0.010263,1.5577,-0.099651,2.1291e-07,0.0073408,0,72.3174,0.18789,0.66593,483.0776,1456.4346
5.7531,9985.361,6.8435,239.2821,4.6467,-0.94633,-0.034939,-3.8201,90.0048,0.035659,3.8062,2.3085,3.52,-31.8411,0.010263,1.5577,-0.099651,2.1291e-07,0.0073408,0,72.3174,0.18817,0.69783,483.0776,1456.4346
5.7583,9985.4179,6.8168,239.2833,4.6388,-0.94146,-0.066772,-3.0801,90.0051,-0.011551,3.8016,2.3276,7.9802,-33.1635,0.010421,1.5279,-0.10263,2.134e-07,0.0073515,0,72.457,0.1877,0.64646,483.0774,1456.4314
5.7601,9985.4179,6.8168,239.2833,4.6388,-0.94146,-0.066772,-3.0801,90.0051,-0.011551,3.8016,2.3276,7.9802,-33.1635,0.010421,1.5279,-0.10263,2.134e-07,0.0073515,0,72.457,0.18785,0.66852,483.0774,1456.4314
5.7601,9985.4179,6.8168,239.2833,4.6388,-0.94146,-0.066772,-3.0801,90.0051,-0.011551,3.8016,2.3276,7.9802,-33.1635,0.010421,1.5279,-0.10263,2.134e-07,0.0073515,0,72.457,0.18785,0.66852,483.0774,1456.4314
5.7666,9985.4746,6.7899,239.2847,4.631,-0.93657,-0.09244,-2.3545,90.005,-0.060294,3.7971,2.353,7.5093,-33.0867,0.010563,1.4975,-0.1001,2.1388e-07,0.0073621,0,72.5969,0.1875,0.6262,483.0772,1456.4282
5.7728,9985.4746,6.7899,239.2847,4.631,-0.93657,-0.09244,-2.3545,90.005,-0.060294,3.7971,2.353,7.5093,-33.0867,0.010563,1.4975,-0.1001,2.1388e-07,0.0073621,0,72.5969,0.18803,0.69941,483.0772,1456.4282
5.7728,9985.4746,6.7899,239.2847,4.631,-0.93657,-0.09244,-2.3545,90.005,-0.060294,3.7971,2.353,7.5093,-33.0867,0.010563,1.4975,-0.1001,2.1388e-07,0.0073621,0,72.5969,0.18803,0.69941,483.0772,1456.4282
5.775,9985.5311,6.7629,239.2863,4.6232,-0.93164,-0.11206,-1.6434,90.0045,-0.10793,3.7926,2.3929,7.3781,-33.0061,0.010686,1.4658,-0.087806,2.1438e-07,0.0073727,0,72.737,0.18731,0.60537,483.077,1456.425
5.7771,9985.5311,6.7629,239.2863,4.6232,-0.93164,-0.11206,-1.6434,90.0045,-0.10793,3.7926,2.3929,7.3781,-33.0061,0.010686,1.4658,-0.087806,2.1438e-07,0.0073727,0,72.737,0.18749,0.64035,483.077,1456.425
5.7815,9985.5311,6.7629,239.2863,4.6232,-0.93164,-0.11206,-1.6434,90.0045,-0.10793,3.7926,2.3929,7.3781,-33.0061,0.010686,1.4658,-0.087806,2.1438e-07,0.0073727,0,72.737,0.18786,0.6914,483.077,1456.425
5.7833,9985.5873,6.7357,239.288,4.6155,-0.92666,-0.12576,-0.94684,90.0036,-0.14977,3.7882,2.4579,7.846,-32.9199,0.010787,1.4334,-0.068279,2.1488e-07,0.0073834,0,72.8775,0.18714,0.58412,483.0768,1456.4218
5.7916,9985.6434,6.7084,239.29,4.6077,-0.9216,-0.13365,-0.26503,90.0024,-0.18236,3.7839,2.5419,8.7596,-32.8289,0.010838,1.401,-0.045447,2.1539e-07,0.007394,0,72.5397,0.18702,0.56248,483.0766,1456.4187
5.8,9985.6991,6.6808,239.2913,4.6001,-0.91649,-0.13585,0.40218,90.0009,-0.2041,3.7796,2.5203,9.8804,-32.7335,0.010851,1.369,-0.021416,2.1592e-07,0.0074047,0,72.2034,0.18691,0.59304,483.0764,1456.4155
5.8083,9985.7547,6.653,239.2922,4.5924,-0.91132,-0.1325,1.055,89.9992,-0.21443,3.7754,2.4691,11.0804,-32.6348,0.010837,1.3378,0.0021831,2.1645e-07,0.0074153,0,71.8691,0.1868,0.64412,483.0762,1456.4124
5.8166,9985.81,6.625,239.2925,4.5849,-0.90611,-0.12371,1.6939,89.9974,-0.21353,3.7712,2.4199,12.2606,-32.5342,0.010849,1.3075,0.024128,2.1699e-07,0.0074259,0,71.5371,0.18668,0.69801,483.076,1456.4093
5.825,9985.8651,6.5968,239.2934,4.5773,-0.90086,-0.10959,2.3191,89.9956,-0.20221,3.7672,2.5095,13.3466,-32.4353,0.010873,1.2783,0.043641,2.1754e-07,0.0074366,0,71.6757,0.18659,0.6882,483.0759,1456.4062
5.8333,9985.92,6.5686,239.2945,4.5698,-0.89556,-0.090268,2.9311,89.9939,-0.18162,3.7632,2.5932,14.291,-32.3376,0.010913,1.2503,0.060295,2.181e-07,0.0074472,0,71.8147,0.18651,0.67222,483.0757,1456.4031
5.8416,9985.9746,6.5402,239.2957,4.5624,-0.89024,-0.065842,3.5304,89.9924,-0.15313,3.7592,2.6698,15.0677,-32.241,0.010955,1.2234,0.073933,2.1867e-07,0.0074578,0,71.954,0.18644,0.65341,483.0755,1456.4
5.8496,9985.9746,6.5402,239.2957,4.5624,-0.89024,-0.065842,3.5304,89.9924,-0.15313,3.7592,2.6698,15.0677,-32.241,0.010955,1.2234,0.073933,2.1867e-07,0.0074578,0,71.954,0.18709,0.72889,483.0755,1456.4
5.8496,9985.9746,6.5402,239.2957,4.5624,-0.89024,-0.065842,3.5304,89.9924,-0.15313,3.7592,2.6698,15.0677,-32.241,0.010955,1.2234,0.073933,2.1867e-07,0.0074578,0,71.954,0.18709,0.72889,483.0755,1456.4
5.85,9986.029,6.5116,239.297,4.555,-0.88491,-0.036422,4.1174,89.9911,-0.11818,3.7553,2.739,15.667,-32.1451,0.011018,0.41261,0.084603,2.1925e-07,0.0074685,0,72.0935,0.18635,0.63328,483.0753,1456.3969
5.8503,9986.029,6.5116,239.297,4.555,-0.88491,-0.036422,4.1174,89.9911,-0.11818,3.7553,2.739,15.667,-32.1451,0.011018,0.41261,0.084603,2.1925e-07,0.0074685,0,72.0935,0.18637,0.63844,483.0753,1456.3969
5.851,9986.029,6.5116,239.297,4.555,-0.88491,-0.036422,4.1174,89.9911,-0.11818,3.7553,2.739,15.667,-32.1451,0.011018,0.41261,0.084603,2.1925e-07,0.0074685,0,72.0935,0.18643,0.64825,483.0753,1456.3969
5.8523,9986.029,6.5116,239.297,4.555,-0.88491,-0.036422,4.1174,89.9911,-0.11818,3.7553,2.739,15.667,-32.1451,0.011018,0.41261,0.084603,2.1925e-07,0.0074685,0,72.0935,0.18653,0.66604,483.0753,1456.3969
5.855,9986.029,6.5116,239.297,4.555,-0.88491,-0.036422,4.1174,89.9911,-0.11818,3.7553,2.739,15.667,-32.1451,0.011018,0.41261,0.084603,2.1925e-07,0.0074685,0,72.0935,0.18675,0.69529,483.0753,1456.3969
5.8556,9986.029,6.5116,239.297,4.555,-0.88491,-0.036422,4.1174,89.9911,-0.11818,3.7553,2.739,15.667,-32.1451,0.011018,0.41261,0.084603,2.1925e-07,0.0074685,0,72.0935,0.1868,0.70099,483.0753,1456.3969
5.8556,9986.029,6.5116,239.297,4.555,-0.88491,-0.036422,4.1174,89.9911,-0.11818,3.7553,2.739,15.667,-32.1451,0.011018,0.41261,0.084603,2.1925e-07,0.0074685,0,72.0935,0.1868,0.70099,483.0753,1456.3969
5.8583,9986.0831,6.483,239.2986,4.5476,-0.87958,-0.0021113,4.3175,89.9901,-0.078196,3.7515,2.7992,8.9707,-30.0969,0.011107,-1.0076,0.092451,2.1983e-07,0.0074791,0,72.2334,0.18623,0.61299,483.0751,1456.3938
5.861,9986.0831,6.483,239.2986,4.5476,-0.87958,-0.0021113,4.3175,89.9901,-0.078196,3.7515,2.7992,8.9707,-30.0969,0.011107,-1.0076,0.092451,2.1983e-07,0.0074791,0,72.2334,0.18645,0.65529,483.0751,1456.3938
5.8666,9986.137,6.4542,239.3003,4.5403,-0.87425,0.033868,3.8399,89.9895,-0.03447,3.7477,2.8516,-3.4249,-26.5417,0.011219,-1.5584,0.097719,2.2041e-07,0.0074898,0,72.3735,0.18609,0.5923,483.0749,1456.3908
5.875,9986.1907,6.4253,239.3022,4.533,-0.86893,0.065867,3.0995,89.9892,0.011845,3.7439,2.8977,-8.088,-25.1658,0.011328,-1.5285,0.10077,2.2099e-07,0.0075004,0,72.514,0.18592,0.57124,483.0747,1456.3878
5.8764,9986.1907,6.4253,239.3022,4.533,-0.86893,0.065867,3.0995,89.9892,0.011845,3.7439,2.8977,-8.088,-25.1658,0.011328,-1.5285,0.10077,2.2099e-07,0.0075004,0,72.514,0.18603,0.60066,483.0747,1456.3878
5.8764,9986.1907,6.4253,239.3022,4.533,-0.86893,0.065867,3.0995,89.9892,0.011845,3.7439,2.8977,-8.088,-25.1658,0.011328,-1.5285,0.10077,2.2099e-07,0.0075004,0,72.514,0.18603,0.60066,483.0747,1456.3878
5.8833,9986.2441,6.3964,239.3043,4.5258,-0.8636,0.091696,2.3735,89.9893,0.059723,3.7403,2.9389,-7.6194,-25.2395,0.011396,-1.4982,0.098398,2.2157e-07,0.007511,0,72.1763,0.18573,0.5499,483.0745,1456.3848
5.8891,9986.2441,6.3964,239.3043,4.5258,-0.8636,0.091696,2.3735,89.9893,0.059723,3.7403,2.9389,-7.6194,-25.2395,0.011396,-1.4982,0.098398,2.2157e-07,0.007511,0,72.1763,0.18618,0.6556,483.0745,1456.3848
5.8891,9986.2441,6.3964,239.3043,4.5258,-0.8636,0.091696,2.3735,89.9893,0.059723,3.7403,2.9389,-7.6194,-25.2395,0.011396,-1.4982,0.098398,2.2157e-07,0.007511,0,72.1763,0.18618,0.6556,483.0745,1456.3848
5.8916,9986.2973,6.3671,239.3056,4.5186,-0.85827,0.11148,1.6619,89.9898,0.10656,3.7367,2.8177,-7.4842,-25.3103,0.011448,-1.4666,0.086506,2.2214e-07,0.0075217,0,71.8406,0.18549,0.59663,483.0743,1456.3818
5.8942,9986.2973,6.3671,239.3056,4.5186,-0.85827,0.11148,1.6619,89.9898,0.10656,3.7367,2.8177,-7.4842,-25.3103,0.011448,-1.4666,0.086506,2.2214e-07,0.0075217,0,71.8406,0.18569,0.64123,483.0743,1456.3818
5.8994,9986.2973,6.3671,239.3056,4.5186,-0.85827,0.11148,1.6619,89.9898,0.10656,3.7367,2.8177,-7.4842,-25.3103,0.011448,-1.4666,0.086506,2.2214e-07,0.0075217,0,71.8406,0.18609,0.70245,483.0743,1456.3818
5.9,9986.3502,6.3376,239.3064,4.5115,-0.85292,0.12532,0.96486,89.9907,0.14779,3.7332,2.6758,-7.9313,-25.3818,0.011486,-1.4342,0.0674,2.2271e-07,0.0075323,0,71.5071,0.18522,0.64916,483.0741,1456.3788
5.9028,9986.3502,6.3376,239.3064,4.5115,-0.85292,0.12532,0.96486,89.9907,0.14779,3.7332,2.6758,-7.9313,-25.3818,0.011486,-1.4342,0.0674,2.2271e-07,0.0075323,0,71.5071,0.18544,0.68441,483.0741,1456.3788
5.9083,9986.4029,6.308,239.3068,4.5044,-0.84754,0.13336,0.2826,89.9919,0.17996,3.7297,2.5191,-8.8213,-25.4527,0.01156,-1.4018,0.044993,2.2326e-07,0.007543,0,71.6451,0.18496,0.70348,483.0739,1456.3758
5.9166,9986.4554,6.2782,239.3076,4.4973,-0.84207,0.13572,-0.38507,89.9934,0.20149,3.7263,2.4961,-9.9167,-25.524,0.011637,-1.3699,0.02138,2.238e-07,0.0075536,0,71.7835,0.18475,0.69415,483.0737,1456.3728
5.925,9986.5076,6.2484,239.3087,4.4903,-0.83653,0.13251,-1.0384,89.9951,0.21179,3.723,2.4706,-11.0907,-25.5926,0.01171,-1.3387,-0.0018427,2.2434e-07,0.0075642,0,71.9221,0.1846,0.6785,483.0736,1456.3699
5.9333,9986.5595,6.2184,239.3099,4.4833,-0.83091,0.12386,-1.6777,89.9968,0.21104,3.7197,2.4467,-12.2461,-25.657,0.011754,-1.3085,-0.023461,2.2486e-07,0.0075749,0,72.0611,0.18452,0.65993,483.0734,1456.367
5.9416,9986.6112,6.1883,239.3113,4.4764,-0.82522,0.10988,-2.3033,89.9986,0.20002,3.7165,2.4274,-13.3092,-25.7152,0.011775,-1.2794,-0.042707,2.2538e-07,0.0075855,0,72.2003,0.18447,0.63997,483.0732,1456.364
5.95,9986.6626,6.1582,239.3128,4.4696,-0.8195,0.090682,-2.9158,90.0003,0.17985,3.7134,2.4145,-14.2332,-25.767,0.011779,-1.2514,-0.059153,2.2588e-07,0.0075962,0,72.3399,0.18443,0.61928,483.073,1456.3611
5.9583,9986.7138,6.1279,239.3145,4.4627,-0.81377,0.066384,-3.5154,90.0018,0.15188,3.7103,2.409,-14.9922,-25.8125,0.011779,-1.2245,-0.07264,2.2638e-07,0.0076068,0,72.4797,0.18439,0.59813,483.0728,1456.3582
5.9666,9986.7648,6.0976,239.3164,4.456,-0.80804,0.037089,-4.1028,90.003,0.11752,3.7072,2.4111,-15.5763,-25.8526,0.011798,-0.37401,-0.083213,2.2687e-07,0.0076175,0,72.6198,0.18433,0.57669,483.0726,1456.3554
5.9725,9986.7648,6.0976,239.3164,4.456,-0.80804,0.037089,-4.1028,90.003,0.11752,3.7072,2.4111,-15.5763,-25.8526,0.011798,-0.37401,-0.083213,2.2687e-07,0.0076175,0,72.6198,0.18475,0.67424,483.0726,1456.3554
5.9725,9986.7648,6.0976,239.3164,4.456,-0.80804,0.037089,-4.1028,90.003,0.11752,3.7072,2.4111,-15.5763,-25.8526,0.011798,-0.37401,-0.083213,2.2687e-07,0.0076175,0,72.6198,0.18475,0.67424,483.0726,1456.3554
5.975,9986.8155,6.0671,239.3185,4.4492,-0.80234,0.0028997,-4.2844,90.004,0.078153,3.7042,2.4193,-8.5123,-27.9597,0.011816,1.0295,-0.091013,2.2735e-07,0.0076281,0,72.2828,0.18422,0.55559,483.0725,1456.3525
5.9775,9986.8155,6.0671,239.3185,4.4492,-0.80234,0.0028997,-4.2844,90.004,0.078153,3.7042,2.4193,-8.5123,-27.9597,0.011816,1.0295,-0.091013,2.2735e-07,0.0076281,0,72.2828,0.1844,0.60896,483.0725,1456.3525
5.9825,9986.8155,6.0671,239.3185,4.4492,-0.80234,0.0028997,-4.2844,90.004,0.078153,3.7042,2.4193,-8.5123,-27.9597,0.011816,1.0295,-0.091013,2.2735e-07,0.0076281,0,72.2828,0.18477,0.68313,483.0725,1456.3525
5.9833,9986.8659,6.0365,239.3198,4.4426,-0.79667,-0.032804,-3.7962,90.0047,0.03507,3.7013,2.2867,3.7292,-31.4636,0.011857,1.5565,-0.09628,2.2784e-07,0.0076387,0,71.9479,0.18403,0.60202,483.0723,1456.3497
5.9875,9986.8659,6.0365,239.3198,4.4426,-0.79667,-0.032804,-3.7962,90.0047,0.03507,3.7013,2.2867,3.7292,-31.4636,0.011857,1.5565,-0.09628,2.2784e-07,0.0076387,0,71.9479,0.18434,0.66918,483.0723,1456.3497
5.9916,9986.9161,6.0056,239.3206,4.4359,-0.79104,-0.064439,-3.0566,90.005,-0.0106,3.6985,2.1628,8.1702,-32.7817,0.011902,1.5267,-0.099355,2.2832e-07,0.0076494,0,71.6152,0.18377,0.65438,483.0721,1456.3468
5.993,9986.9161,6.0056,239.3206,4.4359,-0.79104,-0.064439,-3.0566,90.005,-0.0106,3.6985,2.1628,8.1702,-32.7817,0.011902,1.5267,-0.099355,2.2832e-07,0.0076494,0,71.6152,0.18387,0.6723,483.0721,1456.3468
5.993,9986.9161,6.0056,239.3206,4.4359,-0.79104,-0.064439,-3.0566,90.005,-0.0106,3.6985,2.1628,8.1702,-32.7817,0.011902,1.5267,-0.099355,2.2832e-07,0.0076494,0,71.6152,0.18387,0.6723,483.0721,1456.3468
6,9986.966,5.9746,239.321,4.4294,-0.78544,-0.08991,-2.3313,90.0049,-0.057833,3.6957,2.0473,7.6955,-32.7059,0.011998,1.4964,-0.09691,2.2881e-07,0.00766,0,71.7529,0.18345,0.70854,483.0719,1456.344
6.0056,9986.966,5.9746,239.321,4.4294,-0.78544,-0.08991,-2.3313,90.0049,-0.057833,3.6957,2.0473,7.6955,-32.7059,0.011998,1.4964,-0.09691,2.2881e-07,0.00766,0,71.7529,0.18384,0.74756,483.0719,1456.344
6.0056,9986.966,5.9746,239.321,4.4294,-0.78544,-0.08991,-2.3313,90.0049,-0.057833,3.6957,2.0473,7.6955,-32.7059,0.011998,1.4964,-0.09691,2.2881e-07,0.00766,0,71.7529,0.18384,0.74756,483.0719,1456.344
6.0083,9987.0156,5.9436,239.3219,4.4228,-0.77982,-0.10934,-1.6204,90.0044,-0.10398,3.693,2.0862,7.5614,-32.6301,0.012112,1.4648,-0.085042,2.2931e-07,0.0076707,0,71.8909,0.18313,0.6996,483.0718,1456.3412
6.011,9987.0156,5.9436,239.3219,4.4228,-0.77982,-0.10934,-1.6204,90.0044,-0.10398,3.693,2.0862,7.5614,-32.6301,0.012112,1.4648,-0.085042,2.2931e-07,0.0076707,0,71.8909,0.18332,0.72356,483.0718,1456.3412
6.0166,9987.065,5.9124,239.3229,4.4163,-0.77415,-0.12284,-0.92411,90.0035,-0.14453,3.6903,2.1491,8.0057,-32.5509,0.012234,1.4325,-0.066166,2.2981e-07,0.0076813,0,72.0292,0.18285,0.68433,483.0716,1456.3384
6.025,9987.1142,5.8812,239.3241,4.4099,-0.7684,-0.13054,-0.24256,90.0023,-0.17613,3.6877,2.2302,8.8819,-32.4687,0.012331,1.4002,-0.044055,2.3032e-07,0.0076919,0,72.1678,0.18263,0.6661,483.0714,1456.3356
6.0333,9987.1631,5.8499,239.3254,4.4035,-0.76256,-0.13256,0.4244,90.0009,-0.19721,3.6852,2.3202,9.961,-32.3835,0.012399,1.3684,-0.020769,2.3084e-07,0.0077026,0,72.3067,0.18247,0.64643,483.0712,1456.3329
6.0416,9987.2117,5.8185,239.327,4.3972,-0.75665,-0.12903,1.077,89.9992,-0.20721,3.6827,2.4139,11.1179,-32.2959,0.012431,1.3373,0.0021176,2.3137e-07,0.0077132,0,72.446,0.18237,0.62599,483.0711,1456.3301
6.05,9987.26,5.787,239.3287,4.3909,-0.75068,-0.12005,1.7157,89.9975,-0.20633,3.6803,2.5073,12.2569,-32.2061,0.012432,1.3072,0.023421,2.3192e-07,0.0077239,0,72.5855,0.18232,0.60507,483.0709,1456.3274
6.0583,9987.3081,5.7555,239.3306,4.3846,-0.74468,-0.10575,2.3407,89.9958,-0.19531,3.6779,2.5974,13.306,-32.1145,0.012409,1.2781,0.042383,2.3247e-07,0.0077345,0,72.7253,0.18229,0.58381,483.0707,1456.3247
6.0666,9987.356,5.7239,239.3326,4.3784,-0.73865,-0.086247,2.9525,89.9941,-0.17528,3.6756,2.6821,14.2189,-32.022,0.012368,1.2502,0.058588,2.3303e-07,0.0077451,0,72.3891,0.18227,0.56227,483.0705,1456.322
6.075,9987.4035,5.6922,239.3346,4.3723,-0.73264,-0.061644,3.5515,89.9927,-0.14755,3.6734,2.7236,14.9704,-31.9287,0.012306,1.2234,0.071881,2.3359e-07,0.0077558,0,72.0528,0.18221,0.55727,483.0704,1456.3193
6.0833,9987.4508,5.6603,239.3359,4.3662,-0.72667,-0.032047,4.1383,89.9915,-0.11352,3.6712,2.647,15.5506,-31.8346,0.012266,0.31681,0.082305,2.3417e-07,0.0077664,0,71.7186,0.18208,0.60456,483.0702,1456.3166
6.0895,9987.4508,5.6603,239.3359,4.3662,-0.72667,-0.032047,4.1383,89.9915,-0.11352,3.6712,2.647,15.5506,-31.8346,0.012266,0.31681,0.082305,2.3417e-07,0.0077664,0,71.7186,0.18248,0.69641,483.0702,1456.3166
6.0895,9987.4508,5.6603,239.3359,4.3662,-0.72667,-0.032047,4.1383,89.9915,-0.11352,3.6712,2.647,15.5506,-31.8346,0.012266,0.31681,0.082305,2.3417e-07,0.0077664,0,71.7186,0.18248,0.69641,483.0702,1456.3166
6.0916,9987.4979,5.6283,239.3368,4.3601,-0.72075,0.002438,4.2925,89.9905,-0.07455,3.6691,2.5641,7.971,-29.5495,0.01227,-1.0734,0.090003,2.3474e-07,0.0077771,0,71.3866,0.18186,0.65725,483.07,1456.314
6.0938,9987.4979,5.6283,239.3368,4.3601,-0.72075,0.002438,4.2925,89.9905,-0.07455,3.6691,2.5641,7.971,-29.5495,0.01227,-1.0734,0.090003,2.3474e-07,0.0077771,0,71.3866,0.182,0.68533,483.07,1456.314
6.098,9987.4979,5.6283,239.3368,4.3601,-0.72075,0.002438,4.2925,89.9905,-0.07455,3.6691,2.5641,7.971,-29.5495,0.01227,-1.0734,0.090003,2.3474e-07,0.0077771,0,71.3866,0.18227,0.72651,483.07,1456.314
6.1,9987.5446,5.5961,239.3372,4.3541,-0.71487,0.038209,3.7832,89.9899,-0.031904,3.667,2.4761,-4.1633,-26.0722,0.012355,-1.556,0.095216,2.3532e-07,0.0077877,0,71.524,0.18158,0.71137,483.0699,1456.3113
6.1083,9987.5911,5.5639,239.3381,4.3482,-0.70901,0.069736,3.0438,89.9896,0.013298,3.665,2.5207,-8.2125,-24.8726,0.012471,-1.5261,0.098284,2.359e-07,0.0077984,0,71.6616,0.18127,0.70279,483.0697,1456.3087
6.1096,9987.5911,5.5639,239.3381,4.3482,-0.70901,0.069736,3.0438,89.9896,0.013298,3.665,2.5207,-8.2125,-24.8726,0.012471,-1.5261,0.098284,2.359e-07,0.0077984,0,71.6616,0.18135,0.71523,483.0697,1456.3087
6.1096,9987.5911,5.5639,239.3381,4.3482,-0.70901,0.069736,3.0438,89.9896,0.013298,3.665,2.5207,-8.2125,-24.8726,0.012471,-1.5261,0.098284,2.359e-07,0.0077984,0,71.6616,0.18135,0.71523,483.0697,1456.3087
6.1166,9987.6374,5.5317,239.3391,4.3423,-0.70314,0.0951,2.3186,89.9897,0.060051,3.6631,2.5603,-7.7454,-24.9537,0.012603,-1.4958,0.095636,2.3647e-07,0.007809,0,71.7996,0.18096,0.68792,483.0695,1456.3061
6.1222,9987.6374,5.5317,239.3391,4.3423,-0.70314,0.0951,2.3186,89.9897,0.060051,3.6631,2.5603,-7.7454,-24.9537,0.012603,-1.4958,0.095636,2.3647e-07,0.007809,0,71.7996,0.1813,0.73824,483.0695,1456.3061
6.1222,9987.6374,5.5317,239.3391,4.3423,-0.70314,0.0951,2.3186,89.9897,0.060051,3.6631,2.5603,-7.7454,-24.9537,0.012603,-1.4958,0.095636,2.3647e-07,0.007809,0,71.7996,0.1813,0.73824,483.0695,1456.3061
6.125,9987.6833,5.4994,239.3403,4.3365,-0.69723,0.11442,1.6079,89.9902,0.10562,3.6612,2.5861,-7.6291,-25.0355,0.01272,-1.4642,0.083617,2.3703e-07,0.0078196,0,71.9379,0.18067,0.67009,483.0694,1456.3035
6.1278,9987.6833,5.4994,239.3403,4.3365,-0.69723,0.11442,1.6079,89.9902,0.10562,3.6612,2.5861,-7.6291,-25.0355,0.01272,-1.4642,0.083617,2.3703e-07,0.0078196,0,71.9379,0.18084,0.70316,483.0694,1456.3035
6.1333,9987.729,5.467,239.3417,4.3307,-0.69127,0.12782,0.91179,89.9911,0.1455,3.6594,2.5893,-8.0865,-25.1179,0.012815,-1.4319,0.06481,2.3759e-07,0.0078303,0,72.0765,0.18042,0.65079,483.0692,1456.3009
6.1416,9987.7744,5.4346,239.3432,4.3249,-0.68525,0.13542,0.23041,89.9923,0.17645,3.6576,2.5764,-8.9608,-25.1993,0.01288,-1.3997,0.042875,2.3814e-07,0.0078409,0,72.2155,0.18023,0.63066,483.069,1456.2984
6.15,9987.8196,5.4022,239.3449,4.3192,-0.67915,0.13734,-0.43638,89.9938,0.19697,3.6559,2.5565,-10.0302,-25.2771,0.012911,-1.368,0.019823,2.3868e-07,0.0078516,0,72.3547,0.1801,0.61002,483.0689,1456.2958
6.1583,9987.8645,5.3697,239.3468,4.3136,-0.673,0.1337,-1.0888,89.9954,0.20652,3.6543,2.5346,-11.1725,-25.3501,0.01291,-1.337,-0.0027981,2.3921e-07,0.0078622,0,72.4942,0.18001,0.58901,483.0687,1456.2933
6.1666,9987.9091,5.3371,239.3489,4.308,-0.6668,0.12463,-1.7273,89.9971,0.2053,3.6527,2.5146,-12.2937,-25.4173,0.012881,-1.3069,-0.023831,2.3973e-07,0.0078728,0,72.634,0.17997,0.5677,483.0686,1456.2908
6.175,9987.9534,5.3045,239.3511,4.3024,-0.66058,0.11023,-2.3521,89.9989,0.19407,3.6511,2.4991,-13.3236,-25.4783,0.012802,-1.2779,-0.042536,2.4023e-07,0.0078835,0,72.2978,0.17994,0.54613,483.0684,1456.2883
6.1833,9987.9975,5.2718,239.3525,4.2969,-0.65436,0.090633,-2.9638,90.0005,0.17394,3.6497,2.3429,-14.2171,-25.5313,0.012713,-1.25,-0.058511,2.4073e-07,0.0078941,0,71.9636,0.17986,0.59165,483.0683,1456.2858
6.1916,9988.0413,5.2389,239.3536,4.2915,-0.64819,0.065935,-3.5627,90.0019,0.14622,3.6483,2.1962,-14.9495,-25.5782,0.012632,-1.2232,-0.071607,2.4122e-07,0.0079048,0,71.6317,0.17972,0.64296,483.0681,1456.2833
6.2,9988.0848,5.2059,239.3541,4.2861,-0.64206,0.036246,-4.1493,90.0031,0.11228,3.6469,2.0589,-15.5119,-25.6203,0.012631,-0.23763,-0.081873,2.4171e-07,0.0079154,0,71.4153,0.17951,0.69617,483.0679,1456.2808
6.2068,9988.0848,5.2059,239.3541,4.2861,-0.64206,0.036246,-4.1493,90.0031,0.11228,3.6469,2.0589,-15.5119,-25.6203,0.012631,-0.23763,-0.081873,2.4171e-07,0.0079154,0,71.4153,0.17989,0.75228,483.0679,1456.2808
6.2068,9988.0848,5.2059,239.3541,4.2861,-0.64206,0.036246,-4.1493,90.0031,0.11228,3.6469,2.0589,-15.5119,-25.6203,0.012631,-0.23763,-0.081873,2.4171e-07,0.0079154,0,71.4153,0.17989,0.75228,483.0679,1456.2808
6.2083,9988.1281,5.173,239.3552,4.2807,-0.63596,0.0016686,-4.2657,90.0041,0.073472,3.6457,2.0663,-7.2047,-28.0725,0.012694,1.1438,-0.089452,2.4219e-07,0.0079261,0,71.553,0.17928,0.68744,483.0678,1456.2784
6.2098,9988.1281,5.173,239.3552,4.2807,-0.63596,0.0016686,-4.2657,90.0041,0.073472,3.6457,2.0663,-7.2047,-28.0725,0.012694,1.1438,-0.089452,2.4219e-07,0.0079261,0,71.553,0.17936,0.70441,483.0678,1456.2784
6.2128,9988.1281,5.173,239.3552,4.2807,-0.63596,0.0016686,-4.2657,90.0041,0.073472,3.6457,2.0663,-7.2047,-28.0725,0.012694,1.1438,-0.089452,2.4219e-07,0.0079261,0,71.553,0.17953,0.73168,483.0678,1456.2784
6.2166,9988.171,5.14,239.3564,4.2755,-0.62988,-0.033878,-3.7227,90.0047,0.03104,3.6444,2.0805,4.8507,-31.5322,0.012806,1.5536,-0.094593,2.4267e-07,0.0079367,0,71.6909,0.17902,0.67257,483.0676,1456.276
6.225,9988.2137,5.1069,239.3577,4.2702,-0.6238,-0.064901,-2.9843,90.005,-0.013911,3.6432,2.1008,8.2381,-32.5684,0.012915,1.5238,-0.097634,2.4315e-07,0.0079473,0,71.8292,0.17875,0.65483,483.0675,1456.2736
6.2264,9988.2137,5.1069,239.3577,4.2702,-0.6238,-0.064901,-2.9843,90.005,-0.013911,3.6432,2.1008,8.2381,-32.5684,0.012915,1.5238,-0.097634,2.4315e-07,0.0079473,0,71.8292,0.17882,0.67515,483.0675,1456.2736
6.2264,9988.2137,5.1069,239.3577,4.2702,-0.6238,-0.064901,-2.9843,90.005,-0.013911,3.6432,2.1008,8.2381,-32.5684,0.012915,1.5238,-0.097634,2.4315e-07,0.0079473,0,71.8292,0.17882,0.67515,483.0675,1456.2736
6.2333,9988.2561,5.0739,239.3592,4.265,-0.61771,-0.08977,-2.2602,90.0048,-0.060391,3.6421,2.127,7.7683,-32.5037,0.013014,1.4934,-0.094643,2.4363e-07,0.007958,0,71.9678,0.17848,0.63571,483.0673,1456.2712
6.239,9988.2561,5.0739,239.3592,4.265,-0.61771,-0.08977,-2.2602,90.0048,-0.060391,3.6421,2.127,7.7683,-32.5037,0.013014,1.4934,-0.094643,2.4363e-07,0.007958,0,71.9678,0.17878,0.71184,483.0673,1456.2712
6.239,9988.2561,5.0739,239.3592,4.265,-0.61771,-0.08977,-2.2602,90.0048,-0.060391,3.6421,2.127,7.7683,-32.5037,0.013014,1.4934,-0.094643,2.4363e-07,0.007958,0,71.9678,0.17878,0.71184,483.0673,1456.2712
6.2416,9988.2983,5.0408,239.3609,4.2599,-0.6116,-0.1086,-1.5505,90.0043,-0.10551,3.641,2.1689,7.6703,-32.4352,0.013094,1.4618,-0.082232,2.4412e-07,0.0079686,0,72.1067,0.17823,0.61576,483.0672,1456.2688
6.2443,9988.2983,5.0408,239.3609,4.2599,-0.6116,-0.1086,-1.5505,90.0043,-0.10551,3.641,2.1689,7.6703,-32.4352,0.013094,1.4618,-0.082232,2.4412e-07,0.0079686,0,72.1067,0.17837,0.66108,483.0672,1456.2688
6.25,9988.3401,5.0077,239.3628,4.2548,-0.60546,-0.12152,-0.85542,90.0035,-0.14475,3.64,2.2352,8.1504,-32.3611,0.01315,1.4296,-0.063351,2.4462e-07,0.0079793,0,72.2459,0.17801,0.59527,483.067,1456.2664
6.2583,9988.3817,4.9745,239.3648,4.2498,-0.59927,-0.12865,-0.17507,90.0023,-0.17502,3.639,2.3184,9.0298,-32.2826,0.013181,1.3975,-0.041483,2.4512e-07,0.0079899,0,72.3855,0.17783,0.57435,483.0669,1456.2641
6.2666,9988.4231,4.9414,239.367,4.2448,-0.59302,-0.13011,0.49071,90.0008,-0.19488,3.6381,2.4099,10.0969,-32.2012,0.013163,1.3658,-0.018579,2.4564e-07,0.0080006,0,72.0499,0.1777,0.5531,483.0667,1456.2618
6.275,9988.4641,4.9082,239.3688,4.2399,-0.58674,-0.12602,1.1422,89.9992,-0.20383,3.6373,2.4052,11.2333,-32.116,0.013104,1.3348,0.0038349,2.4616e-07,0.0080112,0,71.7156,0.17758,0.57718,483.0666,1456.2594
6.2833,9988.5049,4.8748,239.3699,4.235,-0.58045,-0.1165,1.7796,89.9975,-0.20211,3.6365,2.3549,12.3462,-32.0281,0.013022,1.3048,0.024631,2.467e-07,0.0080219,0,71.3835,0.17745,0.6264,483.0664,1456.2571
6.2916,9988.5453,4.8413,239.3707,4.2302,-0.57416,-0.10167,2.4035,89.9958,-0.19048,3.6358,2.3034,13.3669,-31.9389,0.012971,1.2759,0.043095,2.4724e-07,0.0080325,0,71.0538,0.1773,0.67869,483.0663,1456.2548
6.3,9988.5855,4.8079,239.3719,4.2254,-0.56787,-0.081645,3.0142,89.9942,-0.17006,3.6352,2.3785,14.252,-31.8517,0.012944,1.2481,0.05884,2.4779e-07,0.0080431,0,71.1914,0.17715,0.67218,483.0662,1456.2526
6.3083,9988.6255,4.7745,239.3732,4.2207,-0.56159,-0.056527,3.6122,89.9928,-0.14214,3.6345,2.4538,14.9777,-31.7663,0.012946,1.2214,0.07173,2.4835e-07,0.0080538,0,71.3294,0.177,0.65683,483.066,1456.2503
6.3166,9988.6651,4.7411,239.3747,4.216,-0.55532,-0.026425,4.1979,89.9916,-0.1081,3.634,2.5217,15.5358,-31.6828,0.012971,0.15285,0.081821,2.4891e-07,0.0080644,0,71.4677,0.17683,0.63866,483.0659,1456.2481
6.3242,9988.6651,4.7411,239.3747,4.216,-0.55532,-0.026425,4.1979,89.9916,-0.1081,3.634,2.5217,15.5358,-31.6828,0.012971,0.15285,0.081821,2.4891e-07,0.0080644,0,71.4677,0.17718,0.73163,483.0659,1456.2481
6.3242,9988.6651,4.7411,239.3747,4.216,-0.55532,-0.026425,4.1979,89.9916,-0.1081,3.634,2.5217,15.5358,-31.6828,0.012971,0.15285,0.081821,2.4891e-07,0.0080644,0,71.4677,0.17718,0.73163,483.0659,1456.2481
6.325,9988.7045,4.7076,239.3764,4.2114,-0.54906,0.0085571,4.2737,89.9907,-0.069276,3.6335,2.5812,6.4666,-29.0056,0.013029,-1.2232,0.089261,2.4948e-07,0.0080751,0,71.6063,0.17665,0.61957,483.0657,1456.2459
6.3258,9988.7045,4.7076,239.3764,4.2114,-0.54906,0.0085571,4.2737,89.9907,-0.069276,3.6335,2.5812,6.4666,-29.0056,0.013029,-1.2232,0.089261,2.4948e-07,0.0080751,0,71.6063,0.17668,0.63406,483.0657,1456.2459
6.3273,9988.7045,4.7076,239.3764,4.2114,-0.54906,0.0085571,4.2737,89.9907,-0.069276,3.6335,2.5812,6.4666,-29.0056,0.013029,-1.2232,0.089261,2.4948e-07,0.0080751,0,71.6063,0.17675,0.65991,483.0657,1456.2459
6.3304,9988.7045,4.7076,239.3764,4.2114,-0.54906,0.0085571,4.2737,89.9907,-0.069276,3.6335,2.5812,6.4666,-29.0056,0.013029,-1.2232,0.089261,2.4948e-07,0.0080751,0,71.6063,0.17689,0.70106,483.0657,1456.2459
6.3333,9988.7436,4.6742,239.3782,4.2068,-0.54283,0.044171,3.6928,89.9901,-0.026884,3.633,2.6336,-5.556,-25.5758,0.013104,-1.5525,0.094303,2.5005e-07,0.0080857,0,71.7452,0.17644,0.5998,483.0656,1456.2437
6.3416,9988.7824,4.6408,239.3803,4.2023,-0.53662,0.074945,2.9548,89.9899,0.017975,3.6326,2.6803,-8.2281,-24.7656,0.013171,-1.5228,0.097292,2.5062e-07,0.0080964,0,71.8845,0.17621,0.57953,483.0655,1456.2415
6.3432,9988.7824,4.6408,239.3803,4.2023,-0.53662,0.074945,2.9548,89.9899,0.017975,3.6326,2.6803,-8.2281,-24.7656,0.013171,-1.5228,0.097292,2.5062e-07,0.0080964,0,71.8845,0.17628,0.61338,483.0655,1456.2415
6.3432,9988.7824,4.6408,239.3803,4.2023,-0.53662,0.074945,2.9548,89.9899,0.017975,3.6326,2.6803,-8.2281,-24.7656,0.013171,-1.5228,0.097292,2.5062e-07,0.0080964,0,71.8845,0.17628,0.61338,483.0655,1456.2415
6.35,9988.8209,4.6074,239.3824,4.1978,-0.53042,0.099568,2.2312,89.99,0.064329,3.6322,2.7225,-7.7686,-24.8508,0.013225,-1.4923,0.093905,2.5118e-07,0.008107,0,71.9859,0.17597,0.55892,483.0653,1456.2393
6.3559,9988.8209,4.6074,239.3824,4.1978,-0.53042,0.099568,2.2312,89.99,0.064329,3.6322,2.7225,-7.7686,-24.8508,0.013225,-1.4923,0.093905,2.5118e-07,0.008107,0,71.9859,0.17622,0.67283,483.0653,1456.2393
6.3559,9988.8209,4.6074,239.3824,4.1978,-0.53042,0.099568,2.2312,89.99,0.064329,3.6322,2.7225,-7.7686,-24.8508,0.013225,-1.4923,0.093905,2.5118e-07,0.008107,0,71.9859,0.17622,0.67283,483.0653,1456.2393
6.3583,9988.8592,4.5739,239.3847,4.1934,-0.52422,0.11816,1.5219,89.9906,0.10912,3.6319,2.7323,-7.7001,-24.9353,0.013236,-1.4606,0.081001,2.5174e-07,0.0081176,0,71.6507,0.17573,0.54575,483.0652,1456.2371
6.3607,9988.8592,4.5739,239.3847,4.1934,-0.52422,0.11816,1.5219,89.9906,0.10912,3.6319,2.7323,-7.7001,-24.9353,0.013236,-1.4606,0.081001,2.5174e-07,0.0081176,0,71.6507,0.17583,0.6034,483.0652,1456.2371
6.3656,9988.8592,4.5739,239.3847,4.1934,-0.52422,0.11816,1.5219,89.9906,0.10912,3.6319,2.7323,-7.7001,-24.9353,0.013236,-1.4606,0.081001,2.5174e-07,0.0081176,0,71.6507,0.17603,0.68436,483.0652,1456.2371
6.3666,9988.8972,4.5404,239.3862,4.1891,-0.51801,0.13084,0.82732,89.9915,0.1478,3.6317,2.5908,-8.2141,-25.0189,0.013225,-1.4284,0.06195,2.5228e-07,0.0081283,0,71.3176,0.17547,0.59186,483.065,1456.235
6.372,9988.8972,4.5404,239.3862,4.1891,-0.51801,0.13084,0.82732,89.9915,0.1478,3.6317,2.5908,-8.2141,-25.0189,0.013225,-1.4284,0.06195,2.5228e-07,0.0081283,0,71.3176,0.17569,0.6839,483.065,1456.235
6.375,9988.9349,4.5068,239.3872,4.1848,-0.51178,0.13774,0.14746,89.9927,0.17741,3.6315,2.437,-9.1061,-25.1008,0.013199,-1.3963,0.040062,2.5282e-07,0.0081389,0,70.9868,0.17521,0.64314,483.0649,1456.2329
6.3833,9988.9723,4.4731,239.3879,4.1805,-0.50553,0.13897,-0.51783,89.9942,0.19659,3.6314,2.2793,-10.1752,-25.1797,0.0132,-1.3646,0.017225,2.5335e-07,0.0081496,0,71.1237,0.17496,0.69593,483.0648,1456.2307
6.3916,9989.0094,4.4394,239.3889,4.1763,-0.49923,0.13465,-1.1688,89.9958,0.20489,3.6313,2.2569,-11.307,-25.2571,0.013202,-1.3337,-0.0050521,2.5386e-07,0.0081602,0,71.2608,0.17476,0.68691,483.0646,1456.2287
6.4,9989.0463,4.4058,239.3902,4.1722,-0.49289,0.12491,-1.8058,89.9975,0.20257,3.6313,2.2365,-12.4099,-25.3306,0.013201,-1.3038,-0.025667,2.5437e-07,0.0081709,0,71.3983,0.17462,0.67172,483.0645,1456.2266
6.4083,9989.0828,4.3722,239.3916,4.1681,-0.48651,0.10986,-2.4292,89.9992,0.19042,3.6314,2.2206,-13.4168,-25.3992,0.01318,-1.2749,-0.043937,2.5487e-07,0.0081815,0,71.5361,0.17451,0.65371,483.0644,1456.2245
6.4166,9989.1191,4.3386,239.3932,4.164,-0.48012,0.08962,-3.0394,90.0008,0.16957,3.6315,2.211,-14.2862,-25.4616,0.013149,-1.2471,-0.059487,2.5535e-07,0.0081922,0,71.6743,0.17442,0.63435,483.0643,1456.2225
6.425,9989.1551,4.305,239.3949,4.16,-0.47373,0.064292,-3.6369,90.0022,0.14132,3.6316,2.2085,-14.9953,-25.5181,0.013116,-1.2205,-0.072195,2.5583e-07,0.0082028,0,71.8127,0.17432,0.61428,483.0641,1456.2204
6.4333,9989.1909,4.2714,239.3969,4.1561,-0.46738,0.033984,-4.2222,90.0034,0.10702,3.6318,2.213,-15.5365,-25.5694,0.013101,-0.062477,-0.082124,2.5631e-07,0.0082134,0,71.9515,0.17421,0.59391,483.064,1456.2184
6.4416,9989.2263,4.2379,239.3989,4.1522,-0.46106,-0.0012008,-4.2548,90.0043,0.067993,3.632,2.2235,-5.6449,-28.4607,0.013117,1.3121,-0.089431,2.5677e-07,0.0082241,0,72.0906,0.17406,0.57365,483.0639,1456.2164
6.45,9989.2615,4.2044,239.4012,4.1484,-0.45478,-0.036658,-3.6314,90.0049,0.025468,3.6323,2.2407,6.3664,-31.9094,0.01314,1.5503,-0.094375,2.5724e-07,0.0082347,0,71.7561,0.17387,0.55318,483.0637,1456.2144
6.4583,9989.2964,4.1709,239.4032,4.1446,-0.44854,-0.066919,-2.8945,90.0051,-0.019473,3.6326,2.2043,8.211,-32.5181,0.013141,1.5206,-0.0973,2.5771e-07,0.0082454,0,71.422,0.17364,0.55986,483.0636,1456.2125
6.4601,9989.2964,4.1709,239.4032,4.1446,-0.44854,-0.066919,-2.8945,90.0051,-0.019473,3.6326,2.2043,8.211,-32.5181,0.013141,1.5206,-0.0973,2.5771e-07,0.0082454,0,71.422,0.1737,0.60208,483.0636,1456.2125
6.4601,9989.2964,4.1709,239.4032,4.1446,-0.44854,-0.066919,-2.8945,90.0051,-0.019473,3.6326,2.2043,8.211,-32.5181,0.013141,1.5206,-0.0973,2.5771e-07,0.0082454,0,71.422,0.1737,0.60208,483.0636,1456.2125
6.4666,9989.331,4.1374,239.4046,4.1409,-0.44235,-0.09104,-2.1718,90.0049,-0.065869,3.633,2.0895,7.7512,-32.4538,0.013136,1.4901,-0.09348,2.5818e-07,0.008256,0,71.0903,0.17334,0.60764,483.0635,1456.2105
6.4729,9989.331,4.1374,239.4046,4.1409,-0.44235,-0.09104,-2.1718,90.0049,-0.065869,3.633,2.0895,7.7512,-32.4538,0.013136,1.4901,-0.09348,2.5818e-07,0.008256,0,71.0903,0.17355,0.70488,483.0635,1456.2105
6.4729,9989.331,4.1374,239.4046,4.1409,-0.44235,-0.09104,-2.1718,90.0049,-0.065869,3.633,2.0895,7.7512,-32.4538,0.013136,1.4901,-0.09348,2.5818e-07,0.008256,0,71.0903,0.17355,0.70488,483.0635,1456.2105
6.475,9989.3654,4.1037,239.4055,4.1372,-0.43619,-0.10914,-1.4636,90.0044,-0.11049,3.6335,1.9945,7.7065,-32.3855,0.013133,1.4583,-0.079968,2.5866e-07,0.0082667,0,70.7608,0.17301,0.65935,483.0634,1456.2086
6.4771,9989.3654,4.1037,239.4055,4.1372,-0.43619,-0.10914,-1.4636,90.0044,-0.11049,3.6335,1.9945,7.7065,-32.3855,0.013133,1.4583,-0.079968,2.5866e-07,0.0082667,0,70.7608,0.17308,0.68926,483.0634,1456.2086
6.4813,9989.3654,4.1037,239.4055,4.1372,-0.43619,-0.10914,-1.4636,90.0044,-0.11049,3.6335,1.9945,7.7065,-32.3855,0.013133,1.4583,-0.079968,2.5866e-07,0.0082667,0,70.7608,0.17321,0.73332,483.0634,1456.2086
6.4833,9989.3994,4.0701,239.4061,4.1336,-0.43002,-0.12133,-0.77005,90.0035,-0.14869,3.634,1.9267,8.2564,-32.3124,0.013166,1.426,-0.060653,2.5915e-07,0.0082773,0,70.8971,0.17267,0.71205,483.0633,1456.2066
6.4916,9989.4332,4.0364,239.407,4.13,-0.42381,-0.12775,-0.09125,90.0022,-0.17769,3.6345,2.0093,9.165,-32.2387,0.013206,1.3939,-0.038663,2.5964e-07,0.008288,0,71.0337,0.17238,0.70353,483.0631,1456.2047
6.5,9989.4667,4.0029,239.4082,4.1265,-0.41755,-0.12851,0.57298,90.0007,-0.1962,3.6351,2.0991,10.2423,-32.1639,0.013241,1.3623,-0.015817,2.6015e-07,0.0082986,0,71.1706,0.17215,0.6888,483.063,1456.2028
6.5083,9989.4999,3.9693,239.4095,4.123,-0.41123,-0.12374,1.2229,89.9991,-0.20382,3.6358,2.1917,11.3779,-32.0881,0.013247,1.3315,0.0063847,2.6066e-07,0.0083093,0,71.3078,0.17199,0.67122,483.0629,1456.201
6.5166,9989.5329,3.9358,239.4109,4.1196,-0.40486,-0.11355,1.8589,89.9974,-0.20085,3.6365,2.2833,12.4806,-32.0104,0.013223,1.3016,0.026875,2.6118e-07,0.0083199,0,71.4454,0.17188,0.65226,483.0628,1456.1991
6.525,9989.5655,3.9024,239.4126,4.1162,-0.39847,-0.098056,2.4812,89.9957,-0.18811,3.6372,2.3712,13.4854,-31.9311,0.013176,1.2728,0.044989,2.6172e-07,0.0083305,0,71.5833,0.1718,0.63258,483.0627,1456.1973
6.5333,9989.5979,3.869,239.4143,4.1129,-0.39209,-0.077379,3.0905,89.9942,-0.16673,3.638,2.4536,14.3519,-31.8508,0.013115,1.2451,0.060374,2.6226e-07,0.0083412,0,71.7216,0.17172,0.61247,483.0626,1456.1954
6.5416,9989.63,3.8356,239.4163,4.1097,-0.38572,-0.051625,3.6871,89.9928,-0.13801,3.6389,2.5294,15.0584,-31.77,0.013059,1.2185,0.072918,2.628e-07,0.0083518,0,71.8601,0.17164,0.59204,483.0624,1456.1936
6.55,9989.6618,3.8023,239.4184,4.1065,-0.3794,-0.020899,4.2714,89.9916,-0.10332,3.6398,2.5979,15.5979,-31.6899,0.013024,-0.022132,0.082696,2.6336e-07,0.0083625,0,71.999,0.17152,0.57153,483.0623,1456.1918
6.5583,9989.6934,3.7691,239.4207,4.1033,-0.37313,0.014695,4.2636,89.9908,-0.063974,3.6407,2.6582,4.9473,-28.5873,0.013015,-1.3985,0.089874,2.6391e-07,0.0083731,0,71.665,0.17136,0.55117,483.0622,1456.19
6.5666,9989.7246,3.7359,239.4228,4.1002,-0.36691,0.050225,3.5989,89.9902,-0.021184,3.6417,2.6578,-7.0967,-25.161,0.013007,-1.5492,0.094718,2.6447e-07,0.0083838,0,71.3314,0.17115,0.5553,483.0621,1456.1883
6.575,9989.7556,3.7026,239.4243,4.0972,-0.36075,0.080216,2.8625,89.99,0.023968,3.6427,2.5625,-8.1627,-24.7986,0.012996,-1.5195,0.097568,2.6502e-07,0.0083944,0,71,0.17086,0.60267,483.062,1456.1865
6.577,9989.7556,3.7026,239.4243,4.0972,-0.36075,0.080216,2.8625,89.99,0.023968,3.6427,2.5625,-8.1627,-24.7986,0.012996,-1.5195,0.097568,2.6502e-07,0.0083944,0,71,0.17091,0.64339,483.062,1456.1865
6.577,9989.7556,3.7026,239.4243,4.0972,-0.36075,0.080216,2.8625,89.99,0.023968,3.6427,2.5625,-8.1627,-24.7986,0.012996,-1.5195,0.097568,2.6502e-07,0.0083944,0,71,0.17091,0.64339,483.062,1456.1865
6.5833,9989.7863,3.6693,239.4253,4.0942,-0.35464,0.10407,2.1403,89.9902,0.070529,3.6438,2.4652,-7.7143,-24.8852,0.012992,-1.4889,0.09331,2.6557e-07,0.0084051,0,70.671,0.17053,0.65422,483.0619,1456.1848
6.5896,9989.7863,3.6693,239.4253,4.0942,-0.35464,0.10407,2.1403,89.9902,0.070529,3.6438,2.4652,-7.7143,-24.8852,0.012992,-1.4889,0.09331,2.6557e-07,0.0084051,0,70.671,0.17067,0.73159,483.0619,1456.1848
6.5899,9989.7863,3.6693,239.4253,4.0942,-0.35464,0.10407,2.1403,89.9902,0.070529,3.6438,2.4652,-7.7143,-24.8852,0.012992,-1.4889,0.09331,2.6557e-07,0.0084051,0,70.671,0.17068,0.7348,483.0619,1456.1848
6.5899,9989.7863,3.6693,239.4253,4.0942,-0.35464,0.10407,2.1403,89.9902,0.070529,3.6438,2.4652,-7.7143,-24.8852,0.012992,-1.4889,0.09331,2.6557e-07,0.0084051,0,70.671,0.17068,0.7348,483.0619,1456.1848
6.5916,9989.8168,3.636,239.4259,4.0912,-0.34856,0.12191,1.4325,89.9908,0.1151,3.6449,2.353,-7.7014,-24.9724,0.013029,-1.4571,0.079178,2.6611e-07,0.0084157,0,70.807,0.17016,0.70676,483.0618,1456.1831
6.5933,9989.8168,3.636,239.4259,4.0912,-0.34856,0.12191,1.4325,89.9908,0.1151,3.6449,2.353,-7.7014,-24.9724,0.013029,-1.4571,0.079178,2.6611e-07,0.0084157,0,70.807,0.1702,0.72467,483.0618,1456.1831
6.5968,9989.8168,3.636,239.4259,4.0912,-0.34856,0.12191,1.4325,89.9908,0.1151,3.6449,2.353,-7.7014,-24.9724,0.013029,-1.4571,0.079178,2.6611e-07,0.0084157,0,70.807,0.17028,0.7526,483.0618,1456.1831
6.6,9989.8469,3.6027,239.4269,4.0883,-0.34245,0.13384,0.73954,89.9918,0.15294,3.6461,2.3514,-8.2925,-25.0638,0.013077,-1.4248,0.059553,2.6664e-07,0.0084264,0,70.9434,0.16983,0.69839,483.0617,1456.1814
6.6083,9989.8768,3.5696,239.4281,4.0855,-0.33629,0.14001,0.061276,89.9931,0.18142,3.6474,2.3366,-9.2221,-25.1553,0.013122,-1.3927,0.037398,2.6716e-07,0.008437,0,71.0802,0.16957,0.68382,483.0616,1456.1797
6.6166,9989.9064,3.5365,239.4294,4.0827,-0.33007,0.14052,-0.60241,89.9946,0.19933,3.6486,2.3162,-10.3102,-25.2443,0.013137,-1.3611,0.014476,2.6768e-07,0.0084477,0,71.2173,0.16937,0.66639,483.0615,1456.178
6.625,9989.9358,3.5034,239.431,4.08,-0.3238,0.1355,-1.2518,89.9962,0.20631,3.65,2.2946,-11.4498,-25.3284,0.013119,-1.3303,-0.0077186,2.6818e-07,0.0084583,0,71.3547,0.16924,0.64759,483.0613,1456.1764
6.6333,9989.9648,3.4704,239.4326,4.0773,-0.31749,0.12506,-1.8872,89.998,0.20268,3.6513,2.2755,-12.5503,-25.4064,0.013069,-1.3004,-0.028146,2.6867e-07,0.008469,0,71.4924,0.16916,0.62806,483.0612,1456.1747
6.6416,9989.9936,3.4375,239.4345,4.0746,-0.31117,0.10934,-2.509,89.9996,0.18931,3.6528,2.2615,-13.5484,-25.4778,0.012995,-1.2717,-0.046162,2.6915e-07,0.0084796,0,71.6305,0.1691,0.60808,483.0611,1456.1731
6.65,9990.0221,3.4047,239.4365,4.072,-0.30486,0.08843,-3.1178,90.0012,0.16734,3.6542,2.2539,-14.405,-25.5428,0.01291,-1.244,-0.06143,2.6962e-07,0.0084902,0,71.7689,0.16905,0.5878,483.061,1456.1715
6.6583,9990.0504,3.3719,239.4387,4.0695,-0.29859,0.062448,-3.7138,90.0026,0.13809,3.6557,2.2535,-15.0993,-25.6019,0.012834,-1.2095,-0.073851,2.7008e-07,0.0085009,0,71.9076,0.16897,0.56725,483.0609,1456.1699
6.6666,9990.0783,3.3392,239.441,4.067,-0.29237,0.0315,-4.2938,90.0038,0.10291,3.6572,2.2598,-15.5533,-25.6762,0.012765,0.10047,-0.083507,2.7054e-07,0.0085115,0,71.574,0.16886,0.54666,483.0608,1456.1683
6.675,9990.106,3.3066,239.443,4.0646,-0.28621,-0.004282,-4.2487,90.0046,0.063121,3.6588,2.194,-4.2665,-28.952,0.01272,1.4815,-0.090581,2.7099e-07,0.0085222,0,71.2412,0.16868,0.562,483.0607,1456.1668
6.6833,9990.1334,3.2739,239.4444,4.0622,-0.28013,-0.039688,-3.5444,90.0052,0.019941,3.6605,2.0709,7.8186,-32.4205,0.012696,1.5474,-0.09534,2.7144e-07,0.0085328,0,70.9108,0.16843,0.61015,483.0606,1456.1652
6.6916,9990.1606,3.2412,239.4454,4.0599,-0.27411,-0.069224,-2.8088,90.0053,-0.025553,3.6621,1.9561,8.1144,-32.6014,0.012696,1.5176,-0.098087,2.719e-07,0.0085435,0,70.5828,0.16811,0.66179,483.0605,1456.1637
6.694,9990.1606,3.2412,239.4454,4.0599,-0.27411,-0.069224,-2.8088,90.0053,-0.025553,3.6621,1.9561,8.1144,-32.6014,0.012696,1.5176,-0.098087,2.719e-07,0.0085435,0,70.5828,0.16814,0.69573,483.0605,1456.1637
6.694,9990.1606,3.2412,239.4454,4.0599,-0.27411,-0.069224,-2.8088,90.0053,-0.025553,3.6621,1.9561,8.1144,-32.6014,0.012696,1.5176,-0.098087,2.719e-07,0.0085435,0,70.5828,0.16814,0.69573,483.0605,1456.1637
6.7,9990.1874,3.2086,239.4462,4.0576,-0.26814,-0.092631,-2.0875,90.0051,-0.072397,3.6639,1.8997,7.6682,-32.5426,0.012734,1.487,-0.093385,2.7236e-07,0.0085541,0,70.719,0.16775,0.69111,483.0605,1456.1622
6.7059,9990.1874,3.2086,239.4462,4.0576,-0.26814,-0.092631,-2.0875,90.0051,-0.072397,3.6639,1.8997,7.6682,-32.5426,0.012734,1.487,-0.093385,2.7236e-07,0.0085541,0,70.719,0.16783,0.75042,483.0605,1456.1622
6.707,9990.1874,3.2086,239.4462,4.0576,-0.26814,-0.092631,-2.0875,90.0051,-0.072397,3.6639,1.8997,7.6682,-32.5426,0.012734,1.487,-0.093385,2.7236e-07,0.0085541,0,70.719,0.16784,0.75788,483.0605,1456.1622
6.707,9990.1874,3.2086,239.4462,4.0576,-0.26814,-0.092631,-2.0875,90.0051,-0.072397,3.6639,1.8997,7.6682,-32.5426,0.012734,1.487,-0.093385,2.7236e-07,0.0085541,0,70.719,0.16784,0.75788,483.0605,1456.1622
6.7083,9990.214,3.176,239.4475,4.0554,-0.26216,-0.11003,-1.3807,90.0045,-0.11702,3.6656,1.9455,7.6798,-32.4821,0.012786,1.4551,-0.078606,2.7282e-07,0.0085648,0,70.8555,0.16741,0.68047,483.0604,1456.1607
6.7096,9990.214,3.176,239.4475,4.0554,-0.26216,-0.11003,-1.3807,90.0045,-0.11702,3.6656,1.9455,7.6798,-32.4821,0.012786,1.4551,-0.078606,2.7282e-07,0.0085648,0,70.8555,0.16743,0.69777,483.0604,1456.1607
6.7122,9990.214,3.176,239.4475,4.0554,-0.26216,-0.11003,-1.3807,90.0045,-0.11702,3.6656,1.9455,7.6798,-32.4821,0.012786,1.4551,-0.078606,2.7282e-07,0.0085648,0,70.8555,0.16746,0.72639,483.0604,1456.1607
6.7166,9990.2404,3.1436,239.4488,4.0532,-0.25616,-0.12153,-0.68857,90.0035,-0.15461,3.6674,2.0171,8.3096,-32.4176,0.012833,1.4228,-0.058621,2.7329e-07,0.0085754,0,70.9923,0.16712,0.66495,483.0603,1456.1592
6.725,9990.2664,3.1112,239.4504,4.0511,-0.25011,-0.12727,-0.011237,90.0022,-0.18265,3.6693,2.1024,9.2617,-32.3501,0.012855,1.3906,-0.036244,2.7377e-07,0.0085861,0,71.1295,0.16689,0.6471,483.0602,1456.1577
6.7333,9990.2922,3.0789,239.452,4.049,-0.24401,-0.12736,0.65152,90.0007,-0.20002,3.6712,2.1945,10.3653,-32.2799,0.012845,1.359,-0.013191,2.7426e-07,0.0085967,0,71.267,0.16672,0.62811,483.0601,1456.1562
6.7416,9990.3178,3.0467,239.4539,4.047,-0.23787,-0.12193,1.3,89.9991,-0.20637,3.6731,2.289,11.5163,-32.2073,0.012801,1.3283,0.0090531,2.7476e-07,0.0086074,0,71.4048,0.16661,0.60848,483.06,1456.1548
6.75,9990.343,3.0146,239.4559,4.0451,-0.23171,-0.1111,1.9345,89.9973,-0.20209,3.6751,2.3821,12.6242,-32.1325,0.012729,1.2985,0.029468,2.7527e-07,0.008618,0,71.543,0.16653,0.58843,483.0599,1456.1534
6.7583,9990.368,2.9826,239.4581,4.0431,-0.22556,-0.094981,2.5554,89.9956,-0.18806,3.6771,2.4713,13.6272,-32.0561,0.012639,1.2698,0.047432,2.7578e-07,0.0086287,0,71.6815,0.16647,0.56809,483.0598,1456.152
6.7666,9990.3927,2.9507,239.4604,4.0413,-0.21942,-0.073685,3.1633,89.9941,-0.16545,3.6792,2.5546,14.487,-31.9791,0.012534,1.2422,0.062619,2.7631e-07,0.0086393,0,71.3484,0.16641,0.54749,483.0597,1456.1506
6.775,9990.4172,2.9188,239.4626,4.0394,-0.21334,-0.047325,3.7585,89.9927,-0.13559,3.6813,2.5849,15.184,-31.9014,0.012419,1.1904,0.074946,2.7684e-07,0.00865,0,71.0155,0.16631,0.5479,483.0596,1456.1492
6.7833,9990.4414,2.8869,239.4642,4.0377,-0.20732,-0.016004,4.3294,89.9916,-0.099841,3.6834,2.512,15.4832,-31.7603,0.012328,-0.17322,0.084503,2.7738e-07,0.0086606,0,70.685,0.16614,0.59431,483.0595,1456.1478
6.7916,9990.4653,2.8551,239.4653,4.036,-0.20139,0.020074,4.2495,89.9907,-0.059528,3.6856,2.4334,3.7027,-28.354,0.012286,-1.5619,0.091486,2.7792e-07,0.0086713,0,70.3568,0.16589,0.64541,483.0595,1456.1465
6.8,9990.489,2.8233,239.466,4.0343,-0.19553,0.055487,3.5069,89.9902,-0.015862,3.6878,2.3504,-8.4672,-24.9018,0.012315,-1.5462,0.096169,2.7846e-07,0.0086819,0,70.4925,0.16557,0.69775,483.0594,1456.1451
6.8083,9990.5123,2.7916,239.4671,4.0327,-0.18971,0.084711,2.7718,89.9901,0.030074,3.6901,2.3953,-8.0359,-24.9625,0.012367,-1.5165,0.098774,2.7899e-07,0.0086926,0,70.6285,0.16524,0.68982,483.0593,1456.1438
6.811,9990.5123,2.7916,239.4671,4.0327,-0.18971,0.084711,2.7718,89.9901,0.030074,3.6901,2.3953,-8.0359,-24.9625,0.012367,-1.5165,0.098774,2.7899e-07,0.0086926,0,70.6285,0.16525,0.72188,483.0593,1456.1438
6.811,9990.5123,2.7916,239.4671,4.0327,-0.18971,0.084711,2.7718,89.9901,0.030074,3.6901,2.3953,-8.0359,-24.9625,0.012367,-1.5165,0.098774,2.7899e-07,0.0086926,0,70.6285,0.16525,0.72188,483.0593,1456.1438
6.8166,9990.5355,2.76,239.4684,4.0311,-0.1839,0.10781,2.0511,89.9904,0.077283,3.6924,2.4354,-7.605,-25.0579,0.012432,-1.4858,0.093618,2.7952e-07,0.0087032,0,70.7649,0.1649,0.67582,483.0592,1456.1425
6.8223,9990.5355,2.76,239.4684,4.0311,-0.1839,0.10781,2.0511,89.9904,0.077283,3.6924,2.4354,-7.605,-25.0579,0.012432,-1.4858,0.093618,2.7952e-07,0.0087032,0,70.7649,0.16492,0.73976,483.0592,1456.1425
6.8242,9990.5355,2.76,239.4684,4.0311,-0.1839,0.10781,2.0511,89.9904,0.077283,3.6924,2.4354,-7.605,-25.0579,0.012432,-1.4858,0.093618,2.7952e-07,0.0087032,0,70.7649,0.16493,0.75472,483.0592,1456.1425
6.8242,9990.5355,2.76,239.4684,4.0311,-0.1839,0.10781,2.0511,89.9904,0.077283,3.6924,2.4354,-7.605,-25.0579,0.012432,-1.4858,0.093618,2.7952e-07,0.0087032,0,70.7649,0.16493,0.75472,483.0592,1456.1425
6.825,9990.5583,2.7286,239.4698,4.0296,-0.17809,0.1249,1.3448,89.991,0.12205,3.6947,2.4567,-7.6493,-25.1547,0.012481,-1.4537,0.078164,2.8005e-07,0.0087139,0,70.9017,0.1646,0.65892,483.0591,1456.1412
6.8258,9990.5583,2.7286,239.4698,4.0296,-0.17809,0.1249,1.3448,89.991,0.12205,3.6947,2.4567,-7.6493,-25.1547,0.012481,-1.4537,0.078164,2.8005e-07,0.0087139,0,70.9017,0.1646,0.67153,483.0591,1456.1412
6.8273,9990.5583,2.7286,239.4698,4.0296,-0.17809,0.1249,1.3448,89.991,0.12205,3.6947,2.4567,-7.6493,-25.1547,0.012481,-1.4537,0.078164,2.8005e-07,0.0087139,0,70.9017,0.16461,0.69396,483.0591,1456.1412
6.8305,9990.5583,2.7286,239.4698,4.0296,-0.17809,0.1249,1.3448,89.991,0.12205,3.6947,2.4567,-7.6493,-25.1547,0.012481,-1.4537,0.078164,2.8005e-07,0.0087139,0,70.9017,0.16461,0.72952,483.0591,1456.1412
6.8333,9990.581,2.6972,239.4714,4.0281,-0.17224,0.13611,0.65334,89.992,0.15944,3.6971,2.453,-8.3234,-25.2525,0.012507,-1.4214,0.057774,2.8056e-07,0.0087245,0,71.0387,0.16435,0.6406,483.059,1456.1399
6.8416,9990.6033,2.6659,239.4732,4.0267,-0.16635,0.14155,-0.023372,89.9934,0.18709,3.6995,2.4377,-9.3021,-25.3482,0.012502,-1.3892,0.035126,2.8106e-07,0.0087352,0,71.1761,0.16416,0.62148,483.059,1456.1387
6.85,9990.6254,2.6347,239.4751,4.0253,-0.16043,0.14136,-0.6855,89.9949,0.20392,3.702,2.4177,-10.4227,-25.4396,0.012463,-1.3576,0.01189,2.8156e-07,0.0087458,0,71.3138,0.16403,0.60187,483.0589,1456.1374
6.8583,9990.6472,2.6037,239.4771,4.024,-0.15447,0.13565,-1.3333,89.9966,0.20964,3.7045,2.397,-11.5841,-25.5257,0.01239,-1.3269,-0.010452,2.8204e-07,0.0087565,0,71.4519,0.16395,0.58192,483.0588,1456.1362
6.8666,9990.6688,2.5727,239.4794,4.0227,-0.1485,0.12453,-1.9672,89.9984,0.20468,3.707,2.3792,-12.696,-25.6056,0.012293,-1.2971,-0.030899,2.8251e-07,0.0087671,0,71.5903,0.1639,0.56169,483.0587,1456.135
6.875,9990.6901,2.5419,239.4818,4.0215,-0.14254,0.10814,-2.5875,90.0001,0.18995,3.7096,2.3667,-13.6977,-25.6792,0.012159,-1.2684,-0.048846,2.8297e-07,0.0087777,0,71.2574,0.16386,0.5412,483.0587,1456.1338
6.8755,9990.6901,2.5419,239.4818,4.0215,-0.14254,0.10814,-2.5875,90.0001,0.18995,3.7096,2.3667,-13.6977,-25.6792,0.012159,-1.2684,-0.048846,2.8297e-07,0.0087777,0,71.2574,0.16386,0.55517,483.0587,1456.1338
6.8755,9990.6901,2.5419,239.4818,4.0215,-0.14254,0.10814,-2.5875,90.0001,0.18995,3.7096,2.3667,-13.6977,-25.6792,0.012159,-1.2684,-0.048846,2.8297e-07,0.0087777,0,71.2574,0.16386,0.55517,483.0587,1456.1338
6.8833,9990.7111,2.5111,239.4837,4.0203,-0.13663,0.086579,-3.1948,90.0016,0.16663,3.7122,2.2602,-14.5525,-25.7454,0.012011,-1.2408,-0.063984,2.8343e-07,0.0087884,0,70.926,0.16378,0.56659,483.0586,1456.1326
6.8838,9990.7111,2.5111,239.4837,4.0203,-0.13663,0.086579,-3.1948,90.0016,0.16663,3.7122,2.2602,-14.5525,-25.7454,0.012011,-1.2408,-0.063984,2.8343e-07,0.0087884,0,70.926,0.16378,0.57825,483.0586,1456.1326
6.8838,9990.7111,2.5111,239.4837,4.0203,-0.13663,0.086579,-3.1948,90.0016,0.16663,3.7122,2.2602,-14.5525,-25.7454,0.012011,-1.2408,-0.063984,2.8343e-07,0.0087884,0,70.926,0.16378,0.57825,483.0586,1456.1326
6.8916,9990.7319,2.4804,239.4851,4.0192,-0.13079,0.059956,-3.7894,90.003,0.13608,3.7148,2.1214,-15.2412,-25.8053,0.011879,-1.1399,-0.07624,2.8387e-07,0.008799,0,70.5969,0.16364,0.61471,483.0585,1456.1314
6.8921,9990.7319,2.4804,239.4851,4.0192,-0.13079,0.059956,-3.7894,90.003,0.13608,3.7148,2.1214,-15.2412,-25.8053,0.011879,-1.1399,-0.07624,2.8387e-07,0.008799,0,70.5969,0.16364,0.62343,483.0585,1456.1314
6.8921,9990.7319,2.4804,239.4851,4.0192,-0.13079,0.059956,-3.7894,90.003,0.13608,3.7148,2.1214,-15.2412,-25.8053,0.011879,-1.1399,-0.07624,2.8387e-07,0.008799,0,70.5969,0.16364,0.62343,483.0585,1456.1314
6.9,9990.7525,2.4497,239.486,4.0181,-0.12502,0.028378,-4.3362,90.0042,0.099667,3.7175,1.9914,-15.0836,-26.0477,0.01182,0.24561,-0.08571,2.8431e-07,0.0088097,0,70.2703,0.16343,0.66594,483.0584,1456.1303
6.9083,9990.7728,2.4191,239.4874,4.0171,-0.11932,-0.0077573,-4.2218,90.005,0.058726,3.7202,2.0023,-3.1003,-29.5192,0.011828,1.5752,-0.092613,2.8474e-07,0.0088203,0,70.4067,0.16319,0.65737,483.0584,1456.1291
6.9166,9990.7928,2.3887,239.489,4.0161,-0.11367,-0.042939,-3.4728,90.0055,0.014473,3.723,2.0193,8.5307,-32.868,0.011876,1.5453,-0.097227,2.8518e-07,0.008831,0,70.5435,0.16292,0.64305,483.0583,1456.128
6.925,9990.8126,2.3584,239.4907,4.0151,-0.10805,-0.071879,-2.7382,90.0056,-0.03201,3.7258,2.0421,7.9687,-32.8184,0.01192,1.5155,-0.099547,2.8561e-07,0.0088416,0,70.6806,0.16264,0.62605,483.0582,1456.1269
6.9281,9990.8126,2.3584,239.4907,4.0151,-0.10805,-0.071879,-2.7382,90.0056,-0.03201,3.7258,2.0421,7.9687,-32.8184,0.01192,1.5155,-0.099547,2.8561e-07,0.0088416,0,70.6806,0.16262,0.67883,483.0582,1456.1269
6.9281,9990.8126,2.3584,239.4907,4.0151,-0.10805,-0.071879,-2.7382,90.0056,-0.03201,3.7258,2.0421,7.9687,-32.8184,0.01192,1.5155,-0.099547,2.8561e-07,0.0088416,0,70.6806,0.16262,0.67883,483.0582,1456.1269
6.9333,9990.8321,2.3282,239.4925,4.0143,-0.10245,-0.094697,-2.018,90.0053,-0.079619,3.7286,2.0714,7.5512,-32.7668,0.011955,1.4847,-0.093848,2.8605e-07,0.0088523,0,70.8181,0.16236,0.60776,483.0582,1456.1258
6.9386,9990.8321,2.3282,239.4925,4.0143,-0.10245,-0.094697,-2.018,90.0053,-0.079619,3.7286,2.0714,7.5512,-32.7668,0.011955,1.4847,-0.093848,2.8605e-07,0.0088523,0,70.8181,0.16232,0.69633,483.0582,1456.1258
6.9414,9990.8321,2.3282,239.4925,4.0143,-0.10245,-0.094697,-2.018,90.0053,-0.079619,3.7286,2.0714,7.5512,-32.7668,0.011955,1.4847,-0.093848,2.8605e-07,0.0088523,0,70.8181,0.1623,0.72783,483.0582,1456.1258
6.9414,9990.8321,2.3282,239.4925,4.0143,-0.10245,-0.094697,-2.018,90.0053,-0.079619,3.7286,2.0714,7.5512,-32.7668,0.011955,1.4847,-0.093848,2.8605e-07,0.0088523,0,70.8181,0.1623,0.72783,483.0582,1456.1258
6.9416,9990.8514,2.2981,239.4945,4.0134,-0.096856,-0.11151,-1.3122,90.0047,-0.12452,3.7314,2.1213,7.6261,-32.7107,0.011971,1.4526,-0.07795,2.865e-07,0.0088629,0,70.9558,0.1621,0.58861,483.0581,1456.1247
6.9419,9990.8514,2.2981,239.4945,4.0134,-0.096856,-0.11151,-1.3122,90.0047,-0.12452,3.7314,2.1213,7.6261,-32.7107,0.011971,1.4526,-0.07795,2.865e-07,0.0088629,0,70.9558,0.1621,0.59506,483.0581,1456.1247
6.9425,9990.8514,2.2981,239.4945,4.0134,-0.096856,-0.11151,-1.3122,90.0047,-0.12452,3.7314,2.1213,7.6261,-32.7107,0.011971,1.4526,-0.07795,2.865e-07,0.0088629,0,70.9558,0.1621,0.60744,483.0581,1456.1247
6.9436,9990.8514,2.2981,239.4945,4.0134,-0.096856,-0.11151,-1.3122,90.0047,-0.12452,3.7314,2.1213,7.6261,-32.7107,0.011971,1.4526,-0.07795,2.865e-07,0.0088629,0,70.9558,0.16209,0.63024,483.0581,1456.1247
6.9458,9990.8514,2.2981,239.4945,4.0134,-0.096856,-0.11151,-1.3122,90.0047,-0.12452,3.7314,2.1213,7.6261,-32.7107,0.011971,1.4526,-0.07795,2.865e-07,0.0088629,0,70.9558,0.16207,0.66894,483.0581,1456.1247
6.95,9990.8704,2.2682,239.4967,4.0126,-0.091244,-0.12245,-0.62124,90.0036,-0.16182,3.7343,2.1976,8.3264,-32.6485,0.011963,1.4202,-0.057226,2.8695e-07,0.0088736,0,71.0939,0.16188,0.56895,483.058,1456.1236
6.9583,9990.8892,2.2383,239.499,4.0119,-0.085608,-0.12763,0.054945,90.0023,-0.18921,3.7372,2.2867,9.3261,-32.5827,0.01193,1.388,-0.034316,2.8741e-07,0.0088842,0,71.2024,0.16171,0.54887,483.058,1456.1225
6.9666,9990.9077,2.2086,239.5015,4.0112,-0.079946,-0.12717,0.71654,90.0007,-0.20565,3.7402,2.3807,10.4646,-32.514,0.011838,1.3564,-0.010886,2.8789e-07,0.0088949,0,70.8695,0.16159,0.52908,483.0579,1456.1215
6.975,9990.926,2.179,239.5033,4.0105,-0.074284,-0.1212,1.3638,89.999,-0.21088,3.7432,2.3365,11.6409,-32.4412,0.011714,1.3257,0.011589,2.8837e-07,0.0089055,0,70.5389,0.16147,0.57333,483.0578,1456.1205
6.9833,9990.944,2.1493,239.5046,4.0099,-0.068639,-0.10983,1.9972,89.9972,-0.20536,3.7462,2.2929,12.7653,-32.3662,0.011572,1.2959,0.032119,2.8886e-07,0.0089162,0,70.2107,0.16135,0.62306,483.0578,1456.1194
6.9916,9990.9618,2.1198,239.5054,4.0093,-0.063029,-0.093189,2.617,89.9955,-0.19002,3.7493,2.2472,13.7773,-32.2901,0.011469,1.2672,0.050107,2.8936e-07,0.0089268,0,70.1332,0.16119,0.67451,483.0577,1456.1184
6.9925,9990.9618,2.1198,239.5054,4.0093,-0.063029,-0.093189,2.617,89.9955,-0.19002,3.7493,2.2472,13.7773,-32.2901,0.011469,1.2672,0.050107,2.8936e-07,0.0089268,0,70.1332,0.16118,0.68637,483.0577,1456.1184
6.9925,9990.9618,2.1198,239.5054,4.0093,-0.063029,-0.093189,2.617,89.9955,-0.19002,3.7493,2.2472,13.7773,-32.2901,0.011469,1.2672,0.050107,2.8936e-07,0.0089268,0,70.1332,0.16118,0.68637,483.0577,1456.1184
7,9990.9794,2.0904,239.5068,4.0088,-0.057451,-0.071381,3.2237,89.994,-0.16607,3.7524,2.3288,14.6408,-32.2164,0.01139,1.2396,0.065254,2.8987e-07,0.0089375,0,70.2693,0.16104,0.66592,483.0576,1456.1175
7.0009,9990.9794,2.0904,239.5068,4.0088,-0.057451,-0.071381,3.2237,89.994,-0.16607,3.7524,2.3288,14.6408,-32.2164,0.01139,1.2396,0.065254,2.8987e-07,0.0089375,0,70.2693,0.16103,0.6793,483.0576,1456.1175
7.0009,9990.9794,2.0904,239.5068,4.0088,-0.057451,-0.071381,3.2237,89.994,-0.16607,3.7524,2.3288,14.6408,-32.2164,0.01139,1.2396,0.065254,2.8987e-07,0.0089375,0,70.2693,0.16103,0.6793,483.0576,1456.1175
7.0083,9990.9967,2.0611,239.5082,4.0084,-0.051911,-0.044517,3.8177,89.9926,-0.13487,3.7555,2.4034,15.3374,-32.1445,0.011348,1.1113,0.077496,2.9038e-07,0.0089481,0,70.4057,0.16088,0.65139,483.0576,1456.1165
7.0091,9990.9967,2.0611,239.5082,4.0084,-0.051911,-0.044517,3.8177,89.9926,-0.13487,3.7555,2.4034,15.3374,-32.1445,0.011348,1.1113,0.077496,2.9038e-07,0.0089481,0,70.4057,0.16087,0.6638,483.0576,1456.1165
7.0091,9990.9967,2.0611,239.5082,4.0084,-0.051911,-0.044517,3.8177,89.9926,-0.13487,3.7555,2.4034,15.3374,-32.1445,0.011348,1.1113,0.077496,2.9038e-07,0.0089481,0,70.4057,0.16087,0.6638,483.0576,1456.1165
7.0166,9991.0137,2.032,239.5099,4.0079,-0.04641,-0.012702,4.3509,89.9914,-0.097816,3.7586,2.4697,14.9379,-31.8212,0.01133,-0.28734,0.086935,2.909e-07,0.0089588,0,70.5424,0.1607,0.63444,483.0575,1456.1155
7.025,9991.0305,2.003,239.5117,4.0076,-0.040956,0.023555,4.2167,89.9906,-0.056238,3.7618,2.5283,2.8314,-28.3372,0.011347,-1.5754,0.093804,2.9142e-07,0.0089694,0,70.6795,0.16051,0.61647,483.0574,1456.1146
7.0333,9991.0471,1.9741,239.5136,4.0072,-0.03555,0.058694,3.4676,89.9902,-0.011365,3.765,2.5803,-8.4356,-25.1444,0.011372,-1.5456,0.098388,2.9194e-07,0.0089801,0,70.8169,0.16029,0.59784,483.0574,1456.1136
7.0416,9991.0634,1.9454,239.5157,4.0069,-0.030186,0.08759,2.7329,89.9901,0.035712,3.7683,2.627,-7.8835,-25.245,0.011387,-1.5158,0.10055,2.9246e-07,0.0089908,0,70.9546,0.16006,0.57876,483.0573,1456.1127
7.0451,9991.0634,1.9454,239.5157,4.0069,-0.030186,0.08759,2.7329,89.9901,0.035712,3.7683,2.627,-7.8835,-25.245,0.011387,-1.5158,0.10055,2.9246e-07,0.0089908,0,70.9546,0.16,0.64973,483.0573,1456.1127
7.0451,9991.0634,1.9454,239.5157,4.0069,-0.030186,0.08759,2.7329,89.9901,0.035712,3.7683,2.627,-7.8835,-25.245,0.011387,-1.5158,0.10055,2.9246e-07,0.0089908,0,70.9546,0.16,0.64973,483.0573,1456.1127
7.05,9991.0795,1.9169,239.5179,4.0067,-0.024856,0.11036,2.0126,89.9904,0.083832,3.7715,2.6684,-7.482,-25.343,0.01139,-1.4849,0.094493,2.9297e-07,0.0090014,0,71.0927,0.15982,0.55938,483.0573,1456.1118
7.0549,9991.0795,1.9169,239.5179,4.0067,-0.024856,0.11036,2.0126,89.9904,0.083832,3.7715,2.6684,-7.482,-25.343,0.01139,-1.4849,0.094493,2.9297e-07,0.0090014,0,71.0927,0.15974,0.66195,483.0573,1456.1118
7.0583,9991.0954,1.8884,239.5203,4.0065,-0.019542,0.12714,1.3067,89.9911,0.12906,3.7748,2.6899,-7.583,-25.4413,0.011357,-1.4527,0.078277,2.9348e-07,0.0090121,0,70.7606,0.15959,0.53954,483.0572,1456.1109
7.0666,9991.111,1.8601,239.5222,4.0064,-0.014235,0.13803,0.61573,89.9921,0.16654,3.7781,2.588,-8.3057,-25.5392,0.011292,-1.4202,0.05725,2.9397e-07,0.0090227,0,70.4299,0.15936,0.56456,483.0572,1456.11
7.075,9991.1264,1.8317,239.5236,4.0062,-0.0089263,0.14316,-0.06047,89.9935,0.19395,3.7815,2.4346,-9.3251,-25.6341,0.011204,-1.388,0.034061,2.9446e-07,0.0090334,0,70.1015,0.15915,0.61254,483.0571,1456.1092
7.0833,9991.1415,1.8035,239.5246,4.0062,-0.0036154,0.14265,-0.72205,89.9951,0.21026,3.7849,2.2788,-10.4806,-25.7251,0.011136,-1.3563,0.010389,2.9493e-07,0.009044,0,69.7757,0.15894,0.66331,483.0571,1456.1083
7.0916,9991.1564,1.7754,239.526,4.0062,0.0017117,0.13664,-1.3693,89.9969,0.21525,3.7883,2.2562,-11.6703,-25.8137,0.011067,-1.3255,-0.012297,2.954e-07,0.0090547,0,69.9118,0.15879,0.65442,483.057,1456.1075
7.1,9991.1711,1.7475,239.5276,4.0062,0.0070513,0.12522,-2.0026,89.9987,0.20938,3.7918,2.2365,-12.805,-25.8978,0.010996,-1.2957,-0.032998,2.9585e-07,0.0090653,0,70.0483,0.15868,0.63977,483.0569,1456.1066
7.1083,9991.1856,1.7197,239.5293,4.0063,0.012392,0.10854,-2.6223,90.0004,0.19359,3.7953,2.222,-13.8239,-25.9769,0.010911,-1.267,-0.051121,2.9629e-07,0.009076,0,70.1851,0.1586,0.62247,483.0569,1456.1058
7.1088,9991.1856,1.7197,239.5293,4.0063,0.012392,0.10854,-2.6223,90.0004,0.19359,3.7953,2.222,-13.8239,-25.9769,0.010911,-1.267,-0.051121,2.9629e-07,0.009076,0,70.1851,0.15859,0.63138,483.0569,1456.1058
7.1088,9991.1856,1.7197,239.5293,4.0063,0.012392,0.10854,-2.6223,90.0004,0.19359,3.7953,2.222,-13.8239,-25.9769,0.010911,-1.267,-0.051121,2.9629e-07,0.009076,0,70.1851,0.15859,0.63138,483.0569,1456.1058
7.1166,9991.1998,1.6921,239.5312,4.0064,0.017713,0.086683,-3.229,90.002,0.16913,3.7988,2.2144,-14.6911,-26.0497,0.010821,-1.2394,-0.06637,2.9672e-07,0.0090866,0,70.3222,0.15853,0.60392,483.0568,1456.105
7.1175,9991.1998,1.6921,239.5312,4.0064,0.017713,0.086683,-3.229,90.002,0.16913,3.7988,2.2144,-14.6911,-26.0497,0.010821,-1.2394,-0.06637,2.9672e-07,0.0090866,0,70.3222,0.15851,0.62206,483.0568,1456.105
7.1175,9991.1998,1.6921,239.5312,4.0064,0.017713,0.086683,-3.229,90.002,0.16913,3.7988,2.2144,-14.6911,-26.0497,0.010821,-1.2394,-0.06637,2.9672e-07,0.0090866,0,70.3222,0.15851,0.62206,483.0568,1456.105
7.125,9991.2138,1.6646,239.5332,4.0065,0.022991,0.059775,-3.823,90.0035,0.13737,3.8023,2.2142,-15.3884,-26.1169,0.010739,-1.119,-0.078683,2.9714e-07,0.0090973,0,70.4597,0.15845,0.5847,483.0568,1456.1042
7.1258,9991.2138,1.6646,239.5332,4.0065,0.022991,0.059775,-3.823,90.0035,0.13737,3.8023,2.2142,-15.3884,-26.1169,0.010739,-1.119,-0.078683,2.9714e-07,0.0090973,0,70.4597,0.15843,0.60424,483.0568,1456.1042
7.1258,9991.2138,1.6646,239.5332,4.0065,0.022991,0.059775,-3.823,90.0035,0.13737,3.8023,2.2142,-15.3884,-26.1169,0.010739,-1.119,-0.078683,2.9714e-07,0.0090973,0,70.4597,0.15843,0.60424,483.0568,1456.1042
7.1333,9991.2275,1.6373,239.5354,4.0067,0.028213,0.027917,-4.3599,90.0046,0.099701,3.8059,2.2207,-15.0589,-26.4152,0.010679,0.29429,-0.088169,2.9756e-07,0.0091079,0,70.5975,0.15834,0.56538,483.0567,1456.1034
7.1408,9991.2275,1.6373,239.5354,4.0067,0.028213,0.027917,-4.3599,90.0046,0.099701,3.8059,2.2207,-15.0589,-26.4152,0.010679,0.29429,-0.088169,2.9756e-07,0.0091079,0,70.5975,0.15817,0.70086,483.0567,1456.1034
7.1416,9991.2411,1.6102,239.5377,4.007,0.033369,-0.0084148,-4.2223,90.0054,0.057487,3.8095,2.2334,-2.8242,-29.9606,0.010653,1.5762,-0.095066,2.9797e-07,0.0091186,0,70.7356,0.1582,0.54603,483.0567,1456.1027
7.1459,9991.2411,1.6102,239.5377,4.007,0.033369,-0.0084148,-4.2223,90.0054,0.057487,3.8095,2.2334,-2.8242,-29.9606,0.010653,1.5762,-0.095066,2.9797e-07,0.0091186,0,70.7356,0.15809,0.64219,483.0567,1456.1027
7.15,9991.2544,1.5832,239.5402,4.0073,0.038456,-0.043601,-3.4729,90.0059,0.011966,3.8131,2.2437,8.3774,-33.1925,0.010614,1.5463,-0.099667,2.9839e-07,0.0091292,0,70.4035,0.15801,0.53047,483.0566,1456.1019
7.1583,9991.2674,1.5562,239.5419,4.0076,0.043469,-0.072541,-2.7379,90.006,-0.035759,3.8167,2.1285,7.8183,-33.1418,0.010566,1.5165,-0.10185,2.988e-07,0.0091399,0,70.0738,0.15776,0.5753,483.0566,1456.1012
7.1619,9991.2674,1.5562,239.5419,4.0076,0.043469,-0.072541,-2.7379,90.006,-0.035759,3.8167,2.1285,7.8183,-33.1418,0.010566,1.5165,-0.10185,2.988e-07,0.0091399,0,70.0738,0.15767,0.65058,483.0566,1456.1012
7.1619,9991.2674,1.5562,239.5419,4.0076,0.043469,-0.072541,-2.7379,90.006,-0.035759,3.8167,2.1285,7.8183,-33.1418,0.010566,1.5165,-0.10185,2.988e-07,0.0091399,0,70.0738,0.15767,0.65058,483.0566,1456.1012
7.1666,9991.2803,1.5293,239.5431,4.008,0.048419,-0.095357,-2.0173,90.0057,-0.084532,3.8204,2.0222,7.4106,-33.0887,0.010516,1.4856,-0.095678,2.9922e-07,0.0091505,0,69.7465,0.15746,0.62541,483.0566,1456.1005
7.1713,9991.2803,1.5293,239.5431,4.008,0.048419,-0.095357,-2.0173,90.0057,-0.084532,3.8204,2.0222,7.4106,-33.0887,0.010516,1.4856,-0.095678,2.9922e-07,0.0091505,0,69.7465,0.15734,0.69892,483.0566,1456.1005
7.175,9991.2929,1.5025,239.544,4.0084,0.053326,-0.11217,-1.3111,90.005,-0.13035,3.8241,1.9398,7.5162,-33.031,0.010505,1.4533,-0.079243,2.9965e-07,0.0091612,0,69.8819,0.15713,0.67692,483.0565,1456.0998
7.1833,9991.3053,1.4759,239.5452,4.0088,0.058236,-0.12309,-0.61987,90.0039,-0.1683,3.8278,2.0159,8.2509,-32.9706,0.010504,1.4208,-0.057938,3.0008e-07,0.0091718,0,70.0175,0.15683,0.66883,483.0565,1456.0991
7.1916,9991.3175,1.4494,239.5467,4.0093,0.063174,-0.12826,0.056556,90.0025,-0.19604,3.8315,2.1048,9.2874,-32.9083,0.010501,1.3885,-0.034445,3.0052e-07,0.0091825,0,70.1535,0.1566,0.65478,483.0564,1456.0984
7.2,9991.3295,1.4231,239.5483,4.0099,0.068152,-0.12779,0.71834,90.0009,-0.21254,3.8353,2.1997,10.4629,-32.8446,0.010469,1.3567,-0.010465,3.0097e-07,0.0091931,0,70.2899,0.15644,0.63796,483.0564,1456.0977
7.2083,9991.3412,1.397,239.55,4.0105,0.073162,-0.1218,1.3658,89.9991,-0.21755,3.8391,2.2966,11.6742,-32.7784,0.010406,1.3258,0.012515,3.0144e-07,0.0092038,0,70.4266,0.15633,0.61981,483.0563,1456.097
7.2166,9991.3528,1.371,239.5519,4.0111,0.078185,-0.11042,1.9992,89.9973,-0.21156,3.8429,2.3916,12.8308,-32.7104,0.010315,1.296,0.033484,3.0191e-07,0.0092144,0,70.5636,0.15628,0.60094,483.0563,1456.0964
7.225,9991.3641,1.3451,239.5539,4.0117,0.083198,-0.09376,2.6191,89.9955,-0.19552,3.8467,2.4822,13.8711,-32.6408,0.010203,1.2672,0.05184,3.0239e-07,0.0092251,0,70.701,0.15624,0.58165,483.0563,1456.0957
7.2333,9991.3752,1.3195,239.5561,4.0124,0.088175,-0.071934,3.2259,89.9939,-0.17069,3.8506,2.5666,14.7585,-32.5703,0.010086,1.2396,0.067284,3.0288e-07,0.0092357,0,70.8387,0.1562,0.56204,483.0562,1456.0951
7.2339,9991.3752,1.3195,239.5561,4.0124,0.088175,-0.071934,3.2259,89.9939,-0.17069,3.8506,2.5666,14.7585,-32.5703,0.010086,1.2396,0.067284,3.0288e-07,0.0092357,0,70.8387,0.15618,0.57725,483.0562,1456.0951
7.2339,9991.3752,1.3195,239.5561,4.0124,0.088175,-0.071934,3.2259,89.9939,-0.17069,3.8506,2.5666,14.7585,-32.5703,0.010086,1.2396,0.067284,3.0288e-07,0.0092357,0,70.8387,0.15618,0.57725,483.0562,1456.0951
7.2416,9991.3861,1.294,239.5585,4.0132,0.093096,-0.045052,3.82,89.9925,-0.13845,3.8545,2.6439,15.4746,-32.4996,0.0099754,1.1503,0.079753,3.0337e-07,0.0092464,0,70.7152,0.15614,0.54221,483.0562,1456.0945
7.2424,9991.3861,1.294,239.5585,4.0132,0.093096,-0.045052,3.82,89.9925,-0.13845,3.8545,2.6439,15.4746,-32.4996,0.0099754,1.1503,0.079753,3.0337e-07,0.0092464,0,70.7152,0.15612,0.56217,483.0562,1456.0945
7.2424,9991.3861,1.294,239.5585,4.0132,0.093096,-0.045052,3.82,89.9925,-0.13845,3.8545,2.6439,15.4746,-32.4996,0.0099754,1.1503,0.079753,3.0337e-07,0.0092464,0,70.7152,0.15612,0.56217,483.0562,1456.0945
7.25,9991.3968,1.2687,239.5608,4.014,0.097944,-0.013218,4.3719,89.9913,-0.10023,3.8584,2.6835,15.4452,-32.2733,0.0098669,-0.2634,0.089364,3.0387e-07,0.0092571,0,70.3838,0.15603,0.53598,483.0561,1456.0939
7.2583,9991.4072,1.2434,239.5625,4.0148,0.1027,0.023214,4.2492,89.9905,-0.057399,3.8623,2.6052,3.2122,-28.7496,0.0097969,-1.5779,0.096353,3.0437e-07,0.0092677,0,70.0548,0.15585,0.58158,483.0561,1456.0933
7.2666,9991.4175,1.2182,239.5637,4.0157,0.10737,0.058624,3.499,89.99,-0.011218,3.8662,2.5226,-8.2887,-25.4892,0.0097518,-1.5479,0.10102,3.0488e-07,0.0092784,0,69.7283,0.15558,0.63189,483.0561,1456.0927
7.275,9991.4275,1.1931,239.5644,4.0166,0.11196,0.087782,2.7633,89.9899,0.037192,3.8702,2.4368,-7.7332,-25.5891,0.0097545,-1.5181,0.1034,3.0538e-07,0.009289,0,69.8633,0.15526,0.68352,483.056,1456.0922
7.2788,9991.4275,1.1931,239.5644,4.0166,0.11196,0.087782,2.7633,89.9899,0.037192,3.8702,2.4368,-7.7332,-25.5891,0.0097545,-1.5181,0.1034,3.0538e-07,0.009289,0,69.8633,0.15513,0.72705,483.056,1456.0922
7.2788,9991.4275,1.1931,239.5644,4.0166,0.11196,0.087782,2.7633,89.9899,0.037192,3.8702,2.4368,-7.7332,-25.5891,0.0097545,-1.5181,0.1034,3.0538e-07,0.009289,0,69.8633,0.15513,0.72705,483.056,1456.0922
7.2833,9991.4374,1.1682,239.5656,4.0175,0.1165,0.11081,2.042,89.9902,0.086733,3.8742,2.4769,-7.3198,-25.6896,0.0097781,-1.4872,0.09737,3.0587e-07,0.0092997,0,69.9986,0.15494,0.67599,483.056,1456.0916
7.2878,9991.4374,1.1682,239.5656,4.0175,0.1165,0.11081,2.042,89.9902,0.086733,3.8742,2.4769,-7.3198,-25.6896,0.0097781,-1.4872,0.09737,3.0587e-07,0.0092997,0,69.9986,0.15478,0.72867,483.056,1456.0916
7.2916,9991.447,1.1434,239.567,4.0185,0.12104,0.12783,1.3352,89.991,0.13338,3.8782,2.4965,-7.4207,-25.7923,0.0098084,-1.4549,0.080792,3.0635e-07,0.0093103,0,70.1343,0.15464,0.66239,483.056,1456.0911
7.3,9991.4564,1.1189,239.5685,4.0195,0.12561,0.13895,0.64326,89.9921,0.17209,3.8823,2.4903,-8.1667,-25.8973,0.0098171,-1.4222,0.059225,3.0683e-07,0.009321,0,70.2704,0.15439,0.64599,483.0559,1456.0905
7.3083,9991.4657,1.0945,239.5702,4.0206,0.13021,0.14431,-0.033805,89.9935,0.20046,3.8863,2.4725,-9.2203,-26.0002,0.0097977,-1.3898,0.035405,3.073e-07,0.0093316,0,70.4068,0.15421,0.62821,483.0559,1456.09
7.3166,9991.4747,1.0702,239.572,4.0217,0.13484,0.14403,-0.69619,89.9952,0.21741,3.8904,2.4499,-10.4155,-26.0989,0.0097413,-1.358,0.011059,3.0775e-07,0.0093423,0,70.5435,0.1541,0.60968,483.0559,1456.0895
7.325,9991.4835,1.0462,239.5739,4.0228,0.1395,0.13823,-1.3442,89.997,0.22271,3.8945,2.4268,-11.6474,-26.192,0.0096496,-1.327,-0.012292,3.0819e-07,0.0093529,0,70.6806,0.15405,0.5907,483.0558,1456.089
7.3333,9991.4921,1.0223,239.5761,4.024,0.14417,0.12703,-1.9782,89.9988,0.21681,3.8986,2.4068,-12.8238,-26.2786,0.0095292,-1.297,-0.033615,3.0862e-07,0.0093636,0,70.818,0.15404,0.57139,483.0558,1456.0885
7.3416,9991.5005,0.99858,239.5783,4.0252,0.14881,0.11054,-2.5986,90.0006,0.20069,3.9027,2.3925,-13.8818,-26.3585,0.0093918,-1.2682,-0.052294,3.0904e-07,0.0093742,0,70.9557,0.15404,0.55181,483.0558,1456.088
7.35,9991.5088,0.97506,239.5808,4.0264,0.15341,0.088889,-3.2058,90.0023,0.17561,3.9069,2.3852,-14.7839,-26.432,0.0092223,-1.2405,-0.068018,3.0946e-07,0.0093849,0,70.6244,0.15403,0.532,483.0557,1456.0876
7.35,9991.5088,0.97506,239.5808,4.0264,0.15341,0.088889,-3.2058,90.0023,0.17561,3.9069,2.3852,-14.7839,-26.432,0.0092223,-1.2405,-0.068018,3.0946e-07,0.0093849,0,70.6244,0.15403,0.53222,483.0557,1456.0876
7.35,9991.5088,0.97506,239.5808,4.0264,0.15341,0.088889,-3.2058,90.0023,0.17561,3.9069,2.3852,-14.7839,-26.432,0.0092223,-1.2405,-0.068018,3.0946e-07,0.0093849,0,70.6244,0.15403,0.53222,483.0557,1456.0876
7.3583,9991.5168,0.95159,239.5825,4.0277,0.15793,0.062174,-3.8004,90.0038,0.14299,3.911,2.2486,-15.5112,-26.4979,0.0090635,-1.1582,-0.080722,3.0986e-07,0.0093955,0,70.2954,0.15396,0.57457,483.0557,1456.0871
7.3588,9991.5168,0.95159,239.5825,4.0277,0.15793,0.062174,-3.8004,90.0038,0.14299,3.911,2.2486,-15.5112,-26.4979,0.0090635,-1.1582,-0.080722,3.0986e-07,0.0093955,0,70.2954,0.15394,0.58529,483.0557,1456.0871
7.3588,9991.5168,0.95159,239.5825,4.0277,0.15793,0.062174,-3.8004,90.0038,0.14299,3.911,2.2486,-15.5112,-26.4979,0.0090635,-1.1582,-0.080722,3.0986e-07,0.0093955,0,70.2954,0.15394,0.58529,483.0557,1456.0871
7.3666,9991.5246,0.92823,239.5837,4.0291,0.16235,0.030504,-4.3562,90.005,0.10427,3.9152,2.1187,-15.554,-26.6987,0.0089362,0.19801,-0.09052,3.1025e-07,0.0094062,0,69.9688,0.15381,0.62394,483.0557,1456.0867
7.375,9991.5323,0.90497,239.5845,4.0304,0.16668,-0.0057973,-4.2647,90.0058,0.060848,3.9194,1.9974,-3.8556,-30.0992,0.0089032,1.579,-0.097665,3.1065e-07,0.0094169,0,70.1038,0.15358,0.67537,483.0557,1456.0862
7.3833,9991.5397,0.88193,239.5858,4.0318,0.17094,-0.041336,-3.514,90.0063,0.014,3.9236,2.0135,8.2317,-33.5809,0.0089172,1.5491,-0.10245,3.1104e-07,0.0094275,0,70.2392,0.15332,0.66786,483.0556,1456.0858
7.3916,9991.547,0.85907,239.5872,4.0333,0.17514,-0.07062,-2.7778,90.0065,-0.035125,3.9279,2.0356,7.6629,-33.5359,0.0089496,1.5193,-0.10493,3.1143e-07,0.0094382,0,70.3749,0.15304,0.6545,483.0556,1456.0854
7.3955,9991.547,0.85907,239.5872,4.0333,0.17514,-0.07062,-2.7778,90.0065,-0.035125,3.9279,2.0356,7.6629,-33.5359,0.0089496,1.5193,-0.10493,3.1143e-07,0.0094382,0,70.3749,0.15288,0.70738,483.0556,1456.0854
7.3955,9991.547,0.85907,239.5872,4.0333,0.17514,-0.07062,-2.7778,90.0065,-0.035125,3.9279,2.0356,7.6629,-33.5359,0.0089496,1.5193,-0.10493,3.1143e-07,0.0094382,0,70.3749,0.15288,0.70738,483.0556,1456.0854
7.4,9991.554,0.83637,239.5888,4.0347,0.17932,-0.093768,-2.056,90.0062,-0.085426,3.9321,2.064,7.2385,-33.4901,0.0089747,1.4884,-0.099172,3.1182e-07,0.0094488,0,70.5109,0.15277,0.63844,483.0556,1456.085
7.4044,9991.554,0.83637,239.5888,4.0347,0.17932,-0.093768,-2.056,90.0062,-0.085426,3.9321,2.064,7.2385,-33.4901,0.0089747,1.4884,-0.099172,3.1182e-07,0.0094488,0,70.5109,0.15258,0.70351,483.0556,1456.085
7.4083,9991.5609,0.81386,239.5905,4.0362,0.18349,-0.1109,-1.3487,90.0055,-0.13295,3.9364,2.1136,7.3201,-33.4397,0.0089839,1.456,-0.082511,3.1223e-07,0.0094595,0,70.6473,0.15252,0.62092,483.0556,1456.0846
7.4166,9991.5676,0.79152,239.5923,4.0378,0.18767,-0.12214,-0.65632,90.0044,-0.17249,3.9407,2.1912,8.0697,-33.3831,0.0089675,1.4233,-0.060694,3.1264e-07,0.0094701,0,70.7841,0.15232,0.60261,483.0555,1456.0843
7.425,9991.5741,0.76936,239.5943,4.0393,0.19187,-0.12761,0.021196,90.0029,-0.20157,3.945,2.2826,9.1385,-33.3224,0.0089222,1.3908,-0.036546,3.1306e-07,0.0094808,0,70.9212,0.15218,0.58381,483.0555,1456.0839
7.4333,9991.5804,0.74738,239.5965,4.041,0.19609,-0.12743,0.68401,90.0012,-0.21907,3.9493,2.3807,10.3549,-33.2587,0.0088451,1.3589,-0.01182,3.1349e-07,0.0094914,0,71.0586,0.15209,0.56464,483.0555,1456.0835
7.4416,9991.5865,0.72559,239.5988,4.0426,0.20032,-0.12173,1.3324,89.9994,-0.22472,3.9536,2.4809,11.6125,-33.1924,0.0087389,1.3278,0.011928,3.1393e-07,0.0095021,0,70.8665,0.15205,0.54516,483.0555,1456.0832
7.45,9991.5925,0.70398,239.6012,4.0443,0.20455,-0.11063,1.9668,89.9975,-0.21898,3.9579,2.5794,12.8168,-33.1243,0.0085803,1.2977,0.033637,3.1438e-07,0.0095127,0,70.5351,0.15204,0.52542,483.0554,1456.0828
7.4583,9991.5983,0.68243,239.603,4.046,0.20873,-0.094241,2.5875,89.9957,-0.20283,3.9623,2.534,13.903,-33.053,0.0084039,1.2688,0.05267,3.1483e-07,0.0095234,0,70.2061,0.152,0.56921,483.0554,1456.0825
7.4666,9991.6039,0.661,239.6042,4.0477,0.21286,-0.072678,3.1951,89.994,-0.17755,3.9667,2.4846,14.8324,-32.9806,0.0082292,1.241,0.068706,3.153e-07,0.0095341,0,69.8796,0.15191,0.61842,483.0554,1456.0822
7.475,9991.6093,0.63967,239.6051,4.0495,0.21689,-0.046053,3.7899,89.9925,-0.14457,3.9711,2.4302,15.5853,-32.9085,0.0081223,1.1689,0.081673,3.1577e-07,0.0095447,0,69.8447,0.15176,0.66933,483.0554,1456.0819
7.4752,9991.6093,0.63967,239.6051,4.0495,0.21689,-0.046053,3.7899,89.9925,-0.14457,3.9711,2.4302,15.5853,-32.9085,0.0081223,1.1689,0.081673,3.1577e-07,0.0095447,0,69.8447,0.15175,0.67273,483.0554,1456.0819
7.4752,9991.6093,0.63967,239.6051,4.0495,0.21689,-0.046053,3.7899,89.9925,-0.14457,3.9711,2.4302,15.5853,-32.9085,0.0081223,1.1689,0.081673,3.1577e-07,0.0095447,0,69.8447,0.15175,0.67273,483.0554,1456.0819
7.4833,9991.6145,0.61858,239.6064,4.0513,0.22086,-0.01447,4.3508,89.9913,-0.10537,3.9755,2.4984,15.7441,-32.7273,0.0080706,-0.14395,0.091685,3.1625e-07,0.0095554,0,69.98,0.15159,0.66157,483.0554,1456.0816
7.4916,9991.6196,0.59766,239.6078,4.0532,0.22476,0.021787,4.2852,89.9905,-0.061344,3.9799,2.5582,4.4516,-29.4598,0.0080819,-1.5804,0.099,3.1673e-07,0.009566,0,70.1157,0.15139,0.64829,483.0553,1456.0813
7.5,9991.6245,0.57694,239.6094,4.0551,0.22861,0.057497,3.534,89.99,-0.013818,3.9843,2.611,-8.1379,-25.9014,0.0081111,-1.5505,0.10392,3.1721e-07,0.0095767,0,70.2518,0.15117,0.63238,483.0553,1456.081
7.5083,9991.6292,0.5564,239.6111,4.057,0.23242,0.086946,2.7972,89.9898,0.036043,3.9888,2.6581,-7.5687,-26.0079,0.0081327,-1.5206,0.10654,3.1769e-07,0.0095873,0,70.3881,0.15094,0.61516,483.0553,1456.0808
7.5123,9991.6292,0.5564,239.6111,4.057,0.23242,0.086946,2.7972,89.9898,0.036043,3.9888,2.6581,-7.5687,-26.0079,0.0081327,-1.5206,0.10654,3.1769e-07,0.0095873,0,70.3881,0.15075,0.6817,483.0553,1456.0808
7.5123,9991.6292,0.5564,239.6111,4.057,0.23242,0.086946,2.7972,89.9898,0.036043,3.9888,2.6581,-7.5687,-26.0079,0.0081327,-1.5206,0.10654,3.1769e-07,0.0095873,0,70.3881,0.15075,0.6817,483.0553,1456.0808
7.5166,9991.6338,0.53604,239.613,4.0589,0.23619,0.11026,2.0748,89.9901,0.087137,3.9932,2.7002,-7.142,-26.1119,0.0081405,-1.4897,0.10101,3.1816e-07,0.009598,0,70.5249,0.15071,0.59725,483.0553,1456.0805
7.521,9991.6338,0.53604,239.613,4.0589,0.23619,0.11026,2.0748,89.9901,0.087137,3.9932,2.7002,-7.142,-26.1119,0.0081405,-1.4897,0.10101,3.1816e-07,0.009598,0,70.5249,0.1505,0.67415,483.0553,1456.0805
7.525,9991.6382,0.51587,239.615,4.0609,0.23994,0.12755,1.3669,89.9909,0.13557,3.9976,2.7226,-7.2137,-26.2159,0.0081285,-1.4573,0.084241,3.1863e-07,0.0096086,0,70.6619,0.15051,0.57873,483.0553,1456.0803
7.5333,9991.6424,0.49588,239.6172,4.0629,0.2437,0.13894,0.67397,89.992,0.17594,4.0021,2.7177,-7.9725,-26.3212,0.0080928,-1.4245,0.062153,3.1908e-07,0.0096193,0,70.7993,0.15034,0.55978,483.0553,1456.08
7.5416,9991.6464,0.47608,239.6195,4.065,0.24747,0.14455,-0.0040705,89.9935,0.20573,4.0066,2.7004,-9.0589,-26.4242,0.0080253,-1.3919,0.037655,3.1953e-07,0.00963,0,70.5108,0.15022,0.54051,483.0553,1456.0798
7.55,9991.6503,0.45645,239.6218,4.0671,0.25126,0.14452,-0.66739,89.9952,0.22376,4.0111,2.6505,-10.2963,-26.523,0.0079033,-1.3599,0.012529,3.1996e-07,0.0096406,0,70.1801,0.15015,0.53347,483.0552,1456.0796
7.5583,9991.654,0.4369,239.6234,4.0692,0.25504,0.13896,-1.3163,89.997,0.22975,4.0156,2.4886,-11.5766,-26.615,0.0077493,-1.3287,-0.011633,3.2038e-07,0.0096513,0,69.8518,0.15009,0.57837,483.0552,1456.0794
7.5666,9991.6576,0.41745,239.6246,4.0713,0.25879,0.12799,-1.951,89.999,0.22414,4.0201,2.3321,-12.8031,-26.7004,0.0075783,-1.2985,-0.033738,3.2079e-07,0.0096619,0,69.526,0.15002,0.62792,483.0552,1456.0792
7.575,9991.661,0.39813,239.6254,4.0735,0.26251,0.11173,-2.5722,90.0008,0.20793,4.0246,2.1836,-13.9094,-26.7796,0.0074435,-1.2695,-0.053133,3.2119e-07,0.0096726,0,69.6607,0.14994,0.67883,483.0552,1456.079
7.5833,9991.6642,0.37903,239.6266,4.0757,0.26618,0.090296,-3.1801,90.0026,0.1824,4.0292,2.1723,-14.8557,-26.8554,0.0073329,-1.2417,-0.069487,3.2157e-07,0.0096832,0,69.7957,0.14985,0.67105,483.0552,1456.0788
7.5916,9991.6673,0.36012,239.628,4.0779,0.2698,0.063795,-3.7753,90.0041,0.14903,4.0337,2.1685,-15.622,-26.9269,0.0072573,-1.1738,-0.082722,3.2195e-07,0.0096939,0,69.9311,0.14976,0.65743,483.0552,1456.0786
7.6,9991.6702,0.34141,239.6294,4.0801,0.27337,0.032334,-4.3386,90.0053,0.10929,4.0383,2.1717,-15.8292,-27.0982,0.0072075,0.080057,-0.092949,3.2233e-07,0.0097045,0,70.0669,0.14965,0.64141,483.0552,1456.0785
7.6083,9991.673,0.32289,239.6311,4.0824,0.27688,-0.0038211,-4.3036,90.0062,0.064628,4.0428,2.1813,-5.0867,-30.2475,0.0071963,1.5776,-0.10043,3.2269e-07,0.0097152,0,70.203,0.14951,0.62447,483.0552,1456.0783
7.6166,9991.6756,0.30456,239.6328,4.0848,0.28032,-0.039684,-3.5537,90.0068,0.016383,4.0474,2.1975,8.0391,-34.0237,0.0071995,1.5519,-0.10548,3.2306e-07,0.0097259,0,70.3394,0.14935,0.60688,483.0551,1456.0782
7.6167,9991.6756,0.30456,239.6328,4.0848,0.28032,-0.039684,-3.5537,90.0068,0.016383,4.0474,2.1975,8.0391,-34.0237,0.0071995,1.5519,-0.10548,3.2306e-07,0.0097259,0,70.3394,0.14935,0.60783,483.0551,1456.0782
7.6167,9991.6756,0.30456,239.6328,4.0848,0.28032,-0.039684,-3.5537,90.0068,0.016383,4.0474,2.1975,8.0391,-34.0237,0.0071995,1.5519,-0.10548,3.2306e-07,0.0097259,0,70.3394,0.14935,0.60783,483.0551,1456.0782
7.625,9991.6781,0.28643,239.6348,4.0871,0.2837,-0.069298,-2.8164,90.0069,-0.034253,4.052,2.22,7.4929,-33.9902,0.0071934,1.522,-0.1082,3.2343e-07,0.0097365,0,70.4762,0.14917,0.58886,483.0551,1456.078
7.6291,9991.6781,0.28643,239.6348,4.0871,0.2837,-0.069298,-2.8164,90.0069,-0.034253,4.052,2.22,7.4929,-33.9902,0.0071934,1.522,-0.1082,3.2343e-07,0.0097365,0,70.4762,0.14894,0.66423,483.0551,1456.078
7.6291,9991.6781,0.28643,239.6348,4.0871,0.2837,-0.069298,-2.8164,90.0069,-0.034253,4.052,2.22,7.4929,-33.9902,0.0071934,1.522,-0.1082,3.2343e-07,0.0097365,0,70.4762,0.14894,0.66423,483.0551,1456.078
7.6333,9991.6804,0.26849,239.6368,4.0895,0.28704,-0.092768,-2.0934,90.0066,-0.086164,4.0565,2.2491,7.0553,-33.944,0.0071775,1.4911,-0.10294,3.238e-07,0.0097472,0,70.6133,0.14898,0.57053,483.0551,1456.0779
7.6376,9991.6804,0.26849,239.6368,4.0895,0.28704,-0.092768,-2.0934,90.0066,-0.086164,4.0565,2.2491,7.0553,-33.944,0.0071775,1.4911,-0.10294,3.238e-07,0.0097472,0,70.6133,0.14874,0.65448,483.0551,1456.0779
7.6416,9991.6825,0.25075,239.639,4.0919,0.29035,-0.11021,-1.3849,90.0059,-0.13553,4.0611,2.2988,7.1074,-33.8931,0.0071473,1.4587,-0.086084,3.2418e-07,0.0097578,0,70.7508,0.14879,0.55173,483.0551,1456.0778
7.65,9991.6846,0.23319,239.6414,4.0943,0.29365,-0.12175,-0.69142,90.0048,-0.1768,4.0657,2.3782,7.8698,-33.8358,0.0070744,1.4258,-0.063723,3.2457e-07,0.0097685,0,70.4201,0.14864,0.53257,483.0551,1456.0776
7.6583,9991.6864,0.21573,239.6432,4.0968,0.29694,-0.12752,-0.012847,90.0033,-0.20734,4.0703,2.3567,8.9725,-33.7732,0.0069707,1.3931,-0.038865,3.2496e-07,0.0097791,0,70.0913,0.14849,0.56599,483.0551,1456.0775
7.6666,9991.6882,0.19837,239.6444,4.0992,0.30022,-0.12762,0.65097,90.0016,-0.22596,4.0749,2.3213,10.2328,-33.7071,0.0068424,1.3609,-0.013323,3.2537e-07,0.0097898,0,69.765,0.14836,0.61431,483.0551,1456.0774
7.675,9991.6897,0.18113,239.6453,4.1018,0.3035,-0.1222,1.3003,89.9997,-0.23231,4.0795,2.2906,11.5406,-33.6387,0.0067354,1.3296,0.01127,3.2578e-07,0.0098005,0,69.6194,0.14824,0.66487,483.0551,1456.0774
7.6833,9991.6912,0.16412,239.6466,4.1043,0.30677,-0.11136,1.9355,89.9977,-0.22687,4.0842,2.389,12.7967,-33.5711,0.0066333,1.2994,0.033792,3.2621e-07,0.0098111,0,69.7547,0.14816,0.6568,483.0551,1456.0773
7.6916,9991.6925,0.14731,239.648,4.1069,0.31003,-0.095233,2.5571,89.9959,-0.21062,4.0888,2.4826,13.9329,-33.5039,0.0065381,1.2702,0.053572,3.2664e-07,0.0098218,0,69.8903,0.14811,0.64301,483.0551,1456.0772
7.7,9991.6936,0.13069,239.6496,4.1095,0.31326,-0.073924,3.1654,89.9941,-0.18486,4.0934,2.5695,14.9083,-33.4372,0.006439,1.2423,0.070264,3.2709e-07,0.0098324,0,70.0263,0.14807,0.62659,483.0551,1456.0771
7.7083,9991.6946,0.11426,239.6514,4.1121,0.31645,-0.047546,3.761,89.9926,-0.15109,4.0981,2.6488,15.7016,-33.3705,0.0063519,1.1876,0.083783,3.2754e-07,0.0098431,0,70.1626,0.14802,0.60891,483.0551,1456.0771
7.7166,9991.6955,0.098041,239.6532,4.1147,0.31957,-0.016204,4.3309,89.9913,-0.11082,4.1027,2.7196,16.0538,-33.2351,0.006286,-0.016496,0.094238,3.2799e-07,0.0098537,0,70.2993,0.14795,0.59086,483.0551,1456.077
7.725,9991.6963,0.082018,239.6553,4.1174,0.32263,0.019886,4.3263,89.9904,-0.065507,4.1073,2.7818,5.7763,-30.2385,0.0062568,-1.5344,0.1019,3.2845e-07,0.0098644,0,70.4363,0.14785,0.57277,483.0551,1456.077
7.7333,9991.6969,0.066194,239.6574,4.1201,0.32561,0.055939,3.5972,89.9898,-0.016528,4.112,2.8371,-7.5323,-26.4751,0.0062464,-1.5542,0.10708,3.2891e-07,0.009875,0,70.5736,0.14771,0.55441,483.0551,1456.077
7.7334,9991.6969,0.066194,239.6574,4.1201,0.32561,0.055939,3.5972,89.9898,-0.016528,4.112,2.8371,-7.5323,-26.4751,0.0062464,-1.5542,0.10708,3.2891e-07,0.009875,0,70.5736,0.1477,0.55778,483.0551,1456.077
7.7334,9991.6969,0.066194,239.6574,4.1201,0.32561,0.055939,3.5972,89.9898,-0.016528,4.112,2.8371,-7.5323,-26.4751,0.0062464,-1.5542,0.10708,3.2891e-07,0.009875,0,70.5736,0.1477,0.55778,483.0551,1456.077
7.7416,9991.6974,0.050568,239.6597,4.1228,0.32852,0.085915,2.8588,89.9897,0.034901,4.1166,2.8864,-7.3998,-26.4564,0.0062135,-1.5243,0.10995,3.2937e-07,0.0098857,0,70.2432,0.14754,0.53577,483.0551,1456.0769
7.7459,9991.6974,0.050568,239.6597,4.1228,0.32852,0.085915,2.8588,89.9897,0.034901,4.1166,2.8864,-7.3998,-26.4564,0.0062135,-1.5243,0.10995,3.2937e-07,0.0098857,0,70.2432,0.14728,0.6299,483.0551,1456.0769
7.7459,9991.6974,0.050568,239.6597,4.1228,0.32852,0.085915,2.8588,89.9897,0.034901,4.1166,2.8864,-7.3998,-26.4564,0.0062135,-1.5243,0.10995,3.2937e-07,0.0098857,0,70.2432,0.14728,0.6299,483.0551,1456.0769
7.75,9991.6977,0.035069,239.6617,4.1256,0.33138,0.10974,2.1348,89.99,0.087673,4.1213,2.8506,-6.9587,-26.5586,0.0061588,-1.4935,0.10499,3.2982e-07,0.0098964,0,69.9139,0.14734,0.55357,483.0551,1456.0769
7.7541,9991.6977,0.035069,239.6617,4.1256,0.33138,0.10974,2.1348,89.99,0.087673,4.1213,2.8506,-6.9587,-26.5586,0.0061588,-1.4935,0.10499,3.2982e-07,0.0098964,0,69.9139,0.14709,0.63971,483.0551,1456.0769
7.7583,9991.698,0.019667,239.6631,4.1284,0.33418,0.12753,1.4253,89.9907,0.13804,4.1259,2.7389,-6.9967,-26.6601,0.0060908,-1.461,0.088258,3.3026e-07,0.009907,0,69.587,0.1471,0.60082,483.0551,1456.0769
7.7666,9991.6981,0.0043793,239.664,4.1311,0.33695,0.13941,0.73079,89.9919,0.18036,4.1306,2.6009,-7.7538,-26.7633,0.0060428,-1.428,0.06571,3.3069e-07,0.0099177,0,69.2626,0.14687,0.65117,483.0551,1456.0769
7.775,9991.698,-0.010695,239.6653,4.134,0.33974,0.1455,0.051244,89.9934,0.21186,4.1353,2.5608,-8.8685,-26.8671,0.0060028,-1.3952,0.040519,3.3111e-07,0.0099283,0,69.3979,0.14668,0.65208,483.0551,1456.0769
7.7833,9991.6979,-0.025571,239.6667,4.1368,0.34256,0.14592,-0.6135,89.9951,0.23127,4.1399,2.5345,-10.1484,-26.9689,0.0059552,-1.3629,0.01456,3.3152e-07,0.009939,0,69.5335,0.14656,0.63926,483.0551,1456.0769
7.7916,9991.6976,-0.040254,239.6683,4.1397,0.3454,0.14081,-1.2637,89.9971,0.23822,4.1446,2.5069,-11.4797,-27.0668,0.00588,-1.3315,-0.010496,3.3192e-07,0.0099497,0,69.6695,0.14651,0.62331,483.0551,1456.0769
7.8,9991.6972,-0.054741,239.67,4.1426,0.34827,0.13028,-1.8998,89.999,0.23314,4.1493,2.4823,-12.7609,-27.1585,0.0057766,-1.3011,-0.033485,3.323e-07,0.0099603,0,69.8059,0.14651,0.60588,483.0551,1456.0769
7.8083,9991.6967,-0.069029,239.6719,4.1455,0.35112,0.11445,-2.5222,90.001,0.21702,4.1539,2.4633,-13.9214,-27.2435,0.0056504,-1.2718,-0.053707,3.3268e-07,0.009971,0,69.9425,0.14654,0.58768,483.0551,1456.077
7.8166,9991.6961,-0.083115,239.6739,4.1484,0.35394,0.093429,-3.1313,90.0028,0.19119,4.1586,2.4517,-14.9185,-27.3214,0.0055141,-1.2438,-0.070798,3.3304e-07,0.0099816,0,70.0796,0.14658,0.56904,483.0551,1456.077
7.825,9991.6953,-0.096998,239.6761,4.1514,0.3567,0.067335,-3.7276,90.0044,0.15714,4.1633,2.4481,-15.73,-27.393,0.0053871,-1.2033,-0.084661,3.334e-07,0.0099923,0,70.2169,0.1466,0.55008,483.0551,1456.077
7.8333,9991.6945,-0.11068,239.6784,4.1544,0.35938,0.036272,-4.3051,90.0057,0.11643,4.1679,2.4521,-16.2262,-27.4936,0.0052613,-0.097528,-0.0954,3.3374e-07,0.010003,0,69.8865,0.14658,0.53111,483.0551,1456.0771
7.8416,9991.6935,-0.12426,239.6801,4.1574,0.36197,0.00039633,-4.355,90.0067,0.070537,4.1726,2.3439,-6.8586,-30.2673,0.0051694,1.4414,-0.10328,3.3409e-07,0.010014,0,69.558,0.14649,0.56664,483.0551,1456.0771
7.85,9991.6924,-0.13772,239.6814,4.1604,0.36445,-0.035895,-3.6704,90.0073,0.020866,4.1773,2.225,6.6182,-34.1414,0.0051062,1.5578,-0.10864,3.3443e-07,0.010024,0,69.232,0.14631,0.61567,483.0551,1456.0772
7.85,9991.6924,-0.13772,239.6814,4.1604,0.36445,-0.035895,-3.6704,90.0073,0.020866,4.1773,2.225,6.6182,-34.1414,0.0051062,1.5578,-0.10864,3.3443e-07,0.010024,0,69.232,0.1463,0.61689,483.0551,1456.0772
7.85,9991.6924,-0.13772,239.6814,4.1604,0.36445,-0.035895,-3.6704,90.0073,0.020866,4.1773,2.225,6.6182,-34.1414,0.0051062,1.5578,-0.10864,3.3443e-07,0.010024,0,69.232,0.1463,0.61689,483.0551,1456.0772
7.8583,9991.6912,-0.15107,239.6822,4.1634,0.36684,-0.066482,-2.9304,90.0074,-0.031334,4.1819,2.1149,7.345,-34.4603,0.0050907,1.5279,-0.1117,3.3477e-07,0.010035,0,69.3668,0.14606,0.66686,483.0551,1456.0773
7.8624,9991.6912,-0.15107,239.6822,4.1634,0.36684,-0.066482,-2.9304,90.0074,-0.031334,4.1819,2.1149,7.345,-34.4603,0.0050907,1.5279,-0.1117,3.3477e-07,0.010035,0,69.3668,0.14578,0.71392,483.0551,1456.0773
7.8624,9991.6912,-0.15107,239.6822,4.1634,0.36684,-0.066482,-2.9304,90.0074,-0.031334,4.1819,2.1149,7.345,-34.4603,0.0050907,1.5279,-0.1117,3.3477e-07,0.010035,0,69.3668,0.14578,0.71392,483.0551,1456.0773
7.8666,9991.6899,-0.16419,239.6834,4.1665,0.36917,-0.090901,-2.2048,90.0072,-0.084967,4.1866,2.1415,6.8863,-34.4141,0.0050988,1.4971,-0.10734,3.3511e-07,0.010046,0,69.5019,0.1458,0.65959,483.0551,1456.0773
7.8708,9991.6899,-0.16419,239.6834,4.1665,0.36917,-0.090901,-2.2048,90.0072,-0.084967,4.1866,2.1415,6.8863,-34.4141,0.0050988,1.4971,-0.10734,3.3511e-07,0.010046,0,69.5019,0.14552,0.70958,483.0551,1456.0773
7.875,9991.6884,-0.17711,239.6847,4.1696,0.37148,-0.10927,-1.4937,90.0065,-0.13647,4.1913,2.1871,6.8843,-34.3653,0.0051166,1.4646,-0.091138,3.3547e-07,0.010056,0,69.6374,0.14556,0.64645,483.0551,1456.0774
7.8833,9991.6869,-0.18983,239.6862,4.1727,0.3738,-0.12172,-0.79762,90.0053,-0.18019,4.1959,2.2629,7.6066,-34.3112,0.0051152,1.4315,-0.068578,3.3583e-07,0.010067,0,69.7732,0.14536,0.63056,483.0551,1456.0775
7.8916,9991.6853,-0.20237,239.6879,4.1758,0.37615,-0.12837,-0.11652,90.0038,-0.21307,4.2006,2.3554,8.7211,-34.2529,0.0050879,1.3986,-0.043124,3.362e-07,0.010078,0,69.9094,0.14523,0.61333,483.0551,1456.0776
7.9,9991.6835,-0.21471,239.6897,4.179,0.37853,-0.12934,0.54975,90.002,-0.23373,4.2053,2.456,10.0174,-34.1915,0.0050254,1.3662,-0.016751,3.3657e-07,0.010088,0,70.0459,0.14517,0.59536,483.0551,1456.0777
7.9083,9991.6817,-0.22686,239.6916,4.1821,0.38093,-0.12476,1.2014,90.0001,-0.24172,4.2099,2.5598,11.3755,-34.1271,0.004928,1.3345,0.00882,3.3696e-07,0.010099,0,70.1827,0.14517,0.57692,483.0551,1456.0778
7.9166,9991.6798,-0.23881,239.6937,4.1853,0.38333,-0.11475,1.8389,89.9981,-0.23744,4.2146,2.6622,12.6909,-34.0604,0.0048013,1.304,0.032366,3.3736e-07,0.01011,0,70.3199,0.1452,0.55815,483.0551,1456.0779
7.925,9991.6777,-0.25055,239.6959,4.1885,0.38571,-0.099422,2.4627,89.9961,-0.22185,4.2192,2.7602,13.8892,-33.9919,0.0046515,1.2746,0.053142,3.3777e-07,0.01012,0,70.3845,0.14526,0.53911,483.0551,1456.078
7.9333,9991.6756,-0.26212,239.6982,4.1917,0.38805,-0.0789,3.0731,89.9943,-0.19628,4.2239,2.8284,14.9249,-33.9223,0.0044717,1.2464,0.070753,3.3819e-07,0.010131,0,70.0542,0.14531,0.53046,483.0551,1456.0782
7.9406,9991.6756,-0.26212,239.6982,4.1917,0.38805,-0.0789,3.0731,89.9943,-0.19628,4.2239,2.8284,14.9249,-33.9223,0.0044717,1.2464,0.070753,3.3819e-07,0.010131,0,70.0542,0.1448,0.67072,483.0551,1456.0782
7.9406,9991.6756,-0.26212,239.6982,4.1917,0.38805,-0.0789,3.0731,89.9943,-0.19628,4.2239,2.8284,14.9249,-33.9223,0.0044717,1.2464,0.070753,3.3819e-07,0.010131,0,70.0542,0.1448,0.67072,483.0551,1456.0782
7.9416,9991.6734,-0.27359,239.6997,4.195,0.3903,-0.053291,3.6707,89.9926,-0.16224,4.2285,2.7742,15.774,-33.851,0.0043011,1.2194,0.085081,3.3862e-07,0.010142,0,69.7263,0.14529,0.57522,483.0552,1456.0783
7.9427,9991.6734,-0.27359,239.6997,4.195,0.3903,-0.053291,3.6707,89.9926,-0.16224,4.2285,2.7742,15.774,-33.851,0.0043011,1.2194,0.085081,3.3862e-07,0.010142,0,69.7263,0.14522,0.59834,483.0552,1456.0783
7.9449,9991.6734,-0.27359,239.6997,4.195,0.3903,-0.053291,3.6707,89.9926,-0.16224,4.2285,2.7742,15.774,-33.851,0.0043011,1.2194,0.085081,3.3862e-07,0.010142,0,69.7263,0.14507,0.63778,483.0552,1456.0783
7.9492,9991.6734,-0.27359,239.6997,4.195,0.3903,-0.053291,3.6707,89.9926,-0.16224,4.2285,2.7742,15.774,-33.851,0.0043011,1.2194,0.085081,3.3862e-07,0.010142,0,69.7263,0.14476,0.69528,483.0552,1456.0783
7.95,9991.671,-0.28495,239.7008,4.1983,0.39246,-0.022702,4.2559,89.9913,-0.1213,4.2332,2.7137,16.4289,-33.7803,0.004167,0.26691,0.096218,3.3905e-07,0.010152,0,69.401,0.1452,0.62494,483.0552,1456.0784
7.954,9991.671,-0.28495,239.7008,4.1983,0.39246,-0.022702,4.2559,89.9913,-0.1213,4.2332,2.7137,16.4289,-33.7803,0.004167,0.26691,0.096218,3.3905e-07,0.010152,0,69.401,0.14492,0.68317,483.0552,1456.0784
7.9576,9991.671,-0.28495,239.7008,4.1983,0.39246,-0.022702,4.2559,89.9913,-0.1213,4.2332,2.7137,16.4289,-33.7803,0.004167,0.26691,0.096218,3.3905e-07,0.010152,0,69.401,0.14466,0.71974,483.0552,1456.0784
7.9576,9991.671,-0.28495,239.7008,4.1983,0.39246,-0.022702,4.2559,89.9913,-0.1213,4.2332,2.7137,16.4289,-33.7803,0.004167,0.26691,0.096218,3.3905e-07,0.010152,0,69.401,0.14466,0.71974,483.0552,1456.0784
7.9583,9991.6686,-0.29619,239.7015,4.2015,0.39451,0.012763,4.3867,89.9903,-0.074998,4.2378,2.6463,8.4792,-31.4057,0.0041269,-1.2936,0.10442,3.3949e-07,0.010163,0,69.5355,0.14503,0.6765,483.0552,1456.0785
7.959,9991.6686,-0.29619,239.7015,4.2015,0.39451,0.012763,4.3867,89.9903,-0.074998,4.2378,2.6463,8.4792,-31.4057,0.0041269,-1.2936,0.10442,3.3949e-07,0.010163,0,69.5355,0.14498,0.6846,483.0552,1456.0785
7.9603,9991.6686,-0.29619,239.7015,4.2015,0.39451,0.012763,4.3867,89.9903,-0.074998,4.2378,2.6463,8.4792,-31.4057,0.0041269,-1.2936,0.10442,3.3949e-07,0.010163,0,69.5355,0.14489,0.69926,483.0552,1456.0785
7.963,9991.6686,-0.29619,239.7015,4.2015,0.39451,0.012763,4.3867,89.9903,-0.074998,4.2378,2.6463,8.4792,-31.4057,0.0041269,-1.2936,0.10442,3.3949e-07,0.010163,0,69.5355,0.1447,0.72335,483.0552,1456.0785
7.9666,9991.6661,-0.30719,239.7026,4.2048,0.39649,0.049319,3.7727,89.9896,-0.024759,4.2425,2.7009,-5.1818,-27.5326,0.0041451,-1.5625,0.11002,3.3992e-07,0.010173,0,69.6703,0.14482,0.66972,483.0552,1456.0787
7.975,9991.6635,-0.31799,239.7039,4.2082,0.39841,0.080758,3.0306,89.9894,0.028131,4.2471,2.7491,-7.2851,-26.893,0.0041838,-1.5326,0.11336,3.4036e-07,0.010184,0,69.8055,0.1446,0.65709,483.0552,1456.0788
7.9789,9991.6635,-0.31799,239.7039,4.2082,0.39841,0.080758,3.0306,89.9894,0.028131,4.2471,2.7491,-7.2851,-26.893,0.0041838,-1.5326,0.11336,3.4036e-07,0.010184,0,69.8055,0.14432,0.70439,483.0552,1456.0788
7.9789,9991.6635,-0.31799,239.7039,4.2082,0.39841,0.080758,3.0306,89.9894,0.028131,4.2471,2.7491,-7.2851,-26.893,0.0041838,-1.5326,0.11336,3.4036e-07,0.010184,0,69.8055,0.14432,0.70439,483.0552,1456.0788
7.9833,9991.6608,-0.3286,239.7052,4.2115,0.40029,0.10601,2.3028,89.9897,0.082577,4.2517,2.792,-6.8158,-26.9998,0.0042147,-1.5018,0.10995,3.4078e-07,0.010195,0,69.9411,0.14438,0.64178,483.0552,1456.079
7.9877,9991.6608,-0.3286,239.7052,4.2115,0.40029,0.10601,2.3028,89.9897,0.082577,4.2517,2.792,-6.8158,-26.9998,0.0042147,-1.5018,0.10995,3.4078e-07,0.010195,0,69.9411,0.14407,0.6985,483.0552,1456.079
7.9916,9991.658,-0.33902,239.7068,4.2148,0.40216,0.1252,1.5896,89.9904,0.13535,4.2564,2.8187,-6.7596,-27.1063,0.0042291,-1.4695,0.094774,3.412e-07,0.010205,0,70.077,0.14419,0.62502,483.0552,1456.0791
8,9991.6551,-0.34925,239.7084,4.2182,0.40404,0.13845,0.89138,89.9915,0.18082,4.261,2.8169,-7.4216,-27.2144,0.0042165,-1.4363,0.072431,3.4162e-07,0.010216,0,70.2133,0.14404,0.60746,483.0552,1456.0793
8.0083,9991.6522,-0.35929,239.7102,4.2216,0.40594,0.14588,0.20814,89.993,0.21556,4.2656,2.798,-8.5235,-27.3212,0.0041731,-1.4033,0.046819,3.4202e-07,0.010227,0,70.3499,0.14395,0.58941,483.0552,1456.0795
8.0166,9991.6492,-0.36913,239.7122,4.225,0.40787,0.14761,-0.4602,89.9948,0.23799,4.2702,2.7717,-9.8286,-27.4241,0.0040948,-1.3707,0.020057,3.424e-07,0.010237,0,70.4869,0.14392,0.57097,483.0552,1456.0796
8.025,9991.646,-0.37878,239.7143,4.2284,0.40982,0.14378,-1.1139,89.9968,0.24757,4.2748,2.7435,-11.2082,-27.5217,0.0039826,-1.3388,-0.0060759,3.4278e-07,0.010248,0,70.6241,0.14396,0.55223,483.0553,1456.0798
8.0333,9991.6428,-0.38822,239.7165,4.2318,0.41177,0.1345,-1.7534,89.9988,0.2446,4.2794,2.7176,-12.5543,-27.6129,0.0038225,-1.3081,-0.030273,3.4314e-07,0.010259,0,70.2939,0.14403,0.53322,483.0553,1456.08
8.0416,9991.6396,-0.39755,239.7184,4.2352,0.41368,0.11988,-2.379,90.0009,0.23001,4.284,2.6043,-13.7876,-27.6961,0.003631,-1.2784,-0.051724,3.435e-07,0.010269,0,69.9649,0.1441,0.5564,483.0553,1456.0802
8.05,9991.6362,-0.40678,239.7196,4.2387,0.41554,0.10006,-2.9912,90.0028,0.20511,4.2886,2.4546,-14.8588,-27.7717,0.0034342,-1.25,-0.069989,3.4384e-07,0.01028,0,69.6385,0.14412,0.60386,483.0553,1456.0804
8.0546,9991.6362,-0.40678,239.7196,4.2387,0.41554,0.10006,-2.9912,90.0028,0.20511,4.2886,2.4546,-14.8588,-27.7717,0.0034342,-1.25,-0.069989,3.4384e-07,0.01028,0,69.6385,0.14378,0.67544,483.0553,1456.0804
8.0546,9991.6362,-0.40678,239.7196,4.2387,0.41554,0.10006,-2.9912,90.0028,0.20511,4.2886,2.4546,-14.8588,-27.7717,0.0034342,-1.25,-0.069989,3.4384e-07,0.01028,0,69.6385,0.14378,0.67544,483.0553,1456.0804
8.0583,9991.6328,-0.41589,239.7205,4.2422,0.41731,0.075132,-3.5905,90.0045,0.17143,4.2932,2.3153,-15.741,-27.8408,0.0032927,-1.2228,-0.08492,3.4417e-07,0.010291,0,69.3146,0.14408,0.65428,483.0553,1456.0806
8.062,9991.6328,-0.41589,239.7205,4.2422,0.41731,0.075132,-3.5905,90.0045,0.17143,4.2932,2.3153,-15.741,-27.8408,0.0032927,-1.2228,-0.08492,3.4417e-07,0.010291,0,69.3146,0.14381,0.69929,483.0553,1456.0806
8.0649,9991.6328,-0.41589,239.7205,4.2422,0.41731,0.075132,-3.5905,90.0045,0.17143,4.2932,2.3153,-15.741,-27.8408,0.0032927,-1.2228,-0.08492,3.4417e-07,0.010291,0,69.3146,0.14359,0.72409,483.0553,1456.0806
8.0649,9991.6328,-0.41589,239.7205,4.2422,0.41731,0.075132,-3.5905,90.0045,0.17143,4.2932,2.3153,-15.741,-27.8408,0.0032927,-1.2228,-0.08492,3.4417e-07,0.010291,0,69.3146,0.14359,0.72409,483.0553,1456.0806
8.0666,9991.6293,-0.42476,239.7217,4.2457,0.41901,0.045211,-4.1774,90.0059,0.13056,4.2977,2.3152,-16.425,-27.9072,0.0032105,-0.50902,-0.096589,3.4449e-07,0.010301,0,69.4499,0.14401,0.64632,483.0553,1456.0808
8.0683,9991.6293,-0.42476,239.7217,4.2457,0.41901,0.045211,-4.1774,90.0059,0.13056,4.2977,2.3152,-16.425,-27.9072,0.0032105,-0.50902,-0.096589,3.4449e-07,0.010301,0,69.4499,0.14389,0.67016,483.0553,1456.0808
8.0718,9991.6293,-0.42476,239.7217,4.2457,0.41901,0.045211,-4.1774,90.0059,0.13056,4.2977,2.3152,-16.425,-27.9072,0.0032105,-0.50902,-0.096589,3.4449e-07,0.010301,0,69.4499,0.14363,0.70724,483.0553,1456.0808
8.0727,9991.6293,-0.42476,239.7217,4.2457,0.41901,0.045211,-4.1774,90.0059,0.13056,4.2977,2.3152,-16.425,-27.9072,0.0032105,-0.50902,-0.096589,3.4449e-07,0.010301,0,69.4499,0.14357,0.71516,483.0553,1456.0808
8.0727,9991.6293,-0.42476,239.7217,4.2457,0.41901,0.045211,-4.1774,90.0059,0.13056,4.2977,2.3152,-16.425,-27.9072,0.0032105,-0.50902,-0.096589,3.4449e-07,0.010301,0,69.4499,0.14357,0.71516,483.0553,1456.0808
8.075,9991.6257,-0.43343,239.7231,4.2492,0.42063,0.010399,-4.4239,90.007,0.084062,4.3023,2.3213,-10.673,-29.6987,0.0031906,1.0713,-0.10521,3.4481e-07,0.010312,0,69.5856,0.14391,0.63333,483.0553,1456.081
8.0773,9991.6257,-0.43343,239.7231,4.2492,0.42063,0.010399,-4.4239,90.007,0.084062,4.3023,2.3213,-10.673,-29.6987,0.0031906,1.0713,-0.10521,3.4481e-07,0.010312,0,69.5856,0.14374,0.66707,483.0553,1456.081
8.0819,9991.6257,-0.43343,239.7231,4.2492,0.42063,0.010399,-4.4239,90.007,0.084062,4.3023,2.3213,-10.673,-29.6987,0.0031906,1.0713,-0.10521,3.4481e-07,0.010312,0,69.5856,0.1434,0.71528,483.0553,1456.081
8.0833,9991.6221,-0.44191,239.7247,4.2527,0.42218,-0.026467,-3.9162,90.0077,0.033425,4.3068,2.3344,3.1342,-33.6764,0.003207,1.5689,-0.11119,3.4512e-07,0.010323,0,69.7216,0.14378,0.61782,483.0553,1456.0812
8.0905,9991.6221,-0.44191,239.7247,4.2527,0.42218,-0.026467,-3.9162,90.0077,0.033425,4.3068,2.3344,3.1342,-33.6764,0.003207,1.5689,-0.11119,3.4512e-07,0.010323,0,69.7216,0.14324,0.71043,483.0553,1456.0812
8.0916,9991.6184,-0.45019,239.7264,4.2562,0.42368,-0.059101,-3.171,90.008,-0.02005,4.3114,2.354,7.2816,-34.9532,0.0032252,1.5389,-0.11483,3.4544e-07,0.010333,0,69.858,0.14363,0.60106,483.0554,1456.0814
8.0951,9991.6184,-0.45019,239.7264,4.2562,0.42368,-0.059101,-3.171,90.008,-0.02005,4.3114,2.354,7.2816,-34.9532,0.0032252,1.5389,-0.11483,3.4544e-07,0.010333,0,69.858,0.14337,0.65911,483.0554,1456.0814
8.0951,9991.6184,-0.45019,239.7264,4.2562,0.42368,-0.059101,-3.171,90.008,-0.02005,4.3114,2.354,7.2816,-34.9532,0.0032252,1.5389,-0.11483,3.4544e-07,0.010333,0,69.858,0.14337,0.65911,483.0554,1456.0814
8.1,9991.6146,-0.45828,239.7282,4.2597,0.42512,-0.085526,-2.4404,90.0078,-0.075222,4.3159,2.38,6.7877,-34.909,0.0032331,1.5083,-0.11283,3.4575e-07,0.010344,0,69.9947,0.14347,0.58357,483.0554,1456.0816
8.1048,9991.6146,-0.45828,239.7282,4.2597,0.42512,-0.085526,-2.4404,90.0078,-0.075222,4.3159,2.38,6.7877,-34.909,0.0032331,1.5083,-0.11283,3.4575e-07,0.010344,0,69.9947,0.14311,0.66515,483.0554,1456.0816
8.1083,9991.6107,-0.46618,239.7301,4.2633,0.42654,-0.10586,-1.7242,90.0072,-0.12939,4.3204,2.4208,6.6406,-34.8611,0.0032257,1.4761,-0.099309,3.4608e-07,0.010355,0,70.1317,0.14331,0.56557,483.0554,1456.0818
8.1166,9991.6068,-0.47388,239.7323,4.2669,0.42795,-0.12023,-1.023,90.0061,-0.17705,4.3249,2.4912,7.1988,-34.8066,0.003197,1.443,-0.077506,3.4641e-07,0.010365,0,70.2691,0.14319,0.54712,483.0554,1456.082
8.125,9991.6028,-0.48139,239.7345,4.2704,0.42937,-0.12876,-0.3368,90.0046,-0.21423,4.3294,2.5832,8.266,-34.7469,0.0031142,1.4098,-0.051862,3.4675e-07,0.010376,0,69.9386,0.14311,0.52832,483.0554,1456.0823
8.1333,9991.5988,-0.48884,239.736,4.274,0.43079,-0.13156,0.33444,90.0029,-0.23908,4.3339,2.5476,9.5723,-34.6818,0.0029971,1.3769,-0.024743,3.471e-07,0.010387,0,69.6105,0.14305,0.57235,483.0554,1456.0825
8.1416,9991.5947,-0.49618,239.7371,4.2776,0.4322,-0.12878,0.99099,90.0009,-0.25091,4.3384,2.5189,10.9742,-34.6134,0.0028525,1.3449,0.0020047,3.4746e-07,0.010397,0,69.2849,0.143,0.62169,483.0554,1456.0827
8.15,9991.5905,-0.50341,239.7378,4.2812,0.4336,-0.12052,1.6332,89.9988,-0.2499,4.3429,2.4923,12.3595,-34.5428,0.0027322,1.3138,0.026965,3.4783e-07,0.010408,0,69.4195,0.14296,0.67266,483.0555,1456.083
8.1583,9991.5863,-0.51041,239.7389,4.2849,0.43499,-0.10691,2.2614,89.9967,-0.23689,4.3474,2.5916,13.642,-34.4735,0.0026202,1.2839,0.04924,3.4822e-07,0.010419,0,69.5544,0.14295,0.66521,483.0555,1456.0832
8.1666,9991.582,-0.51722,239.7401,4.2885,0.43636,-0.088063,2.8762,89.9947,-0.21318,4.3519,2.6844,14.7672,-34.4048,0.0025215,1.2552,0.068328,3.4861e-07,0.010429,0,69.6897,0.14296,0.65199,483.0555,1456.0834
8.1684,9991.582,-0.51722,239.7401,4.2885,0.43636,-0.088063,2.8762,89.9947,-0.21318,4.3519,2.6844,14.7672,-34.4048,0.0025215,1.2552,0.068328,3.4861e-07,0.010429,0,69.6897,0.14282,0.67496,483.0555,1456.0834
8.1684,9991.582,-0.51722,239.7401,4.2885,0.43636,-0.088063,2.8762,89.9947,-0.21318,4.3519,2.6844,14.7672,-34.4048,0.0025215,1.2552,0.068328,3.4861e-07,0.010429,0,69.6897,0.14282,0.67496,483.0555,1456.0834
8.175,9991.5777,-0.52383,239.7415,4.2922,0.43768,-0.064095,3.4779,89.9929,-0.18028,4.3564,2.7693,15.7044,-34.3369,0.0024263,1.2278,0.084036,3.4901e-07,0.01044,0,69.8254,0.14297,0.63614,483.0555,1456.0837
8.179,9991.5777,-0.52383,239.7415,4.2922,0.43768,-0.064095,3.4779,89.9929,-0.18028,4.3564,2.7693,15.7044,-34.3369,0.0024263,1.2278,0.084036,3.4901e-07,0.01044,0,69.8254,0.14266,0.68847,483.0555,1456.0837
8.179,9991.5777,-0.52383,239.7415,4.2922,0.43768,-0.064095,3.4779,89.9929,-0.18028,4.3564,2.7693,15.7044,-34.3369,0.0024263,1.2278,0.084036,3.4901e-07,0.01044,0,69.8254,0.14266,0.68847,483.0555,1456.0837
8.1833,9991.5733,-0.53025,239.743,4.2958,0.43896,-0.035112,4.0672,89.9914,-0.13983,4.3608,2.8458,16.4418,-34.2695,0.0023573,0.83038,0.096403,3.4942e-07,0.010451,0,69.9614,0.14296,0.61901,483.0555,1456.0839
8.1875,9991.5733,-0.53025,239.743,4.2958,0.43896,-0.035112,4.0672,89.9914,-0.13983,4.3608,2.8458,16.4418,-34.2695,0.0023573,0.83038,0.096403,3.4942e-07,0.010451,0,69.9614,0.14264,0.67837,483.0555,1456.0839
8.1875,9991.5733,-0.53025,239.743,4.2958,0.43896,-0.035112,4.0672,89.9914,-0.13983,4.3608,2.8458,16.4418,-34.2695,0.0023573,0.83038,0.096403,3.4942e-07,0.010451,0,69.9614,0.14264,0.67837,483.0555,1456.0839
8.1916,9991.5688,-0.53648,239.7446,4.2995,0.44017,-0.0012194,4.4671,89.9903,-0.093415,4.3652,2.9124,13.6105,-33.2801,0.0023162,-0.76937,0.10563,3.4983e-07,0.010461,0,70.0978,0.14292,0.60185,483.0555,1456.0842
8.1958,9991.5688,-0.53648,239.7446,4.2995,0.44017,-0.0012194,4.4671,89.9903,-0.093415,4.3652,2.9124,13.6105,-33.2801,0.0023162,-0.76937,0.10563,3.4983e-07,0.010461,0,70.0978,0.1426,0.66728,483.0555,1456.0842
8.2,9991.5643,-0.54251,239.7464,4.3032,0.4413,0.036007,4.1036,89.9895,-0.042557,4.3696,2.971,-0.33991,-29.3028,0.0023116,-1.577,0.1121,3.5024e-07,0.010472,0,70.2345,0.14285,0.58436,483.0555,1456.0844
8.2083,9991.5598,-0.54835,239.7483,4.3068,0.44237,0.070203,3.3547,89.9891,0.011377,4.374,3.0228,-7.2795,-27.3153,0.0023105,-1.547,0.11614,3.5065e-07,0.010483,0,70.3715,0.14275,0.56654,483.0556,1456.0847
8.2112,9991.5598,-0.54835,239.7483,4.3068,0.44237,0.070203,3.3547,89.9891,0.011377,4.374,3.0228,-7.2795,-27.3153,0.0023105,-1.547,0.11614,3.5065e-07,0.010483,0,70.3715,0.14252,0.6237,483.0556,1456.0847
8.2112,9991.5598,-0.54835,239.7483,4.3068,0.44237,0.070203,3.3547,89.9891,0.011377,4.374,3.0228,-7.2795,-27.3153,0.0023105,-1.547,0.11614,3.5065e-07,0.010483,0,70.3715,0.14252,0.6237,483.0556,1456.0847
8.2166,9991.5552,-0.554,239.7504,4.3105,0.44337,0.098158,2.6202,89.9892,0.067199,4.3784,3.069,-6.7667,-27.4204,0.0023033,-1.5166,0.1161,3.5106e-07,0.010493,0,70.5088,0.14262,0.54849,483.0556,1456.085
8.2221,9991.5552,-0.554,239.7504,4.3105,0.44337,0.098158,2.6202,89.9892,0.067199,4.3784,3.069,-6.7667,-27.4204,0.0023033,-1.5166,0.1161,3.5106e-07,0.010493,0,70.5088,0.1422,0.65023,483.0556,1456.085
8.2246,9991.5552,-0.554,239.7504,4.3105,0.44337,0.098158,2.6202,89.9892,0.067199,4.3784,3.069,-6.7667,-27.4204,0.0023033,-1.5166,0.1161,3.5106e-07,0.010493,0,70.5088,0.142,0.68256,483.0556,1456.085
8.2246,9991.5552,-0.554,239.7504,4.3105,0.44337,0.098158,2.6202,89.9892,0.067199,4.3784,3.069,-6.7667,-27.4204,0.0023033,-1.5166,0.1161,3.5106e-07,0.010493,0,70.5088,0.142,0.68256,483.0556,1456.085
8.225,9991.5505,-0.55946,239.7526,4.3143,0.44433,0.11999,1.9003,89.9898,0.12296,4.3828,3.1058,-6.5043,-27.5239,0.0022573,-1.4847,0.10499,3.5146e-07,0.010504,0,70.1784,0.14249,0.53002,483.0556,1456.0852
8.2253,9991.5505,-0.55946,239.7526,4.3143,0.44433,0.11999,1.9003,89.9898,0.12296,4.3828,3.1058,-6.5043,-27.5239,0.0022573,-1.4847,0.10499,3.5146e-07,0.010504,0,70.1784,0.14246,0.53837,483.0556,1456.0852
8.2259,9991.5505,-0.55946,239.7526,4.3143,0.44433,0.11999,1.9003,89.9898,0.12296,4.3828,3.1058,-6.5043,-27.5239,0.0022573,-1.4847,0.10499,3.5146e-07,0.010504,0,70.1784,0.14241,0.55428,483.0556,1456.0852
8.2272,9991.5505,-0.55946,239.7526,4.3143,0.44433,0.11999,1.9003,89.9898,0.12296,4.3828,3.1058,-6.5043,-27.5239,0.0022573,-1.4847,0.10499,3.5146e-07,0.010504,0,70.1784,0.14231,0.58315,483.0556,1456.0852
8.2298,9991.5505,-0.55946,239.7526,4.3143,0.44433,0.11999,1.9003,89.9898,0.12296,4.3828,3.1058,-6.5043,-27.5239,0.0022573,-1.4847,0.10499,3.5146e-07,0.010504,0,70.1784,0.14211,0.63079,483.0556,1456.0852
8.2333,9991.5459,-0.56486,239.7541,4.318,0.44525,0.13583,1.1952,89.9908,0.17336,4.3872,2.9776,-6.918,-27.6273,0.0021896,-1.4515,0.084019,3.5186e-07,0.010515,0,69.8503,0.14233,0.57434,483.0556,1456.0855
8.2416,9991.5411,-0.57016,239.7551,4.3217,0.44616,0.14579,0.50522,89.9923,0.21367,4.3915,2.8279,-7.9351,-27.7308,0.0021034,-1.4182,0.058521,3.5224e-07,0.010525,0,69.5248,0.14218,0.62388,483.0556,1456.0857
8.25,9991.5364,-0.57535,239.7557,4.3254,0.44708,0.15,-0.16976,89.994,0.24172,4.3959,2.6701,-9.2314,-27.8317,0.0020411,-1.3851,0.031088,3.5261e-07,0.010536,0,69.6594,0.14206,0.67501,483.0556,1456.086
8.2583,9991.5315,-0.58033,239.7567,4.3291,0.44802,0.14859,-0.82995,89.9961,0.2566,4.4003,2.6379,-10.6499,-27.9312,0.0019746,-1.3527,0.0036671,3.5296e-07,0.010547,0,69.7943,0.142,0.66771,483.0557,1456.0863
8.2666,9991.5267,-0.58512,239.7579,4.3329,0.44899,0.14167,-1.4757,89.9982,0.25831,4.4046,2.6063,-12.0723,-28.0263,0.0018986,-1.3213,-0.022189,3.5331e-07,0.010557,0,69.9296,0.14201,0.6546,483.0557,1456.0866
8.275,9991.5218,-0.58972,239.7592,4.3366,0.44998,0.12937,-2.1073,90.0004,0.24759,4.4089,2.5792,-13.4045,-28.1158,0.0017962,-1.291,-0.045466,3.5364e-07,0.010568,0,70.0652,0.14207,0.63882,483.0557,1456.0868
8.2833,9991.5169,-0.59414,239.7607,4.3404,0.45095,0.11181,-2.7254,90.0024,0.22569,4.4132,2.559,-14.5847,-28.1982,0.0016771,-1.262,-0.065577,3.5396e-07,0.010579,0,70.2012,0.14215,0.62176,483.0557,1456.0871
8.2916,9991.5119,-0.59837,239.7623,4.3442,0.45189,0.089099,-3.3304,90.0043,0.19411,4.4175,2.547,-15.5773,-28.2736,0.0015513,-1.2343,-0.082265,3.5427e-07,0.010589,0,70.3375,0.14224,0.60403,483.0557,1456.0874
8.2926,9991.5119,-0.59837,239.7623,4.3442,0.45189,0.089099,-3.3304,90.0043,0.19411,4.4175,2.547,-15.5773,-28.2736,0.0015513,-1.2343,-0.082265,3.5427e-07,0.010589,0,70.3375,0.14216,0.62142,483.0557,1456.0874
8.2926,9991.5119,-0.59837,239.7623,4.3442,0.45189,0.089099,-3.3304,90.0043,0.19411,4.4175,2.547,-15.5773,-28.2736,0.0015513,-1.2343,-0.082265,3.5427e-07,0.010589,0,70.3375,0.14216,0.62142,483.0557,1456.0874
8.3,9991.5069,-0.6024,239.764,4.348,0.45277,0.061346,-3.9227,90.0059,0.15451,4.4218,2.5437,-16.3664,-28.3425,0.0014434,-1.0814,-0.095526,3.5456e-07,0.0106,0,70.4742,0.14231,0.58592,483.0557,1456.0877
8.3019,9991.5069,-0.6024,239.764,4.348,0.45277,0.061346,-3.9227,90.0059,0.15451,4.4218,2.5437,-16.3664,-28.3425,0.0014434,-1.0814,-0.095526,3.5456e-07,0.0106,0,70.4742,0.14215,0.62135,483.0557,1456.0877
8.3019,9991.5069,-0.6024,239.764,4.348,0.45277,0.061346,-3.9227,90.0059,0.15451,4.4218,2.5437,-16.3664,-28.3425,0.0014434,-1.0814,-0.095526,3.5456e-07,0.0106,0,70.4742,0.14215,0.62135,483.0557,1456.0877
8.3083,9991.5019,-0.60625,239.7659,4.3517,0.45357,0.028658,-4.4425,90.0072,0.10851,4.426,2.5478,-15.8052,-28.7237,0.0013646,0.35434,-0.10555,3.5486e-07,0.010611,0,70.6112,0.14233,0.56801,483.0558,1456.088
8.3147,9991.5019,-0.60625,239.7659,4.3517,0.45357,0.028658,-4.4425,90.0072,0.10851,4.426,2.5478,-15.8052,-28.7237,0.0013646,0.35434,-0.10555,3.5486e-07,0.010611,0,70.6112,0.14182,0.67237,483.0558,1456.088
8.3166,9991.4968,-0.60991,239.7679,4.3555,0.45428,-0.0083627,-4.2771,90.0081,0.057684,4.4303,2.5589,-3.3981,-32.3279,0.0013323,1.5846,-0.11266,3.5514e-07,0.010621,0,70.7486,0.14231,0.55005,483.0558,1456.0882
8.325,9991.4917,-0.61337,239.7701,4.3593,0.45491,-0.044005,-3.5247,90.0086,0.0034578,4.4345,2.5769,7.3274,-35.4333,0.0012908,1.5544,-0.11723,3.5543e-07,0.010632,0,70.4182,0.14224,0.53186,483.0558,1456.0885
8.327,9991.4917,-0.61337,239.7701,4.3593,0.45491,-0.044005,-3.5247,90.0086,0.0034578,4.4345,2.5769,7.3274,-35.4333,0.0012908,1.5544,-0.11723,3.5543e-07,0.010632,0,70.4182,0.14208,0.57875,483.0558,1456.0885
8.327,9991.4917,-0.61337,239.7701,4.3593,0.45491,-0.044005,-3.5247,90.0086,0.0034578,4.4345,2.5769,7.3274,-35.4333,0.0012908,1.5544,-0.11723,3.5543e-07,0.010632,0,70.4182,0.14208,0.57875,483.0558,1456.0885
8.3333,9991.4866,-0.61677,239.7716,4.3631,0.45546,-0.073378,-2.7868,90.0086,-0.052908,4.4387,2.4728,6.775,-35.3851,0.0012409,1.5243,-0.11892,3.5572e-07,0.010643,0,70.0899,0.1421,0.57237,483.0558,1456.0888
8.3396,9991.4866,-0.61677,239.7716,4.3631,0.45546,-0.073378,-2.7868,90.0086,-0.052908,4.4387,2.4728,6.775,-35.3851,0.0012409,1.5243,-0.11892,3.5572e-07,0.010643,0,70.0899,0.14159,0.6726,483.0558,1456.0888
8.34,9991.4866,-0.61677,239.7716,4.3631,0.45546,-0.073378,-2.7868,90.0086,-0.052908,4.4387,2.4728,6.775,-35.3851,0.0012409,1.5243,-0.11892,3.5572e-07,0.010643,0,70.0899,0.14156,0.67754,483.0558,1456.0888
8.34,9991.4866,-0.61677,239.7716,4.3631,0.45546,-0.073378,-2.7868,90.0086,-0.052908,4.4387,2.4728,6.775,-35.3851,0.0012409,1.5243,-0.11892,3.5572e-07,0.010643,0,70.0899,0.14156,0.67754,483.0558,1456.0888
8.3416,9991.4814,-0.62008,239.7726,4.3669,0.45593,-0.096601,-2.0633,90.0082,-0.11004,4.4429,2.3696,6.4014,-35.3342,0.0011886,1.4928,-0.11081,3.5601e-07,0.010653,0,69.7642,0.1419,0.62192,483.0558,1456.0891
8.3432,9991.4814,-0.62008,239.7726,4.3669,0.45593,-0.096601,-2.0633,90.0082,-0.11004,4.4429,2.3696,6.4014,-35.3342,0.0011886,1.4928,-0.11081,3.5601e-07,0.010653,0,69.7642,0.14178,0.64606,483.0558,1456.0891
8.3464,9991.4814,-0.62008,239.7726,4.3669,0.45593,-0.096601,-2.0633,90.0082,-0.11004,4.4429,2.3696,6.4014,-35.3342,0.0011886,1.4928,-0.11081,3.5601e-07,0.010653,0,69.7642,0.14152,0.68426,483.0558,1456.0891
8.35,9991.4762,-0.62329,239.7732,4.3707,0.45636,-0.1138,-1.3547,90.0073,-0.16323,4.4471,2.2938,6.6288,-35.278,0.0011736,1.4597,-0.09099,3.5631e-07,0.010664,0,69.8988,0.14168,0.67326,483.0559,1456.0894
8.3583,9991.471,-0.62629,239.7742,4.3746,0.4568,-0.12508,-0.66106,90.0059,-0.2069,4.4513,2.3781,7.5725,-35.2183,0.0011673,1.4262,-0.065777,3.5662e-07,0.010675,0,70.0338,0.14151,0.66611,483.0559,1456.0897
8.3666,9991.4658,-0.62911,239.7753,4.3784,0.45726,-0.13059,0.017461,90.0042,-0.23844,4.4554,2.4765,8.8498,-35.1564,0.0011569,1.3929,-0.038131,3.5694e-07,0.010685,0,70.1692,0.1414,0.65313,483.0559,1456.09
8.375,9991.4605,-0.63175,239.7766,4.3822,0.45777,-0.13045,0.68111,90.0022,-0.2567,4.4596,2.5817,10.281,-35.0928,0.0011138,1.3602,-0.010069,3.5727e-07,0.010696,0,70.3049,0.14137,0.63744,483.0559,1456.0903
8.3833,9991.4553,-0.63422,239.7781,4.386,0.45832,-0.12477,1.3302,90,-0.26148,4.4637,2.6887,11.7433,-35.0264,0.0010366,1.3285,0.016698,3.5761e-07,0.010707,0,70.441,0.14141,0.62043,483.0559,1456.0906
8.3916,9991.45,-0.6365,239.7796,4.3898,0.45888,-0.11369,1.9651,89.9979,-0.2534,4.4678,2.7932,13.133,-34.9579,0.00092689,1.2979,0.04102,3.5796e-07,0.010717,0,70.5774,0.14151,0.60273,483.056,1456.0909
8.4,9991.4447,-0.63861,239.7814,4.3937,0.45943,-0.097311,2.5863,89.9957,-0.23363,4.4719,2.8922,14.38,-34.8875,0.00079632,1.2685,0.062219,3.5832e-07,0.010728,0,70.7142,0.14162,0.5846,483.056,1456.0912
8.4083,9991.4393,-0.64053,239.7832,4.3975,0.45994,-0.075759,3.1942,89.9938,-0.20367,4.476,2.9837,15.4429,-34.8162,0.00065999,1.2404,0.079962,3.5869e-07,0.010739,0,70.8512,0.14173,0.56617,483.056,1456.0915
8.4157,9991.4393,-0.64053,239.7832,4.3975,0.45994,-0.075759,3.1942,89.9938,-0.20367,4.476,2.9837,15.4429,-34.8162,0.00065999,1.2404,0.079962,3.5869e-07,0.010739,0,70.8512,0.14113,0.6806,483.056,1456.0915
8.4157,9991.4393,-0.64053,239.7832,4.3975,0.45994,-0.075759,3.1942,89.9938,-0.20367,4.476,2.9837,15.4429,-34.8162,0.00065999,1.2404,0.079962,3.5869e-07,0.010739,0,70.8512,0.14113,0.6806,483.056,1456.0915
8.4166,9991.434,-0.64227,239.7852,4.4014,0.46038,-0.049141,3.7894,89.9921,-0.16516,4.4801,3.0668,16.3014,-34.7447,0.00054105,1.169,0.094199,3.5906e-07,0.010749,0,70.9219,0.14182,0.5475,483.056,1456.0918
8.4167,9991.434,-0.64227,239.7852,4.4014,0.46038,-0.049141,3.7894,89.9921,-0.16516,4.4801,3.0668,16.3014,-34.7447,0.00054105,1.169,0.094199,3.5906e-07,0.010749,0,70.9219,0.14181,0.5496,483.056,1456.0918
8.4167,9991.434,-0.64227,239.7852,4.4014,0.46038,-0.049141,3.7894,89.9921,-0.16516,4.4801,3.0668,16.3014,-34.7447,0.00054105,1.169,0.094199,3.5906e-07,0.010749,0,70.9219,0.14181,0.5496,483.056,1456.0918
8.4176,9991.434,-0.64227,239.7852,4.4014,0.46038,-0.049141,3.7894,89.9921,-0.16516,4.4801,3.0668,16.3014,-34.7447,0.00054105,1.169,0.094199,3.5906e-07,0.010749,0,70.9219,0.14174,0.56957,483.056,1456.0918
8.4185,9991.434,-0.64227,239.7852,4.4014,0.46038,-0.049141,3.7894,89.9921,-0.16516,4.4801,3.0668,16.3014,-34.7447,0.00054105,1.169,0.094199,3.5906e-07,0.010749,0,70.9219,0.14166,0.58784,483.056,1456.0918
8.4203,9991.434,-0.64227,239.7852,4.4014,0.46038,-0.049141,3.7894,89.9921,-0.16516,4.4801,3.0668,16.3014,-34.7447,0.00054105,1.169,0.094199,3.5906e-07,0.010749,0,70.9219,0.14152,0.61984,483.056,1456.0918
8.4239,9991.434,-0.64227,239.7852,4.4014,0.46038,-0.049141,3.7894,89.9921,-0.16516,4.4801,3.0668,16.3014,-34.7447,0.00054105,1.169,0.094199,3.5906e-07,0.010749,0,70.9219,0.14123,0.66903,483.056,1456.0918
8.425,9991.4286,-0.64382,239.7874,4.4052,0.46074,-0.017562,4.3511,89.9907,-0.11981,4.4841,3.1402,16.5477,-34.5636,0.00042516,0.035563,0.10508,3.5945e-07,0.01076,0,70.5913,0.14186,0.52897,483.056,1456.0921
8.4305,9991.4286,-0.64382,239.7874,4.4052,0.46074,-0.017562,4.3511,89.9907,-0.11981,4.4841,3.1402,16.5477,-34.5636,0.00042516,0.035563,0.10508,3.5945e-07,0.01076,0,70.5913,0.14141,0.63648,483.056,1456.0921
8.4333,9991.4233,-0.64532,239.7888,4.4091,0.461,0.018696,4.3719,89.9897,-0.069199,4.4881,3.0661,6.9379,-31.7375,0.00035173,-1.5888,0.11292,3.5983e-07,0.010771,0,70.2631,0.14181,0.57377,483.056,1456.0924
8.4416,9991.4179,-0.64673,239.7898,4.4129,0.46116,0.055129,3.6175,89.9892,-0.014835,4.4922,2.9867,-7.3283,-27.7031,0.00030916,-1.5587,0.11809,3.6022e-07,0.010781,0,69.9374,0.14167,0.62395,483.0561,1456.0927
8.4429,9991.4179,-0.64673,239.7898,4.4129,0.46116,0.055129,3.6175,89.9892,-0.014835,4.4922,2.9867,-7.3283,-27.7031,0.00030916,-1.5587,0.11809,3.6022e-07,0.010781,0,69.9374,0.14157,0.64333,483.0561,1456.0927
8.4429,9991.4179,-0.64673,239.7898,4.4129,0.46116,0.055129,3.6175,89.9892,-0.014835,4.4922,2.9867,-7.3283,-27.7031,0.00030916,-1.5587,0.11809,3.6022e-07,0.010781,0,69.9374,0.14157,0.64333,483.0561,1456.0927
8.45,9991.4125,-0.64805,239.7903,4.4168,0.46124,0.085275,2.8777,89.989,0.041955,4.4962,2.9032,-6.746,-27.8044,0.00031629,-1.5286,0.12069,3.606e-07,0.010792,0,70.072,0.14147,0.6758,483.0561,1456.093
8.4558,9991.4125,-0.64805,239.7903,4.4168,0.46124,0.085275,2.8777,89.989,0.041955,4.4962,2.9032,-6.746,-27.8044,0.00031629,-1.5286,0.12069,3.606e-07,0.010792,0,70.072,0.141,0.72264,483.0561,1456.093
8.4558,9991.4125,-0.64805,239.7903,4.4168,0.46124,0.085275,2.8777,89.989,0.041955,4.4962,2.9032,-6.746,-27.8044,0.00031629,-1.5286,0.12069,3.606e-07,0.010792,0,70.072,0.141,0.72264,483.0561,1456.093
8.4583,9991.4071,-0.64915,239.7913,4.4206,0.46126,0.10926,2.1523,89.9894,0.099943,4.5002,2.9438,-6.3223,-27.9065,0.00034672,-1.4975,0.11515,3.6098e-07,0.010803,0,70.207,0.14126,0.66907,483.0561,1456.0933
8.4608,9991.4071,-0.64915,239.7913,4.4206,0.46126,0.10926,2.1523,89.9894,0.099943,4.5002,2.9438,-6.3223,-27.9065,0.00034672,-1.4975,0.11515,3.6098e-07,0.010803,0,70.207,0.14105,0.69452,483.0561,1456.0933
8.4659,9991.4071,-0.64915,239.7913,4.4206,0.46126,0.10926,2.1523,89.9894,0.099943,4.5002,2.9438,-6.3223,-27.9065,0.00034672,-1.4975,0.11515,3.6098e-07,0.010803,0,70.207,0.14064,0.72959,483.0561,1456.0933
8.4666,9991.4017,-0.65008,239.7923,4.4245,0.46127,0.12719,1.4415,89.9902,0.15523,4.5041,2.9645,-6.3966,-28.0109,0.00038516,-1.4645,0.09634,3.6135e-07,0.010813,0,70.3424,0.14107,0.65645,483.0561,1456.0936
8.4701,9991.4017,-0.65008,239.7923,4.4245,0.46127,0.12719,1.4415,89.9902,0.15523,4.5041,2.9645,-6.3966,-28.0109,0.00038516,-1.4645,0.09634,3.6135e-07,0.010813,0,70.3424,0.14079,0.69316,483.0561,1456.0936
8.475,9991.3962,-0.65085,239.7936,4.4283,0.46131,0.1392,0.74587,89.9915,0.20146,4.5081,2.9527,-7.2805,-28.1189,0.00040043,-1.431,0.071369,3.6171e-07,0.010824,0,70.4781,0.14094,0.64106,483.0561,1456.0939
8.4833,9991.3908,-0.65145,239.7949,4.4322,0.46139,0.14542,0.065303,89.9932,0.23569,4.512,2.9263,-8.5431,-28.2251,0.00038542,-1.3976,0.043582,3.6205e-07,0.010834,0,70.6141,0.14089,0.62427,483.0562,1456.0942
8.4916,9991.3854,-0.65188,239.7964,4.436,0.46152,0.14596,-0.60034,89.9952,0.25657,4.5159,2.8938,-9.9814,-28.3273,0.00032954,-1.3647,0.015025,3.6239e-07,0.010845,0,70.7505,0.14091,0.60674,483.0562,1456.0945
8.5,9991.3799,-0.65214,239.7981,4.4399,0.46168,0.14096,-1.2514,89.9973,0.26373,4.5198,2.8603,-11.4711,-28.4234,0.00023377,-1.3327,-0.012453,3.6271e-07,0.010856,0,70.8872,0.14101,0.58873,483.0562,1456.0948
8.5083,9991.3745,-0.65222,239.7999,4.4438,0.46186,0.13053,-1.8881,89.9995,0.25768,4.5237,2.8302,-12.9001,-28.5126,0.00010499,-1.3019,-0.037602,3.6302e-07,0.010866,0,71.0243,0.14115,0.5704,483.0562,1456.0951
8.5166,9991.3691,-0.65214,239.8018,4.4476,0.46201,0.1148,-2.5111,90.0016,0.23955,4.5275,2.8065,-14.1923,-28.5943,-4.3754e-05,-1.2722,-0.059664,3.6332e-07,0.010877,0,71.1617,0.14131,0.5518,483.0562,1456.0955
8.525,9991.3636,-0.65187,239.8039,4.4515,0.46213,0.093873,-3.1208,90.0036,0.21081,4.5314,2.7909,-15.3017,-28.6688,-0.00022036,-1.2439,-0.07825,3.6361e-07,0.010888,0,70.8312,0.14146,0.53297,483.0563,1456.0958
8.5302,9991.3636,-0.65187,239.8039,4.4515,0.46213,0.093873,-3.1208,90.0036,0.21081,4.5314,2.7909,-15.3017,-28.6688,-0.00022036,-1.2439,-0.07825,3.6361e-07,0.010888,0,70.8312,0.14103,0.63359,483.0563,1456.0958
8.5302,9991.3636,-0.65187,239.8039,4.4515,0.46213,0.093873,-3.1208,90.0036,0.21081,4.5314,2.7909,-15.3017,-28.6688,-0.00022036,-1.2439,-0.07825,3.6361e-07,0.010888,0,70.8312,0.14103,0.63359,483.0563,1456.0958
8.5333,9991.3582,-0.65153,239.8054,4.4553,0.46216,0.067866,-3.7176,90.0054,0.17313,4.5352,2.6728,-16.2045,-28.7354,-0.00039052,-1.2088,-0.093263,3.6389e-07,0.010898,0,70.5024,0.14154,0.56492,483.0563,1456.0961
8.5364,9991.3582,-0.65153,239.8054,4.4553,0.46216,0.067866,-3.7176,90.0054,0.17313,4.5352,2.6728,-16.2045,-28.7354,-0.00039052,-1.2088,-0.093263,3.6389e-07,0.010898,0,70.5024,0.14129,0.62126,483.0563,1456.0961
8.5416,9991.3528,-0.65112,239.8065,4.4592,0.4621,0.036886,-4.2983,90.0068,0.12822,4.539,2.5378,-16.8223,-28.8161,-0.0005254,-0.28554,-0.10483,3.6416e-07,0.010909,0,70.1761,0.14155,0.61369,483.0563,1456.0964
8.5496,9991.3528,-0.65112,239.8065,4.4592,0.4621,0.036886,-4.2983,90.0068,0.12822,4.539,2.5378,-16.8223,-28.8161,-0.0005254,-0.28554,-0.10483,3.6416e-07,0.010909,0,70.1761,0.14089,0.70414,483.0563,1456.0964
8.5496,9991.3528,-0.65112,239.8065,4.4592,0.4621,0.036886,-4.2983,90.0068,0.12822,4.539,2.5378,-16.8223,-28.8161,-0.0005254,-0.28554,-0.10483,3.6416e-07,0.010909,0,70.1761,0.14089,0.70414,483.0563,1456.0964
8.55,9991.3474,-0.65061,239.8071,4.4631,0.46193,0.0010676,-4.4385,90.0079,0.077732,4.5428,2.4123,-9.1623,-31.1269,-0.00056407,1.3758,-0.11322,3.6442e-07,0.01092,0,69.8523,0.14146,0.66528,483.0563,1456.0967
8.5503,9991.3474,-0.65061,239.8071,4.4631,0.46193,0.0010676,-4.4385,90.0079,0.077732,4.5428,2.4123,-9.1623,-31.1269,-0.00056407,1.3758,-0.11322,3.6442e-07,0.01092,0,69.8523,0.14143,0.66903,483.0563,1456.0967
8.551,9991.3474,-0.65061,239.8071,4.4631,0.46193,0.0010676,-4.4385,90.0079,0.077732,4.5428,2.4123,-9.1623,-31.1269,-0.00056407,1.3758,-0.11322,3.6442e-07,0.01092,0,69.8523,0.14138,0.67616,483.0563,1456.0967
8.5523,9991.3474,-0.65061,239.8071,4.4631,0.46193,0.0010676,-4.4385,90.0079,0.077732,4.5428,2.4123,-9.1623,-31.1269,-0.00056407,1.3758,-0.11322,3.6442e-07,0.01092,0,69.8523,0.14127,0.68904,483.0563,1456.0967
8.555,9991.3474,-0.65061,239.8071,4.4631,0.46193,0.0010676,-4.4385,90.0079,0.077732,4.5428,2.4123,-9.1623,-31.1269,-0.00056407,1.3758,-0.11322,3.6442e-07,0.01092,0,69.8523,0.14105,0.71015,483.0563,1456.0967
8.5583,9991.3419,-0.6499,239.8081,4.4669,0.46167,-0.03592,-3.7859,90.0085,0.023218,4.5466,2.4249,5.3958,-35.3056,-0.00053853,1.566,-0.11888,3.6469e-07,0.01093,0,69.9875,0.14133,0.65845,483.0563,1456.097
8.5592,9991.3419,-0.6499,239.8081,4.4669,0.46167,-0.03592,-3.7859,90.0085,0.023218,4.5466,2.4249,5.3958,-35.3056,-0.00053853,1.566,-0.11888,3.6469e-07,0.01093,0,69.9875,0.14126,0.66837,483.0563,1456.097
8.5592,9991.3419,-0.6499,239.8081,4.4669,0.46167,-0.03592,-3.7859,90.0085,0.023218,4.5466,2.4249,5.3958,-35.3056,-0.00053853,1.566,-0.11888,3.6469e-07,0.01093,0,69.9875,0.14126,0.66837,483.0563,1456.097
8.5666,9991.3365,-0.64902,239.8092,4.4708,0.46136,-0.067469,-3.0426,90.0087,-0.033965,4.5503,2.4441,6.7745,-35.8105,-0.00049022,1.5359,-0.12208,3.6495e-07,0.010941,0,70.1232,0.14118,0.6459,483.0564,1456.0973
8.5719,9991.3365,-0.64902,239.8092,4.4708,0.46136,-0.067469,-3.0426,90.0087,-0.033965,4.5503,2.4441,6.7745,-35.8105,-0.00049022,1.5359,-0.12208,3.6495e-07,0.010941,0,70.1232,0.14075,0.69964,483.0564,1456.0973
8.5719,9991.3365,-0.64902,239.8092,4.4708,0.46136,-0.067469,-3.0426,90.0087,-0.033965,4.5503,2.4441,6.7745,-35.8105,-0.00049022,1.5359,-0.12208,3.6495e-07,0.010941,0,70.1232,0.14075,0.69964,483.0564,1456.0973
8.575,9991.3311,-0.64798,239.8105,4.4746,0.46102,-0.092824,-2.3139,90.0085,-0.092633,4.554,2.47,6.3075,-35.764,-0.00044728,1.505,-0.11819,3.6522e-07,0.010952,0,70.2591,0.14103,0.63066,483.0564,1456.0976
8.5781,9991.3311,-0.64798,239.8105,4.4746,0.46102,-0.092824,-2.3139,90.0085,-0.092633,4.554,2.47,6.3075,-35.764,-0.00044728,1.505,-0.11819,3.6522e-07,0.010952,0,70.2591,0.14077,0.66964,483.0564,1456.0976
8.5833,9991.3257,-0.64677,239.8119,4.4785,0.46066,-0.11211,-1.5997,90.0077,-0.14939,4.5577,2.5142,6.2761,-35.7134,-0.00041927,1.4722,-0.10122,3.6549e-07,0.010962,0,70.3954,0.14089,0.61403,483.0564,1456.0979
8.5916,9991.3203,-0.64541,239.8134,4.4823,0.46032,-0.12544,-0.90065,90.0064,-0.19798,4.5614,2.592,7.0448,-35.6556,-0.00041808,1.4386,-0.076867,3.6578e-07,0.010973,0,70.5321,0.14081,0.59659,483.0564,1456.0982
8.6,9991.315,-0.64389,239.8151,4.4862,0.46001,-0.13294,-0.21668,90.0048,-0.23485,4.5651,2.6891,8.2679,-35.5927,-0.00044787,1.405,-0.04913,3.6607e-07,0.010984,0,70.6691,0.14078,0.57864,483.0564,1456.0985
8.6083,9991.3096,-0.6422,239.817,4.49,0.45974,-0.13475,0.45231,90.0028,-0.25839,4.5687,2.7956,9.7023,-35.5261,-0.00051314,1.372,-0.020259,3.6637e-07,0.010994,0,70.8064,0.14082,0.5603,483.0565,1456.0988
8.6166,9991.3043,-0.64035,239.819,4.4939,0.45949,-0.13098,1.1066,90.0007,-0.26807,4.5723,2.9058,11.2116,-35.4565,-0.00061698,1.3397,0.0078335,3.6669e-07,0.011005,0,70.5046,0.14092,0.54164,483.0565,1456.0991
8.625,9991.2989,-0.63836,239.821,4.4977,0.45924,-0.12176,1.7465,89.9984,-0.26424,4.5759,2.995,12.6795,-35.3842,-0.0007756,1.3086,0.033764,3.6702e-07,0.011016,0,70.1739,0.14106,0.53176,483.0565,1456.0994
8.6333,9991.2936,-0.63633,239.8223,4.5016,0.45897,-0.1072,2.3726,89.9962,-0.24796,4.5795,2.9608,14.022,-35.3085,-0.00095707,1.2786,0.056681,3.6735e-07,0.011026,0,69.8456,0.14117,0.57689,483.0565,1456.0997
8.6416,9991.2883,-0.63422,239.8231,4.5054,0.45864,-0.087432,2.9852,89.9942,-0.22066,4.5831,2.9217,15.1871,-35.2315,-0.0011375,1.25,0.076127,3.677e-07,0.011037,0,69.5198,0.14125,0.62688,483.0565,1456.1
8.644,9991.2883,-0.63422,239.8231,4.5054,0.45864,-0.087432,2.9852,89.9942,-0.22066,4.5831,2.9217,15.1871,-35.2315,-0.0011375,1.25,0.076127,3.677e-07,0.011037,0,69.5198,0.14105,0.65756,483.0565,1456.1
8.644,9991.2883,-0.63422,239.8231,4.5054,0.45864,-0.087432,2.9852,89.9942,-0.22066,4.5831,2.9217,15.1871,-35.2315,-0.0011375,1.25,0.076127,3.677e-07,0.011037,0,69.5198,0.14105,0.65756,483.0565,1456.1
8.65,9991.2831,-0.63203,239.8236,4.5092,0.45823,-0.062556,3.5849,89.9923,-0.184,4.5867,2.8765,16.1469,-35.1547,-0.0012539,1.2226,0.091958,3.6806e-07,0.011048,0,69.6545,0.14126,0.67836,483.0565,1456.1003
8.6553,9991.2831,-0.63203,239.8236,4.5092,0.45823,-0.062556,3.5849,89.9923,-0.184,4.5867,2.8765,16.1469,-35.1547,-0.0012539,1.2226,0.091958,3.6806e-07,0.011048,0,69.6545,0.14082,0.7175,483.0565,1456.1003
8.6553,9991.2831,-0.63203,239.8236,4.5092,0.45823,-0.062556,3.5849,89.9923,-0.184,4.5867,2.8765,16.1469,-35.1547,-0.0012539,1.2226,0.091958,3.6806e-07,0.011048,0,69.6545,0.14082,0.7175,483.0565,1456.1003
8.6583,9991.2778,-0.62964,239.8244,4.5131,0.45775,-0.032682,4.1721,89.9908,-0.13972,4.5902,2.9519,16.8924,-35.0816,-0.001308,0.6694,0.10426,3.6842e-07,0.011058,0,69.7895,0.14124,0.67131,483.0566,1456.1006
8.6613,9991.2778,-0.62964,239.8244,4.5131,0.45775,-0.032682,4.1721,89.9908,-0.13972,4.5902,2.9519,16.8924,-35.0816,-0.001308,0.6694,0.10426,3.6842e-07,0.011058,0,69.7895,0.14099,0.69794,483.0566,1456.1006
8.6639,9991.2778,-0.62964,239.8244,4.5131,0.45775,-0.032682,4.1721,89.9908,-0.13972,4.5902,2.9519,16.8924,-35.0816,-0.001308,0.6694,0.10426,3.6842e-07,0.011058,0,69.7895,0.14078,0.71491,483.0566,1456.1006
8.6639,9991.2778,-0.62964,239.8244,4.5131,0.45775,-0.032682,4.1721,89.9908,-0.13972,4.5902,2.9519,16.8924,-35.0816,-0.001308,0.6694,0.10426,3.6842e-07,0.011058,0,69.7895,0.14078,0.71491,483.0566,1456.1006
8.6666,9991.2726,-0.62709,239.8254,4.5169,0.45721,0.0020857,4.4957,89.9896,-0.089513,4.5937,3.0168,12.6418,-33.7007,-0.0012989,-1.01,0.11328,3.6879e-07,0.011069,0,69.9249,0.14119,0.65902,483.0566,1456.1009
8.6694,9991.2726,-0.62709,239.8254,4.5169,0.45721,0.0020857,4.4957,89.9896,-0.089513,4.5937,3.0168,12.6418,-33.7007,-0.0012989,-1.01,0.11328,3.6879e-07,0.011069,0,69.9249,0.14096,0.68648,483.0566,1456.1009
8.675,9991.2673,-0.62438,239.8266,4.5207,0.45661,0.03955,4.0177,89.9889,-0.034962,4.5972,3.0732,-2.0466,-29.5254,-0.0012505,-1.5758,0.11947,3.6916e-07,0.01108,0,70.0607,0.14111,0.64412,483.0566,1456.1012
8.6751,9991.2673,-0.62438,239.8266,4.5207,0.45661,0.03955,4.0177,89.9889,-0.034962,4.5972,3.0732,-2.0466,-29.5254,-0.0012505,-1.5758,0.11947,3.6916e-07,0.01108,0,70.0607,0.1411,0.64625,483.0566,1456.1012
8.6751,9991.2673,-0.62438,239.8266,4.5207,0.45661,0.03955,4.0177,89.9889,-0.034962,4.5972,3.0732,-2.0466,-29.5254,-0.0012505,-1.5758,0.11947,3.6916e-07,0.01108,0,70.0607,0.1411,0.64625,483.0566,1456.1012
8.6833,9991.2622,-0.62152,239.8278,4.5245,0.45596,0.07303,3.2698,89.9886,0.022521,4.6006,3.1226,-6.8095,-28.1411,-0.0012017,-1.5457,0.12314,3.6953e-07,0.01109,0,70.1968,0.14101,0.62792,483.0566,1456.1015
8.6876,9991.2622,-0.62152,239.8278,4.5245,0.45596,0.07303,3.2698,89.9886,0.022521,4.6006,3.1226,-6.8095,-28.1411,-0.0012017,-1.5457,0.12314,3.6953e-07,0.01109,0,70.1968,0.14066,0.67889,483.0566,1456.1015
8.6876,9991.2622,-0.62152,239.8278,4.5245,0.45596,0.07303,3.2698,89.9886,0.022521,4.6006,3.1226,-6.8095,-28.1411,-0.0012017,-1.5457,0.12314,3.6953e-07,0.01109,0,70.1968,0.14066,0.67889,483.0566,1456.1015
8.6916,9991.257,-0.6185,239.8292,4.5283,0.45527,0.10028,2.5365,89.9888,0.081711,4.6041,3.1662,-6.3194,-28.2447,-0.0011661,-1.515,0.1217,3.6989e-07,0.011101,0,70.3332,0.14091,0.61102,483.0566,1456.1018
8.6956,9991.257,-0.6185,239.8292,4.5283,0.45527,0.10028,2.5365,89.9888,0.081711,4.6041,3.1662,-6.3194,-28.2447,-0.0011661,-1.515,0.1217,3.6989e-07,0.011101,0,70.3332,0.14058,0.66399,483.0566,1456.1018
8.7,9991.2519,-0.61533,239.8308,4.5321,0.45456,0.12142,1.8178,89.9895,0.14017,4.6075,3.1978,-6.1419,-28.347,-0.0011482,-1.4826,0.10783,3.7025e-07,0.011112,0,70.47,0.14081,0.59352,483.0567,1456.1021
8.7083,9991.2467,-0.61201,239.8324,4.5359,0.45386,0.13656,1.114,89.9906,0.19193,4.6109,3.1992,-6.7235,-28.4512,-0.0011545,-1.449,0.084649,3.706e-07,0.011122,0,70.6071,0.14075,0.57559,483.0567,1456.1024
8.7166,9991.2417,-0.60853,239.8343,4.5397,0.45317,0.14585,0.42534,89.9922,0.23255,4.6142,3.1781,-7.875,-28.5552,-0.0011877,-1.4153,0.05724,3.7093e-07,0.011133,0,70.7445,0.14074,0.5573,483.0567,1456.1026
8.725,9991.2366,-0.60491,239.8362,4.5435,0.45252,0.14939,-0.24824,89.9942,0.25999,4.6176,3.1473,-9.2876,-28.6561,-0.0012658,-1.382,0.028138,3.7126e-07,0.011144,0,70.4139,0.14079,0.53869,483.0567,1456.1029
8.7333,9991.2316,-0.60119,239.838,4.5473,0.45189,0.14732,-0.90702,89.9964,0.27345,4.6209,3.0493,-10.8077,-28.7513,-0.0013958,-1.3494,-0.00065107,3.7157e-07,0.011154,0,70.0839,0.14088,0.54904,483.0567,1456.1032
8.7416,9991.2266,-0.59744,239.8391,4.5511,0.45126,0.13977,-1.5513,89.9986,0.27308,4.6242,2.8789,-12.3135,-28.8389,-0.0015578,-1.3179,-0.027564,3.7186e-07,0.011165,0,69.7563,0.14098,0.59598,483.0567,1456.1035
8.75,9991.2216,-0.59362,239.8397,4.5548,0.45061,0.12684,-2.1816,90.0009,0.25978,4.6276,2.7162,-13.71,-28.9193,-0.0017204,-1.2875,-0.051609,3.7215e-07,0.011176,0,69.4313,0.14107,0.64659,483.0568,1456.1038
8.7583,9991.2167,-0.58969,239.8402,4.5586,0.44991,0.10866,-2.7983,90.0031,0.23492,4.6309,2.6029,-14.937,-28.9937,-0.0018477,-1.2584,-0.072228,3.7242e-07,0.011186,0,69.5661,0.14114,0.67999,483.0568,1456.1041
8.7666,9991.2118,-0.58558,239.8411,4.5624,0.44918,0.085339,-3.4019,90.005,0.20014,4.6341,2.5883,-15.9605,-29.0638,-0.0019433,-1.2307,-0.089198,3.7268e-07,0.011197,0,69.7012,0.14121,0.67109,483.0568,1456.1043
8.7684,9991.2118,-0.58558,239.8411,4.5624,0.44918,0.085339,-3.4019,90.005,0.20014,4.6341,2.5883,-15.9605,-29.0638,-0.0019433,-1.2307,-0.089198,3.7268e-07,0.011197,0,69.7012,0.14106,0.68673,483.0568,1456.1043
8.7684,9991.2118,-0.58558,239.8411,4.5624,0.44918,0.085339,-3.4019,90.005,0.20014,4.6341,2.5883,-15.9605,-29.0638,-0.0019433,-1.2307,-0.089198,3.7268e-07,0.011197,0,69.7012,0.14106,0.68673,483.0568,1456.1043
8.775,9991.2069,-0.58133,239.842,4.5661,0.44839,0.05699,-3.9929,90.0067,0.1572,4.6373,2.5825,-16.7668,-29.1294,-0.0019952,-1.0364,-0.10256,3.7294e-07,0.011208,0,69.8367,0.14125,0.65734,483.0568,1456.1046
8.7778,9991.2069,-0.58133,239.842,4.5661,0.44839,0.05699,-3.9929,90.0067,0.1572,4.6373,2.5825,-16.7668,-29.1294,-0.0019952,-1.0364,-0.10256,3.7294e-07,0.011208,0,69.8367,0.14102,0.68457,483.0568,1456.1046
8.7778,9991.2069,-0.58133,239.842,4.5661,0.44839,0.05699,-3.9929,90.0067,0.1572,4.6373,2.5825,-16.7668,-29.1294,-0.0019952,-1.0364,-0.10256,3.7294e-07,0.011208,0,69.8367,0.14102,0.68457,483.0568,1456.1046
8.7833,9991.2021,-0.57692,239.8431,4.5699,0.44755,0.023715,-4.4917,90.008,0.10782,4.6406,2.5841,-15.8349,-29.6128,-0.0020139,0.49843,-0.11253,3.7318e-07,0.011218,0,69.9726,0.14127,0.64194,483.0568,1456.1049
8.7888,9991.2021,-0.57692,239.8431,4.5699,0.44755,0.023715,-4.4917,90.008,0.10782,4.6406,2.5841,-15.8349,-29.6128,-0.0020139,0.49843,-0.11253,3.7318e-07,0.011218,0,69.9726,0.14082,0.69542,483.0568,1456.1049
8.7916,9991.1973,-0.57237,239.8444,4.5736,0.44665,-0.013715,-4.258,90.0089,0.053633,4.6437,2.5932,-2.5251,-33.4647,-0.0019876,1.586,-0.11946,3.7342e-07,0.011229,0,70.1088,0.14125,0.6256,483.0569,1456.1052
8.8,9991.1926,-0.56767,239.8458,4.5773,0.44568,-0.049198,-3.5053,90.0093,-0.0038603,4.6469,2.6096,6.9167,-36.2117,-0.001954,1.5557,-0.12378,3.7366e-07,0.01124,0,70.2454,0.14121,0.60866,483.0569,1456.1054
8.8031,9991.1926,-0.56767,239.8458,4.5773,0.44568,-0.049198,-3.5053,90.0093,-0.0038603,4.6469,2.6096,6.9167,-36.2117,-0.001954,1.5557,-0.12378,3.7366e-07,0.01124,0,70.2454,0.14096,0.6509,483.0569,1456.1054
8.8031,9991.1926,-0.56767,239.8458,4.5773,0.44568,-0.049198,-3.5053,90.0093,-0.0038603,4.6469,2.6096,6.9167,-36.2117,-0.001954,1.5557,-0.12378,3.7366e-07,0.01124,0,70.2454,0.14096,0.6509,483.0569,1456.1054
8.8083,9991.1878,-0.56282,239.8473,4.5811,0.44466,-0.07841,-2.7673,90.0093,-0.063373,4.65,2.6329,6.3791,-36.1628,-0.0019297,1.5254,-0.12489,3.7391e-07,0.01125,0,70.3823,0.14114,0.59134,483.0569,1456.1057
8.8135,9991.1878,-0.56282,239.8473,4.5811,0.44466,-0.07841,-2.7673,90.0093,-0.063373,4.65,2.6329,6.3791,-36.1628,-0.0019297,1.5254,-0.12489,3.7391e-07,0.01125,0,70.3823,0.14072,0.66287,483.0569,1456.1057
8.8166,9991.1878,-0.56282,239.8473,4.5811,0.44466,-0.07841,-2.7673,90.0093,-0.063373,4.65,2.6329,6.3791,-36.1628,-0.0019297,1.5254,-0.12489,3.7391e-07,0.01125,0,70.3823,0.14047,0.69025,483.0569,1456.1057
8.8166,9991.1878,-0.56282,239.8473,4.5811,0.44466,-0.07841,-2.7673,90.0093,-0.063373,4.65,2.6329,6.3791,-36.1628,-0.0019297,1.5254,-0.12489,3.7391e-07,0.01125,0,70.3823,0.14047,0.69025,483.0569,1456.1057
8.8166,9991.1832,-0.55783,239.849,4.5848,0.44361,-0.10147,-2.0438,90.0088,-0.12337,4.6531,2.665,6.0403,-36.1113,-0.0019169,1.4936,-0.1151,3.7415e-07,0.011261,0,70.5195,0.14106,0.57355,483.0569,1456.1059
8.8167,9991.1832,-0.55783,239.849,4.5848,0.44361,-0.10147,-2.0438,90.0088,-0.12337,4.6531,2.665,6.0403,-36.1113,-0.0019169,1.4936,-0.1151,3.7415e-07,0.011261,0,70.5195,0.14106,0.57427,483.0569,1456.1059
8.8167,9991.1832,-0.55783,239.849,4.5848,0.44361,-0.10147,-2.0438,90.0088,-0.12337,4.6531,2.665,6.0403,-36.1113,-0.0019169,1.4936,-0.1151,3.7415e-07,0.011261,0,70.5195,0.14106,0.5757,483.0569,1456.1059
8.8169,9991.1832,-0.55783,239.849,4.5848,0.44361,-0.10147,-2.0438,90.0088,-0.12337,4.6531,2.665,6.0403,-36.1113,-0.0019169,1.4936,-0.1151,3.7415e-07,0.011261,0,70.5195,0.14104,0.57852,483.0569,1456.1059
8.8172,9991.1832,-0.55783,239.849,4.5848,0.44361,-0.10147,-2.0438,90.0088,-0.12337,4.6531,2.665,6.0403,-36.1113,-0.0019169,1.4936,-0.1151,3.7415e-07,0.011261,0,70.5195,0.14102,0.58405,483.0569,1456.1059
8.8178,9991.1832,-0.55783,239.849,4.5848,0.44361,-0.10147,-2.0438,90.0088,-0.12337,4.6531,2.665,6.0403,-36.1113,-0.0019169,1.4936,-0.1151,3.7415e-07,0.011261,0,70.5195,0.14097,0.59462,483.0569,1456.1059
8.819,9991.1832,-0.55783,239.849,4.5848,0.44361,-0.10147,-2.0438,90.0088,-0.12337,4.6531,2.665,6.0403,-36.1113,-0.0019169,1.4936,-0.1151,3.7415e-07,0.011261,0,70.5195,0.14088,0.61395,483.0569,1456.1059
8.8214,9991.1832,-0.55783,239.849,4.5848,0.44361,-0.10147,-2.0438,90.0088,-0.12337,4.6531,2.665,6.0403,-36.1113,-0.0019169,1.4936,-0.1151,3.7415e-07,0.011261,0,70.5195,0.14068,0.64633,483.0569,1456.1059
8.825,9991.1785,-0.5527,239.8508,4.5885,0.44255,-0.1185,-1.3351,90.0078,-0.17863,4.6562,2.7251,6.3693,-36.0536,-0.0019216,1.4601,-0.093597,3.7441e-07,0.011272,0,70.6571,0.141,0.55541,483.0569,1456.1062
8.8333,9991.174,-0.54743,239.8527,4.5922,0.44149,-0.12963,-0.64155,90.0063,-0.22355,4.6592,2.8153,7.4149,-35.9893,-0.0019686,1.4263,-0.066755,3.7467e-07,0.011282,0,70.3262,0.14098,0.53687,483.0569,1456.1065
8.8416,9991.1694,-0.54211,239.8542,4.5959,0.44046,-0.13497,0.03686,90.0044,-0.25556,4.6623,2.8231,8.7908,-35.9199,-0.0020554,1.3927,-0.037546,3.7495e-07,0.011293,0,69.9966,0.14099,0.56222,483.057,1456.1067
8.85,9991.1649,-0.53675,239.8551,4.5996,0.43944,-0.13467,0.70035,90.0023,-0.27354,4.6653,2.7969,10.3164,-35.8464,-0.0021732,1.3597,-0.0080829,3.7523e-07,0.011304,0,69.6695,0.14102,0.61057,483.057,1456.107
8.8583,9991.1605,-0.53135,239.8556,4.6032,0.43842,-0.12883,1.3492,90,-0.27737,4.6683,2.7745,11.8634,-35.7702,-0.0022749,1.3278,0.01988,3.7553e-07,0.011314,0,69.3554,0.14106,0.66168,483.057,1456.1072
8.8666,9991.1561,-0.52576,239.8565,4.6069,0.4374,-0.11759,1.984,89.9977,-0.26776,4.6713,2.881,13.3251,-35.6948,-0.0023711,1.297,0.045178,3.7584e-07,0.011325,0,69.491,0.14114,0.65397,483.057,1456.1075
8.875,9991.1517,-0.52004,239.8576,4.6105,0.43639,-0.10105,2.6049,89.9955,-0.246,4.6743,2.981,14.6309,-35.6197,-0.0024587,1.2674,0.06713,3.7616e-07,0.011336,0,69.6269,0.14125,0.6406,483.057,1456.1077
8.8833,9991.1474,-0.51417,239.8588,4.6142,0.43535,-0.079346,3.2127,89.9934,-0.21368,4.6772,3.0728,15.7391,-35.5453,-0.0025474,1.2392,0.085418,3.7649e-07,0.011346,0,69.7632,0.14136,0.62462,483.057,1456.108
8.8894,9991.1474,-0.51417,239.8588,4.6142,0.43535,-0.079346,3.2127,89.9934,-0.21368,4.6772,3.0728,15.7391,-35.5453,-0.0025474,1.2392,0.085418,3.7649e-07,0.011346,0,69.7632,0.14087,0.68826,483.057,1456.108
8.8894,9991.1474,-0.51417,239.8588,4.6142,0.43535,-0.079346,3.2127,89.9934,-0.21368,4.6772,3.0728,15.7391,-35.5453,-0.0025474,1.2392,0.085418,3.7649e-07,0.011346,0,69.7632,0.14087,0.68826,483.057,1456.108
8.8916,9991.1431,-0.50817,239.8602,4.6178,0.43427,-0.052574,3.8077,89.9916,-0.17256,4.6801,3.1556,16.6303,-35.4711,-0.0026171,1.1586,0.10001,3.7683e-07,0.011357,0,69.8999,0.14147,0.60742,483.057,1456.1082
8.8919,9991.1431,-0.50817,239.8602,4.6178,0.43427,-0.052574,3.8077,89.9916,-0.17256,4.6801,3.1556,16.6303,-35.4711,-0.0026171,1.1586,0.10001,3.7683e-07,0.011357,0,69.8999,0.14144,0.61159,483.057,1456.1082
8.8919,9991.1431,-0.50817,239.8602,4.6178,0.43427,-0.052574,3.8077,89.9916,-0.17256,4.6801,3.1556,16.6303,-35.4711,-0.0026171,1.1586,0.10001,3.7683e-07,0.011357,0,69.8999,0.14144,0.61159,483.057,1456.1082
8.8941,9991.1431,-0.50817,239.8602,4.6178,0.43427,-0.052574,3.8077,89.9916,-0.17256,4.6801,3.1556,16.6303,-35.4711,-0.0026171,1.1586,0.10001,3.7683e-07,0.011357,0,69.8999,0.14127,0.64123,483.057,1456.1082
8.8963,9991.1431,-0.50817,239.8602,4.6178,0.43427,-0.052574,3.8077,89.9916,-0.17256,4.6801,3.1556,16.6303,-35.4711,-0.0026171,1.1586,0.10001,3.7683e-07,0.011357,0,69.8999,0.1411,0.66507,483.057,1456.1082
8.9,9991.1389,-0.50202,239.8617,4.6215,0.43313,-0.020843,4.3647,89.9902,-0.12442,4.683,3.2281,16.8138,-35.2643,-0.0026592,0.057421,0.11108,3.7718e-07,0.011368,0,70.0368,0.14154,0.58993,483.0571,1456.1084
8.9083,9991.1348,-0.49574,239.8633,4.6251,0.43193,0.015529,4.3964,89.9891,-0.07094,4.6858,3.2909,7.5086,-32.5177,-0.0026578,-1.5918,0.11894,3.7752e-07,0.011378,0,70.1741,0.14157,0.57236,483.0571,1456.1087
8.9166,9991.1307,-0.48932,239.8651,4.6287,0.43065,0.052166,3.641,89.9886,-0.013694,4.6886,3.3456,-6.9819,-28.4204,-0.0026326,-1.5617,0.12405,3.7787e-07,0.011389,0,70.3117,0.14156,0.55454,483.0571,1456.1089
8.9185,9991.1307,-0.48932,239.8651,4.6287,0.43065,0.052166,3.641,89.9886,-0.013694,4.6886,3.3456,-6.9819,-28.4204,-0.0026326,-1.5617,0.12405,3.7787e-07,0.011389,0,70.3117,0.14141,0.59022,483.0571,1456.1089
8.9185,9991.1307,-0.48932,239.8651,4.6287,0.43065,0.052166,3.641,89.9886,-0.013694,4.6886,3.3456,-6.9819,-28.4204,-0.0026326,-1.5617,0.12405,3.7787e-07,0.011389,0,70.3117,0.14141,0.59022,483.0571,1456.1089
8.925,9991.1266,-0.48276,239.867,4.6323,0.42932,0.082508,2.9002,89.9884,0.045954,4.6914,3.3937,-6.4023,-28.521,-0.0026378,-1.5315,0.12646,3.7822e-07,0.0114,0,70.0655,0.14151,0.53648,483.0571,1456.1091
8.9314,9991.1266,-0.48276,239.867,4.6323,0.42932,0.082508,2.9002,89.9884,0.045954,4.6914,3.3937,-6.4023,-28.521,-0.0026378,-1.5315,0.12646,3.7822e-07,0.0114,0,70.0655,0.141,0.64268,483.0571,1456.1091
8.9316,9991.1266,-0.48276,239.867,4.6323,0.42932,0.082508,2.9002,89.9884,0.045954,4.6914,3.3937,-6.4023,-28.521,-0.0026378,-1.5315,0.12646,3.7822e-07,0.0114,0,70.0655,0.14099,0.64461,483.0571,1456.1091
8.9316,9991.1266,-0.48276,239.867,4.6323,0.42932,0.082508,2.9002,89.9884,0.045954,4.6914,3.3937,-6.4023,-28.521,-0.0026378,-1.5315,0.12646,3.7822e-07,0.0114,0,70.0655,0.14099,0.64461,483.0571,1456.1091
8.9333,9991.1226,-0.47618,239.8683,4.6359,0.42793,0.10668,2.1739,89.9888,0.10671,4.6942,3.3207,-5.9899,-28.6178,-0.0026599,-1.5002,0.1205,3.7856e-07,0.01141,0,69.7362,0.14142,0.57066,483.0571,1456.1094
8.935,9991.1226,-0.47618,239.8683,4.6359,0.42793,0.10668,2.1739,89.9888,0.10671,4.6942,3.3207,-5.9899,-28.6178,-0.0026599,-1.5002,0.1205,3.7856e-07,0.01141,0,69.7362,0.14128,0.60069,483.0571,1456.1094
8.9385,9991.1226,-0.47618,239.8683,4.6359,0.42793,0.10668,2.1739,89.9888,0.10671,4.6942,3.3207,-5.9899,-28.6178,-0.0026599,-1.5002,0.1205,3.7856e-07,0.01141,0,69.7362,0.14101,0.64722,483.0571,1456.1094
8.9416,9991.1187,-0.46958,239.8691,4.6395,0.4265,0.12479,1.4623,89.9897,0.16456,4.697,3.2053,-6.088,-28.7145,-0.0026952,-1.4669,0.10066,3.7889e-07,0.011421,0,69.4094,0.14129,0.62013,483.0571,1456.1096
8.95,9991.1148,-0.46293,239.8695,4.643,0.42506,0.13698,0.76578,89.9911,0.21287,4.6997,3.0584,-7.0338,-28.8139,-0.0027025,-1.4331,0.074411,3.7921e-07,0.011432,0,69.5446,0.14116,0.67178,483.0571,1456.1098
8.9583,9991.111,-0.45612,239.8703,4.6466,0.42366,0.14336,0.084449,89.9929,0.24856,4.7024,3.0278,-8.373,-28.9145,-0.0027066,-1.3993,0.045251,3.7953e-07,0.011442,0,69.68,0.1411,0.6645,483.0572,1456.11
8.9666,9991.1072,-0.44919,239.8713,4.6501,0.42231,0.14406,-0.58191,89.9949,0.27024,4.7051,2.9905,-9.8936,-29.013,-0.0027218,-1.3662,0.015328,3.7983e-07,0.011453,0,69.8158,0.14111,0.65141,483.0572,1456.1102
8.975,9991.1035,-0.44213,239.8723,4.6536,0.42101,0.13921,-1.2336,89.9972,0.27755,4.7078,2.952,-11.4652,-29.1071,-0.0027728,-1.3339,-0.013438,3.8011e-07,0.011464,0,69.952,0.14121,0.63563,483.0572,1456.1104
8.9833,9991.0998,-0.43494,239.8736,4.6572,0.41975,0.12893,-1.871,89.9995,0.27103,4.7104,2.9172,-12.9713,-29.1943,-0.002856,-1.3028,-0.039729,3.8039e-07,0.011474,0,70.0885,0.14137,0.61854,483.0572,1456.1107
8.9916,9991.0962,-0.42763,239.8749,4.6607,0.4185,0.11334,-2.4945,90.0018,0.25189,4.7131,2.8891,-14.332,-29.2739,-0.0029652,-1.2729,-0.062759,3.8065e-07,0.011485,0,70.2253,0.14156,0.60077,483.0572,1456.1109
9,9991.0927,-0.42019,239.8765,4.6642,0.41723,0.092554,-3.1048,90.0039,0.22167,4.7157,2.8696,-15.4991,-29.3459,-0.0030847,-1.2444,-0.082125,3.809e-07,0.011496,0,70.3625,0.14175,0.58259,483.0572,1456.1111
9.0037,9991.0927,-0.42019,239.8765,4.6642,0.41723,0.092554,-3.1048,90.0039,0.22167,4.7157,2.8696,-15.4991,-29.3459,-0.0030847,-1.2444,-0.082125,3.809e-07,0.011496,0,70.3625,0.14146,0.63748,483.0572,1456.1111
9.0037,9991.0927,-0.42019,239.8765,4.6642,0.41723,0.092554,-3.1048,90.0039,0.22167,4.7157,2.8696,-15.4991,-29.3459,-0.0030847,-1.2444,-0.082125,3.809e-07,0.011496,0,70.3625,0.14146,0.63748,483.0572,1456.1111
9.0083,9991.0892,-0.41262,239.8781,4.6677,0.4159,0.066681,-3.7021,90.0057,0.18214,4.7182,2.8594,-16.4484,-29.4108,-0.0031927,-1.2172,-0.097733,3.8114e-07,0.011506,0,70.5,0.14192,0.56417,483.0572,1456.1113
9.0129,9991.0892,-0.41262,239.8781,4.6677,0.4159,0.066681,-3.7021,90.0057,0.18214,4.7182,2.8594,-16.4484,-29.4108,-0.0031927,-1.2172,-0.097733,3.8114e-07,0.011506,0,70.5,0.14156,0.6348,483.0572,1456.1113
9.0156,9991.0892,-0.41262,239.8781,4.6677,0.4159,0.066681,-3.7021,90.0057,0.18214,4.7182,2.8594,-16.4484,-29.4108,-0.0031927,-1.2172,-0.097733,3.8114e-07,0.011506,0,70.5,0.14136,0.66371,483.0572,1456.1113
9.0156,9991.0892,-0.41262,239.8781,4.6677,0.4159,0.066681,-3.7021,90.0057,0.18214,4.7182,2.8594,-16.4484,-29.4108,-0.0031927,-1.2172,-0.097733,3.8114e-07,0.011506,0,70.5,0.14136,0.66371,483.0572,1456.1113
9.0166,9991.0858,-0.40491,239.8799,4.6711,0.4145,0.03583,-4.2871,90.0072,0.1351,4.7207,2.858,-17.1737,-29.4702,-0.0032684,-0.40071,-0.10972,3.8137e-07,0.011517,0,70.6379,0.14204,0.54569,483.0573,1456.1114
9.0177,9991.0858,-0.40491,239.8799,4.6711,0.4145,0.03583,-4.2871,90.0072,0.1351,4.7207,2.858,-17.1737,-29.4702,-0.0032684,-0.40071,-0.10972,3.8137e-07,0.011517,0,70.6379,0.14196,0.56684,483.0573,1456.1114
9.0198,9991.0858,-0.40491,239.8799,4.6711,0.4145,0.03583,-4.2871,90.0072,0.1351,4.7207,2.858,-17.1737,-29.4702,-0.0032684,-0.40071,-0.10972,3.8137e-07,0.011517,0,70.6379,0.1418,0.60297,483.0573,1456.1114
9.024,9991.0858,-0.40491,239.8799,4.6711,0.4145,0.03583,-4.2871,90.0072,0.1351,4.7207,2.858,-17.1737,-29.4702,-0.0032684,-0.40071,-0.10972,3.8137e-07,0.011517,0,70.6379,0.14147,0.65588,483.0573,1456.1114
9.0241,9991.0858,-0.40491,239.8799,4.6711,0.4145,0.03583,-4.2871,90.0072,0.1351,4.7207,2.858,-17.1737,-29.4702,-0.0032684,-0.40071,-0.10972,3.8137e-07,0.011517,0,70.6379,0.14147,0.65649,483.0573,1456.1114
9.0241,9991.0858,-0.40491,239.8799,4.6711,0.4145,0.03583,-4.2871,90.0072,0.1351,4.7207,2.858,-17.1737,-29.4702,-0.0032684,-0.40071,-0.10972,3.8137e-07,0.011517,0,70.6379,0.14147,0.65649,483.0573,1456.1114
9.025,9991.0825,-0.39708,239.8819,4.6746,0.41302,0.00010447,-4.4827,90.0083,0.082289,4.7232,2.8641,-10.5088,-31.5108,-0.0033263,1.3245,-0.11835,3.816e-07,0.011528,0,70.3063,0.14212,0.52746,483.0573,1456.1116
9.0258,9991.0825,-0.39708,239.8819,4.6746,0.41302,0.00010447,-4.4827,90.0083,0.082289,4.7232,2.8641,-10.5088,-31.5108,-0.0033263,1.3245,-0.11835,3.816e-07,0.011528,0,70.3063,0.14205,0.5461,483.0573,1456.1116
9.0275,9991.0825,-0.39708,239.8819,4.6746,0.41302,0.00010447,-4.4827,90.0083,0.082289,4.7232,2.8641,-10.5088,-31.5108,-0.0033263,1.3245,-0.11835,3.816e-07,0.011528,0,70.3063,0.14192,0.57892,483.0573,1456.1116
9.0309,9991.0825,-0.39708,239.8819,4.6746,0.41302,0.00010447,-4.4827,90.0083,0.082289,4.7232,2.8641,-10.5088,-31.5108,-0.0033263,1.3245,-0.11835,3.816e-07,0.011528,0,70.3063,0.14165,0.62994,483.0573,1456.1116
9.0333,9991.0792,-0.38926,239.8831,4.6781,0.41145,-0.037252,-3.855,90.009,0.025328,4.7257,2.7382,4.6133,-35.8423,-0.0033513,1.5707,-0.12413,3.8183e-07,0.011538,0,69.9771,0.14209,0.57292,483.0573,1456.1118
9.0345,9991.0792,-0.38926,239.8831,4.6781,0.41145,-0.037252,-3.855,90.009,0.025328,4.7257,2.7382,4.6133,-35.8423,-0.0033513,1.5707,-0.12413,3.8183e-07,0.011538,0,69.9771,0.142,0.5935,483.0573,1456.1118
9.0345,9991.0792,-0.38926,239.8831,4.6781,0.41145,-0.037252,-3.855,90.009,0.025328,4.7257,2.7382,4.6133,-35.8423,-0.0033513,1.5707,-0.12413,3.8183e-07,0.011538,0,69.9771,0.142,0.5935,483.0573,1456.1118
9.0416,9991.076,-0.3814,239.8838,4.6815,0.40979,-0.069376,-3.1099,90.0092,-0.034362,4.7282,2.6219,6.4921,-36.4788,-0.0033711,1.5405,-0.12736,3.8205e-07,0.011549,0,69.6503,0.14199,0.62379,483.0573,1456.112
9.0473,9991.076,-0.3814,239.8838,4.6815,0.40979,-0.069376,-3.1099,90.0092,-0.034362,4.7282,2.6219,6.4921,-36.4788,-0.0033711,1.5405,-0.12736,3.8205e-07,0.011549,0,69.6503,0.14155,0.6807,483.0573,1456.112
9.0473,9991.076,-0.3814,239.8838,4.6815,0.40979,-0.069376,-3.1099,90.0092,-0.034362,4.7282,2.6219,6.4921,-36.4788,-0.0033711,1.5405,-0.12736,3.8205e-07,0.011549,0,69.6503,0.14155,0.6807,483.0573,1456.112
9.05,9991.0729,-0.37352,239.8841,4.6849,0.40807,-0.095292,-2.3794,90.009,-0.095557,4.7307,2.5149,6.0218,-36.4226,-0.0033402,1.5095,-0.12388,3.8229e-07,0.01156,0,69.7854,0.14182,0.67625,483.0573,1456.1122
9.0526,9991.0729,-0.37352,239.8841,4.6849,0.40807,-0.095292,-2.3794,90.009,-0.095557,4.7307,2.5149,6.0218,-36.4226,-0.0033402,1.5095,-0.12388,3.8229e-07,0.01156,0,69.7854,0.14162,0.69438,483.0573,1456.1122
9.0583,9991.0698,-0.36548,239.8848,4.6883,0.40632,-0.11512,-1.6635,90.0082,-0.15504,4.7331,2.5566,5.9642,-36.3657,-0.0032906,1.4766,-0.1067,3.8252e-07,0.01157,0,69.9208,0.14166,0.66949,483.0573,1456.1123
9.0666,9991.0668,-0.35733,239.8857,4.6917,0.4046,-0.12898,-0.96269,90.0069,-0.20625,4.7355,2.6332,6.7438,-36.3034,-0.003238,1.4427,-0.081506,3.8277e-07,0.011581,0,70.0566,0.14155,0.65675,483.0573,1456.1125
9.075,9991.0638,-0.34907,239.8867,4.6951,0.40293,-0.13701,-0.27707,90.0051,-0.24535,4.7378,2.7305,8.0161,-36.2372,-0.0032137,1.4088,-0.052645,3.8303e-07,0.011592,0,70.1928,0.14151,0.64121,483.0573,1456.1127
9.0833,9991.0609,-0.3407,239.8878,4.6985,0.40133,-0.13931,0.39351,90.0031,-0.27058,4.7402,2.838,9.5171,-36.1675,-0.003226,1.3754,-0.022511,3.833e-07,0.011602,0,70.3293,0.14157,0.6243,483.0573,1456.1128
9.0916,9991.0581,-0.33222,239.8891,4.7018,0.39978,-0.13603,1.0493,90.0008,-0.28134,4.7425,2.9495,11.1013,-36.0945,-0.0032813,1.3428,0.0068763,3.8358e-07,0.011613,0,70.4661,0.14169,0.60663,483.0573,1456.113
9.1,9991.0554,-0.32362,239.8906,4.7052,0.39826,-0.12729,1.6907,89.9985,-0.27799,4.7448,3.0599,12.6463,-36.0187,-0.0033744,1.3114,0.034044,3.8387e-07,0.011624,0,70.6033,0.14188,0.58851,483.0574,1456.1132
9.1083,9991.0528,-0.3149,239.8921,4.7085,0.39675,-0.1132,2.3182,89.9962,-0.26158,4.7471,3.1655,14.0624,-35.9407,-0.0034937,1.2812,0.058081,3.8418e-07,0.011634,0,70.7408,0.14209,0.57006,483.0574,1456.1133
9.1166,9991.0502,-0.30607,239.8939,4.7118,0.39521,-0.093883,2.9322,89.994,-0.23362,4.7493,3.2638,15.294,-35.8614,-0.0036228,1.2523,0.078493,3.8449e-07,0.011645,0,70.8786,0.14231,0.55136,483.0574,1456.1135
9.1171,9991.0502,-0.30607,239.8939,4.7118,0.39521,-0.093883,2.9322,89.994,-0.23362,4.7493,3.2638,15.294,-35.8614,-0.0036228,1.2523,0.078493,3.8449e-07,0.011645,0,70.8786,0.14228,0.56021,483.0574,1456.1135
9.1171,9991.0502,-0.30607,239.8939,4.7118,0.39521,-0.093883,2.9322,89.994,-0.23362,4.7493,3.2638,15.294,-35.8614,-0.0036228,1.2523,0.078493,3.8449e-07,0.011645,0,70.8786,0.14228,0.56021,483.0574,1456.1135
9.125,9991.0477,-0.29712,239.8957,4.7151,0.39363,-0.069448,3.5332,89.9921,-0.19585,4.7515,3.3532,16.3111,-35.7818,-0.0037727,1.2247,0.095117,3.8482e-07,0.011656,0,70.5471,0.1425,0.53242,483.0574,1456.1136
9.1287,9991.0477,-0.29712,239.8957,4.7151,0.39363,-0.069448,3.5332,89.9921,-0.19585,4.7515,3.3532,16.3111,-35.7818,-0.0037727,1.2247,0.095117,3.8482e-07,0.011656,0,70.5471,0.14222,0.60033,483.0574,1456.1136
9.1287,9991.0477,-0.29712,239.8957,4.7151,0.39363,-0.069448,3.5332,89.9921,-0.19585,4.7515,3.3532,16.3111,-35.7818,-0.0037727,1.2247,0.095117,3.8482e-07,0.011656,0,70.5471,0.14222,0.60033,483.0574,1456.1136
9.1333,9991.0452,-0.28819,239.8968,4.7184,0.39196,-0.040005,4.1217,89.9904,-0.15008,4.7537,3.2933,17.1035,-35.701,-0.0038936,0.90561,0.10804,3.8515e-07,0.011666,0,70.2179,0.1426,0.57724,483.0574,1456.1137
9.1379,9991.0452,-0.28819,239.8968,4.7184,0.39196,-0.040005,4.1217,89.9904,-0.15008,4.7537,3.2933,17.1035,-35.701,-0.0038936,0.90561,0.10804,3.8515e-07,0.011666,0,70.2179,0.14226,0.64064,483.0574,1456.1137
9.1379,9991.0452,-0.28819,239.8968,4.7184,0.39196,-0.040005,4.1217,89.9904,-0.15008,4.7537,3.2933,17.1035,-35.701,-0.0038936,0.90561,0.10804,3.8515e-07,0.011666,0,70.2179,0.14226,0.64064,483.0574,1456.1137
9.1416,9991.0428,-0.27923,239.8975,4.7217,0.39019,-0.0056581,4.5584,89.9892,-0.09809,4.7559,3.2248,15.0168,-34.8932,-0.0039702,-0.83245,0.11752,3.8549e-07,0.011677,0,69.8911,0.14261,0.62805,483.0574,1456.1139
9.1454,9991.0428,-0.27923,239.8975,4.7217,0.39019,-0.0056581,4.5584,89.9892,-0.09809,4.7559,3.2248,15.0168,-34.8932,-0.0039702,-0.83245,0.11752,3.8549e-07,0.011677,0,69.8911,0.14233,0.66631,483.0574,1456.1139
9.15,9991.0406,-0.27026,239.8977,4.725,0.38833,0.032328,4.1655,89.9884,-0.041534,4.7581,3.1498,-0.17348,-30.5585,-0.0039422,-1.5836,0.12394,3.8584e-07,0.011688,0,70.0262,0.14253,0.68063,483.0574,1456.114
9.1501,9991.0406,-0.27026,239.8977,4.725,0.38833,0.032328,4.1655,89.9884,-0.041534,4.7581,3.1498,-0.17348,-30.5585,-0.0039422,-1.5836,0.12394,3.8584e-07,0.011688,0,70.0262,0.14252,0.68186,483.0574,1456.114
9.1501,9991.0406,-0.27026,239.8977,4.725,0.38833,0.032328,4.1655,89.9884,-0.041534,4.7581,3.1498,-0.17348,-30.5585,-0.0039422,-1.5836,0.12394,3.8584e-07,0.011688,0,70.0262,0.14252,0.68186,483.0574,1456.114
9.1583,9991.0383,-0.26113,239.8984,4.7282,0.3864,0.067041,3.4144,89.988,0.018075,4.7602,3.1984,-6.603,-28.7041,-0.0038748,-1.5533,0.12777,3.8618e-07,0.011698,0,70.1616,0.14241,0.67414,483.0574,1456.1141
9.1627,9991.0383,-0.26113,239.8984,4.7282,0.3864,0.067041,3.4144,89.988,0.018075,4.7602,3.1984,-6.603,-28.7041,-0.0038748,-1.5533,0.12777,3.8618e-07,0.011698,0,70.1616,0.14209,0.701,483.0574,1456.1141
9.1627,9991.0383,-0.26113,239.8984,4.7282,0.3864,0.067041,3.4144,89.988,0.018075,4.7602,3.1984,-6.603,-28.7041,-0.0038748,-1.5533,0.12777,3.8618e-07,0.011698,0,70.1616,0.14209,0.701,483.0574,1456.1141
9.1666,9991.0362,-0.2519,239.8992,4.7314,0.38444,0.095494,2.6778,89.9882,0.079474,4.7623,3.2407,-6.1012,-28.8036,-0.0037877,-1.5227,0.12764,3.8651e-07,0.011709,0,70.2974,0.14228,0.66177,483.0574,1456.1142
9.1706,9991.0362,-0.2519,239.8992,4.7314,0.38444,0.095494,2.6778,89.9882,0.079474,4.7623,3.2407,-6.1012,-28.8036,-0.0037877,-1.5227,0.12764,3.8651e-07,0.011709,0,70.2974,0.14199,0.69051,483.0574,1456.1142
9.175,9991.0341,-0.24257,239.9001,4.7347,0.38248,0.11781,1.9558,89.9888,0.14077,4.7643,3.2737,-5.8421,-28.903,-0.0037126,-1.4903,0.11489,3.8684e-07,0.01172,0,70.4336,0.14217,0.64656,483.0574,1456.1144
9.1833,9991.0322,-0.23314,239.9012,4.7379,0.38054,0.13411,1.2488,89.99,0.19592,4.7664,3.2758,-6.3537,-29.0047,-0.0036605,-1.4566,0.09152,3.8716e-07,0.01173,0,70.57,0.1421,0.62992,483.0574,1456.1145
9.1916,9991.0303,-0.22362,239.9024,4.741,0.37865,0.14451,0.55695,89.9916,0.23983,4.7684,3.2523,-7.5143,-29.107,-0.0036418,-1.4225,0.063346,3.8747e-07,0.011741,0,70.7069,0.1421,0.61249,483.0574,1456.1146
9.2,9991.0284,-0.21399,239.9037,4.7442,0.37681,0.14915,-0.11973,89.9936,0.27021,4.7704,3.2178,-8.9711,-29.2062,-0.0036623,-1.3888,0.033144,3.8777e-07,0.011752,0,70.844,0.14217,0.59454,483.0575,1456.1147
9.2083,9991.0267,-0.20426,239.9052,4.7473,0.37502,0.14816,-0.78152,89.9959,0.28608,4.7723,3.1791,-10.5557,-29.3001,-0.0037241,-1.3558,0.0030376,3.8805e-07,0.011762,0,70.9815,0.14232,0.57621,483.0575,1456.1148
9.2166,9991.025,-0.19443,239.9068,4.7505,0.37327,0.14164,-1.4287,89.9983,0.28749,4.7743,3.1416,-12.1393,-29.3875,-0.0038226,-1.3239,-0.025263,3.8833e-07,0.011773,0,71.1193,0.14252,0.55757,483.0575,1456.1149
9.225,9991.0235,-0.18449,239.9086,4.7536,0.37154,0.12974,-2.0618,90.0007,0.2753,4.7762,3.1092,-13.6181,-29.4675,-0.0039682,-1.2932,-0.050661,3.8858e-07,0.011784,0,70.7878,0.14276,0.53867,483.0575,1456.115
9.2333,9991.022,-0.17455,239.9099,4.7567,0.36977,0.11256,-2.6813,90.003,0.25092,4.7781,2.9882,-14.9253,-29.5387,-0.0041399,-1.2637,-0.072527,3.8883e-07,0.011794,0,70.4576,0.14297,0.56362,483.0575,1456.115
9.2416,9991.0205,-0.16461,239.9107,4.7598,0.36795,0.090212,-3.2876,90.0051,0.21603,4.78,2.8345,-16.0226,-29.6018,-0.004308,-1.2357,-0.090591,3.8906e-07,0.011805,0,70.1299,0.14312,0.61215,483.0575,1456.1151
9.2485,9991.0205,-0.16461,239.9107,4.7598,0.36795,0.090212,-3.2876,90.0051,0.21603,4.78,2.8345,-16.0226,-29.6018,-0.004308,-1.2357,-0.090591,3.8906e-07,0.011805,0,70.1299,0.14263,0.67827,483.0575,1456.1151
9.2485,9991.0205,-0.16461,239.9107,4.7598,0.36795,0.090212,-3.2876,90.0051,0.21603,4.78,2.8345,-16.0226,-29.6018,-0.004308,-1.2357,-0.090591,3.8906e-07,0.011805,0,70.1299,0.14263,0.67827,483.0575,1456.1151
9.25,9991.0192,-0.15466,239.911,4.7629,0.36604,0.062816,-3.8811,90.0069,0.17245,4.7818,2.6926,-16.8934,-29.6585,-0.0044012,-1.1065,-0.10486,3.8929e-07,0.011816,0,69.8047,0.14319,0.66356,483.0575,1456.1152
9.2512,9991.0192,-0.15466,239.911,4.7629,0.36604,0.062816,-3.8811,90.0069,0.17245,4.7818,2.6926,-16.8934,-29.6585,-0.0044012,-1.1065,-0.10486,3.8929e-07,0.011816,0,69.8047,0.1431,0.6733,483.0575,1456.1152
9.2512,9991.0192,-0.15466,239.911,4.7629,0.36604,0.062816,-3.8811,90.0069,0.17245,4.7818,2.6926,-16.8934,-29.6585,-0.0044012,-1.1065,-0.10486,3.8929e-07,0.011816,0,69.8047,0.1431,0.6733,483.0575,1456.1152
9.2527,9991.0192,-0.15466,239.911,4.7629,0.36604,0.062816,-3.8811,90.0069,0.17245,4.7818,2.6926,-16.8934,-29.6585,-0.0044012,-1.1065,-0.10486,3.8929e-07,0.011816,0,69.8047,0.143,0.68315,483.0575,1456.1152
9.2542,9991.0192,-0.15466,239.911,4.7629,0.36604,0.062816,-3.8811,90.0069,0.17245,4.7818,2.6926,-16.8934,-29.6585,-0.0044012,-1.1065,-0.10486,3.8929e-07,0.011816,0,69.8047,0.14289,0.69166,483.0575,1456.1152
9.2571,9991.0192,-0.15466,239.911,4.7629,0.36604,0.062816,-3.8811,90.0069,0.17245,4.7818,2.6926,-16.8934,-29.6585,-0.0044012,-1.1065,-0.10486,3.8929e-07,0.011816,0,69.8047,0.14268,0.70535,483.0575,1456.1152
9.2583,9991.018,-0.14456,239.9118,4.7659,0.36406,0.030473,-4.4136,90.0083,0.122,4.7837,2.6915,-16.6092,-29.9703,-0.0044245,0.13966,-0.11556,3.895e-07,0.011826,0,69.9406,0.14323,0.65629,483.0575,1456.1153
9.2642,9991.018,-0.14456,239.9118,4.7659,0.36406,0.030473,-4.4136,90.0083,0.122,4.7837,2.6915,-16.6092,-29.9703,-0.0044245,0.13966,-0.11556,3.895e-07,0.011826,0,69.9406,0.14281,0.69575,483.0575,1456.1153
9.2666,9991.0168,-0.13437,239.9127,4.769,0.36202,-0.0063068,-4.3516,90.0093,0.06641,4.7854,2.698,-5.9641,-33.0903,-0.0043718,1.5913,-0.12303,3.8972e-07,0.011837,0,70.0768,0.14321,0.6436,483.0575,1456.1153
9.275,9991.0157,-0.12408,239.9137,4.772,0.35993,-0.04257,-3.5967,90.0099,0.0072398,4.7872,2.7119,6.7475,-36.7431,-0.0042949,1.5611,-0.12772,3.8993e-07,0.011848,0,70.2133,0.14317,0.62831,483.0575,1456.1154
9.2776,9991.0157,-0.12408,239.9137,4.772,0.35993,-0.04257,-3.5967,90.0099,0.0072398,4.7872,2.7119,6.7475,-36.7431,-0.0042949,1.5611,-0.12772,3.8993e-07,0.011848,0,70.2133,0.14298,0.65559,483.0575,1456.1154
9.2776,9991.0157,-0.12408,239.9137,4.772,0.35993,-0.04257,-3.5967,90.0099,0.0072398,4.7872,2.7119,6.7475,-36.7431,-0.0042949,1.5611,-0.12772,3.8993e-07,0.011848,0,70.2133,0.14298,0.65559,483.0575,1456.1154
9.2833,9991.0147,-0.11369,239.9149,4.775,0.35781,-0.072542,-2.8565,90.0099,-0.054135,4.7889,2.7331,6.1854,-36.6906,-0.0042237,1.5307,-0.1294,3.9014e-07,0.011858,0,70.3502,0.14312,0.61176,483.0575,1456.1155
9.289,9991.0147,-0.11369,239.9149,4.775,0.35781,-0.072542,-2.8565,90.0099,-0.054135,4.7889,2.7331,6.1854,-36.6906,-0.0042237,1.5307,-0.1294,3.9014e-07,0.011858,0,70.3502,0.14271,0.66888,483.0575,1456.1155
9.291,9991.0147,-0.11369,239.9149,4.775,0.35781,-0.072542,-2.8565,90.0099,-0.054135,4.7889,2.7331,6.1854,-36.6906,-0.0042237,1.5307,-0.1294,3.9014e-07,0.011858,0,70.3502,0.14257,0.68269,483.0575,1456.1155
9.291,9991.0147,-0.11369,239.9149,4.775,0.35781,-0.072542,-2.8565,90.0099,-0.054135,4.7889,2.7331,6.1854,-36.6906,-0.0042237,1.5307,-0.1294,3.9014e-07,0.011858,0,70.3502,0.14257,0.68269,483.0575,1456.1155
9.2916,9991.0138,-0.10322,239.9162,4.778,0.35566,-0.096346,-2.1308,90.0095,-0.11628,4.7906,2.7624,5.8101,-36.6356,-0.004166,1.4991,-0.12165,3.9035e-07,0.011869,0,70.4874,0.14306,0.59437,483.0575,1456.1155
9.2923,9991.0138,-0.10322,239.9162,4.778,0.35566,-0.096346,-2.1308,90.0095,-0.11628,4.7906,2.7624,5.8101,-36.6356,-0.004166,1.4991,-0.12165,3.9035e-07,0.011869,0,70.4874,0.14301,0.60365,483.0575,1456.1155
9.2936,9991.0138,-0.10322,239.9162,4.778,0.35566,-0.096346,-2.1308,90.0095,-0.11628,4.7906,2.7624,5.8101,-36.6356,-0.004166,1.4991,-0.12165,3.9035e-07,0.011869,0,70.4874,0.14292,0.62053,483.0575,1456.1155
9.2961,9991.0138,-0.10322,239.9162,4.778,0.35566,-0.096346,-2.1308,90.0095,-0.11628,4.7906,2.7624,5.8101,-36.6356,-0.004166,1.4991,-0.12165,3.9035e-07,0.011869,0,70.4874,0.14274,0.64841,483.0575,1456.1155
9.3,9991.013,-0.092656,239.9176,4.781,0.35352,-0.1141,-1.4199,90.0085,-0.17467,4.7923,2.816,6.0123,-36.5752,-0.0041299,1.4656,-0.1005,3.9058e-07,0.01188,0,70.625,0.14302,0.57645,483.0575,1456.1156
9.3083,9991.0123,-0.082003,239.9192,4.784,0.35141,-0.12593,-0.72412,90.007,-0.22289,4.794,2.9041,7.0348,-36.5071,-0.0041209,1.4316,-0.073209,3.9081e-07,0.01189,0,70.7628,0.14303,0.55807,483.0575,1456.1156
9.3166,9991.0117,-0.071261,239.921,4.7869,0.34934,-0.13197,-0.043545,90.0052,-0.258,4.7956,3.0084,8.4354,-36.4345,-0.004164,1.3977,-0.043183,3.9105e-07,0.011901,0,70.4312,0.1431,0.53933,483.0575,1456.1156
9.325,9991.0111,-0.060537,239.9222,4.7898,0.3473,-0.13233,0.62206,90.003,-0.27869,4.7972,3.0191,10.0085,-36.3572,-0.0042542,1.3644,-0.012603,3.9131e-07,0.011912,0,70.101,0.1432,0.56667,483.0575,1456.1157
9.3333,9991.0106,-0.049832,239.9229,4.7927,0.34528,-0.12715,1.273,90.0007,-0.28469,4.7988,2.995,11.6211,-36.2761,-0.0043772,1.3321,0.016622,3.9157e-07,0.011922,0,69.7732,0.14331,0.61551,483.0575,1456.1157
9.3416,9991.0103,-0.039131,239.9232,4.7956,0.34326,-0.11654,1.9097,89.9983,-0.27666,4.8004,2.9707,13.1574,-36.1927,-0.004479,1.301,0.043204,3.9185e-07,0.011933,0,69.667,0.14342,0.66705,483.0575,1456.1157
9.35,9991.01,-0.028297,239.9239,4.7985,0.34124,-0.10063,2.5326,89.996,-0.25586,4.8019,3.0731,14.539,-36.1106,-0.0045654,1.2711,0.066379,3.9213e-07,0.011944,0,69.8029,0.14355,0.65931,483.0575,1456.1157
9.3583,9991.0098,-0.017375,239.9247,4.8013,0.33919,-0.079521,3.1421,89.9939,-0.22393,4.8035,3.167,15.7194,-36.0297,-0.0046303,1.2426,0.085771,3.9243e-07,0.011954,0,69.9391,0.14369,0.64585,483.0575,1456.1157
9.3623,9991.0098,-0.017375,239.9247,4.8013,0.33919,-0.079521,3.1421,89.9939,-0.22393,4.8035,3.167,15.7194,-36.0297,-0.0046303,1.2426,0.085771,3.9243e-07,0.011954,0,69.9391,0.14342,0.67703,483.0575,1456.1157
9.3623,9991.0098,-0.017375,239.9247,4.8013,0.33919,-0.079521,3.1421,89.9939,-0.22393,4.8035,3.167,15.7194,-36.0297,-0.0046303,1.2426,0.085771,3.9243e-07,0.011954,0,69.9391,0.14342,0.67703,483.0575,1456.1157
9.3666,9991.0097,-0.0063666,239.9257,4.8042,0.33712,-0.053337,3.7389,89.992,-0.18268,4.805,3.2515,16.6756,-35.9502,-0.0046769,1.201,0.10131,3.9274e-07,0.011965,0,70.0757,0.14382,0.6298,483.0575,1456.1157
9.371,9991.0097,-0.0063666,239.9257,4.8042,0.33712,-0.053337,3.7389,89.992,-0.18268,4.805,3.2515,16.6756,-35.9502,-0.0046769,1.201,0.10131,3.9274e-07,0.011965,0,70.0757,0.14352,0.66844,483.0575,1456.1157
9.3744,9991.0097,-0.0063666,239.9257,4.8042,0.33712,-0.053337,3.7389,89.992,-0.18268,4.805,3.2515,16.6756,-35.9502,-0.0046769,1.201,0.10131,3.9274e-07,0.011965,0,70.0757,0.14329,0.68929,483.0575,1456.1157
9.3744,9991.0097,-0.0063666,239.9257,4.8042,0.33712,-0.053337,3.7389,89.992,-0.18268,4.805,3.2515,16.6756,-35.9502,-0.0046769,1.201,0.10131,3.9274e-07,0.011965,0,70.0757,0.14329,0.68929,483.0575,1456.1157
9.375,9991.0097,0.0047291,239.9268,4.807,0.33501,-0.022179,4.3164,89.9905,-0.13396,4.8064,3.3255,17.2719,-35.8359,-0.0046913,0.32395,0.11316,3.9305e-07,0.011976,0,70.2126,0.14392,0.61277,483.0575,1456.1157
9.3755,9991.0097,0.0047291,239.9268,4.807,0.33501,-0.022179,4.3164,89.9905,-0.13396,4.8064,3.3255,17.2719,-35.8359,-0.0046913,0.32395,0.11316,3.9305e-07,0.011976,0,70.2126,0.14388,0.61961,483.0575,1456.1157
9.3766,9991.0097,0.0047291,239.9268,4.807,0.33501,-0.022179,4.3164,89.9905,-0.13396,4.8064,3.3255,17.2719,-35.8359,-0.0046913,0.32395,0.11316,3.9305e-07,0.011976,0,70.2126,0.1438,0.63221,483.0575,1456.1157
9.3789,9991.0097,0.0047291,239.9268,4.807,0.33501,-0.022179,4.3164,89.9905,-0.13396,4.8064,3.3255,17.2719,-35.8359,-0.0046913,0.32395,0.11316,3.9305e-07,0.011976,0,70.2126,0.14365,0.65357,483.0575,1456.1157
9.383,9991.0097,0.0047291,239.9268,4.807,0.33501,-0.022179,4.3164,89.9905,-0.13396,4.8064,3.3255,17.2719,-35.8359,-0.0046913,0.32395,0.11316,3.9305e-07,0.011976,0,70.2126,0.14337,0.68257,483.0575,1456.1157
9.383,9991.0097,0.0047291,239.9268,4.807,0.33501,-0.022179,4.3164,89.9905,-0.13396,4.8064,3.3255,17.2719,-35.8359,-0.0046913,0.32395,0.11316,3.9305e-07,0.011976,0,70.2126,0.14337,0.68257,483.0575,1456.1157
9.3833,9991.0098,0.015911,239.9281,4.8098,0.33284,0.013791,4.4756,89.9894,-0.079536,4.8078,3.389,10.0507,-33.642,-0.0046642,-1.4324,0.1216,3.9336e-07,0.011986,0,70.3498,0.14398,0.59551,483.0575,1456.1157
9.3836,9991.0098,0.015911,239.9281,4.8098,0.33284,0.013791,4.4756,89.9894,-0.079536,4.8078,3.389,10.0507,-33.642,-0.0046642,-1.4324,0.1216,3.9336e-07,0.011986,0,70.3498,0.14396,0.60006,483.0575,1456.1157
9.3843,9991.0098,0.015911,239.9281,4.8098,0.33284,0.013791,4.4756,89.9894,-0.079536,4.8078,3.389,10.0507,-33.642,-0.0046642,-1.4324,0.1216,3.9336e-07,0.011986,0,70.3498,0.14391,0.60872,483.0575,1456.1157
9.3856,9991.0098,0.015911,239.9281,4.8098,0.33284,0.013791,4.4756,89.9894,-0.079536,4.8078,3.389,10.0507,-33.642,-0.0046642,-1.4324,0.1216,3.9336e-07,0.011986,0,70.3498,0.14382,0.62446,483.0575,1456.1157
9.3881,9991.0098,0.015911,239.9281,4.8098,0.33284,0.013791,4.4756,89.9894,-0.079536,4.8078,3.389,10.0507,-33.642,-0.0046642,-1.4324,0.1216,3.9336e-07,0.011986,0,70.3498,0.14365,0.65047,483.0575,1456.1157
9.3916,9991.01,0.027178,239.9295,4.8126,0.33061,0.051088,3.7966,89.9887,-0.021059,4.8092,3.4439,-5.3736,-29.2706,-0.0046076,-1.5694,0.12715,3.9368e-07,0.011997,0,70.4874,0.144,0.57789,483.0575,1456.1157
9.3933,9991.01,0.027178,239.9295,4.8126,0.33061,0.051088,3.7966,89.9887,-0.021059,4.8092,3.4439,-5.3736,-29.2706,-0.0046076,-1.5694,0.12715,3.9368e-07,0.011997,0,70.4874,0.14389,0.60266,483.0575,1456.1157
9.3933,9991.01,0.027178,239.9295,4.8126,0.33061,0.051088,3.7966,89.9887,-0.021059,4.8092,3.4439,-5.3736,-29.2706,-0.0046076,-1.5694,0.12715,3.9368e-07,0.011997,0,70.4874,0.14389,0.60266,483.0575,1456.1157
9.4,9991.0102,0.038528,239.931,4.8153,0.32833,0.082726,3.0524,89.9886,0.040043,4.8106,3.4918,-6.2825,-28.9492,-0.0045571,-1.5391,0.13005,3.94e-07,0.012008,0,70.6253,0.14399,0.55994,483.0575,1456.1157
9.4063,9991.0102,0.038528,239.931,4.8153,0.32833,0.082726,3.0524,89.9886,0.040043,4.8106,3.4918,-6.2825,-28.9492,-0.0045571,-1.5391,0.13005,3.94e-07,0.012008,0,70.6253,0.14356,0.64341,483.0575,1456.1157
9.4063,9991.0102,0.038528,239.931,4.8153,0.32833,0.082726,3.0524,89.9886,0.040043,4.8106,3.4918,-6.2825,-28.9492,-0.0045571,-1.5391,0.13005,3.94e-07,0.012008,0,70.6253,0.14356,0.64341,483.0575,1456.1157
9.4083,9991.0106,0.049959,239.9327,4.8181,0.32602,0.10816,2.3228,89.9889,0.1025,4.8119,3.5336,-5.8376,-29.0436,-0.0045337,-1.5081,0.12575,3.943e-07,0.012018,0,70.452,0.14396,0.54161,483.0575,1456.1157
9.4103,9991.0106,0.049959,239.9327,4.8181,0.32602,0.10816,2.3228,89.9889,0.1025,4.8119,3.5336,-5.8376,-29.0436,-0.0045337,-1.5081,0.12575,3.943e-07,0.012018,0,70.452,0.14383,0.57684,483.0575,1456.1157
9.4143,9991.0106,0.049959,239.9327,4.8181,0.32602,0.10816,2.3228,89.9889,0.1025,4.8119,3.5336,-5.8376,-29.0436,-0.0045337,-1.5081,0.12575,3.943e-07,0.012018,0,70.452,0.14356,0.62939,483.0575,1456.1157
9.4166,9991.0111,0.061376,239.934,4.8208,0.32369,0.12752,1.6078,89.9897,0.16285,4.8133,3.4687,-5.8334,-29.1368,-0.0045395,-1.4748,0.10716,3.946e-07,0.012029,0,70.1214,0.14391,0.56383,483.0575,1456.1157
9.425,9991.0116,0.072754,239.9347,4.8235,0.32136,0.14092,0.90799,89.9911,0.21427,4.8146,3.3196,-6.7002,-29.232,-0.0045674,-1.4408,0.080962,3.9489e-07,0.01204,0,69.7933,0.14385,0.61253,483.0575,1456.1156
9.4333,9991.0123,0.084113,239.9349,4.8262,0.31905,0.14848,0.22334,89.9929,0.2531,4.8159,3.1546,-8.0338,-29.3261,-0.004576,-1.4068,0.051291,3.9517e-07,0.01205,0,69.4678,0.14381,0.6642,483.0575,1456.1156
9.4416,9991.013,0.095589,239.9356,4.8289,0.31679,0.15035,-0.44627,89.995,0.27768,4.8171,3.1152,-9.5827,-29.4192,-0.0045872,-1.3733,0.020507,3.9543e-07,0.012061,0,69.6039,0.14385,0.65643,483.0575,1456.1156
9.45,9991.0139,0.10714,239.9365,4.8315,0.3146,0.14663,-1.1011,89.9973,0.28748,4.8184,3.0737,-11.204,-29.5088,-0.0046113,-1.3407,-0.0093544,3.9569e-07,0.012072,0,69.7402,0.14396,0.64293,483.0575,1456.1155
9.4583,9991.0148,0.11876,239.9374,4.8342,0.31245,0.13745,-1.7416,89.9997,0.28295,4.8196,3.0351,-12.7742,-29.5927,-0.004668,-1.3092,-0.036839,3.9592e-07,0.012082,0,69.877,0.14413,0.62677,483.0575,1456.1155
9.4666,9991.0159,0.13045,239.9385,4.8368,0.31033,0.12294,-2.3682,90.0021,0.26521,4.8208,3.003,-14.2048,-29.6691,-0.0047491,-1.279,-0.061057,3.9615e-07,0.012093,0,70.014,0.14435,0.60934,483.0575,1456.1154
9.475,9991.017,0.14222,239.9398,4.8394,0.30821,0.1032,-2.9813,90.0043,0.23585,4.822,2.9796,-15.4417,-29.7379,-0.0048447,-1.2501,-0.081537,3.9636e-07,0.012104,0,70.1514,0.14458,0.59124,483.0575,1456.1153
9.4759,9991.017,0.14222,239.9398,4.8394,0.30821,0.1032,-2.9813,90.0043,0.23585,4.822,2.9796,-15.4417,-29.7379,-0.0048447,-1.2501,-0.081537,3.9636e-07,0.012104,0,70.1514,0.14452,0.60402,483.0575,1456.1153
9.4759,9991.017,0.14222,239.9398,4.8394,0.30821,0.1032,-2.9813,90.0043,0.23585,4.822,2.9796,-15.4417,-29.7379,-0.0048447,-1.2501,-0.081537,3.9636e-07,0.012104,0,70.1514,0.14452,0.60402,483.0575,1456.1153
9.4833,9991.0182,0.15407,239.9412,4.842,0.30605,0.078359,-3.5815,90.0062,0.19665,4.8231,2.9657,-16.4562,-29.7995,-0.004935,-1.2226,-0.098137,3.9656e-07,0.012114,0,70.2891,0.1448,0.57273,483.0575,1456.1153
9.4877,9991.0182,0.15407,239.9412,4.842,0.30605,0.078359,-3.5815,90.0062,0.19665,4.8231,2.9657,-16.4562,-29.7995,-0.004935,-1.2226,-0.098137,3.9656e-07,0.012114,0,70.2891,0.14451,0.62979,483.0575,1456.1153
9.4877,9991.0182,0.15407,239.9412,4.842,0.30605,0.078359,-3.5815,90.0062,0.19665,4.8231,2.9657,-16.4562,-29.7995,-0.004935,-1.2226,-0.098137,3.9656e-07,0.012114,0,70.2891,0.14451,0.62979,483.0575,1456.1153
9.4916,9991.0196,0.166,239.9428,4.8445,0.30383,0.048514,-4.1692,90.0079,0.14946,4.8242,2.9612,-17.2395,-29.8548,-0.0049948,-0.80427,-0.11097,3.9676e-07,0.012125,0,70.4271,0.14497,0.55407,483.0575,1456.1152
9.4956,9991.0196,0.166,239.9428,4.8445,0.30383,0.048514,-4.1692,90.0079,0.14946,4.8242,2.9612,-17.2395,-29.8548,-0.0049948,-0.80427,-0.11097,3.9676e-07,0.012125,0,70.4271,0.14472,0.6125,483.0575,1456.1152
9.4969,9991.0196,0.166,239.9428,4.8445,0.30383,0.048514,-4.1692,90.0079,0.14946,4.8242,2.9612,-17.2395,-29.8548,-0.0049948,-0.80427,-0.11097,3.9676e-07,0.012125,0,70.4271,0.14463,0.62731,483.0575,1456.1152
9.4969,9991.0196,0.166,239.9428,4.8445,0.30383,0.048514,-4.1692,90.0079,0.14946,4.8242,2.9612,-17.2395,-29.8548,-0.0049948,-0.80427,-0.11097,3.9676e-07,0.012125,0,70.4271,0.14463,0.62731,483.0575,1456.1152
9.5,9991.021,0.178,239.9445,4.8471,0.30155,0.013771,-4.5577,90.0091,0.096112,4.8253,2.9643,-14.2402,-30.8904,-0.0050437,0.96105,-0.1203,3.9694e-07,0.012136,0,70.0951,0.14509,0.53575,483.0575,1456.1151
9.503,9991.021,0.178,239.9445,4.8471,0.30155,0.013771,-4.5577,90.0091,0.096112,4.8253,2.9643,-14.2402,-30.8904,-0.0050437,0.96105,-0.1203,3.9694e-07,0.012136,0,70.0951,0.1449,0.5876,483.0575,1456.1151
9.5083,9991.0225,0.18993,239.9454,4.8496,0.29918,-0.02421,-4.1037,90.0099,0.038275,4.8263,2.8353,1.201,-35.3125,-0.0050509,1.5821,-0.12655,3.9713e-07,0.012147,0,69.7654,0.14511,0.58142,483.0575,1456.115
9.5089,9991.0225,0.18993,239.9454,4.8496,0.29918,-0.02421,-4.1037,90.0099,0.038275,4.8263,2.8353,1.201,-35.3125,-0.0050509,1.5821,-0.12655,3.9713e-07,0.012147,0,69.7654,0.14507,0.59055,483.0575,1456.115
9.5089,9991.0225,0.18993,239.9454,4.8496,0.29918,-0.02421,-4.1037,90.0099,0.038275,4.8263,2.8353,1.201,-35.3125,-0.0050509,1.5821,-0.12655,3.9713e-07,0.012147,0,69.7654,0.14507,0.59055,483.0575,1456.115
9.5166,9991.0242,0.20184,239.9459,4.8521,0.29673,-0.058407,-3.3534,90.0102,-0.022536,4.8274,2.7161,6.4505,-36.8816,-0.0050478,1.5517,-0.13015,3.9731e-07,0.012157,0,69.4381,0.14505,0.63255,483.0575,1456.1149
9.5216,9991.0242,0.20184,239.9459,4.8521,0.29673,-0.058407,-3.3534,90.0102,-0.022536,4.8274,2.7161,6.4505,-36.8816,-0.0050478,1.5517,-0.13015,3.9731e-07,0.012157,0,69.4381,0.14473,0.67128,483.0575,1456.1149
9.5216,9991.0242,0.20184,239.9459,4.8521,0.29673,-0.058407,-3.3534,90.0102,-0.022536,4.8274,2.7161,6.4505,-36.8816,-0.0050478,1.5517,-0.13015,3.9731e-07,0.012157,0,69.4381,0.14473,0.67128,483.0575,1456.1149
9.525,9991.0259,0.21372,239.9459,4.8546,0.29422,-0.086352,-2.6178,90.0101,-0.085037,4.8284,2.6064,5.9547,-36.8207,-0.004993,1.521,-0.12917,3.9749e-07,0.012168,0,69.5734,0.14491,0.68532,483.0575,1456.1148
9.5283,9991.0259,0.21372,239.9459,4.8546,0.29422,-0.086352,-2.6178,90.0101,-0.085037,4.8284,2.6064,5.9547,-36.8207,-0.004993,1.521,-0.12917,3.9749e-07,0.012168,0,69.5734,0.1447,0.69862,483.0575,1456.1148
9.5333,9991.0277,0.22571,239.9464,4.857,0.29169,-0.10817,-1.8968,90.0093,-0.14704,4.8294,2.6408,5.741,-36.7601,-0.0049168,1.4884,-0.11497,3.9769e-07,0.012179,0,69.7091,0.14478,0.67853,483.0575,1456.1147
9.5416,9991.0296,0.23775,239.947,4.8595,0.28918,-0.12397,-1.1909,90.0081,-0.20221,4.8303,2.7089,6.3358,-36.6944,-0.0048359,1.4544,-0.090637,3.9789e-07,0.012189,0,69.8451,0.14469,0.66573,483.0575,1456.1146
9.55,9991.0317,0.24985,239.9477,4.8619,0.28673,-0.1339,-0.50012,90.0064,-0.24568,4.8313,2.8029,7.5522,-36.624,-0.0047825,1.4203,-0.061724,3.981e-07,0.0122,0,69.9815,0.14467,0.65012,483.0574,1456.1145
9.5583,9991.0338,0.26201,239.9486,4.8643,0.28436,-0.13807,0.1755,90.0044,-0.27527,4.8322,2.9094,9.0526,-36.5497,-0.0047649,1.3865,-0.030951,3.9832e-07,0.012211,0,70.1182,0.14473,0.63311,483.0574,1456.1144
9.5666,9991.036,0.27423,239.9497,4.8667,0.28206,-0.1366,0.83625,90.0021,-0.29009,4.8331,3.0215,10.672,-36.4721,-0.0047914,1.3535,-0.00045837,3.9855e-07,0.012221,0,70.2552,0.14488,0.61533,483.0574,1456.1143
9.575,9991.0384,0.28651,239.9508,4.869,0.27981,-0.12964,1.4825,89.9997,-0.29028,4.8339,3.1337,12.2804,-36.3914,-0.004858,1.3215,0.02807,3.988e-07,0.012232,0,70.3926,0.14509,0.59708,483.0574,1456.1141
9.5833,9991.0408,0.29885,239.9522,4.8714,0.27758,-0.11728,2.1146,89.9973,-0.27676,4.8348,3.2418,13.7756,-36.3084,-0.0049546,1.2908,0.053566,3.9905e-07,0.012243,0,70.5303,0.14533,0.5785,483.0574,1456.114
9.5916,9991.0434,0.31126,239.9537,4.8737,0.27534,-0.09966,2.7331,89.995,-0.25101,4.8356,3.3429,15.0924,-36.2238,-0.0050654,1.2615,0.075426,3.9932e-07,0.012253,0,70.6683,0.14559,0.55966,483.0574,1456.1138
9.6,9991.046,0.32373,239.9553,4.876,0.27307,-0.076884,3.3385,89.9929,-0.21475,4.8364,3.4351,16.1941,-36.1387,-0.0051931,1.2335,0.093403,3.996e-07,0.012264,0,70.4951,0.14582,0.54057,483.0574,1456.1137
9.6003,9991.046,0.32373,239.9553,4.876,0.27307,-0.076884,3.3385,89.9929,-0.21475,4.8364,3.4351,16.1941,-36.1387,-0.0051931,1.2335,0.093403,3.996e-07,0.012264,0,70.4951,0.1458,0.54689,483.0574,1456.1137
9.6003,9991.046,0.32373,239.9553,4.876,0.27307,-0.076884,3.3385,89.9929,-0.21475,4.8364,3.4351,16.1941,-36.1387,-0.0051931,1.2335,0.093403,3.996e-07,0.012264,0,70.4951,0.1458,0.54689,483.0574,1456.1137
9.6074,9991.046,0.32373,239.9553,4.876,0.27307,-0.076884,3.3385,89.9929,-0.21475,4.8364,3.4351,16.1941,-36.1387,-0.0051931,1.2335,0.093403,3.996e-07,0.012264,0,70.4951,0.14537,0.639,483.0574,1456.1137
9.6074,9991.046,0.32373,239.9553,4.876,0.27307,-0.076884,3.3385,89.9929,-0.21475,4.8364,3.4351,16.1941,-36.1387,-0.0051931,1.2335,0.093403,3.996e-07,0.012264,0,70.4951,0.14537,0.639,483.0574,1456.1137
9.6083,9991.0488,0.33617,239.9564,4.8783,0.27073,-0.049064,3.9312,89.9911,-0.16987,4.8371,3.4211,17.0654,-36.0527,-0.0053039,1.0824,0.10753,3.9989e-07,0.012275,0,70.1645,0.14598,0.5654,483.0574,1456.1135
9.6092,9991.0488,0.33617,239.9564,4.8783,0.27073,-0.049064,3.9312,89.9911,-0.16987,4.8371,3.4211,17.0654,-36.0527,-0.0053039,1.0824,0.10753,3.9989e-07,0.012275,0,70.1645,0.14593,0.5789,483.0574,1456.1135
9.6102,9991.0488,0.33617,239.9564,4.8783,0.27073,-0.049064,3.9312,89.9911,-0.16987,4.8371,3.4211,17.0654,-36.0527,-0.0053039,1.0824,0.10753,3.9989e-07,0.012275,0,70.1645,0.14587,0.59306,483.0574,1456.1135
9.6102,9991.0488,0.33617,239.9564,4.8783,0.27073,-0.049064,3.9312,89.9911,-0.16987,4.8371,3.4211,17.0654,-36.0527,-0.0053039,1.0824,0.10753,3.9989e-07,0.012275,0,70.1645,0.14587,0.59306,483.0574,1456.1135
9.6119,9991.0488,0.33617,239.9564,4.8783,0.27073,-0.049064,3.9312,89.9911,-0.16987,4.8371,3.4211,17.0654,-36.0527,-0.0053039,1.0824,0.10753,3.9989e-07,0.012275,0,70.1645,0.14576,0.61451,483.0574,1456.1135
9.6137,9991.0488,0.33617,239.9564,4.8783,0.27073,-0.049064,3.9312,89.9911,-0.16987,4.8371,3.4211,17.0654,-36.0527,-0.0053039,1.0824,0.10753,3.9989e-07,0.012275,0,70.1645,0.14566,0.63254,483.0574,1456.1135
9.6166,9991.0516,0.34856,239.957,4.8806,0.26831,-0.016304,4.4524,89.9897,-0.11819,4.8379,3.3534,16.5785,-35.6582,-0.0053748,-0.26389,0.11804,4.0018e-07,0.012285,0,69.8362,0.14605,0.61469,483.0574,1456.1134
9.6231,9991.0516,0.34856,239.957,4.8806,0.26831,-0.016304,4.4524,89.9897,-0.11819,4.8379,3.3534,16.5785,-35.6582,-0.0053748,-0.26389,0.11804,4.0018e-07,0.012285,0,69.8362,0.14566,0.66814,483.0574,1456.1134
9.625,9991.0546,0.36091,239.9572,4.8828,0.2658,0.020799,4.3312,89.9887,-0.061455,4.8386,3.2783,5.012,-32.2908,-0.0053437,-1.5914,0.1253,4.0048e-07,0.012296,0,69.5779,0.14602,0.66708,483.0574,1456.1132
9.6333,9991.0576,0.37337,239.9578,4.885,0.26323,0.056893,3.5765,89.9882,-0.0012508,4.8393,3.3284,-6.5941,-28.9897,-0.0052586,-1.5611,0.12974,4.0078e-07,0.012307,0,69.714,0.14595,0.65997,483.0574,1456.113
9.6365,9991.0576,0.37337,239.9578,4.885,0.26323,0.056893,3.5765,89.9882,-0.0012508,4.8393,3.3284,-6.5941,-28.9897,-0.0052586,-1.5611,0.12974,4.0078e-07,0.012307,0,69.714,0.14576,0.6782,483.0574,1456.113
9.6365,9991.0576,0.37337,239.9578,4.885,0.26323,0.056893,3.5765,89.9882,-0.0012508,4.8393,3.3284,-6.5941,-28.9897,-0.0052586,-1.5611,0.12974,4.0078e-07,0.012307,0,69.714,0.14576,0.6782,483.0574,1456.113
9.6416,9991.0608,0.38588,239.9585,4.8872,0.26062,0.086697,2.8365,89.9882,0.061051,4.84,3.3715,-6.0526,-29.0843,-0.0051532,-1.5306,0.13104,4.0107e-07,0.012317,0,69.8504,0.14586,0.64711,483.0573,1456.1129
9.6468,9991.0608,0.38588,239.9585,4.8872,0.26062,0.086697,2.8365,89.9882,0.061051,4.84,3.3715,-6.0526,-29.0843,-0.0051532,-1.5306,0.13104,4.0107e-07,0.012317,0,69.8504,0.14556,0.67908,483.0573,1456.1129
9.65,9991.0641,0.39843,239.9593,4.8894,0.25802,0.11033,2.111,89.9887,0.12395,4.8406,3.4073,-5.7043,-29.1784,-0.0050566,-1.4988,0.12218,4.0136e-07,0.012328,0,69.9872,0.14578,0.63147,483.0573,1456.1127
9.6583,9991.0674,0.41104,239.9603,4.8916,0.25543,0.12793,1.4004,89.9897,0.18257,4.8412,3.4183,-5.9766,-29.2739,-0.00498,-1.4651,0.10024,4.0164e-07,0.012339,0,70.1243,0.14573,0.61443,483.0573,1456.1125
9.6666,9991.0709,0.42369,239.9615,4.8937,0.2529,0.1396,0.70493,89.9912,0.23065,4.8418,3.3976,-7.0478,-29.3715,-0.0049351,-1.431,0.072341,4.019e-07,0.012349,0,70.2618,0.14574,0.59659,483.0573,1456.1123
9.675,9991.0745,0.43639,239.9628,4.8958,0.25044,0.14547,0.024654,89.9931,0.26534,4.8424,3.3629,-8.4848,-29.4666,-0.0049268,-1.397,0.041825,4.0216e-07,0.01236,0,70.3995,0.14582,0.57822,483.0573,1456.1121
9.6833,9991.0782,0.44913,239.9642,4.8979,0.24803,0.14568,-0.64065,89.9953,0.28537,4.8429,3.3226,-10.0855,-29.5571,-0.0049595,-1.3637,0.010875,4.0241e-07,0.012371,0,70.5376,0.14598,0.55946,483.0573,1456.1119
9.6916,9991.082,0.46193,239.9658,4.9,0.24568,0.14034,-1.2913,89.9977,0.29056,4.8434,3.2822,-11.7175,-29.6414,-0.0050531,-1.3313,-0.018596,4.0264e-07,0.012381,0,70.4756,0.1462,0.54038,483.0573,1456.1117
9.7,9991.0859,0.47466,239.9669,4.9021,0.24334,0.12958,-1.9277,90.0001,0.2816,4.8439,3.1389,-13.2645,-29.7169,-0.0051886,-1.3002,-0.04532,4.0286e-07,0.012392,0,70.145,0.14643,0.57008,483.0572,1456.1114
9.7083,9991.0899,0.48734,239.9674,4.9041,0.24098,0.11351,-2.5504,90.0025,0.25981,4.8444,2.9713,-14.6494,-29.7839,-0.0053404,-1.2704,-0.068548,4.0306e-07,0.012403,0,69.8168,0.14662,0.61924,483.0572,1456.1112
9.7166,9991.094,0.49997,239.9675,4.9061,0.23858,0.092258,-3.1597,90.0047,0.22687,4.8449,2.8151,-15.8267,-29.8436,-0.0054442,-1.2419,-0.08792,4.0326e-07,0.012413,0,69.9057,0.14677,0.67102,483.0572,1456.111
9.7207,9991.094,0.49997,239.9675,4.9061,0.23858,0.092258,-3.1597,90.0047,0.22687,4.8449,2.8151,-15.8267,-29.8436,-0.0054442,-1.2419,-0.08792,4.0326e-07,0.012413,0,69.9057,0.14654,0.68821,483.0572,1456.111
9.7207,9991.094,0.49997,239.9675,4.9061,0.23858,0.092258,-3.1597,90.0047,0.22687,4.8449,2.8151,-15.8267,-29.8436,-0.0054442,-1.2419,-0.08792,4.0326e-07,0.012413,0,69.9057,0.14654,0.68821,483.0572,1456.111
9.725,9991.0982,0.5127,239.968,4.9081,0.23614,0.065927,-3.7563,90.0065,0.18463,4.8454,2.8021,-16.7743,-29.8994,-0.0054955,-1.1838,-0.10338,4.0344e-07,0.012424,0,70.0417,0.14688,0.66323,483.0572,1456.1107
9.7292,9991.0982,0.5127,239.968,4.9081,0.23614,0.065927,-3.7563,90.0065,0.18463,4.8454,2.8021,-16.7743,-29.8994,-0.0054955,-1.1838,-0.10338,4.0344e-07,0.012424,0,70.0417,0.14665,0.68381,483.0572,1456.1107
9.7329,9991.0982,0.5127,239.968,4.9081,0.23614,0.065927,-3.7563,90.0065,0.18463,4.8454,2.8021,-16.7743,-29.8994,-0.0054955,-1.1838,-0.10338,4.0344e-07,0.012424,0,70.0417,0.14644,0.69564,483.0572,1456.1107
9.7329,9991.0982,0.5127,239.968,4.9081,0.23614,0.065927,-3.7563,90.0065,0.18463,4.8454,2.8021,-16.7743,-29.8994,-0.0054955,-1.1838,-0.10338,4.0344e-07,0.012424,0,70.0417,0.14644,0.69564,483.0572,1456.1107
9.7333,9991.1025,0.52548,239.9687,4.9101,0.23364,0.034625,-4.3258,90.0081,0.13496,4.8458,2.7976,-17.2086,-30.0295,-0.0054864,-0.27984,-0.11512,4.0362e-07,0.012435,0,70.1781,0.14697,0.65,483.0572,1456.1105
9.7337,9991.1025,0.52548,239.9687,4.9101,0.23364,0.034625,-4.3258,90.0081,0.13496,4.8458,2.7976,-17.2086,-30.0295,-0.0054864,-0.27984,-0.11512,4.0362e-07,0.012435,0,70.1781,0.14694,0.65275,483.0572,1456.1105
9.7345,9991.1025,0.52548,239.9687,4.9101,0.23364,0.034625,-4.3258,90.0081,0.13496,4.8458,2.7976,-17.2086,-30.0295,-0.0054864,-0.27984,-0.11512,4.0362e-07,0.012435,0,70.1781,0.1469,0.65793,483.0572,1456.1105
9.736,9991.1025,0.52548,239.9687,4.9101,0.23364,0.034625,-4.3258,90.0081,0.13496,4.8458,2.7976,-17.2086,-30.0295,-0.0054864,-0.27984,-0.11512,4.0362e-07,0.012435,0,70.1781,0.14682,0.66716,483.0572,1456.1105
9.7391,9991.1025,0.52548,239.9687,4.9101,0.23364,0.034625,-4.3258,90.0081,0.13496,4.8458,2.7976,-17.2086,-30.0295,-0.0054864,-0.27984,-0.11512,4.0362e-07,0.012435,0,70.1781,0.14664,0.68182,483.0572,1456.1105
9.7416,9991.1025,0.52548,239.9687,4.9101,0.23364,0.034625,-4.3258,90.0081,0.13496,4.8458,2.7976,-17.2086,-30.0295,-0.0054864,-0.27984,-0.11512,4.0362e-07,0.012435,0,70.1781,0.14651,0.69057,483.0572,1456.1105
9.7416,9991.1025,0.52548,239.9687,4.9101,0.23364,0.034625,-4.3258,90.0081,0.13496,4.8458,2.7976,-17.2086,-30.0295,-0.0054864,-0.27984,-0.11512,4.0362e-07,0.012435,0,70.1781,0.14651,0.69057,483.0572,1456.1105
9.7416,9991.107,0.5383,239.9695,4.9121,0.23111,-0.001423,-4.4641,90.0092,0.079651,4.8462,2.8009,-9.7333,-32.2851,-0.005428,1.4936,-0.12341,4.0379e-07,0.012445,0,70.3149,0.14701,0.63455,483.0572,1456.1102
9.7417,9991.107,0.5383,239.9695,4.9121,0.23111,-0.001423,-4.4641,90.0092,0.079651,4.8462,2.8009,-9.7333,-32.2851,-0.005428,1.4936,-0.12341,4.0379e-07,0.012445,0,70.3149,0.14701,0.63506,483.0572,1456.1102
9.7418,9991.107,0.5383,239.9695,4.9121,0.23111,-0.001423,-4.4641,90.0092,0.079651,4.8462,2.8009,-9.7333,-32.2851,-0.005428,1.4936,-0.12341,4.0379e-07,0.012445,0,70.3149,0.147,0.63606,483.0572,1456.1102
9.742,9991.107,0.5383,239.9695,4.9121,0.23111,-0.001423,-4.4641,90.0092,0.079651,4.8462,2.8009,-9.7333,-32.2851,-0.005428,1.4936,-0.12341,4.0379e-07,0.012445,0,70.3149,0.14699,0.63803,483.0572,1456.1102
9.7425,9991.107,0.5383,239.9695,4.9121,0.23111,-0.001423,-4.4641,90.0092,0.079651,4.8462,2.8009,-9.7333,-32.2851,-0.005428,1.4936,-0.12341,4.0379e-07,0.012445,0,70.3149,0.14697,0.64184,483.0572,1456.1102
9.7434,9991.107,0.5383,239.9695,4.9121,0.23111,-0.001423,-4.4641,90.0092,0.079651,4.8462,2.8009,-9.7333,-32.2851,-0.005428,1.4936,-0.12341,4.0379e-07,0.012445,0,70.3149,0.14691,0.64895,483.0572,1456.1102
9.7453,9991.107,0.5383,239.9695,4.9121,0.23111,-0.001423,-4.4641,90.0092,0.079651,4.8462,2.8009,-9.7333,-32.2851,-0.005428,1.4936,-0.12341,4.0379e-07,0.012445,0,70.3149,0.14681,0.66132,483.0572,1456.1102
9.749,9991.107,0.5383,239.9695,4.9121,0.23111,-0.001423,-4.4641,90.0092,0.079651,4.8462,2.8009,-9.7333,-32.2851,-0.005428,1.4936,-0.12341,4.0379e-07,0.012445,0,70.3149,0.14661,0.68012,483.0572,1456.1102
9.75,9991.1115,0.55116,239.9704,4.914,0.22853,-0.038624,-3.7561,90.0099,0.020365,4.8465,2.8122,5.8452,-36.7357,-0.0053368,1.5685,-0.12878,4.0396e-07,0.012456,0,70.452,0.14703,0.61787,483.0572,1456.11
9.7519,9991.1115,0.55116,239.9704,4.914,0.22853,-0.038624,-3.7561,90.0099,0.020365,4.8465,2.8122,5.8452,-36.7357,-0.0053368,1.5685,-0.12878,4.0396e-07,0.012456,0,70.452,0.14692,0.63578,483.0572,1456.11
9.7519,9991.1115,0.55116,239.9704,4.914,0.22853,-0.038624,-3.7561,90.0099,0.020365,4.8465,2.8122,5.8452,-36.7357,-0.0053368,1.5685,-0.12878,4.0396e-07,0.012456,0,70.452,0.14692,0.63578,483.0572,1456.11
9.7565,9991.1115,0.55116,239.9704,4.914,0.22853,-0.038624,-3.7561,90.0099,0.020365,4.8465,2.8122,5.8452,-36.7357,-0.0053368,1.5685,-0.12878,4.0396e-07,0.012456,0,70.452,0.14667,0.66775,483.0572,1456.11
9.7583,9991.1162,0.56407,239.9715,4.9159,0.22591,-0.069924,-3.0125,90.01,-0.041469,4.8468,2.831,6.1928,-36.9411,-0.0052548,1.5382,-0.13139,4.0413e-07,0.012467,0,70.5894,0.14702,0.60047,483.0571,1456.1097
9.7647,9991.1162,0.56407,239.9715,4.9159,0.22591,-0.069924,-3.0125,90.01,-0.041469,4.8468,2.831,6.1928,-36.9411,-0.0052548,1.5382,-0.13139,4.0413e-07,0.012467,0,70.5894,0.14667,0.65755,483.0571,1456.1097
9.7649,9991.1162,0.56407,239.9715,4.9159,0.22591,-0.069924,-3.0125,90.01,-0.041469,4.8468,2.831,6.1928,-36.9411,-0.0052548,1.5382,-0.13139,4.0413e-07,0.012467,0,70.5894,0.14666,0.65884,483.0571,1456.1097
9.7649,9991.1162,0.56407,239.9715,4.9159,0.22591,-0.069924,-3.0125,90.01,-0.041469,4.8468,2.831,6.1928,-36.9411,-0.0052548,1.5382,-0.13139,4.0413e-07,0.012467,0,70.5894,0.14666,0.65884,483.0571,1456.1097
9.7666,9991.1209,0.57702,239.9727,4.9178,0.22328,-0.095028,-2.2835,90.0097,-0.10453,4.8471,2.8573,5.758,-36.8811,-0.0051842,1.507,-0.12655,4.043e-07,0.012477,0,70.7271,0.147,0.58254,483.0571,1456.1095
9.7683,9991.1209,0.57702,239.9727,4.9178,0.22328,-0.095028,-2.2835,90.0097,-0.10453,4.8471,2.8573,5.758,-36.8811,-0.0051842,1.507,-0.12655,4.043e-07,0.012477,0,70.7271,0.14691,0.60402,483.0571,1456.1095
9.7717,9991.1209,0.57702,239.9727,4.9178,0.22328,-0.095028,-2.2835,90.0097,-0.10453,4.8471,2.8573,5.758,-36.8811,-0.0051842,1.507,-0.12655,4.043e-07,0.012477,0,70.7271,0.14672,0.63745,483.0571,1456.1095
9.775,9991.1258,0.59001,239.9741,4.9197,0.22065,-0.11406,-1.5691,90.0088,-0.16524,4.8474,2.9031,5.7806,-36.8165,-0.0051319,1.4736,-0.10715,4.0449e-07,0.012488,0,70.8652,0.14699,0.56418,483.0571,1456.1092
9.7833,9991.1308,0.60303,239.9756,4.9215,0.21805,-0.12713,-0.86994,90.0074,-0.21664,4.8477,2.9861,6.6929,-36.744,-0.0051165,1.4395,-0.080382,4.0468e-07,0.012499,0,70.7779,0.14701,0.5454,483.0571,1456.1089
9.7916,9991.1358,0.61603,239.9768,4.9234,0.21549,-0.13438,-0.18593,90.0056,-0.25518,4.8479,3.0278,8.0591,-36.6658,-0.0051487,1.4055,-0.05028,4.0488e-07,0.012509,0,70.4463,0.14707,0.55399,483.0571,1456.1086
9.8,9991.141,0.62893,239.9775,4.9252,0.21297,-0.13593,0.48305,90.0035,-0.27928,4.8481,2.9993,9.6335,-36.5829,-0.0052164,1.3719,-0.019168,4.0509e-07,0.01252,0,70.1171,0.14716,0.60153,483.0571,1456.1083
9.8083,9991.1463,0.64178,239.9777,4.927,0.21048,-0.13191,1.1373,90.0012,-0.28844,4.8484,2.9765,11.2752,-36.4967,-0.0053,1.3393,0.010909,4.0532e-07,0.012531,0,69.7904,0.14726,0.65288,483.057,1456.108
9.8166,9991.1517,0.65458,239.9776,4.9287,0.208,-0.12243,1.7772,89.9988,-0.28318,4.8486,2.9765,12.8601,-36.4092,-0.0053627,1.3078,0.038512,4.0555e-07,0.012541,0,69.9257,0.14737,0.69498,483.057,1456.1077
9.825,9991.1572,0.66747,239.9779,4.9305,0.20555,-0.10762,2.4032,89.9964,-0.26467,4.8487,3.0801,14.3007,-36.3229,-0.0054149,1.2776,0.062769,4.058e-07,0.012552,0,70.0614,0.14752,0.68674,483.057,1456.1074
9.8333,9991.1628,0.68038,239.9784,4.9322,0.2031,-0.087593,3.0157,89.9942,-0.23451,4.8489,3.1755,15.5439,-36.2375,-0.0054545,1.2487,0.083223,4.0606e-07,0.012563,0,70.1974,0.14769,0.67309,483.057,1456.1071
9.8347,9991.1628,0.68038,239.9784,4.9322,0.2031,-0.087593,3.0157,89.9942,-0.23451,4.8489,3.1755,15.5439,-36.2375,-0.0054545,1.2487,0.083223,4.0606e-07,0.012563,0,70.1974,0.14761,0.67902,483.057,1456.1071
9.8347,9991.1628,0.68038,239.9784,4.9322,0.2031,-0.087593,3.0157,89.9942,-0.23451,4.8489,3.1755,15.5439,-36.2375,-0.0054545,1.2487,0.083223,4.0606e-07,0.012563,0,70.1974,0.14761,0.67902,483.057,1456.1071
9.8416,9991.1686,0.69333,239.9789,4.9339,0.20065,-0.062462,3.6154,89.9923,-0.19454,4.849,3.2614,16.5618,-36.153,-0.0054848,1.2212,0.099749,4.0633e-07,0.012573,0,70.3338,0.14784,0.65695,483.057,1456.1068
9.8466,9991.1686,0.69333,239.9789,4.9339,0.20065,-0.062462,3.6154,89.9923,-0.19454,4.849,3.2614,16.5618,-36.153,-0.0054848,1.2212,0.099749,4.0633e-07,0.012573,0,70.3338,0.14759,0.68063,483.057,1456.1068
9.8466,9991.1686,0.69333,239.9789,4.9339,0.20065,-0.062462,3.6154,89.9923,-0.19454,4.849,3.2614,16.5618,-36.153,-0.0054848,1.2212,0.099749,4.0633e-07,0.012573,0,70.3338,0.14759,0.68063,483.057,1456.1068
9.85,9991.1744,0.70632,239.9797,4.9356,0.19816,-0.032334,4.2026,89.9906,-0.14663,4.8491,3.3371,17.3465,-36.0694,-0.0054864,0.72428,0.11247,4.066e-07,0.012584,0,70.4705,0.14798,0.63979,483.0569,1456.1064
9.8533,9991.1744,0.70632,239.9797,4.9356,0.19816,-0.032334,4.2026,89.9906,-0.14663,4.8491,3.3371,17.3465,-36.0694,-0.0054864,0.72428,0.11247,4.066e-07,0.012584,0,70.4705,0.14781,0.66189,483.0569,1456.1064
9.8557,9991.1744,0.70632,239.9797,4.9356,0.19816,-0.032334,4.2026,89.9906,-0.14663,4.8491,3.3371,17.3465,-36.0694,-0.0054864,0.72428,0.11247,4.066e-07,0.012584,0,70.4705,0.14769,0.67371,483.0569,1456.1064
9.8557,9991.1744,0.70632,239.9797,4.9356,0.19816,-0.032334,4.2026,89.9906,-0.14663,4.8491,3.3371,17.3465,-36.0694,-0.0054864,0.72428,0.11247,4.066e-07,0.012584,0,70.4705,0.14769,0.67371,483.0569,1456.1064
9.8583,9991.1803,0.71934,239.9805,4.9372,0.19562,0.0026879,4.5531,89.9894,-0.092618,4.8492,3.4017,13.6304,-34.8161,-0.0054531,-1.0532,0.12166,4.0688e-07,0.012595,0,70.6076,0.14808,0.62256,483.0569,1456.1061
9.8609,9991.1803,0.71934,239.9805,4.9372,0.19562,0.0026879,4.5531,89.9894,-0.092618,4.8492,3.4017,13.6304,-34.8161,-0.0054531,-1.0532,0.12166,4.0688e-07,0.012595,0,70.6076,0.14795,0.64382,483.0569,1456.1061
9.866,9991.1803,0.71934,239.9805,4.9372,0.19562,0.0026879,4.5531,89.9894,-0.092618,4.8492,3.4017,13.6304,-34.8161,-0.0054531,-1.0532,0.12166,4.0688e-07,0.012595,0,70.6076,0.14769,0.67303,483.0569,1456.1061
9.8666,9991.1864,0.73239,239.9815,4.9389,0.19304,0.04063,4.0552,89.9887,-0.034192,4.8492,3.4572,-1.9355,-30.3824,-0.0053814,-1.5807,0.12776,4.0716e-07,0.012605,0,70.745,0.14814,0.60499,483.0569,1456.1058
9.8675,9991.1864,0.73239,239.9815,4.9389,0.19304,0.04063,4.0552,89.9887,-0.034192,4.8492,3.4572,-1.9355,-30.3824,-0.0053814,-1.5807,0.12776,4.0716e-07,0.012605,0,70.745,0.14809,0.61479,483.0569,1456.1058
9.8675,9991.1864,0.73239,239.9815,4.9389,0.19304,0.04063,4.0552,89.9887,-0.034192,4.8492,3.4572,-1.9355,-30.3824,-0.0053814,-1.5807,0.12776,4.0716e-07,0.012605,0,70.745,0.14809,0.61479,483.0569,1456.1058
9.8708,9991.1864,0.73239,239.9815,4.9389,0.19304,0.04063,4.0552,89.9887,-0.034192,4.8492,3.4572,-1.9355,-30.3824,-0.0053814,-1.5807,0.12776,4.0716e-07,0.012605,0,70.745,0.14793,0.64313,483.0569,1456.1058
9.8741,9991.1864,0.73239,239.9815,4.9389,0.19304,0.04063,4.0552,89.9887,-0.034192,4.8492,3.4572,-1.9355,-30.3824,-0.0053814,-1.5807,0.12776,4.0716e-07,0.012605,0,70.745,0.14776,0.66356,483.0569,1456.1058
9.875,9991.1925,0.74548,239.9827,4.9405,0.19041,0.074424,3.3058,89.9884,0.027142,4.8492,3.505,-6.3527,-29.0801,-0.0053104,-1.5504,0.13118,4.0744e-07,0.012616,0,70.8827,0.14816,0.58712,483.0569,1456.1054
9.8793,9991.1925,0.74548,239.9827,4.9405,0.19041,0.074424,3.3058,89.9884,0.027142,4.8492,3.505,-6.3527,-29.0801,-0.0053104,-1.5504,0.13118,4.0744e-07,0.012616,0,70.8827,0.14794,0.63205,483.0569,1456.1054
9.8803,9991.1925,0.74548,239.9827,4.9405,0.19041,0.074424,3.3058,89.9884,0.027142,4.8492,3.505,-6.3527,-29.0801,-0.0053104,-1.5504,0.13118,4.0744e-07,0.012616,0,70.8827,0.14789,0.64037,483.0569,1456.1054
9.8803,9991.1925,0.74548,239.9827,4.9405,0.19041,0.074424,3.3058,89.9884,0.027142,4.8492,3.505,-6.3527,-29.0801,-0.0053104,-1.5504,0.13118,4.0744e-07,0.012616,0,70.8827,0.14789,0.64037,483.0569,1456.1054
9.8833,9991.1988,0.75859,239.984,4.9421,0.18775,0.10197,2.571,89.9886,0.090093,4.8492,3.5467,-5.8729,-29.1706,-0.005246,-1.5196,0.12955,4.0772e-07,0.012627,0,71.0207,0.14815,0.56889,483.0568,1456.1051
9.8863,9991.1988,0.75859,239.984,4.9421,0.18775,0.10197,2.571,89.9886,0.090093,4.8492,3.5467,-5.8729,-29.1706,-0.005246,-1.5196,0.12955,4.0772e-07,0.012627,0,71.0207,0.148,0.60663,483.0568,1456.1051
9.8916,9991.2052,0.77174,239.9854,4.9437,0.18508,0.1234,1.8508,89.9893,0.15224,4.8491,3.5764,-5.7029,-29.26,-0.0051947,-1.4868,0.11435,4.0799e-07,0.012637,0,71.0983,0.14814,0.55029,483.0568,1456.1047
9.9,9991.2117,0.7849,239.9869,4.9452,0.18242,0.13882,1.1457,89.9906,0.20708,4.8491,3.5618,-6.3605,-29.3523,-0.0051899,-1.4527,0.089456,4.0824e-07,0.012648,0,70.7657,0.14815,0.53643,483.0568,1456.1043
9.9083,9991.2183,0.79794,239.9877,4.9468,0.1798,0.14837,0.45575,89.9923,0.24998,4.849,3.3938,-7.6113,-29.4431,-0.0052145,-1.4186,0.060142,4.0849e-07,0.012659,0,70.4354,0.14817,0.58223,483.0568,1456.104
9.9166,9991.225,0.8109,239.988,4.9483,0.17722,0.15217,-0.21907,89.9944,0.27881,4.8489,3.218,-9.135,-29.5306,-0.0052658,-1.3848,0.029114,4.0872e-07,0.012669,0,70.1076,0.14821,0.63314,483.0568,1456.1036
9.925,9991.2318,0.82379,239.9879,4.9497,0.17468,0.15034,-0.87902,89.9967,0.29275,4.8489,3.0411,-10.7677,-29.6133,-0.0052978,-1.3517,-0.0014905,4.0894e-07,0.01268,0,70.2431,0.14828,0.68556,483.0567,1456.1032
9.9333,9991.2387,0.83675,239.9882,4.9512,0.17219,0.14301,-1.5245,89.9992,0.29201,4.8487,2.999,-12.3793,-29.6927,-0.0053324,-1.3198,-0.030023,4.0915e-07,0.012691,0,70.379,0.14842,0.67813,483.0567,1456.1028
9.9416,9991.2457,0.84973,239.9887,4.9527,0.16974,0.13031,-2.1559,90.0016,0.27758,4.8486,2.9625,-13.8701,-29.7665,-0.0053694,-1.2891,-0.055442,4.0934e-07,0.012701,0,70.5153,0.1486,0.66474,483.0567,1456.1024
9.95,9991.2529,0.86273,239.9893,4.9541,0.16731,0.11235,-2.7737,90.0039,0.25095,4.8485,2.9341,-15.1765,-29.8339,-0.005422,-1.2598,-0.077166,4.0952e-07,0.012712,0,70.6519,0.14881,0.64862,483.0567,1456.102
9.9583,9991.2601,0.87576,239.9901,4.9555,0.16488,0.089231,-3.3784,90.006,0.2139,4.8483,2.9151,-16.2633,-29.894,-0.0054758,-1.2319,-0.094968,4.0969e-07,0.012723,0,70.7888,0.14903,0.63119,483.0566,1456.1016
9.9592,9991.2601,0.87576,239.9901,4.9555,0.16488,0.089231,-3.3784,90.006,0.2139,4.8483,2.9151,-16.2633,-29.894,-0.0054758,-1.2319,-0.094968,4.0969e-07,0.012723,0,70.7888,0.14899,0.63813,483.0566,1456.1016
9.9592,9991.2601,0.87576,239.9901,4.9555,0.16488,0.089231,-3.3784,90.006,0.2139,4.8483,2.9151,-16.2633,-29.894,-0.0054758,-1.2319,-0.094968,4.0969e-07,0.012723,0,70.7888,0.14899,0.63813,483.0566,1456.1016
9.9663,9991.2601,0.87576,239.9901,4.9555,0.16488,0.089231,-3.3784,90.006,0.2139,4.8483,2.9151,-16.2633,-29.894,-0.0054758,-1.2319,-0.094968,4.0969e-07,0.012723,0,70.7888,0.14866,0.67587,483.0566,1456.1016
9.9663,9991.2601,0.87576,239.9901,4.9555,0.16488,0.089231,-3.3784,90.006,0.2139,4.8483,2.9151,-16.2633,-29.894,-0.0054758,-1.2319,-0.094968,4.0969e-07,0.012723,0,70.7888,0.14866,0.67587,483.0566,1456.1016
9.9666,9991.2675,0.88881,239.991,4.9569,0.16242,0.061078,-3.9705,90.0078,0.16831,4.8481,2.9061,-17.1165,-29.9475,-0.0055083,-1.0517,-0.1089,4.0985e-07,0.012733,0,70.9261,0.14922,0.61307,483.0566,1456.1012
9.9669,9991.2675,0.88881,239.991,4.9569,0.16242,0.061078,-3.9705,90.0078,0.16831,4.8481,2.9061,-17.1165,-29.9475,-0.0055083,-1.0517,-0.1089,4.0985e-07,0.012733,0,70.9261,0.1492,0.6161,483.0566,1456.1012
9.9676,9991.2675,0.88881,239.991,4.9569,0.16242,0.061078,-3.9705,90.0078,0.16831,4.8481,2.9061,-17.1165,-29.9475,-0.0055083,-1.0517,-0.1089,4.0985e-07,0.012733,0,70.9261,0.14917,0.62188,483.0566,1456.1012
9.9688,9991.2675,0.88881,239.991,4.9569,0.16242,0.061078,-3.9705,90.0078,0.16831,4.8481,2.9061,-17.1165,-29.9475,-0.0055083,-1.0517,-0.1089,4.0985e-07,0.012733,0,70.9261,0.14912,0.63242,483.0566,1456.1012
9.969,9991.2675,0.88881,239.991,4.9569,0.16242,0.061078,-3.9705,90.0078,0.16831,4.8481,2.9061,-17.1165,-29.9475,-0.0055083,-1.0517,-0.1089,4.0985e-07,0.012733,0,70.9261,0.14911,0.63397,483.0566,1456.1012
9.969,9991.2675,0.88881,239.991,4.9569,0.16242,0.061078,-3.9705,90.0078,0.16831,4.8481,2.9061,-17.1165,-29.9475,-0.0055083,-1.0517,-0.1089,4.0985e-07,0.012733,0,70.9261,0.14911,0.63397,483.0566,1456.1012
9.9715,9991.2675,0.88881,239.991,4.9569,0.16242,0.061078,-3.9705,90.0078,0.16831,4.8481,2.9061,-17.1165,-29.9475,-0.0055083,-1.0517,-0.1089,4.0985e-07,0.012733,0,70.9261,0.14899,0.65113,483.0566,1456.1012
9.974,9991.2675,0.88881,239.991,4.9569,0.16242,0.061078,-3.9705,90.0078,0.16831,4.8481,2.9061,-17.1165,-29.9475,-0.0055083,-1.0517,-0.1089,4.0985e-07,0.012733,0,70.9261,0.14888,0.66451,483.0566,1456.1012
9.975,9991.2749,0.90189,239.992,4.9582,0.15991,0.027991,-4.4772,90.0092,0.11603,4.8478,2.9051,-16.3463,-30.3813,-0.0055095,0.37397,-0.1192,4.1e-07,0.012744,0,71.0637,0.14936,0.59517,483.0566,1456.1008
9.9798,9991.2749,0.90189,239.992,4.9582,0.15991,0.027991,-4.4772,90.0092,0.11603,4.8478,2.9051,-16.3463,-30.3813,-0.0055095,0.37397,-0.1192,4.1e-07,0.012744,0,71.0637,0.14914,0.63969,483.0566,1456.1008
9.9833,9991.2825,0.91499,239.9932,4.9596,0.15735,-0.0093183,-4.3035,90.0102,0.058801,4.8475,2.9124,-4.0479,-33.9449,-0.0054625,1.5908,-0.12625,4.1014e-07,0.012755,0,71.2016,0.14946,0.57714,483.0565,1456.1003
9.9916,9991.2902,0.92812,239.9946,4.9609,0.15473,-0.045181,-3.5492,90.0107,-0.0017968,4.8473,2.9275,6.5568,-37.0014,-0.0053985,1.5605,-0.13047,4.1029e-07,0.012765,0,71.3399,0.14951,0.55884,483.0565,1456.0999
9.9951,9991.2902,0.92812,239.9946,4.9609,0.15473,-0.045181,-3.5492,90.0107,-0.0017968,4.8473,2.9275,6.5568,-37.0014,-0.0053985,1.5605,-0.13047,4.1029e-07,0.012765,0,71.3399,0.14935,0.60332,483.0565,1456.0999
9.9951,9991.2902,0.92812,239.9946,4.9609,0.15473,-0.045181,-3.5492,90.0107,-0.0017968,4.8473,2.9275,6.5568,-37.0014,-0.0053985,1.5605,-0.13047,4.1029e-07,0.012765,0,71.3399,0.14935,0.60332,483.0565,1456.0999
10,9991.298,0.94127,239.996,4.9622,0.15207,-0.074758,-2.8096,90.0107,-0.0644,4.8469,2.95,6.0196,-36.939,-0.0053662,1.53,-0.1314,4.1043e-07,0.012776,0,71.0073,0.14952,0.5403,483.0565,1456.0995
10.0048,9991.298,0.94127,239.996,4.9622,0.15207,-0.074758,-2.8096,90.0107,-0.0644,4.8469,2.95,6.0196,-36.939,-0.0053662,1.53,-0.1314,4.1043e-07,0.012776,0,71.0073,0.1493,0.60528,483.0565,1456.0995
10.0083,9991.3059,0.95429,239.9968,4.9635,0.14937,-0.098171,-2.0845,90.0101,-0.12743,4.8466,2.8461,5.6875,-36.8725,-0.0053471,1.498,-0.1216,4.1058e-07,0.012787,0,70.677,0.14947,0.58327,483.0565,1456.099
10.0166,9991.3139,0.96723,239.9971,4.9647,0.14667,-0.11554,-1.3743,90.0091,-0.18574,4.8463,2.7662,6.0113,-36.7996,-0.0053403,1.4642,-0.099133,4.1074e-07,0.012797,0,70.349,0.14939,0.63397,483.0564,1456.0986
10.025,9991.322,0.98008,239.9969,4.966,0.14397,-0.12699,-0.67934,90.0075,-0.23328,4.8459,2.7211,7.1106,-36.72,-0.0053013,1.43,-0.070926,4.1091e-07,0.012808,0,70.4846,0.14931,0.68644,483.0564,1456.0981
10.0333,9991.3302,0.99298,239.9972,4.9672,0.14134,-0.13266,0.00047578,90.0056,-0.26728,4.8456,2.8243,8.5643,-36.6394,-0.0052595,1.396,-0.040221,4.1109e-07,0.012819,0,70.6206,0.14931,0.67904,483.0564,1456.0976
10.0416,9991.3385,1.0059,239.9976,4.9684,0.13879,-0.13265,0.66534,90.0033,-0.28655,4.8452,2.9345,10.176,-36.5574,-0.0052281,1.3627,-0.0092064,4.1127e-07,0.012829,0,70.7569,0.14938,0.66566,483.0563,1456.0972
10.05,9991.347,1.0188,239.9982,4.9695,0.13631,-0.12711,1.3156,90.0009,-0.29094,4.8448,3.0461,11.8125,-36.4741,-0.0052332,1.3303,0.020234,4.1147e-07,0.01284,0,70.8935,0.14953,0.64951,483.0563,1456.0967
10.0583,9991.3555,1.0318,239.9989,4.9707,0.13388,-0.11614,1.9516,89.9985,-0.28122,4.8444,3.1545,13.3595,-36.3885,-0.0052698,1.2992,0.046856,4.1169e-07,0.012851,0,71.0305,0.14974,0.63204,483.0563,1456.0962
10.0666,9991.3642,1.0447,239.9998,4.9718,0.13149,-0.099881,2.5739,89.9962,-0.25872,4.8439,3.2564,14.7414,-36.3012,-0.0053309,1.2694,0.069935,4.1191e-07,0.012861,0,71.1678,0.14998,0.61386,483.0563,1456.0957
10.075,9991.3729,1.0577,240.0008,4.9729,0.12908,-0.078432,3.1829,89.994,-0.22515,4.8434,3.3499,15.9138,-36.2129,-0.0054001,1.241,0.089129,4.1214e-07,0.012872,0,71.3054,0.15022,0.59525,483.0562,1456.0952
10.0795,9991.3729,1.0577,240.0008,4.9729,0.12908,-0.078432,3.1829,89.994,-0.22515,4.8434,3.3499,15.9138,-36.2129,-0.0054001,1.241,0.089129,4.1214e-07,0.012872,0,71.3054,0.15003,0.63591,483.0562,1456.0952
10.0795,9991.3729,1.0577,240.0008,4.9729,0.12908,-0.078432,3.1829,89.994,-0.22515,4.8434,3.3499,15.9138,-36.2129,-0.0054001,1.241,0.089129,4.1214e-07,0.012872,0,71.3054,0.15003,0.63591,483.0562,1456.0952
10.0833,9991.3818,1.0706,240.002,4.974,0.12665,-0.051908,3.7791,89.9921,-0.18238,4.8429,3.4338,16.8559,-36.1244,-0.005453,1.1759,0.1044,4.1238e-07,0.012883,0,71.4434,0.15042,0.57638,483.0562,1456.0947
10.0871,9991.3818,1.0706,240.002,4.974,0.12665,-0.051908,3.7791,89.9921,-0.18238,4.8429,3.4338,16.8559,-36.1244,-0.005453,1.1759,0.1044,4.1238e-07,0.012883,0,71.4434,0.15027,0.61757,483.0562,1456.0947
10.0916,9991.3908,1.0836,240.0033,4.9751,0.12416,-0.020415,4.3449,89.9906,-0.13228,4.8424,3.5069,17.2199,-35.9425,-0.0054718,0.20604,0.11594,4.1263e-07,0.012893,0,71.5817,0.15059,0.5576,483.0562,1456.0942
10.1,9991.3999,1.0966,240.0047,4.9761,0.12162,0.015792,4.4481,89.9895,-0.076642,4.8418,3.5695,9.1354,-33.5087,-0.0054705,-1.57,0.12403,4.1288e-07,0.012904,0,71.2491,0.1507,0.53895,483.0561,1456.0937
10.1083,9991.409,1.1095,240.0054,4.9771,0.119,0.05286,3.7037,89.9889,-0.017126,4.8413,3.482,-6.4867,-29.0793,-0.0054412,-1.5668,0.1292,4.1313e-07,0.012915,0,70.9187,0.15071,0.5847,483.0561,1456.0932
10.1104,9991.409,1.1095,240.0054,4.9771,0.119,0.05286,3.7037,89.9889,-0.017126,4.8413,3.482,-6.4867,-29.0793,-0.0054412,-1.5668,0.1292,4.1313e-07,0.012915,0,70.9187,0.15062,0.60748,483.0561,1456.0932
10.1104,9991.409,1.1095,240.0054,4.9771,0.119,0.05286,3.7037,89.9889,-0.017126,4.8413,3.482,-6.4867,-29.0793,-0.0054412,-1.5668,0.1292,4.1313e-07,0.012915,0,70.9187,0.15062,0.60748,483.0561,1456.0932
10.1166,9991.4183,1.1223,240.0056,4.9781,0.11632,0.083724,2.961,89.9887,0.044852,4.8407,3.3896,-6.1443,-29.0975,-0.0054111,-1.5365,0.1316,4.1338e-07,0.012926,0,70.5908,0.15064,0.63597,483.0561,1456.0927
10.1229,9991.4183,1.1223,240.0056,4.9781,0.11632,0.083724,2.961,89.9887,0.044852,4.8407,3.3896,-6.1443,-29.0975,-0.0054111,-1.5365,0.1316,4.1338e-07,0.012926,0,70.5908,0.15039,0.66772,483.0561,1456.0927
10.1235,9991.4183,1.1223,240.0056,4.9781,0.11632,0.083724,2.961,89.9887,0.044852,4.8407,3.3896,-6.1443,-29.0975,-0.0054111,-1.5365,0.1316,4.1338e-07,0.012926,0,70.5908,0.15036,0.67013,483.0561,1456.0927
10.1235,9991.4183,1.1223,240.0056,4.9781,0.11632,0.083724,2.961,89.9887,0.044852,4.8407,3.3896,-6.1443,-29.0975,-0.0054111,-1.5365,0.1316,4.1338e-07,0.012926,0,70.5908,0.15036,0.67013,483.0561,1456.0927
10.125,9991.4277,1.135,240.0054,4.9791,0.1136,0.1084,2.2329,89.9891,0.10796,4.8401,3.2933,-5.7269,-29.1816,-0.0053305,-1.5052,0.12614,4.1363e-07,0.012936,0,70.7264,0.15051,0.68881,483.056,1456.0921
10.1264,9991.4277,1.135,240.0054,4.9791,0.1136,0.1084,2.2329,89.9891,0.10796,4.8401,3.2933,-5.7269,-29.1816,-0.0053305,-1.5052,0.12614,4.1363e-07,0.012936,0,70.7264,0.15045,0.6909,483.056,1456.0921
10.1292,9991.4277,1.135,240.0054,4.9791,0.1136,0.1084,2.2329,89.9891,0.10796,4.8401,3.2933,-5.7269,-29.1816,-0.0053305,-1.5052,0.12614,4.1363e-07,0.012936,0,70.7264,0.15034,0.69428,483.056,1456.0921
10.1333,9991.4373,1.1477,240.0057,4.9801,0.11088,0.12701,1.5195,89.99,0.16845,4.8395,3.3109,-5.7896,-29.2694,-0.005233,-1.4717,0.10592,4.1386e-07,0.012947,0,70.8624,0.15039,0.68171,483.056,1456.0916
10.1416,9991.4469,1.1605,240.006,4.981,0.10823,0.13967,0.82123,89.9914,0.21923,4.8389,3.2923,-6.7531,-29.3623,-0.0051343,-1.4375,0.078763,4.1408e-07,0.012958,0,70.9986,0.15034,0.66857,483.056,1456.0911
10.15,9991.4566,1.1732,240.0066,4.9819,0.10565,0.14651,0.13816,89.9932,0.25698,4.8383,3.257,-8.1421,-29.4551,-0.0050669,-1.4034,0.04848,4.143e-07,0.012968,0,71.1353,0.15036,0.65259,483.0559,1456.0905
10.1583,9991.4664,1.1859,240.0072,4.9828,0.10317,0.14766,-0.52991,89.9954,0.28021,4.8376,3.2149,-9.7259,-29.5439,-0.0050399,-1.3699,0.017325,4.145e-07,0.012979,0,71.2722,0.15048,0.63521,483.0559,1456.09
10.1666,9991.4764,1.1987,240.008,4.9837,0.10076,0.14325,-1.1833,89.9977,0.2885,4.8369,3.1715,-11.3675,-29.6268,-0.0050586,-1.3373,-0.012675,4.1468e-07,0.01299,0,71.4095,0.15068,0.61708,483.0559,1456.0894
10.175,9991.4864,1.2114,240.009,4.9845,0.098411,0.13339,-1.8223,90.0001,0.28241,4.8362,3.1319,-12.9438,-29.7022,-0.0051162,-1.3059,-0.040117,4.1486e-07,0.013,0,71.5471,0.15093,0.59848,483.0558,1456.0888
10.1833,9991.4966,1.2241,240.0101,4.9854,0.096082,0.1182,-2.4475,90.0025,0.26315,4.8355,3.0993,-14.3697,-29.7697,-0.0051996,-1.2758,-0.064159,4.1502e-07,0.013011,0,71.6851,0.15121,0.57957,483.0558,1456.0883
10.1916,9991.5068,1.2369,240.0113,4.9862,0.093745,0.097806,-3.0593,90.0047,0.23237,4.8348,3.0756,-15.5939,-29.8294,-0.0052909,-1.2471,-0.084368,4.1517e-07,0.013022,0,71.8234,0.15148,0.56039,483.0558,1456.0877
10.1938,9991.5068,1.2369,240.0113,4.9862,0.093745,0.097806,-3.0593,90.0047,0.23237,4.8348,3.0756,-15.5939,-29.8294,-0.0052909,-1.2471,-0.084368,4.1517e-07,0.013022,0,71.8234,0.1514,0.58762,483.0558,1456.0877
10.1938,9991.5068,1.2369,240.0113,4.9862,0.093745,0.097806,-3.0593,90.0047,0.23237,4.8348,3.0756,-15.5939,-29.8294,-0.0052909,-1.2471,-0.084368,4.1517e-07,0.013022,0,71.8234,0.1514,0.58762,483.0558,1456.0877
10.2,9991.5172,1.2496,240.0127,4.987,0.091373,0.072312,-3.6583,90.0066,0.19189,4.834,3.0617,-16.5899,-29.8821,-0.0053917,-1.2197,-0.10064,4.1531e-07,0.013032,0,71.4908,0.15172,0.54101,483.0557,1456.0871
10.2057,9991.5172,1.2496,240.0127,4.987,0.091373,0.072312,-3.6583,90.0066,0.19189,4.834,3.0617,-16.5899,-29.8821,-0.0053917,-1.2197,-0.10064,4.1531e-07,0.013032,0,71.4908,0.15151,0.61099,483.0557,1456.0871
10.2057,9991.5172,1.2496,240.0127,4.987,0.091373,0.072312,-3.6583,90.0066,0.19189,4.834,3.0617,-16.5899,-29.8821,-0.0053917,-1.2197,-0.10064,4.1531e-07,0.013032,0,71.4908,0.15151,0.61099,483.0557,1456.0871
10.2083,9991.5276,1.2623,240.0136,4.9877,0.088935,0.041826,-4.2448,90.0082,0.14361,4.8332,2.9434,-17.3512,-29.9277,-0.0054667,-0.60105,-0.1131,4.1544e-07,0.013043,0,71.1599,0.15187,0.57354,483.0557,1456.0865
10.2109,9991.5276,1.2623,240.0136,4.9877,0.088935,0.041826,-4.2448,90.0082,0.14361,4.8332,2.9434,-17.3512,-29.9277,-0.0054667,-0.60105,-0.1131,4.1544e-07,0.013043,0,71.1599,0.15178,0.60227,483.0557,1456.0865
10.2148,9991.5276,1.2623,240.0136,4.9877,0.088935,0.041826,-4.2448,90.0082,0.14361,4.8332,2.9434,-17.3512,-29.9277,-0.0054667,-0.60105,-0.1131,4.1544e-07,0.013043,0,71.1599,0.15164,0.63391,483.0557,1456.0865
10.2148,9991.5276,1.2623,240.0136,4.9877,0.088935,0.041826,-4.2448,90.0082,0.14361,4.8332,2.9434,-17.3512,-29.9277,-0.0054667,-0.60105,-0.1131,4.1544e-07,0.013043,0,71.1599,0.15164,0.63391,483.0557,1456.0865
10.2166,9991.5382,1.2748,240.0139,4.9885,0.08642,0.006453,-4.5365,90.0094,0.089356,4.8324,2.8071,-12.5102,-31.4565,-0.0054921,1.1753,-0.12204,4.1556e-07,0.013054,0,70.8313,0.15193,0.62372,483.0556,1456.0859
10.2185,9991.5382,1.2748,240.0139,4.9885,0.08642,0.006453,-4.5365,90.0094,0.089356,4.8324,2.8071,-12.5102,-31.4565,-0.0054921,1.1753,-0.12204,4.1556e-07,0.013054,0,70.8313,0.15186,0.63674,483.0556,1456.0859
10.2222,9991.5382,1.2748,240.0139,4.9885,0.08642,0.006453,-4.5365,90.0094,0.089356,4.8324,2.8071,-12.5102,-31.4565,-0.0054921,1.1753,-0.12204,4.1556e-07,0.013054,0,70.8313,0.15173,0.6565,483.0556,1456.0859
10.225,9991.5489,1.2873,240.0137,4.9892,0.083824,-0.031351,-3.9804,90.0101,0.030816,4.8316,2.6815,3.0534,-35.9011,-0.0054211,1.578,-0.12791,4.1568e-07,0.013064,0,70.5053,0.15188,0.6764,483.0556,1456.0853
10.2261,9991.5489,1.2873,240.0137,4.9892,0.083824,-0.031351,-3.9804,90.0101,0.030816,4.8316,2.6815,3.0534,-35.9011,-0.0054211,1.578,-0.12791,4.1568e-07,0.013064,0,70.5053,0.15184,0.67902,483.0556,1456.0853
10.2261,9991.5489,1.2873,240.0137,4.9892,0.083824,-0.031351,-3.9804,90.0101,0.030816,4.8316,2.6815,3.0534,-35.9011,-0.0054211,1.578,-0.12791,4.1568e-07,0.013064,0,70.5053,0.15184,0.67902,483.0556,1456.0853
10.2333,9991.5597,1.2998,240.014,4.9899,0.081185,-0.064521,-3.2323,90.0104,-0.030529,4.8308,2.6973,6.3422,-36.9202,-0.0053137,1.5476,-0.13111,4.158e-07,0.013075,0,70.6415,0.15181,0.66921,483.0556,1456.0847
10.2389,9991.5597,1.2998,240.014,4.9899,0.081185,-0.064521,-3.2323,90.0104,-0.030529,4.8308,2.6973,6.3422,-36.9202,-0.0053137,1.5476,-0.13111,4.158e-07,0.013075,0,70.6415,0.15161,0.68252,483.0556,1456.0847
10.2389,9991.5597,1.2998,240.014,4.9899,0.081185,-0.064521,-3.2323,90.0104,-0.030529,4.8308,2.6973,6.3422,-36.9202,-0.0053137,1.5476,-0.13111,4.158e-07,0.013075,0,70.6415,0.15161,0.68252,483.0556,1456.0847
10.2416,9991.5705,1.3122,240.0145,4.9906,0.078533,-0.091457,-2.4989,90.0102,-0.093397,4.8299,2.7201,5.868,-36.8568,-0.0051858,1.5167,-0.12856,4.1593e-07,0.013086,0,70.778,0.15172,0.65611,483.0555,1456.0841
10.2443,9991.5705,1.3122,240.0145,4.9906,0.078533,-0.091457,-2.4989,90.0102,-0.093397,4.8299,2.7201,5.868,-36.8568,-0.0051858,1.5167,-0.12856,4.1593e-07,0.013086,0,70.778,0.15162,0.66637,483.0555,1456.0841
10.25,9991.5815,1.3247,240.015,4.9913,0.075903,-0.11228,-1.7801,90.0094,-0.15504,4.8291,2.7578,5.7473,-36.7913,-0.0050711,1.4837,-0.1122,4.1606e-07,0.013096,0,70.9149,0.15164,0.6402,483.0555,1456.0835
10.2583,9991.5926,1.3372,240.0158,4.9919,0.073323,-0.12711,-1.0763,90.0081,-0.20882,4.8282,2.8309,6.4714,-36.7185,-0.0049804,1.4497,-0.086803,4.162e-07,0.013107,0,71.0521,0.15162,0.62286,483.0554,1456.0828
10.2666,9991.6038,1.3496,240.0166,4.9926,0.070814,-0.13608,-0.38778,90.0063,-0.25043,4.8273,2.9274,7.7502,-36.64,-0.0049243,1.4155,-0.057305,4.1635e-07,0.013118,0,71.1897,0.15167,0.60472,483.0554,1456.0822
10.275,9991.6151,1.3621,240.0176,4.9932,0.068382,-0.13932,0.28568,90.0043,-0.27789,4.8264,3.0353,9.2841,-36.5575,-0.0049082,1.3818,-0.026296,4.1652e-07,0.013128,0,71.3275,0.15179,0.58605,483.0554,1456.0816
10.2833,9991.6265,1.3745,240.0188,4.9937,0.06602,-0.13693,0.94432,90.0019,-0.29049,4.8254,3.1478,10.916,-36.4715,-0.004933,1.3489,0.0041131,4.1669e-07,0.013139,0,71.4657,0.15199,0.567,483.0553,1456.0809
10.2916,9991.638,1.3869,240.0201,4.9943,0.063709,-0.12907,1.5885,89.9995,-0.28851,4.8245,3.2597,12.5176,-36.3828,-0.0050009,1.3171,0.032334,4.1688e-07,0.01315,0,71.1333,0.15223,0.54764,483.0553,1456.0803
10.3,9991.6496,1.3993,240.0214,4.9948,0.061419,-0.11583,2.2187,89.9971,-0.27299,4.8235,3.3281,13.9923,-36.2916,-0.0051163,1.2865,0.057374,4.1708e-07,0.01316,0,70.801,0.15249,0.54574,483.0552,1456.0796
10.3083,9991.6613,1.4116,240.0219,4.9954,0.059111,-0.097339,2.8354,89.9948,-0.24547,4.8226,3.2866,15.2797,-36.1978,-0.0052444,1.2573,0.078685,4.1729e-07,0.013171,0,70.471,0.1527,0.59228,483.0552,1456.079
10.3166,9991.6732,1.4237,240.022,4.9959,0.056756,-0.073711,3.439,89.9928,-0.20774,4.8216,3.2384,16.3464,-36.1033,-0.0053558,1.2295,0.096072,4.1751e-07,0.013182,0,70.1434,0.15284,0.6433,483.0552,1456.0783
10.3186,9991.6732,1.4237,240.022,4.9959,0.056756,-0.073711,3.439,89.9928,-0.20774,4.8216,3.2384,16.3464,-36.1033,-0.0053558,1.2295,0.096072,4.1751e-07,0.013182,0,70.1434,0.15278,0.65258,483.0552,1456.0783
10.3186,9991.6732,1.4237,240.022,4.9959,0.056756,-0.073711,3.439,89.9928,-0.20774,4.8216,3.2384,16.3464,-36.1033,-0.0053558,1.2295,0.096072,4.1751e-07,0.013182,0,70.1434,0.15278,0.65258,483.0552,1456.0783
10.325,9991.6851,1.4357,240.0217,4.9964,0.054338,-0.045052,4.0301,89.9911,-0.16166,4.8206,3.1826,17.1801,-36.0099,-0.005378,1.0187,0.1096,4.1774e-07,0.013192,0,70.2788,0.15291,0.69562,483.0551,1456.0776
10.3282,9991.6851,1.4357,240.0217,4.9964,0.054338,-0.045052,4.0301,89.9911,-0.16166,4.8206,3.1826,17.1801,-36.0099,-0.005378,1.0187,0.1096,4.1774e-07,0.013192,0,70.2788,0.15281,0.69568,483.0551,1456.0776
10.3282,9991.6851,1.4357,240.0217,4.9964,0.054338,-0.045052,4.0301,89.9911,-0.16166,4.8206,3.1826,17.1801,-36.0099,-0.005378,1.0187,0.1096,4.1774e-07,0.013192,0,70.2788,0.15281,0.69568,483.0551,1456.0776
10.3333,9991.6971,1.4478,240.0218,4.9968,0.051875,-0.011469,4.521,89.9897,-0.1091,4.8196,3.2478,16.1119,-35.4633,-0.0053295,-0.55881,0.11954,4.1797e-07,0.013203,0,70.4146,0.15293,0.68883,483.0551,1456.0769
10.3384,9991.6971,1.4478,240.0218,4.9968,0.051875,-0.011469,4.521,89.9897,-0.1091,4.8196,3.2478,16.1119,-35.4633,-0.0053295,-0.55881,0.11954,4.1797e-07,0.013203,0,70.4146,0.15278,0.69161,483.0551,1456.0769
10.3416,9991.7092,1.4599,240.022,4.9973,0.049376,0.026206,4.2592,89.9888,-0.051782,4.8185,3.3033,2.4105,-31.5198,-0.0052055,-1.5893,0.12624,4.1821e-07,0.013214,0,70.5508,0.15292,0.67617,483.055,1456.0763
10.35,9991.7214,1.4719,240.0224,4.9977,0.046858,0.0617,3.5057,89.9884,0.0087468,4.8175,3.3502,-6.532,-28.9586,-0.0050715,-1.5589,0.13017,4.1845e-07,0.013224,0,70.6873,0.15289,0.66077,483.055,1456.0756
10.3539,9991.7214,1.4719,240.0224,4.9977,0.046858,0.0617,3.5057,89.9884,0.0087468,4.8175,3.3502,-6.532,-28.9586,-0.0050715,-1.5589,0.13017,4.1845e-07,0.013224,0,70.6873,0.15277,0.67196,483.055,1456.0756
10.3539,9991.7214,1.4719,240.0224,4.9977,0.046858,0.0617,3.5057,89.9884,0.0087468,4.8175,3.3502,-6.532,-28.9586,-0.0050715,-1.5589,0.13017,4.1845e-07,0.013224,0,70.6873,0.15277,0.67196,483.055,1456.0756
10.3583,9991.7337,1.484,240.0229,4.9981,0.044333,0.090913,2.7668,89.9884,0.071151,4.8164,3.3907,-6.0185,-29.0482,-0.0049471,-1.5283,0.13067,4.1868e-07,0.013235,0,70.8241,0.15285,0.64399,483.0549,1456.0749
10.3627,9991.7337,1.484,240.0229,4.9981,0.044333,0.090913,2.7668,89.9884,0.071151,4.8164,3.3907,-6.0185,-29.0482,-0.0049471,-1.5283,0.13067,4.1868e-07,0.013235,0,70.8241,0.15272,0.6623,483.0549,1456.0749
10.3666,9991.7462,1.496,240.0236,4.9985,0.041818,0.11397,2.0425,89.989,0.13379,4.8153,3.4234,-5.7159,-29.1358,-0.0048418,-1.4961,0.11956,4.1891e-07,0.013246,0,70.9613,0.15282,0.62639,483.0549,1456.0742
10.375,9991.7587,1.508,240.0244,4.9988,0.039336,0.13099,1.3332,89.9902,0.19109,4.8142,3.4278,-6.1221,-29.2251,-0.004763,-1.4623,0.096544,4.1912e-07,0.013256,0,71.0988,0.15281,0.60822,483.0549,1456.0735
10.3833,9991.7713,1.52,240.0253,4.9992,0.036911,0.1421,0.63905,89.9917,0.23737,4.813,3.4034,-7.2554,-29.3154,-0.0047149,-1.4281,0.068168,4.1933e-07,0.013267,0,71.2366,0.15286,0.58961,483.0548,1456.0728
10.3916,9991.784,1.532,240.0264,4.9995,0.034554,0.14743,-0.039946,89.9937,0.27004,4.8119,3.3666,-8.719,-29.403,-0.0047009,-1.3941,0.037487,4.1953e-07,0.013278,0,71.3747,0.15298,0.57064,483.0548,1456.072
10.4,9991.7968,1.5439,240.0277,4.9998,0.032265,0.14709,-0.70403,89.996,0.288,4.8107,3.325,-10.3274,-29.486,-0.0047233,-1.3609,0.0066788,4.1971e-07,0.013288,0,71.2729,0.15316,0.55133,483.0547,1456.0713
10.4083,9991.8097,1.5559,240.0291,5.0001,0.030032,0.14123,-1.3535,89.9984,0.29119,4.8096,3.2839,-11.9484,-29.5628,-0.0048092,-1.3287,-0.022432,4.1988e-07,0.013299,0,70.9399,0.1534,0.53173,483.0547,1456.0706
10.4166,9991.8228,1.5677,240.0297,5.0003,0.027817,0.12995,-1.9888,90.0008,0.28043,4.8084,3.1058,-13.4713,-29.6306,-0.004927,-1.2977,-0.048657,4.2004e-07,0.01331,0,70.6091,0.15362,0.57677,483.0546,1456.0698
10.425,9991.8359,1.5793,240.0299,5.0006,0.025591,0.11337,-2.6105,90.0031,0.2571,4.8072,2.9379,-14.8237,-29.6905,-0.0050552,-1.268,-0.071307,4.2018e-07,0.01332,0,70.2807,0.15381,0.62733,483.0546,1456.0691
10.4333,9991.8491,1.5909,240.0297,5.0008,0.023329,0.09162,-3.2188,90.0053,0.22291,4.806,2.7815,-15.9638,-29.7432,-0.0051263,-1.2397,-0.09007,4.2031e-07,0.013331,0,70.3738,0.15394,0.67963,483.0545,1456.0684
10.4385,9991.8491,1.5909,240.0297,5.0008,0.023329,0.09162,-3.2188,90.0053,0.22291,4.806,2.7815,-15.9638,-29.7432,-0.0051263,-1.2397,-0.09007,4.2031e-07,0.013331,0,70.3738,0.1538,0.68439,483.0545,1456.0684
10.4385,9991.8491,1.5909,240.0297,5.0008,0.023329,0.09162,-3.2188,90.0053,0.22291,4.806,2.7815,-15.9638,-29.7432,-0.0051263,-1.2397,-0.09007,4.2031e-07,0.013331,0,70.3738,0.1538,0.68439,483.0545,1456.0684
10.4416,9991.8624,1.6025,240.0299,5.001,0.021034,0.064796,-3.8145,90.0071,0.17973,4.8048,2.7685,-16.8724,-29.7927,-0.0051419,-1.1515,-0.10493,4.2044e-07,0.013342,0,70.51,0.15405,0.67184,483.0545,1456.0676
10.442,9991.8624,1.6025,240.0299,5.001,0.021034,0.064796,-3.8145,90.0071,0.17973,4.8048,2.7685,-16.8724,-29.7927,-0.0051419,-1.1515,-0.10493,4.2044e-07,0.013342,0,70.51,0.15404,0.67253,483.0545,1456.0676
10.442,9991.8624,1.6025,240.0299,5.001,0.021034,0.064796,-3.8145,90.0071,0.17973,4.8048,2.7685,-16.8724,-29.7927,-0.0051419,-1.1515,-0.10493,4.2044e-07,0.013342,0,70.51,0.15404,0.67253,483.0545,1456.0676
10.4451,9991.8624,1.6025,240.0299,5.001,0.021034,0.064796,-3.8145,90.0071,0.17973,4.8048,2.7685,-16.8724,-29.7927,-0.0051419,-1.1515,-0.10493,4.2044e-07,0.013342,0,70.51,0.15396,0.67745,483.0545,1456.0676
10.4481,9991.8624,1.6025,240.0299,5.001,0.021034,0.064796,-3.8145,90.0071,0.17973,4.8048,2.7685,-16.8724,-29.7927,-0.0051419,-1.1515,-0.10493,4.2044e-07,0.013342,0,70.51,0.15388,0.68107,483.0545,1456.0676
10.45,9991.8758,1.6141,240.0303,5.0012,0.018707,0.033009,-4.3687,90.0086,0.12943,4.8036,2.7638,-16.9931,-29.9928,-0.0050962,-0.0855,-0.11609,4.2055e-07,0.013352,0,70.6464,0.15412,0.65853,483.0544,1456.0669
10.4583,9991.8893,1.6256,240.0307,5.0013,0.016353,-0.0033965,-4.4143,90.0097,0.073781,4.8023,2.7671,-8.0123,-32.6501,-0.0050017,1.5954,-0.12386,4.2066e-07,0.013363,0,70.7833,0.15417,0.64283,483.0544,1456.0661
10.4666,9991.9029,1.6372,240.0314,5.0015,0.01397,-0.040183,-3.6578,90.0103,0.014413,4.8011,2.7785,6.7562,-36.865,-0.0048813,1.5651,-0.12873,4.2077e-07,0.013374,0,70.9204,0.15418,0.62586,483.0543,1456.0653
10.4689,9991.9029,1.6372,240.0314,5.0015,0.01397,-0.040183,-3.6578,90.0103,0.014413,4.8011,2.7785,6.7562,-36.865,-0.0048813,1.5651,-0.12873,4.2077e-07,0.013374,0,70.9204,0.15412,0.63897,483.0543,1456.0653
10.4689,9991.9029,1.6372,240.0314,5.0015,0.01397,-0.040183,-3.6578,90.0103,0.014413,4.8011,2.7785,6.7562,-36.865,-0.0048813,1.5651,-0.12873,4.2077e-07,0.013374,0,70.9204,0.15412,0.63897,483.0543,1456.0653
10.475,9991.9166,1.6487,240.0321,5.0016,0.011571,-0.070664,-2.9159,90.0105,-0.047284,4.7998,2.7974,6.1774,-36.8014,-0.0047733,1.5347,-0.13074,4.2088e-07,0.013384,0,71.0579,0.15417,0.60817,483.0543,1456.0646
10.481,9991.9166,1.6487,240.0321,5.0016,0.011571,-0.070664,-2.9159,90.0105,-0.047284,4.7998,2.7974,6.1774,-36.8014,-0.0047733,1.5347,-0.13074,4.2088e-07,0.013384,0,71.0579,0.15402,0.64527,483.0543,1456.0646
10.4821,9991.9166,1.6487,240.0321,5.0016,0.011571,-0.070664,-2.9159,90.0105,-0.047284,4.7998,2.7974,6.1774,-36.8014,-0.0047733,1.5347,-0.13074,4.2088e-07,0.013384,0,71.0579,0.15399,0.64973,483.0543,1456.0646
10.4821,9991.9166,1.6487,240.0321,5.0016,0.011571,-0.070664,-2.9159,90.0105,-0.047284,4.7998,2.7974,6.1774,-36.8014,-0.0047733,1.5347,-0.13074,4.2088e-07,0.013384,0,71.0579,0.15399,0.64973,483.0543,1456.0646
10.4833,9991.9304,1.6602,240.033,5.0017,0.0091689,-0.094963,-2.1886,90.0101,-0.10994,4.7985,2.8242,5.7765,-36.7352,-0.0046788,1.5033,-0.12435,4.2099e-07,0.013395,0,71.1957,0.15416,0.58992,483.0542,1456.0638
10.4845,9991.9304,1.6602,240.033,5.0017,0.0091689,-0.094963,-2.1886,90.0101,-0.10994,4.7985,2.8242,5.7765,-36.7352,-0.0046788,1.5033,-0.12435,4.2099e-07,0.013395,0,71.1957,0.15413,0.60131,483.0542,1456.0638
10.4869,9991.9304,1.6602,240.033,5.0017,0.0091689,-0.094963,-2.1886,90.0101,-0.10994,4.7985,2.8242,5.7765,-36.7352,-0.0046788,1.5033,-0.12435,4.2099e-07,0.013395,0,71.1957,0.15407,0.62032,483.0542,1456.0638
10.4916,9991.9442,1.6717,240.0341,5.0018,0.0067828,-0.1132,-1.4761,90.0091,-0.16954,4.7971,2.8727,5.8903,-36.664,-0.0046047,1.4697,-0.10363,4.2111e-07,0.013406,0,71.3338,0.15416,0.57123,483.0542,1456.063
10.5,9991.9582,1.6831,240.0353,5.0019,0.0044396,-0.1255,-0.77865,90.0077,-0.2192,4.7958,2.958,6.8806,-36.5849,-0.0045555,1.4356,-0.076361,4.2124e-07,0.013416,0,71.2945,0.15419,0.55214,483.0541,1456.0622
10.5083,9991.9723,1.6946,240.0367,5.0019,0.0021558,-0.13199,-0.096406,90.0059,-0.2558,4.7945,3.0605,8.2749,-36.5013,-0.0045647,1.4016,-0.046158,4.2138e-07,0.013427,0,70.9615,0.15428,0.53268,483.0541,1456.0614
10.5166,9991.9865,1.7058,240.0373,5.002,-7.8359e-05,-0.13279,0.57087,90.0038,-0.27791,4.7931,3.0295,9.8533,-36.4125,-0.004613,1.3682,-0.015235,4.2153e-07,0.013438,0,70.6308,0.15439,0.57777,483.054,1456.0606
10.525,9992.0007,1.7169,240.0374,5.002,-0.0022742,-0.12804,1.2235,90.0015,-0.28521,4.7918,3.0035,11.4817,-36.3203,-0.004691,1.3357,0.014427,4.2169e-07,0.013448,0,70.3024,0.15451,0.62833,483.054,1456.0598
10.5333,9992.0151,1.7279,240.0372,5.002,-0.0044492,-0.11784,1.8618,89.9991,-0.27829,4.7904,2.9774,13.0395,-36.2262,-0.0047407,1.3043,0.041473,4.2187e-07,0.013459,0,70.4382,0.15463,0.6806,483.0539,1456.059
10.5416,9992.0295,1.739,240.0373,5.0019,-0.0066023,-0.10233,2.4863,89.9968,-0.25842,4.789,3.0789,14.4444,-36.1337,-0.004776,1.2743,0.065098,4.2205e-07,0.01347,0,70.5743,0.15478,0.67277,483.0539,1456.0582
10.55,9992.0441,1.75,240.0376,5.0019,-0.0087453,-0.081607,3.0975,89.9946,-0.22722,4.7877,3.1719,15.6475,-36.0424,-0.0047904,1.2457,0.084896,4.2225e-07,0.013481,0,70.7108,0.15493,0.65899,483.0538,1456.0574
10.5531,9992.0441,1.75,240.0376,5.0019,-0.0087453,-0.081607,3.0975,89.9946,-0.22722,4.7877,3.1719,15.6475,-36.0424,-0.0047904,1.2457,0.084896,4.2225e-07,0.013481,0,70.7108,0.15487,0.66637,483.0538,1456.0574
10.5531,9992.0441,1.75,240.0376,5.0019,-0.0087453,-0.081607,3.0975,89.9946,-0.22722,4.7877,3.1719,15.6475,-36.0424,-0.0047904,1.2457,0.084896,4.2225e-07,0.013481,0,70.7108,0.15487,0.66637,483.0538,1456.0574
10.5583,9992.0587,1.761,240.0381,5.0018,-0.010891,-0.055795,3.6958,89.9927,-0.18653,4.7863,3.2554,16.6238,-35.9526,-0.0047909,1.2184,0.10078,4.2245e-07,0.013491,0,70.8476,0.15508,0.64248,483.0538,1456.0565
10.5635,9992.0587,1.761,240.0381,5.0018,-0.010891,-0.055795,3.6958,89.9927,-0.18653,4.7863,3.2554,16.6238,-35.9526,-0.0047909,1.2184,0.10078,4.2245e-07,0.013491,0,70.8476,0.15497,0.66026,483.0538,1456.0565
10.5651,9992.0587,1.761,240.0381,5.0018,-0.010891,-0.055795,3.6958,89.9927,-0.18653,4.7863,3.2554,16.6238,-35.9526,-0.0047909,1.2184,0.10078,4.2245e-07,0.013491,0,70.8476,0.15493,0.66398,483.0538,1456.0565
10.5651,9992.0587,1.761,240.0381,5.0018,-0.010891,-0.055795,3.6958,89.9927,-0.18653,4.7863,3.2554,16.6238,-35.9526,-0.0047909,1.2184,0.10078,4.2245e-07,0.013491,0,70.8476,0.15493,0.66398,483.0538,1456.0565
10.5666,9992.0734,1.7719,240.0387,5.0017,-0.013058,-0.024997,4.2817,89.9912,-0.13824,4.7848,3.3283,17.3679,-35.8639,-0.0047611,0.46154,0.1129,4.2266e-07,0.013502,0,70.9847,0.1552,0.62494,483.0537,1456.0557
10.5682,9992.0734,1.7719,240.0387,5.0017,-0.013058,-0.024997,4.2817,89.9912,-0.13824,4.7848,3.3283,17.3679,-35.8639,-0.0047611,0.46154,0.1129,4.2266e-07,0.013502,0,70.9847,0.15517,0.63376,483.0537,1456.0557
10.5713,9992.0734,1.7719,240.0387,5.0017,-0.013058,-0.024997,4.2817,89.9912,-0.13824,4.7848,3.3283,17.3679,-35.8639,-0.0047611,0.46154,0.1129,4.2266e-07,0.013502,0,70.9847,0.1551,0.64776,483.0537,1456.0557
10.5739,9992.0734,1.7719,240.0387,5.0017,-0.013058,-0.024997,4.2817,89.9912,-0.13824,4.7848,3.3283,17.3679,-35.8639,-0.0047611,0.46154,0.1129,4.2266e-07,0.013502,0,70.9847,0.15505,0.65627,483.0537,1456.0557
10.5739,9992.0734,1.7719,240.0387,5.0017,-0.013058,-0.024997,4.2817,89.9912,-0.13824,4.7848,3.3283,17.3679,-35.8639,-0.0047611,0.46154,0.1129,4.2266e-07,0.013502,0,70.9847,0.15505,0.65627,483.0537,1456.0557
10.575,9992.0882,1.7829,240.0394,5.0016,-0.015255,0.010684,4.5068,89.99,-0.084144,4.7834,3.3905,11.2537,-33.9586,-0.004693,-1.3022,0.12152,4.2287e-07,0.013513,0,71.1222,0.15529,0.60719,483.0537,1456.0549
10.5761,9992.0882,1.7829,240.0394,5.0016,-0.015255,0.010684,4.5068,89.99,-0.084144,4.7834,3.3905,11.2537,-33.9586,-0.004693,-1.3022,0.12152,4.2287e-07,0.013513,0,71.1222,0.15527,0.61538,483.0537,1456.0549
10.5783,9992.0882,1.7829,240.0394,5.0016,-0.015255,0.010684,4.5068,89.99,-0.084144,4.7834,3.3905,11.2537,-33.9586,-0.004693,-1.3022,0.12152,4.2287e-07,0.013513,0,71.1222,0.15522,0.62927,483.0537,1456.0549
10.5827,9992.0882,1.7829,240.0394,5.0016,-0.015255,0.010684,4.5068,89.99,-0.084144,4.7834,3.3905,11.2537,-33.9586,-0.004693,-1.3022,0.12152,4.2287e-07,0.013513,0,71.1222,0.15513,0.64933,483.0537,1456.0549
10.5833,9992.1031,1.7938,240.0403,5.0015,-0.01749,0.048241,3.8902,89.9893,-0.025918,4.7819,3.4435,-4.2214,-29.557,-0.0045936,-1.5744,0.12713,4.2309e-07,0.013523,0,71.26,0.15534,0.58906,483.0536,1456.054
10.5847,9992.1031,1.7938,240.0403,5.0015,-0.01749,0.048241,3.8902,89.9893,-0.025918,4.7819,3.4435,-4.2214,-29.557,-0.0045936,-1.5744,0.12713,4.2309e-07,0.013523,0,71.26,0.15531,0.6013,483.0536,1456.054
10.5847,9992.1031,1.7938,240.0403,5.0015,-0.01749,0.048241,3.8902,89.9893,-0.025918,4.7819,3.4435,-4.2214,-29.557,-0.0045936,-1.5744,0.12713,4.2309e-07,0.013523,0,71.26,0.15531,0.6013,483.0536,1456.054
10.5876,9992.1031,1.7938,240.0403,5.0015,-0.01749,0.048241,3.8902,89.9893,-0.025918,4.7819,3.4435,-4.2214,-29.557,-0.0045936,-1.5744,0.12713,4.2309e-07,0.013523,0,71.26,0.15525,0.62275,483.0536,1456.054
10.5906,9992.1031,1.7938,240.0403,5.0015,-0.01749,0.048241,3.8902,89.9893,-0.025918,4.7819,3.4435,-4.2214,-29.557,-0.0045936,-1.5744,0.12713,4.2309e-07,0.013523,0,71.26,0.15519,0.63868,483.0536,1456.054
10.5916,9992.1181,1.8047,240.0413,5.0014,-0.019754,0.080659,3.1437,89.9891,0.034996,4.7805,3.4892,-6.3492,-28.8874,-0.0044997,-1.5441,0.13011,4.233e-07,0.013534,0,71.3981,0.15535,0.5706,483.0536,1456.0532
10.5968,9992.1181,1.8047,240.0413,5.0014,-0.019754,0.080659,3.1437,89.9891,0.034996,4.7805,3.4892,-6.3492,-28.8874,-0.0044997,-1.5441,0.13011,4.233e-07,0.013534,0,71.3981,0.15525,0.61666,483.0536,1456.0532
10.5975,9992.1181,1.8047,240.0413,5.0014,-0.019754,0.080659,3.1437,89.9891,0.034996,4.7805,3.4892,-6.3492,-28.8874,-0.0044997,-1.5441,0.13011,4.233e-07,0.013534,0,71.3981,0.15523,0.62138,483.0536,1456.0532
10.5975,9992.1181,1.8047,240.0413,5.0014,-0.019754,0.080659,3.1437,89.9891,0.034996,4.7805,3.4892,-6.3492,-28.8874,-0.0044997,-1.5441,0.13011,4.233e-07,0.013534,0,71.3981,0.15523,0.62138,483.0536,1456.0532
10.6,9992.1332,1.8156,240.0425,5.0012,-0.022034,0.10686,2.4119,89.9894,0.097338,4.779,3.5289,-5.8938,-28.972,-0.0044137,-1.513,0.1266,4.2351e-07,0.013545,0,71.2343,0.15535,0.55178,483.0535,1456.0523
10.6024,9992.1332,1.8156,240.0425,5.0012,-0.022034,0.10686,2.4119,89.9894,0.097338,4.779,3.5289,-5.8938,-28.972,-0.0044137,-1.513,0.1266,4.2351e-07,0.013545,0,71.2343,0.1553,0.58011,483.0535,1456.0523
10.6072,9992.1332,1.8156,240.0425,5.0012,-0.022034,0.10686,2.4119,89.9894,0.097338,4.779,3.5289,-5.8938,-28.972,-0.0044137,-1.513,0.1266,4.2351e-07,0.013545,0,71.2343,0.1552,0.6198,483.0535,1456.0523
10.6083,9992.1484,1.8264,240.0439,5.0011,-0.02431,0.12696,1.6948,89.9902,0.158,4.7775,3.553,-5.8354,-29.0564,-0.0043715,-1.4799,0.10914,4.2371e-07,0.013555,0,70.9013,0.15534,0.53259,483.0535,1456.0515
10.6137,9992.1484,1.8264,240.0439,5.0011,-0.02431,0.12696,1.6948,89.9902,0.158,4.7775,3.553,-5.8354,-29.0564,-0.0043715,-1.4799,0.10914,4.2371e-07,0.013555,0,70.9013,0.15523,0.59529,483.0535,1456.0515
10.6166,9992.1636,1.8371,240.0444,5.0009,-0.026564,0.14108,0.99277,89.9915,0.2103,4.776,3.4014,-6.6281,-29.1418,-0.0043562,-1.4459,0.083409,4.239e-07,0.013566,0,70.5707,0.15532,0.57788,483.0534,1456.0506
10.625,9992.179,1.8476,240.0445,5.0007,-0.028778,0.14935,0.30591,89.9933,0.25026,4.7745,3.2323,-7.9279,-29.2261,-0.0043639,-1.4118,0.053926,4.2407e-07,0.013577,0,70.2424,0.15531,0.62856,483.0534,1456.0497
10.6333,9992.1944,1.858,240.0442,5.0004,-0.030941,0.1519,-0.36591,89.9953,0.2761,4.773,3.0571,-9.4601,-29.3072,-0.0043495,-1.3782,0.023154,4.2424e-07,0.013587,0,70.3781,0.15533,0.68088,483.0533,1456.0489
10.6416,9992.21,1.8684,240.0443,5.0002,-0.033032,0.14885,-1.023,89.9976,0.2872,4.7715,3.013,-11.0754,-29.3863,-0.0043399,-1.3454,-0.0068276,4.2439e-07,0.013598,0,70.5142,0.15542,0.67309,483.0532,1456.048
10.65,9992.2256,1.8788,240.0446,4.9999,-0.035053,0.14033,-1.6656,90,0.28392,4.7699,2.9715,-12.6478,-29.4604,-0.0043392,-1.3137,-0.034519,4.2452e-07,0.013609,0,70.6507,0.15558,0.65931,483.0532,1456.0471
10.6583,9992.2413,1.8891,240.045,4.9996,-0.03702,0.12645,-2.2943,90.0024,0.26739,4.7684,2.9362,-14.086,-29.5285,-0.0043648,-1.2834,-0.058985,4.2465e-07,0.013619,0,70.7874,0.15578,0.64277,483.0531,1456.0462
10.6666,9992.2571,1.8994,240.0456,4.9993,-0.038963,0.10733,-2.9096,90.0046,0.23913,4.7668,2.9094,-15.3332,-29.5888,-0.0044042,-1.2544,-0.079721,4.2476e-07,0.01363,0,70.9246,0.15601,0.62493,483.0531,1456.0453
10.675,9992.2729,1.9097,240.0463,4.999,-0.040909,0.083082,-3.5118,90.0066,0.20093,4.7653,2.8922,-16.3586,-29.642,-0.004445,-1.2267,-0.096561,4.2486e-07,0.013641,0,71.062,0.15623,0.60639,483.053,1456.0444
10.6782,9992.2729,1.9097,240.0463,4.999,-0.040909,0.083082,-3.5118,90.0066,0.20093,4.7653,2.8922,-16.3586,-29.642,-0.004445,-1.2267,-0.096561,4.2486e-07,0.013641,0,71.062,0.15617,0.62695,483.053,1456.0444
10.6782,9992.2729,1.9097,240.0463,4.999,-0.040909,0.083082,-3.5118,90.0066,0.20093,4.7653,2.8922,-16.3586,-29.642,-0.004445,-1.2267,-0.096561,4.2486e-07,0.013641,0,71.062,0.15617,0.62695,483.053,1456.0444
10.6833,9992.2889,1.92,240.0472,4.9987,-0.042886,0.053817,-4.1016,90.0083,0.15468,4.7637,2.8847,-17.1519,-29.6887,-0.0044589,-0.97174,-0.1096,4.2495e-07,0.013651,0,71.1998,0.15641,0.5875,483.053,1456.0435
10.6875,9992.2889,1.92,240.0472,4.9987,-0.042886,0.053817,-4.1016,90.0083,0.15468,4.7637,2.8847,-17.1519,-29.6887,-0.0044589,-0.97174,-0.1096,4.2495e-07,0.013651,0,71.1998,0.15634,0.61966,483.053,1456.0435
10.6875,9992.2889,1.92,240.0472,4.9987,-0.042886,0.053817,-4.1016,90.0083,0.15468,4.7637,2.8847,-17.1519,-29.6887,-0.0044589,-0.97174,-0.1096,4.2495e-07,0.013651,0,71.1998,0.15634,0.61966,483.053,1456.0435
10.6916,9992.3049,1.9302,240.0482,4.9984,-0.044905,0.019637,-4.5701,90.0096,0.10218,4.7621,2.8849,-15.6448,-30.3049,-0.0044387,0.77192,-0.1191,4.2503e-07,0.013662,0,71.3379,0.15655,0.56897,483.0529,1456.0426
10.6957,9992.3049,1.9302,240.0482,4.9984,-0.044905,0.019637,-4.5701,90.0096,0.10218,4.7621,2.8849,-15.6448,-30.3049,-0.0044387,0.77192,-0.1191,4.2503e-07,0.013662,0,71.3379,0.15648,0.60627,483.0529,1456.0426
10.7,9992.321,1.9404,240.0494,4.998,-0.046975,-0.018447,-4.2065,90.0104,0.04513,4.7605,2.8935,-0.41336,-34.6629,-0.0043715,1.5872,-0.12541,4.2511e-07,0.013673,0,71.1252,0.15663,0.55025,483.0528,1456.0417
10.7001,9992.321,1.9404,240.0494,4.998,-0.046975,-0.018447,-4.2065,90.0104,0.04513,4.7605,2.8935,-0.41336,-34.6629,-0.0043715,1.5872,-0.12541,4.2511e-07,0.013673,0,71.1252,0.15663,0.55184,483.0528,1456.0417
10.7001,9992.321,1.9404,240.0494,4.998,-0.046975,-0.018447,-4.2065,90.0104,0.04513,4.7605,2.8935,-0.41336,-34.6629,-0.0043715,1.5872,-0.12541,4.2511e-07,0.013673,0,71.1252,0.15663,0.55184,483.0528,1456.0417
10.7083,9992.3373,1.9506,240.0506,4.9976,-0.049091,-0.053501,-3.4539,90.0108,-0.01494,4.7588,2.8955,6.5905,-36.7106,-0.0043219,1.5568,-0.12903,4.2519e-07,0.013683,0,70.7926,0.15666,0.53788,483.0528,1456.0408
10.7126,9992.3373,1.9506,240.0506,4.9976,-0.049091,-0.053501,-3.4539,90.0108,-0.01494,4.7588,2.8955,6.5905,-36.7106,-0.0043219,1.5568,-0.12903,4.2519e-07,0.013683,0,70.7926,0.15659,0.58695,483.0528,1456.0408
10.7126,9992.3373,1.9506,240.0506,4.9976,-0.049091,-0.053501,-3.4539,90.0108,-0.01494,4.7588,2.8955,6.5905,-36.7106,-0.0043219,1.5568,-0.12903,4.2519e-07,0.013683,0,70.7926,0.15659,0.58695,483.0528,1456.0408
10.7166,9992.3536,1.9606,240.051,4.9972,-0.05125,-0.082284,-2.716,90.0107,-0.076749,4.7572,2.7778,6.0874,-36.6409,-0.0042795,1.5262,-0.12903,4.2527e-07,0.013694,0,70.4623,0.15661,0.58401,483.0527,1456.0399
10.7207,9992.3536,1.9606,240.051,4.9972,-0.05125,-0.082284,-2.716,90.0107,-0.076749,4.7572,2.7778,6.0874,-36.6409,-0.0042795,1.5262,-0.12903,4.2527e-07,0.013694,0,70.4623,0.15654,0.61543,483.0527,1456.0399
10.725,9992.3699,1.9704,240.0511,4.9968,-0.053437,-0.10492,-1.9927,90.0101,-0.13856,4.7556,2.6721,5.8089,-36.5683,-0.004239,1.4937,-0.11649,4.2536e-07,0.013705,0,70.1343,0.1565,0.63508,483.0527,1456.039
10.7333,9992.3864,1.9801,240.0507,4.9964,-0.055618,-0.12152,-1.2843,90.0089,-0.19437,4.7539,2.6008,6.2971,-36.4894,-0.0041603,1.4598,-0.093006,4.2546e-07,0.013715,0,70.2699,0.15638,0.68757,483.0526,1456.038
10.7416,9992.4029,1.9899,240.0507,4.9959,-0.057744,-0.13223,-0.59122,90.0073,-0.23893,4.7523,2.6908,7.4558,-36.4075,-0.0040739,1.4257,-0.064612,4.2556e-07,0.013726,0,70.4059,0.15631,0.68006,483.0526,1456.0371
10.75,9992.4196,1.9996,240.0509,4.9954,-0.059783,-0.13715,0.086789,90.0053,-0.26989,4.7506,2.7937,8.919,-36.3237,-0.0039949,1.3918,-0.034147,4.2568e-07,0.013737,0,70.5422,0.15632,0.66649,483.0525,1456.0362
10.7583,9992.4363,2.0092,240.0512,4.995,-0.061726,-0.13643,0.74991,90.003,-0.28625,4.749,2.9025,10.5143,-36.2381,-0.0039544,1.3587,-0.0037599,4.258e-07,0.013747,0,70.6788,0.15642,0.6501,483.0524,1456.0352
10.7666,9992.453,2.0188,240.0517,4.9945,-0.063587,-0.13018,1.3985,90.0007,-0.28805,4.7473,3.012,12.1111,-36.1497,-0.0039525,1.3266,0.024806,4.2594e-07,0.013758,0,70.8158,0.15659,0.63235,483.0524,1456.0343
10.775,9992.4699,2.0284,240.0523,4.9939,-0.065391,-0.11853,2.0329,89.9983,-0.27618,4.7456,3.1178,13.6033,-36.059,-0.0039862,1.2958,0.050429,4.2609e-07,0.013769,0,70.9531,0.15682,0.61387,483.0523,1456.0333
10.7833,9992.4869,2.0379,240.0531,4.9934,-0.06717,-0.10158,2.6537,89.996,-0.25202,4.7439,3.2167,14.9229,-35.9666,-0.0040415,1.2663,0.072468,4.2626e-07,0.013779,0,71.0907,0.15706,0.59496,483.0523,1456.0324
10.7916,9992.5039,2.0474,240.054,4.9928,-0.068955,-0.079471,3.2613,89.9939,-0.21732,4.7422,3.307,16.0307,-35.8733,-0.004101,1.2381,0.090648,4.2643e-07,0.01379,0,71.2287,0.1573,0.57575,483.0522,1456.0314
10.7981,9992.5039,2.0474,240.054,4.9928,-0.068955,-0.079471,3.2613,89.9939,-0.21732,4.7422,3.307,16.0307,-35.8733,-0.004101,1.2381,0.090648,4.2643e-07,0.01379,0,71.2287,0.15721,0.62332,483.0522,1456.0314
10.7981,9992.5039,2.0474,240.054,4.9928,-0.068955,-0.079471,3.2613,89.9939,-0.21732,4.7422,3.307,16.0307,-35.8733,-0.004101,1.2381,0.090648,4.2643e-07,0.01379,0,71.2287,0.15721,0.62332,483.0522,1456.0314
10.8,9992.521,2.0569,240.0551,4.9923,-0.070771,-0.052293,3.8562,89.992,-0.17391,4.7405,3.3878,16.9097,-35.7801,-0.0041378,1.1292,0.10498,4.2661e-07,0.013801,0,71.3669,0.15749,0.55629,483.0521,1456.0304
10.8009,9992.521,2.0569,240.0551,4.9923,-0.070771,-0.052293,3.8562,89.992,-0.17391,4.7405,3.3878,16.9097,-35.7801,-0.0041378,1.1292,0.10498,4.2661e-07,0.013801,0,71.3669,0.15748,0.56733,483.0521,1456.0304
10.8009,9992.521,2.0569,240.0551,4.9923,-0.070771,-0.052293,3.8562,89.992,-0.17391,4.7405,3.3878,16.9097,-35.7801,-0.0041378,1.1292,0.10498,4.2661e-07,0.013801,0,71.3669,0.15748,0.56733,483.0521,1456.0304
10.8028,9992.521,2.0569,240.0551,4.9923,-0.070771,-0.052293,3.8562,89.992,-0.17391,4.7405,3.3878,16.9097,-35.7801,-0.0041378,1.1292,0.10498,4.2661e-07,0.013801,0,71.3669,0.15746,0.58605,483.0521,1456.0304
10.8047,9992.521,2.0569,240.0551,4.9923,-0.070771,-0.052293,3.8562,89.992,-0.17391,4.7405,3.3878,16.9097,-35.7801,-0.0041378,1.1292,0.10498,4.2661e-07,0.013801,0,71.3669,0.15743,0.60153,483.0521,1456.0304
10.8083,9992.5382,2.0663,240.0563,4.9917,-0.072632,-0.020158,4.3998,89.9906,-0.12364,4.7388,3.4577,16.8156,-35.4843,-0.0041682,-0.072352,0.11567,4.268e-07,0.013811,0,71.0343,0.15764,0.53705,483.0521,1456.0295
10.8157,9992.5382,2.0663,240.0563,4.9917,-0.072632,-0.020158,4.3998,89.9906,-0.12364,4.7388,3.4577,16.8156,-35.4843,-0.0041682,-0.072352,0.11567,4.268e-07,0.013811,0,71.0343,0.15755,0.60875,483.0521,1456.0295
10.8166,9992.5554,2.0756,240.0568,4.9911,-0.074559,0.016506,4.3701,89.9896,-0.068253,4.737,3.3763,6.5747,-32.468,-0.004152,-1.5936,0.12304,4.2699e-07,0.013822,0,70.704,0.15769,0.58247,483.052,1456.0285
10.8215,9992.5554,2.0756,240.0568,4.9911,-0.074559,0.016506,4.3701,89.9896,-0.068253,4.737,3.3763,6.5747,-32.468,-0.004152,-1.5936,0.12304,4.2699e-07,0.013822,0,70.704,0.15763,0.61785,483.052,1456.0285
10.825,9992.5728,2.0847,240.0568,4.9905,-0.076553,0.052923,3.6143,89.989,-0.0093348,4.7353,3.2885,-6.7778,-28.6707,-0.0041056,-1.5633,0.12756,4.2718e-07,0.013833,0,70.3761,0.15764,0.63342,483.052,1456.0275
10.8274,9992.5728,2.0847,240.0568,4.9905,-0.076553,0.052923,3.6143,89.989,-0.0093348,4.7353,3.2885,-6.7778,-28.6707,-0.0041056,-1.5633,0.12756,4.2718e-07,0.013833,0,70.3761,0.15761,0.64241,483.052,1456.0275
10.8274,9992.5728,2.0847,240.0568,4.9905,-0.076553,0.052923,3.6143,89.989,-0.0093348,4.7353,3.2885,-6.7778,-28.6707,-0.0041056,-1.5633,0.12756,4.2718e-07,0.013833,0,70.3761,0.15761,0.64241,483.052,1456.0275
10.8333,9992.5902,2.0937,240.0564,4.9899,-0.078596,0.083042,2.8732,89.9889,0.051752,4.7336,3.1962,-6.2267,-28.7522,-0.0040064,-1.5329,0.12916,4.2737e-07,0.013843,0,70.5117,0.15752,0.68604,483.0519,1456.0265
10.8391,9992.5902,2.0937,240.0564,4.9899,-0.078596,0.083042,2.8732,89.9889,0.051752,4.7336,3.1962,-6.2267,-28.7522,-0.0040064,-1.5329,0.12916,4.2737e-07,0.013843,0,70.5117,0.15745,0.68088,483.0519,1456.0265
10.8407,9992.5902,2.0937,240.0564,4.9899,-0.078596,0.083042,2.8732,89.9889,0.051752,4.7336,3.1962,-6.2267,-28.7522,-0.0040064,-1.5329,0.12916,4.2737e-07,0.013843,0,70.5117,0.15743,0.67995,483.0519,1456.0265
10.8407,9992.5902,2.0937,240.0564,4.9899,-0.078596,0.083042,2.8732,89.9889,0.051752,4.7336,3.1962,-6.2267,-28.7522,-0.0040064,-1.5329,0.12916,4.2737e-07,0.013843,0,70.5117,0.15743,0.67995,483.0519,1456.0265
10.8416,9992.6076,2.1027,240.0564,4.9892,-0.080646,0.10699,2.1467,89.9893,0.11362,4.7318,3.2301,-5.8548,-28.835,-0.0038824,-1.5012,0.12167,4.2755e-07,0.013854,0,70.6476,0.15739,0.67874,483.0518,1456.0255
10.8426,9992.6076,2.1027,240.0564,4.9892,-0.080646,0.10699,2.1467,89.9893,0.11362,4.7318,3.2301,-5.8548,-28.835,-0.0038824,-1.5012,0.12167,4.2755e-07,0.013854,0,70.6476,0.15738,0.67834,483.0518,1456.0255
10.8445,9992.6076,2.1027,240.0564,4.9892,-0.080646,0.10699,2.1467,89.9893,0.11362,4.7318,3.2301,-5.8548,-28.835,-0.0038824,-1.5012,0.12167,4.2755e-07,0.013854,0,70.6476,0.15736,0.67764,483.0518,1456.0255
10.8483,9992.6076,2.1027,240.0564,4.9892,-0.080646,0.10699,2.1467,89.9893,0.11362,4.7318,3.2301,-5.8548,-28.835,-0.0038824,-1.5012,0.12167,4.2755e-07,0.013854,0,70.6476,0.15731,0.67657,483.0518,1456.0255
10.85,9992.6252,2.1116,240.0565,4.9886,-0.082661,0.12487,1.435,89.9903,0.1719,4.7301,3.2419,-6.0384,-28.9207,-0.0037503,-1.4677,0.10066,4.2773e-07,0.013865,0,70.7839,0.15729,0.66539,483.0518,1456.0246
10.8583,9992.6428,2.1205,240.0568,4.9879,-0.084603,0.13683,0.73839,89.9917,0.22012,4.7283,3.2205,-7.048,-29.0103,-0.0036445,-1.4336,0.073463,4.2789e-07,0.013875,0,70.9205,0.15725,0.64919,483.0517,1456.0236
10.8666,9992.6605,2.1294,240.0573,4.9872,-0.086454,0.14299,0.056963,89.9936,0.25531,4.7265,3.1845,-8.4375,-29.098,-0.0035724,-1.3997,0.043526,4.2804e-07,0.013886,0,71.0575,0.15729,0.63157,483.0516,1456.0226
10.875,9992.6783,2.1382,240.0579,4.9865,-0.088214,0.14346,-0.60952,89.9957,0.27617,4.7247,3.1427,-9.9984,-29.1813,-0.0035448,-1.3664,0.013031,4.2819e-07,0.013897,0,71.1948,0.15742,0.61317,483.0516,1456.0216
10.8833,9992.6962,2.147,240.0586,4.9858,-0.089897,0.13838,-1.2614,89.998,0.28242,4.7229,3.1004,-11.5981,-29.2583,-0.00356,-1.334,-0.01611,4.2832e-07,0.013907,0,71.3324,0.15762,0.59428,483.0515,1456.0205
10.8916,9992.7141,2.1557,240.0595,4.985,-0.091528,0.12787,-1.899,90.0003,0.27471,4.7211,3.0624,-13.1206,-29.3279,-0.0036101,-1.3028,-0.042602,4.2843e-07,0.013918,0,71.4703,0.15786,0.57506,483.0514,1456.0195
10.9,9992.7321,2.1644,240.0606,4.9843,-0.093136,0.11204,-2.5228,90.0026,0.25432,4.7193,3.0315,-14.4871,-29.3898,-0.0036807,-1.273,-0.065676,4.2854e-07,0.013929,0,71.5999,0.15812,0.55555,483.0514,1456.0185
10.9083,9992.7502,2.1731,240.0618,4.9835,-0.094751,0.091021,-3.1333,90.0047,0.22288,4.7175,3.0096,-15.6509,-29.4443,-0.0037848,-1.2445,-0.084957,4.2863e-07,0.01394,0,71.2673,0.15837,0.53581,483.0513,1456.0175
10.9124,9992.7502,2.1731,240.0618,4.9835,-0.094751,0.091021,-3.1333,90.0047,0.22288,4.7175,3.0096,-15.6509,-29.4443,-0.0037848,-1.2445,-0.084957,4.2863e-07,0.01394,0,71.2673,0.15833,0.58117,483.0513,1456.0175
10.9124,9992.7502,2.1731,240.0618,4.9835,-0.094751,0.091021,-3.1333,90.0047,0.22288,4.7175,3.0096,-15.6509,-29.4443,-0.0037848,-1.2445,-0.084957,4.2863e-07,0.01394,0,71.2673,0.15833,0.58117,483.0513,1456.0175
10.9166,9992.7683,2.1815,240.0622,4.9827,-0.096411,0.06491,-3.7311,90.0066,0.1822,4.7157,2.8561,-16.589,-29.4903,-0.003876,-1.2033,-0.10037,4.2871e-07,0.01395,0,70.9371,0.15853,0.58045,483.0513,1456.0165
10.9209,9992.7683,2.1815,240.0622,4.9827,-0.096411,0.06491,-3.7311,90.0066,0.1822,4.7157,2.8561,-16.589,-29.4903,-0.003876,-1.2033,-0.10037,4.2871e-07,0.01395,0,70.9371,0.15849,0.61159,483.0513,1456.0165
10.9244,9992.7683,2.1815,240.0622,4.9827,-0.096411,0.06491,-3.7311,90.0066,0.1822,4.7157,2.8561,-16.589,-29.4903,-0.003876,-1.2033,-0.10037,4.2871e-07,0.01395,0,70.9371,0.15846,0.62901,483.0513,1456.0165
10.9244,9992.7683,2.1815,240.0622,4.9827,-0.096411,0.06491,-3.7311,90.0066,0.1822,4.7157,2.8561,-16.589,-29.4903,-0.003876,-1.2033,-0.10037,4.2871e-07,0.01395,0,70.9371,0.15846,0.62901,483.0513,1456.0165
10.925,9992.7865,2.1899,240.0622,4.9819,-0.098134,0.033818,-4.3098,90.0081,0.13415,4.7139,2.7139,-17.17,-29.5657,-0.0039277,-0.32605,-0.11209,4.2879e-07,0.013961,0,70.6092,0.15861,0.63084,483.0512,1456.0154
10.9255,9992.7865,2.1899,240.0622,4.9819,-0.098134,0.033818,-4.3098,90.0081,0.13415,4.7139,2.7139,-17.17,-29.5657,-0.0039277,-0.32605,-0.11209,4.2879e-07,0.013961,0,70.6092,0.1586,0.63305,483.0512,1456.0154
10.9267,9992.7865,2.1899,240.0622,4.9819,-0.098134,0.033818,-4.3098,90.0081,0.13415,4.7139,2.7139,-17.17,-29.5657,-0.0039277,-0.32605,-0.11209,4.2879e-07,0.013961,0,70.6092,0.15859,0.63712,483.0512,1456.0154
10.929,9992.7865,2.1899,240.0622,4.9819,-0.098134,0.033818,-4.3098,90.0081,0.13415,4.7139,2.7139,-17.17,-29.5657,-0.0039277,-0.32605,-0.11209,4.2879e-07,0.013961,0,70.6092,0.15857,0.64397,483.0512,1456.0154
10.9329,9992.7865,2.1899,240.0622,4.9819,-0.098134,0.033818,-4.3098,90.0081,0.13415,4.7139,2.7139,-17.17,-29.5657,-0.0039277,-0.32605,-0.11209,4.2879e-07,0.013961,0,70.6092,0.15854,0.65247,483.0512,1456.0154
10.9329,9992.7865,2.1899,240.0622,4.9819,-0.098134,0.033818,-4.3098,90.0081,0.13415,4.7139,2.7139,-17.17,-29.5657,-0.0039277,-0.32605,-0.11209,4.2879e-07,0.013961,0,70.6092,0.15854,0.65247,483.0512,1456.0154
10.9333,9992.8048,2.1981,240.0618,4.9811,-0.099928,-0.0020969,-4.4701,90.0092,0.080498,4.7121,2.5818,-9.9353,-31.7404,-0.0038739,1.417,-0.12036,4.2886e-07,0.013972,0,70.6314,0.15859,0.6834,483.0511,1456.0144
10.9337,9992.8048,2.1981,240.0618,4.9811,-0.099928,-0.0020969,-4.4701,90.0092,0.080498,4.7121,2.5818,-9.9353,-31.7404,-0.0038739,1.417,-0.12036,4.2886e-07,0.013972,0,70.6314,0.15858,0.68289,483.0511,1456.0144
10.9345,9992.8048,2.1981,240.0618,4.9811,-0.099928,-0.0020969,-4.4701,90.0092,0.080498,4.7121,2.5818,-9.9353,-31.7404,-0.0038739,1.417,-0.12036,4.2886e-07,0.013972,0,70.6314,0.15858,0.68193,483.0511,1456.0144
10.9361,9992.8048,2.1981,240.0618,4.9811,-0.099928,-0.0020969,-4.4701,90.0092,0.080498,4.7121,2.5818,-9.9353,-31.7404,-0.0038739,1.417,-0.12036,4.2886e-07,0.013972,0,70.6314,0.15856,0.68023,483.0511,1456.0144
10.9393,9992.8048,2.1981,240.0618,4.9811,-0.099928,-0.0020969,-4.4701,90.0092,0.080498,4.7121,2.5818,-9.9353,-31.7404,-0.0038739,1.417,-0.12036,4.2886e-07,0.013972,0,70.6314,0.15854,0.67754,483.0511,1456.0144
10.9416,9992.8232,2.2063,240.0618,4.9803,-0.10176,-0.039348,-3.7985,90.0099,0.022882,4.7102,2.5909,5.3645,-36.1041,-0.003752,1.5706,-0.12569,4.2893e-07,0.013982,0,70.7674,0.15852,0.67622,483.0511,1456.0134
10.9431,9992.8232,2.2063,240.0618,4.9803,-0.10176,-0.039348,-3.7985,90.0099,0.022882,4.7102,2.5909,5.3645,-36.1041,-0.003752,1.5706,-0.12569,4.2893e-07,0.013982,0,70.7674,0.15851,0.67543,483.0511,1456.0134
10.9431,9992.8232,2.2063,240.0618,4.9803,-0.10176,-0.039348,-3.7985,90.0099,0.022882,4.7102,2.5909,5.3645,-36.1041,-0.003752,1.5706,-0.12569,4.2893e-07,0.013982,0,70.7674,0.15851,0.67543,483.0511,1456.0134
10.95,9992.8416,2.2145,240.062,4.9795,-0.10362,-0.071002,-3.0539,90.0101,-0.037294,4.7084,2.6073,6.4239,-36.4981,-0.0036067,1.5403,-0.12836,4.29e-07,0.013993,0,70.9036,0.15844,0.66311,483.051,1456.0123
10.956,9992.8416,2.2145,240.062,4.9795,-0.10362,-0.071002,-3.0539,90.0101,-0.037294,4.7084,2.6073,6.4239,-36.4981,-0.0036067,1.5403,-0.12836,4.29e-07,0.013993,0,70.9036,0.15839,0.66631,483.051,1456.0123
10.956,9992.8416,2.2145,240.062,4.9795,-0.10362,-0.071002,-3.0539,90.0101,-0.037294,4.7084,2.6073,6.4239,-36.4981,-0.0036067,1.5403,-0.12836,4.29e-07,0.013993,0,70.9036,0.15839,0.66631,483.051,1456.0123
10.9583,9992.8601,2.2226,240.0622,4.9786,-0.10546,-0.096451,-2.3238,90.0098,-0.098761,4.7065,2.6308,5.9801,-36.4317,-0.0034693,1.5091,-0.12393,4.2907e-07,0.014004,0,71.0402,0.15835,0.64717,483.0509,1456.0113
10.9606,9992.8601,2.2226,240.0622,4.9786,-0.10546,-0.096451,-2.3238,90.0098,-0.098761,4.7065,2.6308,5.9801,-36.4317,-0.0034693,1.5091,-0.12393,4.2907e-07,0.014004,0,71.0402,0.15834,0.65187,483.0509,1456.0113
10.9652,9992.8601,2.2226,240.0622,4.9786,-0.10546,-0.096451,-2.3238,90.0098,-0.098761,4.7065,2.6308,5.9801,-36.4317,-0.0034693,1.5091,-0.12393,4.2907e-07,0.014004,0,71.0402,0.1583,0.65855,483.0509,1456.0113
10.9666,9992.8786,2.2307,240.0627,4.9777,-0.10727,-0.11582,-1.6084,90.009,-0.15812,4.7047,2.6727,5.9726,-36.3612,-0.0033497,1.4759,-0.10557,4.2916e-07,0.014014,0,71.1772,0.15829,0.6298,483.0509,1456.0103
10.9737,9992.8786,2.2307,240.0627,4.9777,-0.10727,-0.11582,-1.6084,90.009,-0.15812,4.7047,2.6727,5.9726,-36.3612,-0.0033497,1.4759,-0.10557,4.2916e-07,0.014014,0,71.1772,0.15824,0.64994,483.0509,1456.0103
10.975,9992.8973,2.2387,240.0632,4.9769,-0.10902,-0.12922,-0.90812,90.0077,-0.20868,4.7028,2.7504,6.8171,-36.2831,-0.0032606,1.4419,-0.079683,4.2925e-07,0.014025,0,71.3144,0.15828,0.61161,483.0508,1456.0092
10.9814,9992.8973,2.2387,240.0632,4.9769,-0.10902,-0.12922,-0.90812,90.0077,-0.20868,4.7028,2.7504,6.8171,-36.2831,-0.0032606,1.4419,-0.079683,4.2925e-07,0.014025,0,71.3144,0.15824,0.63893,483.0508,1456.0092
10.9833,9992.916,2.2467,240.064,4.976,-0.11069,-0.13679,-0.22299,90.0059,-0.24685,4.7009,2.8478,8.1245,-36.1997,-0.0032058,1.4079,-0.050398,4.2935e-07,0.014036,0,71.452,0.15834,0.59287,483.0507,1456.0081
10.9916,9992.9347,2.2546,240.0648,4.9751,-0.11229,-0.13864,0.44715,90.0039,-0.271,4.6991,2.9547,9.6446,-36.1126,-0.00319,1.3745,-0.020044,4.2946e-07,0.014046,0,71.59,0.15846,0.57372,483.0507,1456.0071
11,9992.9535,2.2625,240.0659,4.9741,-0.11382,-0.13492,1.1026,90.0016,-0.28061,4.6972,3.0651,11.2358,-36.0223,-0.0032114,1.3419,0.0093656,4.2958e-07,0.014057,0,71.5012,0.15865,0.55425,483.0506,1456.006
11.0083,9992.9724,2.2703,240.0671,4.9732,-0.1153,-0.12573,1.7437,89.9993,-0.27613,4.6953,3.174,12.776,-35.9296,-0.0032935,1.3105,0.0364,4.2972e-07,0.014068,0,71.1686,0.15888,0.53448,483.0505,1456.005
11.0166,9992.9914,2.278,240.0675,4.9722,-0.11677,-0.1112,2.3709,89.997,-0.25872,4.6934,3.1365,14.1779,-35.8333,-0.0034011,1.2803,0.060188,4.2987e-07,0.014078,0,70.8384,0.15908,0.57902,483.0505,1456.0039
11.025,9993.0104,2.2855,240.0675,4.9713,-0.11826,-0.091443,2.9847,89.9948,-0.22991,4.6915,3.0936,15.3886,-35.7357,-0.0035108,1.2515,0.080267,4.3003e-07,0.014089,0,70.5106,0.15923,0.62906,483.0504,1456.0028
11.0265,9993.0104,2.2855,240.0675,4.9713,-0.11826,-0.091443,2.9847,89.9948,-0.22991,4.6915,3.0936,15.3886,-35.7357,-0.0035108,1.2515,0.080267,4.3003e-07,0.014089,0,70.5106,0.15922,0.63432,483.0504,1456.0028
11.0265,9993.0104,2.2855,240.0675,4.9713,-0.11826,-0.091443,2.9847,89.9948,-0.22991,4.6915,3.0936,15.3886,-35.7357,-0.0035108,1.2515,0.080267,4.3003e-07,0.014089,0,70.5106,0.15922,0.63432,483.0504,1456.0028
11.0333,9993.0295,2.2929,240.0671,4.9703,-0.11979,-0.06657,3.5856,89.9929,-0.19149,4.6897,3.0439,16.3797,-35.6382,-0.0035526,1.224,0.096501,4.302e-07,0.0141,0,70.5315,0.15932,0.68082,483.0503,1456.0017
11.0381,9993.0295,2.2929,240.0671,4.9703,-0.11979,-0.06657,3.5856,89.9929,-0.19149,4.6897,3.0439,16.3797,-35.6382,-0.0035526,1.224,0.096501,4.302e-07,0.0141,0,70.5315,0.15929,0.67539,483.0503,1456.0017
11.0381,9993.0295,2.2929,240.0671,4.9703,-0.11979,-0.06657,3.5856,89.9929,-0.19149,4.6897,3.0439,16.3797,-35.6382,-0.0035526,1.224,0.096501,4.302e-07,0.0141,0,70.5315,0.15929,0.67539,483.0503,1456.0017
11.0416,9993.0486,2.3003,240.0671,4.9693,-0.12136,-0.036691,4.174,89.9913,-0.14531,4.6878,3.1171,17.1427,-35.5448,-0.0035287,0.74268,0.109,4.3037e-07,0.01411,0,70.6674,0.15937,0.67295,483.0503,1456.0007
11.0452,9993.0486,2.3003,240.0671,4.9693,-0.12136,-0.036691,4.174,89.9913,-0.14531,4.6878,3.1171,17.1427,-35.5448,-0.0035287,0.74268,0.109,4.3037e-07,0.01411,0,70.6674,0.15935,0.67101,483.0503,1456.0007
11.0471,9993.0486,2.3003,240.0671,4.9693,-0.12136,-0.036691,4.174,89.9913,-0.14531,4.6878,3.1171,17.1427,-35.5448,-0.0035287,0.74268,0.109,4.3037e-07,0.01411,0,70.6674,0.15934,0.67022,483.0503,1456.0007
11.0471,9993.0486,2.3003,240.0671,4.9693,-0.12136,-0.036691,4.174,89.9913,-0.14531,4.6878,3.1171,17.1427,-35.5448,-0.0035287,0.74268,0.109,4.3037e-07,0.01411,0,70.6674,0.15934,0.67022,483.0503,1456.0007
11.05,9993.0678,2.3076,240.0672,4.9683,-0.12295,-0.001908,4.5331,89.9901,-0.093148,4.6859,3.1791,13.5533,-34.323,-0.0034383,-0.99423,0.11803,4.3056e-07,0.014121,0,70.8037,0.15938,0.65977,483.0502,1455.9996
11.0529,9993.0678,2.3076,240.0672,4.9683,-0.12295,-0.001908,4.5331,89.9901,-0.093148,4.6859,3.1791,13.5533,-34.323,-0.0034383,-0.99423,0.11803,4.3056e-07,0.014121,0,70.8037,0.15937,0.66141,483.0502,1455.9996
11.0583,9993.0871,2.3149,240.0675,4.9673,-0.12457,0.035868,4.0633,89.9893,-0.036669,4.6839,3.2317,-1.6514,-29.9843,-0.0033054,-1.5812,0.12398,4.3074e-07,0.014132,0,70.9402,0.15937,0.64392,483.0501,1455.9985
11.0587,9993.0871,2.3149,240.0675,4.9673,-0.12457,0.035868,4.0633,89.9893,-0.036669,4.6839,3.2317,-1.6514,-29.9843,-0.0033054,-1.5812,0.12398,4.3074e-07,0.014132,0,70.9402,0.15937,0.6449,483.0501,1455.9985
11.0587,9993.0871,2.3149,240.0675,4.9673,-0.12457,0.035868,4.0633,89.9893,-0.036669,4.6839,3.2317,-1.6514,-29.9843,-0.0033054,-1.5812,0.12398,4.3074e-07,0.014132,0,70.9402,0.15937,0.6449,483.0501,1455.9985
11.0666,9993.1064,2.3222,240.0679,4.9663,-0.12619,0.069728,3.3134,89.989,0.02267,4.682,3.2765,-6.6127,-28.528,-0.0031719,-1.5508,0.12729,4.3092e-07,0.014142,0,71.0772,0.15933,0.62677,483.0501,1455.9974
11.0713,9993.1064,2.3222,240.0679,4.9663,-0.12619,0.069728,3.3134,89.989,0.02267,4.682,3.2765,-6.6127,-28.528,-0.0031719,-1.5508,0.12729,4.3092e-07,0.014142,0,71.0772,0.15931,0.64135,483.0501,1455.9974
11.0713,9993.1064,2.3222,240.0679,4.9663,-0.12619,0.069728,3.3134,89.989,0.02267,4.682,3.2765,-6.6127,-28.528,-0.0031719,-1.5508,0.12729,4.3092e-07,0.014142,0,71.0772,0.15931,0.64135,483.0501,1455.9974
11.075,9993.1258,2.3294,240.0685,4.9652,-0.12782,0.09734,2.5783,89.9892,0.083606,4.6801,3.3153,-6.1351,-28.6132,-0.003052,-1.52,0.12576,4.311e-07,0.014153,0,71.2144,0.15929,0.60884,483.05,1455.9963
11.0786,9993.1258,2.3294,240.0685,4.9652,-0.12782,0.09734,2.5783,89.9892,0.083606,4.6801,3.3153,-6.1351,-28.6132,-0.003052,-1.52,0.12576,4.311e-07,0.014153,0,71.2144,0.15927,0.62608,483.05,1455.9963
11.0833,9993.1452,2.3365,240.0692,4.9642,-0.12944,0.11883,1.8577,89.9899,0.14382,4.6782,3.3428,-5.9541,-28.6969,-0.0029508,-1.4874,0.11137,4.3127e-07,0.014164,0,71.352,0.15925,0.59035,483.0499,1455.9952
11.0916,9993.1647,2.3436,240.07,4.9631,-0.13101,0.13431,1.1522,89.9911,0.19716,4.6762,3.3389,-6.5578,-28.7829,-0.002875,-1.4535,0.087344,4.3143e-07,0.014174,0,71.4899,0.15924,0.57142,483.0498,1455.9941
11.1,9993.1843,2.3507,240.0711,4.962,-0.13252,0.14391,0.4618,89.9927,0.23899,4.6743,3.3119,-7.7517,-28.8688,-0.0028273,-1.4195,0.058988,4.3158e-07,0.014185,0,71.3247,0.15929,0.55211,483.0498,1455.993
11.1083,9993.2039,2.3577,240.0722,4.9609,-0.13396,0.14776,-0.21351,89.9947,0.26725,4.6723,3.275,-9.2132,-28.9517,-0.0028425,-1.3858,0.028928,4.3172e-07,0.014196,0,70.9922,0.1594,0.53245,483.0497,1455.9919
11.1166,9993.2236,2.3645,240.0726,4.9598,-0.13534,0.14598,-0.87401,89.9969,0.28111,4.6704,3.0937,-10.783,-29.0278,-0.0028987,-1.353,-0.00075993,4.3185e-07,0.014206,0,70.662,0.15953,0.577,483.0496,1455.9908
11.125,9993.2433,2.3712,240.0726,4.9587,-0.13669,0.13869,-1.52,89.9993,0.28076,4.6685,2.9165,-12.3352,-29.097,-0.0029838,-1.3212,-0.028459,4.3196e-07,0.014217,0,70.3343,0.15966,0.62702,483.0496,1455.9897
11.1333,9993.2631,2.3777,240.0722,4.9576,-0.13802,0.12603,-2.152,90.0016,0.26715,4.6666,2.7472,-13.7715,-29.1591,-0.0030375,-1.2906,-0.053144,4.3206e-07,0.014228,0,70.3903,0.15978,0.67873,483.0495,1455.9886
11.1416,9993.2829,2.3842,240.0722,4.9565,-0.13934,0.10809,-2.7705,90.0039,0.24173,4.6646,2.7188,-15.0296,-29.2171,-0.0030716,-1.2614,-0.074245,4.3215e-07,0.014238,0,70.5262,0.15992,0.6707,483.0494,1455.9874
11.15,9993.3028,2.3907,240.0723,4.9553,-0.14066,0.085005,-3.3758,90.0059,0.2062,4.6627,2.6993,-16.075,-29.2699,-0.0030781,-1.2335,-0.091538,4.3222e-07,0.014249,0,70.6624,0.16005,0.65675,483.0494,1455.9863
11.1512,9993.3028,2.3907,240.0723,4.9553,-0.14066,0.085005,-3.3758,90.0059,0.2062,4.6627,2.6993,-16.075,-29.2699,-0.0030781,-1.2335,-0.091538,4.3222e-07,0.014249,0,70.6624,0.16004,0.65739,483.0494,1455.9863
11.1512,9993.3028,2.3907,240.0723,4.9553,-0.14066,0.085005,-3.3758,90.0059,0.2062,4.6627,2.6993,-16.075,-29.2699,-0.0030781,-1.2335,-0.091538,4.3222e-07,0.014249,0,70.6624,0.16004,0.65739,483.0494,1455.9863
11.1583,9993.3228,2.3972,240.0726,4.9541,-0.14198,0.056874,-3.9685,90.0076,0.1624,4.6607,2.6892,-16.8937,-29.3179,-0.0030582,-1.0566,-0.10507,4.3229e-07,0.01426,0,70.799,0.16016,0.64008,483.0493,1455.9852
11.1607,9993.3228,2.3972,240.0726,4.9541,-0.14198,0.056874,-3.9685,90.0076,0.1624,4.6607,2.6892,-16.8937,-29.3179,-0.0030582,-1.0566,-0.10507,4.3229e-07,0.01426,0,70.799,0.16016,0.64487,483.0493,1455.9852
11.1607,9993.3228,2.3972,240.0726,4.9541,-0.14198,0.056874,-3.9685,90.0076,0.1624,4.6607,2.6892,-16.8937,-29.3179,-0.0030582,-1.0566,-0.10507,4.3229e-07,0.01426,0,70.799,0.16016,0.64487,483.0493,1455.9852
11.1666,9993.3428,2.4036,240.073,4.953,-0.14333,0.023803,-4.4774,90.0089,0.11213,4.6588,2.687,-16.125,-29.7387,-0.0030056,0.41671,-0.11507,4.3235e-07,0.01427,0,70.9359,0.16025,0.62272,483.0492,1455.9841
11.1725,9993.3428,2.4036,240.073,4.953,-0.14333,0.023803,-4.4774,90.0089,0.11213,4.6588,2.687,-16.125,-29.7387,-0.0030056,0.41671,-0.11507,4.3235e-07,0.01427,0,70.9359,0.16024,0.64004,483.0492,1455.9841
11.175,9993.3628,2.4099,240.0736,4.9518,-0.1447,-0.013509,-4.2832,90.0099,0.057088,4.6568,2.693,-3.3772,-33.417,-0.0029102,1.59,-0.12186,4.3241e-07,0.014281,0,71.0732,0.16029,0.60484,483.0491,1455.9829
11.1833,9993.3829,2.4162,240.0743,4.9506,-0.14611,-0.049202,-3.529,90.0104,-0.0012179,4.6548,2.7069,6.8428,-36.3595,-0.0028048,1.5596,-0.12588,4.3246e-07,0.014292,0,71.2107,0.1603,0.58654,483.0491,1455.9818
11.1864,9993.3829,2.4162,240.0743,4.9506,-0.14611,-0.049202,-3.529,90.0104,-0.0012179,4.6548,2.7069,6.8428,-36.3595,-0.0028048,1.5596,-0.12588,4.3246e-07,0.014292,0,71.2107,0.1603,0.6062,483.0491,1455.9818
11.1864,9993.3829,2.4162,240.0743,4.9506,-0.14611,-0.049202,-3.529,90.0104,-0.0012179,4.6548,2.7069,6.8428,-36.3595,-0.0028048,1.5596,-0.12588,4.3246e-07,0.014292,0,71.2107,0.1603,0.6062,483.0491,1455.9818
11.1916,9993.4031,2.4225,240.0751,4.9494,-0.14753,-0.07861,-2.7896,90.0103,-0.061467,4.6529,2.7282,6.3136,-36.2915,-0.0027082,1.5291,-0.12673,4.3252e-07,0.014302,0,71.3486,0.16029,0.5679,483.049,1455.9807
11.1969,9993.4031,2.4225,240.0751,4.9494,-0.14753,-0.07861,-2.7896,90.0103,-0.061467,4.6529,2.7282,6.3136,-36.2915,-0.0027082,1.5291,-0.12673,4.3252e-07,0.014302,0,71.3486,0.16028,0.6057,483.049,1455.9807
11.1998,9993.4031,2.4225,240.0751,4.9494,-0.14753,-0.07861,-2.7896,90.0103,-0.061467,4.6529,2.7282,6.3136,-36.2915,-0.0027082,1.5291,-0.12673,4.3252e-07,0.014302,0,71.3486,0.16028,0.61966,483.049,1455.9807
11.1998,9993.4031,2.4225,240.0751,4.9494,-0.14753,-0.07861,-2.7896,90.0103,-0.061467,4.6529,2.7282,6.3136,-36.2915,-0.0027082,1.5291,-0.12673,4.3252e-07,0.014302,0,71.3486,0.16028,0.61966,483.049,1455.9807
11.2,9993.4233,2.4287,240.0761,4.9482,-0.14896,-0.10186,-2.0648,90.0098,-0.12214,4.6509,2.7581,5.9815,-36.2211,-0.0026221,1.4971,-0.11699,4.3258e-07,0.014313,0,71.0578,0.16026,0.54885,483.0489,1455.9795
11.2001,9993.4233,2.4287,240.0761,4.9482,-0.14896,-0.10186,-2.0648,90.0098,-0.12214,4.6509,2.7581,5.9815,-36.2211,-0.0026221,1.4971,-0.11699,4.3258e-07,0.014313,0,71.0578,0.16026,0.55007,483.0489,1455.9795
11.2003,9993.4233,2.4287,240.0761,4.9482,-0.14896,-0.10186,-2.0648,90.0098,-0.12214,4.6509,2.7581,5.9815,-36.2211,-0.0026221,1.4971,-0.11699,4.3258e-07,0.014313,0,71.0578,0.16026,0.55245,483.0489,1455.9795
11.2007,9993.4233,2.4287,240.0761,4.9482,-0.14896,-0.10186,-2.0648,90.0098,-0.12214,4.6509,2.7581,5.9815,-36.2211,-0.0026221,1.4971,-0.11699,4.3258e-07,0.014313,0,71.0578,0.16026,0.55708,483.0489,1455.9795
11.2016,9993.4233,2.4287,240.0761,4.9482,-0.14896,-0.10186,-2.0648,90.0098,-0.12214,4.6509,2.7581,5.9815,-36.2211,-0.0026221,1.4971,-0.11699,4.3258e-07,0.014313,0,71.0578,0.16026,0.56573,483.0489,1455.9795
11.2034,9993.4233,2.4287,240.0761,4.9482,-0.14896,-0.10186,-2.0648,90.0098,-0.12214,4.6509,2.7581,5.9815,-36.2211,-0.0026221,1.4971,-0.11699,4.3258e-07,0.014313,0,71.0578,0.16025,0.5809,483.0489,1455.9795
11.2069,9993.4233,2.4287,240.0761,4.9482,-0.14896,-0.10186,-2.0648,90.0098,-0.12214,4.6509,2.7581,5.9815,-36.2211,-0.0026221,1.4971,-0.11699,4.3258e-07,0.014313,0,71.0578,0.16025,0.60428,483.0489,1455.9795
11.2083,9993.4436,2.4348,240.0773,4.9469,-0.15036,-0.11906,-1.3548,90.0088,-0.17816,4.6489,2.8131,6.2982,-36.1449,-0.0025826,1.4635,-0.095191,4.3266e-07,0.014324,0,70.7254,0.16024,0.5304,483.0489,1455.9784
11.2153,9993.4436,2.4348,240.0773,4.9469,-0.15036,-0.11906,-1.3548,90.0088,-0.17816,4.6489,2.8131,6.2982,-36.1449,-0.0025826,1.4635,-0.095191,4.3266e-07,0.014324,0,70.7254,0.16024,0.59486,483.0489,1455.9784
11.2166,9993.4639,2.4408,240.0777,4.9457,-0.15173,-0.13035,-0.65992,90.0073,-0.22374,4.6469,2.7603,7.3531,-36.0602,-0.0025711,1.4295,-0.067931,4.3274e-07,0.014335,0,70.3953,0.16021,0.5752,483.0488,1455.9772
11.2235,9993.4639,2.4408,240.0777,4.9457,-0.15173,-0.13035,-0.65992,90.0073,-0.22374,4.6469,2.7603,7.3531,-36.0602,-0.0025711,1.4295,-0.067931,4.3274e-07,0.014335,0,70.3953,0.16021,0.61653,483.0488,1455.9772
11.225,9993.4842,2.4466,240.0776,4.9444,-0.15306,-0.13585,0.019805,90.0055,-0.25628,4.645,2.7244,8.7457,-35.971,-0.0025839,1.3957,-0.038296,4.3283e-07,0.014345,0,70.0676,0.16021,0.62533,483.0487,1455.9761
11.2324,9993.4842,2.4466,240.0776,4.9444,-0.15306,-0.13585,0.019805,90.0055,-0.25628,4.645,2.7244,8.7457,-35.971,-0.0025839,1.3957,-0.038296,4.3283e-07,0.014345,0,70.0676,0.16021,0.64272,483.0487,1455.9761
11.2333,9993.5047,2.4523,240.0772,4.9432,-0.15433,-0.13569,0.68463,90.0033,-0.27463,4.643,2.6976,10.2887,-35.8788,-0.0025745,1.3626,-0.008419,4.3293e-07,0.014356,0,70.2031,0.16022,0.67706,483.0486,1455.9749
11.2377,9993.5047,2.4523,240.0772,4.9432,-0.15433,-0.13569,0.68463,90.0033,-0.27463,4.643,2.6976,10.2887,-35.8788,-0.0025745,1.3626,-0.008419,4.3293e-07,0.014356,0,70.2031,0.16022,0.67043,483.0486,1455.9749
11.2416,9993.5251,2.4579,240.0771,4.9419,-0.15555,-0.12998,1.3349,90.001,-0.27868,4.641,2.805,11.8526,-35.7873,-0.0025668,1.3305,0.019902,4.3304e-07,0.014367,0,70.3389,0.1603,0.66904,483.0486,1455.9738
11.25,9993.5456,2.4635,240.0772,4.9406,-0.1567,-0.11886,1.971,89.9987,-0.26917,4.6391,2.9089,13.3283,-35.6956,-0.002562,1.2996,0.045483,4.3316e-07,0.014377,0,70.4751,0.16042,0.65508,483.0485,1455.9726
11.2583,9993.5662,2.4691,240.0775,4.9393,-0.15781,-0.10243,2.5933,89.9965,-0.24741,4.6371,3.0064,14.6436,-35.6039,-0.0025755,1.2699,0.067629,4.333e-07,0.014388,0,70.6116,0.16059,0.63839,483.0484,1455.9714
11.2666,9993.5868,2.4746,240.0779,4.938,-0.1589,-0.080822,3.2025,89.9944,-0.21506,4.6351,3.0956,15.7562,-35.5115,-0.0025943,1.2417,0.08603,4.3345e-07,0.014399,0,70.7485,0.16076,0.62039,483.0483,1455.9703
11.2725,9993.5868,2.4746,240.0779,4.938,-0.1589,-0.080822,3.2025,89.9944,-0.21506,4.6351,3.0956,15.7562,-35.5115,-0.0025943,1.2417,0.08603,4.3345e-07,0.014399,0,70.7485,0.16077,0.63705,483.0483,1455.9703
11.2725,9993.5868,2.4746,240.0779,4.938,-0.1589,-0.080822,3.2025,89.9944,-0.21506,4.6351,3.0956,15.7562,-35.5115,-0.0025943,1.2417,0.08603,4.3345e-07,0.014399,0,70.7485,0.16077,0.63705,483.0483,1455.9703
11.275,9993.6074,2.4801,240.0785,4.9367,-0.16,-0.054135,3.7989,89.9926,-0.17391,4.6332,3.1756,16.647,-35.4191,-0.0026012,1.1649,0.10064,4.336e-07,0.014409,0,70.8857,0.16091,0.60172,483.0483,1455.9691
11.2751,9993.6074,2.4801,240.0785,4.9367,-0.16,-0.054135,3.7989,89.9926,-0.17391,4.6332,3.1756,16.647,-35.4191,-0.0026012,1.1649,0.10064,4.336e-07,0.014409,0,70.8857,0.16091,0.60269,483.0483,1455.9691
11.2751,9993.6074,2.4801,240.0785,4.9367,-0.16,-0.054135,3.7989,89.9926,-0.17391,4.6332,3.1756,16.647,-35.4191,-0.0026012,1.1649,0.10064,4.336e-07,0.014409,0,70.8857,0.16091,0.60269,483.0483,1455.9691
11.2776,9993.6074,2.4801,240.0785,4.9367,-0.16,-0.054135,3.7989,89.9926,-0.17391,4.6332,3.1756,16.647,-35.4191,-0.0026012,1.1649,0.10064,4.336e-07,0.014409,0,70.8857,0.16092,0.61444,483.0483,1455.9691
11.28,9993.6074,2.4801,240.0785,4.9367,-0.16,-0.054135,3.7989,89.9926,-0.17391,4.6332,3.1756,16.647,-35.4191,-0.0026012,1.1649,0.10064,4.336e-07,0.014409,0,70.8857,0.16092,0.62365,483.0483,1455.9691
11.2833,9993.6281,2.4855,240.0792,4.9354,-0.16112,-0.022478,4.3592,89.9912,-0.12577,4.6312,3.2451,16.8608,-35.2037,-0.0025807,0.082636,0.11165,4.3376e-07,0.01442,0,71.0233,0.16103,0.583,483.0482,1455.9679
11.2916,9993.6488,2.4909,240.0801,4.934,-0.16229,0.013849,4.4032,89.9901,-0.072371,4.6292,3.3046,7.7238,-32.486,-0.0025163,-1.5945,0.11935,4.3393e-07,0.014431,0,71.1611,0.1611,0.56433,483.0481,1455.9668
11.3,9993.6696,2.4962,240.0811,4.9327,-0.1635,0.050542,3.6468,89.9895,-0.015285,4.6272,3.3553,-7.0221,-28.3009,-0.0024328,-1.5642,0.12417,4.3409e-07,0.014441,0,70.8295,0.16113,0.54544,483.048,1455.9656
11.3018,9993.6696,2.4962,240.0811,4.9327,-0.1635,0.050542,3.6468,89.9895,-0.015285,4.6272,3.3553,-7.0221,-28.3009,-0.0024328,-1.5642,0.12417,4.3409e-07,0.014441,0,70.8295,0.16113,0.56359,483.048,1455.9656
11.3018,9993.6696,2.4962,240.0811,4.9327,-0.1635,0.050542,3.6468,89.9895,-0.015285,4.6272,3.3553,-7.0221,-28.3009,-0.0024328,-1.5642,0.12417,4.3409e-07,0.014441,0,70.8295,0.16113,0.56359,483.048,1455.9656
11.3083,9993.6904,2.5015,240.082,4.9314,-0.16473,0.080932,2.9051,89.9894,0.04413,4.6252,3.3645,-6.4508,-28.3836,-0.0023777,-1.5339,0.12627,4.3426e-07,0.014452,0,70.4978,0.1611,0.5421,483.048,1455.9644
11.3147,9993.6904,2.5015,240.082,4.9314,-0.16473,0.080932,2.9051,89.9894,0.04413,4.6252,3.3645,-6.4508,-28.3836,-0.0023777,-1.5339,0.12627,4.3426e-07,0.014452,0,70.4978,0.16112,0.59567,483.048,1455.9644
11.3147,9993.6904,2.5015,240.082,4.9314,-0.16473,0.080932,2.9051,89.9894,0.04413,4.6252,3.3645,-6.4508,-28.3836,-0.0023777,-1.5339,0.12627,4.3426e-07,0.014452,0,70.4978,0.16112,0.59567,483.048,1455.9644
11.3166,9993.7113,2.5065,240.0822,4.93,-0.166,0.10514,2.1779,89.9898,0.10457,4.6232,3.2621,-6.0477,-28.4628,-0.0023319,-1.5026,0.12018,4.3441e-07,0.014463,0,70.1685,0.16102,0.58831,483.0479,1455.9633
11.3185,9993.7113,2.5065,240.0822,4.93,-0.166,0.10514,2.1779,89.9898,0.10457,4.6232,3.2621,-6.0477,-28.4628,-0.0023319,-1.5026,0.12018,4.3441e-07,0.014463,0,70.1685,0.16102,0.59979,483.0479,1455.9633
11.3223,9993.7113,2.5065,240.0822,4.93,-0.166,0.10514,2.1779,89.9898,0.10457,4.6232,3.2621,-6.0477,-28.4628,-0.0023319,-1.5026,0.12018,4.3441e-07,0.014463,0,70.1685,0.16103,0.61713,483.0479,1455.9633
11.325,9993.7322,2.5115,240.0821,4.9286,-0.16727,0.12329,1.4654,89.9906,0.1621,4.6212,3.1423,-6.1454,-28.5422,-0.0022911,-1.4692,0.10023,4.3456e-07,0.014473,0,69.8417,0.1609,0.63894,483.0478,1455.9621
11.3333,9993.7532,2.5162,240.0814,4.9272,-0.16851,0.1355,0.76805,89.992,0.2101,4.6192,2.991,-7.0887,-28.6249,-0.0022175,-1.4352,0.073934,4.347e-07,0.014484,0,69.9768,0.16077,0.69075,483.0477,1455.9609
11.3416,9993.7742,2.521,240.0813,4.9258,-0.16968,0.1419,0.085825,89.9937,0.24551,4.6173,2.9561,-8.4223,-28.7092,-0.0021403,-1.4014,0.04479,4.3483e-07,0.014495,0,70.1123,0.16072,0.68311,483.0477,1455.9597
11.35,9993.7952,2.5257,240.0812,4.9244,-0.17076,0.14262,-0.58146,89.9958,0.26697,4.6153,2.9149,-9.9337,-28.7914,-0.0020748,-1.3682,0.014941,4.3495e-07,0.014505,0,70.2481,0.16075,0.66945,483.0476,1455.9585
11.3583,9993.8163,2.5303,240.0813,4.923,-0.17174,0.13777,-1.2341,89.998,0.27414,4.6133,2.8725,-11.4929,-28.8692,-0.0020477,-1.3359,-0.0137,4.3505e-07,0.014516,0,70.3843,0.16086,0.65301,483.0475,1455.9573
11.3666,9993.8374,2.5349,240.0816,4.9216,-0.17266,0.12749,-1.8725,90.0003,0.2676,4.6113,2.834,-12.9838,-28.94,-0.0020554,-1.3047,-0.039821,4.3515e-07,0.014527,0,70.5208,0.16103,0.63522,483.0474,1455.9561
11.375,9993.8585,2.5395,240.082,4.9202,-0.17353,0.11188,-2.4971,90.0025,0.24857,4.6094,2.8024,-14.3266,-29.0032,-0.0020913,-1.2749,-0.062642,4.3523e-07,0.014537,0,70.6577,0.16124,0.61674,483.0474,1455.9549
11.3833,9993.8797,2.544,240.0826,4.9187,-0.17439,0.091073,-3.1084,90.0046,0.21861,4.6074,2.7795,-15.4739,-29.0587,-0.0021394,-1.2464,-0.08177,4.353e-07,0.014548,0,70.7949,0.16145,0.59783,483.0473,1455.9538
11.3875,9993.8797,2.544,240.0826,4.9187,-0.17439,0.091073,-3.1084,90.0046,0.21861,4.6074,2.7795,-15.4739,-29.0587,-0.0021394,-1.2464,-0.08177,4.353e-07,0.014548,0,70.7949,0.16146,0.61693,483.0473,1455.9538
11.3875,9993.8797,2.544,240.0826,4.9187,-0.17439,0.091073,-3.1084,90.0046,0.21861,4.6074,2.7795,-15.4739,-29.0587,-0.0021394,-1.2464,-0.08177,4.353e-07,0.014548,0,70.7949,0.16146,0.61693,483.0473,1455.9538
11.3916,9993.9009,2.5485,240.0833,4.9173,-0.17527,0.06517,-3.7068,90.0064,0.17951,4.6054,2.766,-16.4016,-29.1072,-0.0021774,-1.2192,-0.097119,4.3536e-07,0.014559,0,70.9324,0.16163,0.57863,483.0472,1455.9526
11.3958,9993.9009,2.5485,240.0833,4.9173,-0.17527,0.06517,-3.7068,90.0064,0.17951,4.6054,2.766,-16.4016,-29.1072,-0.0021774,-1.2192,-0.097119,4.3536e-07,0.014559,0,70.9324,0.16165,0.60381,483.0472,1455.9526
11.3992,9993.9009,2.5485,240.0833,4.9173,-0.17527,0.06517,-3.7068,90.0064,0.17951,4.6054,2.766,-16.4016,-29.1072,-0.0021774,-1.2192,-0.097119,4.3536e-07,0.014559,0,70.9324,0.16166,0.61824,483.0472,1455.9526
11.3992,9993.9009,2.5485,240.0833,4.9173,-0.17527,0.06517,-3.7068,90.0064,0.17951,4.6054,2.766,-16.4016,-29.1072,-0.0021774,-1.2192,-0.097119,4.3536e-07,0.014559,0,70.9324,0.16166,0.61824,483.0472,1455.9526
11.4,9993.9222,2.5529,240.0842,4.9158,-0.17618,0.03428,-4.2929,90.0079,0.13306,4.6034,2.7614,-17.1044,-29.1501,-0.0021843,-0.36333,-0.10883,4.3541e-07,0.014569,0,71.0703,0.16177,0.55942,483.0471,1455.9514
11.4007,9993.9222,2.5529,240.0842,4.9158,-0.17618,0.03428,-4.2929,90.0079,0.13306,4.6034,2.7614,-17.1044,-29.1501,-0.0021843,-0.36333,-0.10883,4.3541e-07,0.014569,0,71.0703,0.16177,0.56588,483.0471,1455.9514
11.4021,9993.9222,2.5529,240.0842,4.9158,-0.17618,0.03428,-4.2929,90.0079,0.13306,4.6034,2.7614,-17.1044,-29.1501,-0.0021843,-0.36333,-0.10883,4.3541e-07,0.014569,0,71.0703,0.16178,0.57748,483.0471,1455.9514
11.405,9993.9222,2.5529,240.0842,4.9158,-0.17618,0.03428,-4.2929,90.0079,0.13306,4.6034,2.7614,-17.1044,-29.1501,-0.0021843,-0.36333,-0.10883,4.3541e-07,0.014569,0,71.0703,0.16179,0.59622,483.0471,1455.9514
11.4076,9993.9222,2.5529,240.0842,4.9158,-0.17618,0.03428,-4.2929,90.0079,0.13306,4.6034,2.7614,-17.1044,-29.1501,-0.0021843,-0.36333,-0.10883,4.3541e-07,0.014569,0,71.0703,0.1618,0.60898,483.0471,1455.9514
11.4076,9993.9222,2.5529,240.0842,4.9158,-0.17618,0.03428,-4.2929,90.0079,0.13306,4.6034,2.7614,-17.1044,-29.1501,-0.0021843,-0.36333,-0.10883,4.3541e-07,0.014569,0,71.0703,0.1618,0.60898,483.0471,1455.9514
11.4083,9993.9434,2.5573,240.0852,4.9144,-0.17714,-0.001494,-4.4709,90.009,0.081023,4.6014,2.7645,-10.0637,-31.2731,-0.0021605,1.347,-0.11715,4.3545e-07,0.01458,0,70.7387,0.16186,0.54043,483.0471,1455.9502
11.409,9993.9434,2.5573,240.0852,4.9144,-0.17714,-0.001494,-4.4709,90.009,0.081023,4.6014,2.7645,-10.0637,-31.2731,-0.0021605,1.347,-0.11715,4.3545e-07,0.01458,0,70.7387,0.16186,0.54811,483.0471,1455.9502
11.4104,9993.9434,2.5573,240.0852,4.9144,-0.17714,-0.001494,-4.4709,90.009,0.081023,4.6014,2.7645,-10.0637,-31.2731,-0.0021605,1.347,-0.11715,4.3545e-07,0.01458,0,70.7387,0.16187,0.56192,483.0471,1455.9502
11.4133,9993.9434,2.5573,240.0852,4.9144,-0.17714,-0.001494,-4.4709,90.009,0.081023,4.6014,2.7645,-10.0637,-31.2731,-0.0021605,1.347,-0.11715,4.3545e-07,0.01458,0,70.7387,0.16188,0.58425,483.0471,1455.9502
11.4166,9993.9648,2.5615,240.0858,4.9129,-0.17816,-0.038751,-3.8325,90.0097,0.025002,4.5994,2.6979,4.9357,-35.5522,-0.0021155,1.5716,-0.12255,4.355e-07,0.014591,0,70.408,0.16186,0.55695,483.047,1455.9489
11.4177,9993.9648,2.5615,240.0858,4.9129,-0.17816,-0.038751,-3.8325,90.0097,0.025002,4.5994,2.6979,4.9357,-35.5522,-0.0021155,1.5716,-0.12255,4.355e-07,0.014591,0,70.408,0.16187,0.56641,483.047,1455.9489
11.4177,9993.9648,2.5615,240.0858,4.9129,-0.17816,-0.038751,-3.8325,90.0097,0.025002,4.5994,2.6979,4.9357,-35.5522,-0.0021155,1.5716,-0.12255,4.355e-07,0.014591,0,70.408,0.16187,0.56641,483.047,1455.9489
11.425,9993.9861,2.5656,240.0859,4.9115,-0.17923,-0.070688,-3.0871,90.0099,-0.033619,4.5974,2.5778,6.6338,-36.1188,-0.0020692,1.5413,-0.1254,4.3555e-07,0.014601,0,70.0797,0.16178,0.60483,483.0469,1455.9477
11.4304,9993.9861,2.5656,240.0859,4.9115,-0.17923,-0.070688,-3.0871,90.0099,-0.033619,4.5974,2.5778,6.6338,-36.1188,-0.0020692,1.5413,-0.1254,4.3555e-07,0.014601,0,70.0797,0.16181,0.62432,483.0469,1455.9477
11.4304,9993.9861,2.5656,240.0859,4.9115,-0.17923,-0.070688,-3.0871,90.0099,-0.033619,4.5974,2.5778,6.6338,-36.1188,-0.0020692,1.5413,-0.1254,4.3555e-07,0.014601,0,70.0797,0.16181,0.62432,483.0469,1455.9477
11.4333,9994.0075,2.5696,240.0856,4.91,-0.18033,-0.096414,-2.3564,90.0096,-0.093625,4.5955,2.4669,6.178,-36.0461,-0.0019908,1.5102,-0.12143,4.356e-07,0.014612,0,69.7539,0.16164,0.65598,483.0468,1455.9465
11.4362,9994.0075,2.5696,240.0856,4.91,-0.18033,-0.096414,-2.3564,90.0096,-0.093625,4.5955,2.4669,6.178,-36.0461,-0.0019908,1.5102,-0.12143,4.356e-07,0.014612,0,69.7539,0.16165,0.65478,483.0468,1455.9465
11.4416,9994.029,2.5734,240.0854,4.9085,-0.18143,-0.11605,-1.6403,90.0088,-0.15175,4.5935,2.4636,6.141,-35.9717,-0.001885,1.4772,-0.10409,4.3566e-07,0.014623,0,69.8896,0.16149,0.66769,483.0468,1455.9453
11.45,9994.0504,2.5773,240.0854,4.907,-0.18248,-0.12972,-0.93923,90.0076,-0.20158,4.5915,2.5377,6.9221,-35.8926,-0.0017735,1.4433,-0.07907,4.3573e-07,0.014633,0,70.0255,0.16138,0.6559,483.0467,1455.9441
11.4583,9994.0719,2.5811,240.0856,4.9055,-0.18345,-0.13755,-0.25334,90.0059,-0.23945,4.5895,2.6317,8.1756,-35.8101,-0.0016816,1.4095,-0.050583,4.358e-07,0.014644,0,70.1619,0.16135,0.64028,483.0466,1455.9429
11.4666,9994.0934,2.5848,240.0859,4.9039,-0.18432,-0.13966,0.41756,90.0039,-0.26368,4.5876,2.7352,9.6461,-35.7246,-0.0016259,1.3761,-0.020958,4.3589e-07,0.014655,0,70.2985,0.1614,0.62281,483.0465,1455.9417
11.475,9994.115,2.5885,240.0864,4.9024,-0.1851,-0.13618,1.0738,90.0017,-0.27373,4.5856,2.8424,11.1919,-35.6362,-0.0016116,1.3436,0.0078352,4.3599e-07,0.014665,0,70.4355,0.16153,0.60439,483.0465,1455.9405
11.4833,9994.1366,2.5921,240.087,4.9009,-0.18582,-0.12723,1.7156,89.9994,-0.27,4.5836,2.9484,12.6934,-35.5451,-0.0016352,1.3123,0.034368,4.3611e-07,0.014676,0,70.5729,0.16171,0.58543,483.0464,1455.9393
11.4916,9994.1582,2.5957,240.0878,4.8994,-0.1865,-0.11293,2.3436,89.9972,-0.25358,4.5817,3.0495,14.0638,-35.4519,-0.0016856,1.2821,0.057763,4.3623e-07,0.014687,0,70.7106,0.16192,0.5661,483.0463,1455.938
11.5,9994.1798,2.5993,240.0888,4.8978,-0.18717,-0.093403,2.9581,89.9951,-0.22596,4.5797,3.1431,15.2497,-35.3575,-0.0017466,1.2533,0.077554,4.3637e-07,0.014698,0,70.8485,0.16214,0.54649,483.0462,1455.9368
11.5015,9994.1798,2.5993,240.0888,4.8978,-0.18717,-0.093403,2.9581,89.9951,-0.22596,4.5797,3.1431,15.2497,-35.3575,-0.0017466,1.2533,0.077554,4.3637e-07,0.014698,0,70.8485,0.16215,0.56134,483.0462,1455.9368
11.5015,9994.1798,2.5993,240.0888,4.8978,-0.18717,-0.093403,2.9581,89.9951,-0.22596,4.5797,3.1431,15.2497,-35.3575,-0.0017466,1.2533,0.077554,4.3637e-07,0.014698,0,70.8485,0.16215,0.56134,483.0462,1455.9368
11.5083,9994.2015,2.6028,240.0899,4.8963,-0.18787,-0.068752,3.5597,89.9932,-0.18888,4.5777,3.228,16.2223,-35.2629,-0.0018292,1.2259,0.093593,4.3651e-07,0.014708,0,70.5166,0.16232,0.52665,483.0461,1455.9356
11.5129,9994.2015,2.6028,240.0899,4.8963,-0.18787,-0.068752,3.5597,89.9932,-0.18888,4.5777,3.228,16.2223,-35.2629,-0.0018292,1.2259,0.093593,4.3651e-07,0.014708,0,70.5166,0.16235,0.5714,483.0461,1455.9356
11.5129,9994.2015,2.6028,240.0899,4.8963,-0.18787,-0.068752,3.5597,89.9932,-0.18888,4.5777,3.228,16.2223,-35.2629,-0.0018292,1.2259,0.093593,4.3651e-07,0.014708,0,70.5166,0.16235,0.5714,483.0461,1455.9356
11.5166,9994.2232,2.6061,240.0902,4.8947,-0.18861,-0.039088,4.1488,89.9916,-0.14413,4.5758,3.163,16.9727,-35.1672,-0.0018842,0.76206,0.10598,4.3666e-07,0.014719,0,70.187,0.16242,0.5708,483.0461,1455.9344
11.5203,9994.2232,2.6061,240.0902,4.8947,-0.18861,-0.039088,4.1488,89.9916,-0.14413,4.5758,3.163,16.9727,-35.1672,-0.0018842,0.76206,0.10598,4.3666e-07,0.014719,0,70.187,0.16244,0.59457,483.0461,1455.9344
11.5217,9994.2232,2.6061,240.0902,4.8947,-0.18861,-0.039088,4.1488,89.9916,-0.14413,4.5758,3.163,16.9727,-35.1672,-0.0018842,0.76206,0.10598,4.3666e-07,0.014719,0,70.187,0.16245,0.60151,483.0461,1455.9344
11.5217,9994.2232,2.6061,240.0902,4.8947,-0.18861,-0.039088,4.1488,89.9916,-0.14413,4.5758,3.163,16.9727,-35.1672,-0.0018842,0.76206,0.10598,4.3666e-07,0.014719,0,70.187,0.16245,0.60151,483.0461,1455.9344
11.525,9994.245,2.6093,240.0901,4.8931,-0.18942,-0.0045147,4.517,89.9904,-0.093466,4.5738,3.0896,13.5346,-33.9842,-0.0018946,-0.94093,0.11495,4.3682e-07,0.01473,0,69.8598,0.16242,0.62102,483.046,1455.9331
11.5282,9994.245,2.6093,240.0901,4.8931,-0.18942,-0.0045147,4.517,89.9904,-0.093466,4.5738,3.0896,13.5346,-33.9842,-0.0018946,-0.94093,0.11495,4.3682e-07,0.01473,0,69.8598,0.16245,0.62822,483.046,1455.9331
11.5333,9994.2667,2.6123,240.0896,4.8916,-0.1903,0.033127,4.0725,89.9896,-0.038511,4.5719,3.0094,-1.3647,-29.7236,-0.0018045,-1.5812,0.1209,4.3698e-07,0.01474,0,69.956,0.16234,0.67299,483.0459,1455.9319
11.5334,9994.2667,2.6123,240.0896,4.8916,-0.1903,0.033127,4.0725,89.9896,-0.038511,4.5719,3.0094,-1.3647,-29.7236,-0.0018045,-1.5812,0.1209,4.3698e-07,0.01474,0,69.956,0.16234,0.67281,483.0459,1455.9319
11.5334,9994.2667,2.6123,240.0896,4.8916,-0.1903,0.033127,4.0725,89.9896,-0.038511,4.5719,3.0094,-1.3647,-29.7236,-0.0018045,-1.5812,0.1209,4.3698e-07,0.01474,0,69.956,0.16234,0.67281,483.0459,1455.9319
11.5416,9994.2885,2.6153,240.0895,4.89,-0.1912,0.067064,3.3224,89.9893,0.019305,4.5699,3.0535,-6.8091,-28.1312,-0.0016773,-1.5508,0.12424,4.3714e-07,0.014751,0,70.0916,0.16222,0.6656,483.0458,1455.9307
11.5458,9994.2885,2.6153,240.0895,4.89,-0.1912,0.067064,3.3224,89.9893,0.019305,4.5699,3.0535,-6.8091,-28.1312,-0.0016773,-1.5508,0.12424,4.3714e-07,0.014751,0,70.0916,0.16225,0.65933,483.0458,1455.9307
11.5458,9994.2885,2.6153,240.0895,4.89,-0.1912,0.067064,3.3224,89.9893,0.019305,4.5699,3.0535,-6.8091,-28.1312,-0.0016773,-1.5508,0.12424,4.3714e-07,0.014751,0,70.0916,0.16225,0.65933,483.0458,1455.9307
11.55,9994.3103,2.6183,240.0895,4.8884,-0.19211,0.094751,2.587,89.9895,0.078742,4.5679,3.0913,-6.3285,-28.2157,-0.0015309,-1.5201,0.12293,4.373e-07,0.014762,0,70.2276,0.16208,0.65225,483.0458,1455.9294
11.5541,9994.3103,2.6183,240.0895,4.8884,-0.19211,0.094751,2.587,89.9895,0.078742,4.5679,3.0913,-6.3285,-28.2157,-0.0015309,-1.5201,0.12293,4.373e-07,0.014762,0,70.2276,0.16211,0.65051,483.0458,1455.9294
11.5583,9994.3321,2.6212,240.0897,4.8868,-0.19299,0.11631,1.8662,89.9901,0.13757,4.566,3.118,-6.1328,-28.3005,-0.0013978,-1.4876,0.1093,4.3744e-07,0.014772,0,70.3639,0.16197,0.63608,483.0457,1455.9282
11.5666,9994.354,2.6241,240.09,4.8852,-0.19382,0.13186,1.1604,89.9913,0.1899,4.564,3.1148,-6.6898,-28.3875,-0.0012882,-1.4538,0.08603,4.3758e-07,0.014783,0,70.5006,0.1619,0.6185,483.0456,1455.927
11.575,9994.3759,2.6269,240.0905,4.8836,-0.19456,0.14153,0.4698,89.9928,0.23109,4.5621,3.0883,-7.8368,-28.4746,-0.0012125,-1.42,0.058434,4.3771e-07,0.014794,0,70.6376,0.1619,0.6001,483.0455,1455.9257
11.5833,9994.3978,2.6297,240.0912,4.882,-0.19523,0.14545,-0.2058,89.9948,0.25907,4.5601,3.052,-9.2513,-28.5584,-0.0011757,-1.3865,0.029113,4.3783e-07,0.014804,0,70.7749,0.16197,0.58118,483.0455,1455.9245
11.5916,9994.4197,2.6324,240.092,4.8804,-0.19582,0.14373,-0.8666,89.9969,0.27303,4.5582,3.0124,-10.7754,-28.6369,-0.0011793,-1.3537,9.8107e-05,4.3793e-07,0.014815,0,70.9125,0.1621,0.56187,483.0454,1455.9233
11.6,9994.4416,2.6351,240.0929,4.8788,-0.19635,0.13651,-1.5129,89.9992,0.2731,4.5563,2.9743,-12.286,-28.7089,-0.0012244,-1.322,-0.027015,4.3803e-07,0.014826,0,70.6824,0.16229,0.54226,483.0453,1455.922
11.6083,9994.4636,2.6377,240.0938,4.8772,-0.19684,0.1239,-2.1453,90.0015,0.26019,4.5543,2.9114,-13.6861,-28.7733,-0.0013191,-1.2915,-0.051212,4.3811e-07,0.014836,0,70.3511,0.1625,0.53625,483.0452,1455.9208
11.6166,9994.4856,2.6401,240.094,4.8755,-0.19735,0.10602,-2.764,90.0036,0.23572,4.5524,2.7472,-14.914,-28.8288,-0.0014288,-1.2624,-0.071924,4.3817e-07,0.014847,0,70.0222,0.16266,0.58137,483.0451,1455.9196
11.625,9994.5076,2.6424,240.0938,4.8739,-0.19788,0.082991,-3.3697,90.0056,0.20133,4.5505,2.5944,-15.9351,-28.8771,-0.0015263,-1.2345,-0.088922,4.3823e-07,0.014858,0,69.6958,0.16276,0.63112,483.0451,1455.9183
11.6263,9994.5076,2.6424,240.0938,4.8739,-0.19788,0.082991,-3.3697,90.0056,0.20133,4.5505,2.5944,-15.9351,-28.8771,-0.0015263,-1.2345,-0.088922,4.3823e-07,0.014858,0,69.6958,0.16277,0.6327,483.0451,1455.9183
11.6263,9994.5076,2.6424,240.0938,4.8739,-0.19788,0.082991,-3.3697,90.0056,0.20133,4.5505,2.5944,-15.9351,-28.8771,-0.0015263,-1.2345,-0.088922,4.3823e-07,0.014858,0,69.6958,0.16277,0.6327,483.0451,1455.9183
11.6333,9994.5296,2.6445,240.0932,4.8723,-0.19847,0.05491,-3.9627,90.0073,0.15882,4.5486,2.4531,-16.7352,-28.9197,-0.0015409,-1.0618,-0.10224,4.3828e-07,0.014868,0,69.8308,0.16279,0.68222,483.045,1455.9171
11.6357,9994.5296,2.6445,240.0932,4.8723,-0.19847,0.05491,-3.9627,90.0073,0.15882,4.5486,2.4531,-16.7352,-28.9197,-0.0015409,-1.0618,-0.10224,4.3828e-07,0.014868,0,69.8308,0.16281,0.67388,483.045,1455.9171
11.6357,9994.5296,2.6445,240.0932,4.8723,-0.19847,0.05491,-3.9627,90.0073,0.15882,4.5486,2.4531,-16.7352,-28.9197,-0.0015409,-1.0618,-0.10224,4.3828e-07,0.014868,0,69.8308,0.16281,0.67388,483.045,1455.9171
11.6416,9994.5517,2.6466,240.093,4.8706,-0.1991,0.021888,-4.4739,90.0086,0.10995,4.5467,2.4504,-15.991,-29.328,-0.0014886,0.42931,-0.11211,4.3832e-07,0.014879,0,69.9661,0.16278,0.67484,483.0449,1455.9158
11.6475,9994.5517,2.6466,240.093,4.8706,-0.1991,0.021888,-4.4739,90.0086,0.10995,4.5467,2.4504,-15.991,-29.328,-0.0014886,0.42931,-0.11211,4.3832e-07,0.014879,0,69.9661,0.16283,0.66096,483.0449,1455.9158
11.65,9994.5738,2.6487,240.0929,4.869,-0.19975,-0.015394,-4.2734,90.0095,0.05636,4.5448,2.4555,-3.0739,-33.051,-0.0013631,1.5892,-0.11883,4.3836e-07,0.01489,0,70.1017,0.16273,0.66175,483.0448,1455.9146
11.6583,9994.5958,2.6508,240.093,4.8673,-0.20042,-0.051006,-3.5195,90.01,-0.0004527,4.5429,2.4682,7.0282,-35.9617,-0.0012246,1.5588,-0.12284,4.384e-07,0.0149,0,70.2377,0.16266,0.64597,483.0447,1455.9133
11.6611,9994.5958,2.6508,240.093,4.8673,-0.20042,-0.051006,-3.5195,90.01,-0.0004527,4.5429,2.4682,7.0282,-35.9617,-0.0012246,1.5588,-0.12284,4.384e-07,0.0149,0,70.2377,0.16268,0.64534,483.0447,1455.9133
11.6611,9994.5958,2.6508,240.093,4.8673,-0.20042,-0.051006,-3.5195,90.01,-0.0004527,4.5429,2.4682,7.0282,-35.9617,-0.0012246,1.5588,-0.12284,4.384e-07,0.0149,0,70.2377,0.16268,0.64534,483.0447,1455.9133
11.6666,9994.6179,2.6528,240.0932,4.8657,-0.20109,-0.080335,-2.7802,90.01,-0.059206,4.541,2.4881,6.4993,-35.8956,-0.0010949,1.5283,-0.12375,4.3844e-07,0.014911,0,70.3741,0.16258,0.62883,483.0447,1455.9121
11.6722,9994.6179,2.6528,240.0932,4.8657,-0.20109,-0.080335,-2.7802,90.01,-0.059206,4.541,2.4881,6.4993,-35.8956,-0.0010949,1.5283,-0.12375,4.3844e-07,0.014911,0,70.3741,0.16263,0.63491,483.0447,1455.9121
11.6744,9994.6179,2.6528,240.0932,4.8657,-0.20109,-0.080335,-2.7802,90.01,-0.059206,4.541,2.4881,6.4993,-35.8956,-0.0010949,1.5283,-0.12375,4.3844e-07,0.014911,0,70.3741,0.16265,0.63651,483.0447,1455.9121
11.6744,9994.6179,2.6528,240.0932,4.8657,-0.20109,-0.080335,-2.7802,90.01,-0.059206,4.541,2.4881,6.4993,-35.8956,-0.0010949,1.5283,-0.12375,4.3844e-07,0.014911,0,70.3741,0.16265,0.63651,483.0447,1455.9121
11.675,9994.64,2.6547,240.0936,4.864,-0.20174,-0.1035,-2.0555,90.0095,-0.11842,4.5391,2.5164,6.1625,-35.8271,-0.00098236,1.4964,-0.11423,4.3848e-07,0.014922,0,70.5107,0.1625,0.61088,483.0446,1455.9108
11.6755,9994.64,2.6547,240.0936,4.864,-0.20174,-0.1035,-2.0555,90.0095,-0.11842,4.5391,2.5164,6.1625,-35.8271,-0.00098236,1.4964,-0.11423,4.3848e-07,0.014922,0,70.5107,0.16251,0.61265,483.0446,1455.9108
11.6767,9994.64,2.6547,240.0936,4.864,-0.20174,-0.1035,-2.0555,90.0095,-0.11842,4.5391,2.5164,6.1625,-35.8271,-0.00098236,1.4964,-0.11423,4.3848e-07,0.014922,0,70.5107,0.16252,0.61588,483.0446,1455.9108
11.6789,9994.64,2.6547,240.0936,4.864,-0.20174,-0.1035,-2.0555,90.0095,-0.11842,4.5391,2.5164,6.1625,-35.8271,-0.00098236,1.4964,-0.11423,4.3848e-07,0.014922,0,70.5107,0.16254,0.62133,483.0446,1455.9108
11.6833,9994.6622,2.6566,240.0941,4.8623,-0.20236,-0.12063,-1.3457,90.0085,-0.17309,4.5372,2.5716,6.4653,-35.7525,-0.00089407,1.4629,-0.092956,4.3854e-07,0.014932,0,70.6478,0.16245,0.5924,483.0445,1455.9096
11.6916,9994.6843,2.6585,240.0948,4.8606,-0.20292,-0.13185,-0.65095,90.0071,-0.21759,4.5353,2.6571,7.4874,-35.6709,-0.00083422,1.429,-0.066358,4.386e-07,0.014943,0,70.7851,0.16244,0.57347,483.0444,1455.9083
11.7,9994.7065,2.6603,240.0956,4.859,-0.20342,-0.13727,0.028673,90.0053,-0.24937,4.5334,2.7569,8.8393,-35.5852,-0.00080549,1.3954,-0.037434,4.3867e-07,0.014954,0,70.9228,0.1625,0.55418,483.0444,1455.9071
11.7083,9994.7287,2.662,240.0966,4.8573,-0.20384,-0.13703,0.69342,90.0032,-0.2673,4.5315,2.8633,10.3387,-35.4964,-0.00083419,1.3625,-0.0082743,4.3876e-07,0.014964,0,70.5916,0.16261,0.53456,483.0443,1455.9058
11.7166,9994.7509,2.6636,240.097,4.8556,-0.20422,-0.13125,1.3436,90.001,-0.27129,4.5296,2.8601,11.8587,-35.4035,-0.00090481,1.3305,0.019376,4.3885e-07,0.014975,0,70.2621,0.16274,0.5655,483.0442,1455.9046
11.725,9994.7731,2.665,240.0969,4.8539,-0.20458,-0.12006,1.9797,89.9987,-0.26205,4.5277,2.8275,13.2932,-35.3079,-0.00099884,1.2997,0.044356,4.3896e-07,0.014986,0,69.935,0.16286,0.61359,483.0441,1455.9033
11.7333,9994.7953,2.6663,240.0964,4.8522,-0.20495,-0.10356,2.602,89.9965,-0.24085,4.5259,2.791,14.5716,-35.211,-0.0010568,1.2701,0.065988,4.3908e-07,0.014996,0,69.6105,0.16295,0.66411,483.044,1455.9021
11.7416,9994.8175,2.6676,240.0963,4.8505,-0.20532,-0.081876,3.2111,89.9945,-0.20931,4.524,2.8782,15.6524,-35.1165,-0.0010841,1.2419,0.083957,4.3921e-07,0.015007,0,69.7461,0.16303,0.65567,483.044,1455.9008
11.7484,9994.8175,2.6676,240.0963,4.8505,-0.20532,-0.081876,3.2111,89.9945,-0.20931,4.524,2.8782,15.6524,-35.1165,-0.0010841,1.2419,0.083957,4.3921e-07,0.015007,0,69.7461,0.1631,0.64798,483.044,1455.9008
11.7484,9994.8175,2.6676,240.0963,4.8505,-0.20532,-0.081876,3.2111,89.9945,-0.20931,4.524,2.8782,15.6524,-35.1165,-0.0010841,1.2419,0.083957,4.3921e-07,0.015007,0,69.7461,0.1631,0.64798,483.044,1455.9008
11.75,9994.8397,2.6689,240.0964,4.8488,-0.2057,-0.055116,3.8075,89.9928,-0.16918,4.5222,2.9562,16.5166,-35.0242,-0.001067,1.1597,0.098236,4.3934e-07,0.015018,0,69.882,0.16309,0.64149,483.0439,1455.8996
11.7503,9994.8397,2.6689,240.0964,4.8488,-0.2057,-0.055116,3.8075,89.9928,-0.16918,4.5222,2.9562,16.5166,-35.0242,-0.001067,1.1597,0.098236,4.3934e-07,0.015018,0,69.882,0.1631,0.64144,483.0439,1455.8996
11.7503,9994.8397,2.6689,240.0964,4.8488,-0.2057,-0.055116,3.8075,89.9928,-0.16918,4.5222,2.9562,16.5166,-35.0242,-0.001067,1.1597,0.098236,4.3934e-07,0.015018,0,69.882,0.1631,0.64144,483.0439,1455.8996
11.7518,9994.8397,2.6689,240.0964,4.8488,-0.2057,-0.055116,3.8075,89.9928,-0.16918,4.5222,2.9562,16.5166,-35.0242,-0.001067,1.1597,0.098236,4.3934e-07,0.015018,0,69.882,0.16311,0.64122,483.0439,1455.8996
11.7533,9994.8397,2.6689,240.0964,4.8488,-0.2057,-0.055116,3.8075,89.9928,-0.16918,4.5222,2.9562,16.5166,-35.0242,-0.001067,1.1597,0.098236,4.3934e-07,0.015018,0,69.882,0.16313,0.64104,483.0439,1455.8996
11.7564,9994.8397,2.6689,240.0964,4.8488,-0.2057,-0.055116,3.8075,89.9928,-0.16918,4.5222,2.9562,16.5166,-35.0242,-0.001067,1.1597,0.098236,4.3934e-07,0.015018,0,69.882,0.16316,0.64072,483.0439,1455.8996
11.7583,9994.862,2.6701,240.0966,4.8471,-0.2061,-0.023387,4.3652,89.9913,-0.12223,4.5203,3.0238,16.6603,-34.797,-0.0010177,0.022497,0.109,4.3949e-07,0.015028,0,70.0183,0.16313,0.62506,483.0438,1455.8983
11.7666,9994.8842,2.6713,240.097,4.8454,-0.20652,0.012989,4.3804,89.9903,-0.070131,4.5185,3.0815,7.0084,-31.9444,-0.00092317,-1.5932,0.11654,4.3963e-07,0.015039,0,70.1549,0.16314,0.60771,483.0437,1455.8971
11.775,9994.9065,2.6724,240.0975,4.8437,-0.20696,0.049492,3.6244,89.9897,-0.014428,4.5166,3.1307,-7.1887,-27.9151,-0.00080969,-1.5629,0.12125,4.3978e-07,0.01505,0,70.2918,0.16312,0.58973,483.0436,1455.8958
11.7766,9994.9065,2.6724,240.0975,4.8437,-0.20696,0.049492,3.6244,89.9897,-0.014428,4.5166,3.1307,-7.1887,-27.9151,-0.00080969,-1.5629,0.12125,4.3978e-07,0.01505,0,70.2918,0.16313,0.597,483.0436,1455.8958
11.7766,9994.9065,2.6724,240.0975,4.8437,-0.20696,0.049492,3.6244,89.9897,-0.014428,4.5166,3.1307,-7.1887,-27.9151,-0.00080969,-1.5629,0.12125,4.3978e-07,0.01505,0,70.2918,0.16313,0.597,483.0436,1455.8958
11.7833,9994.9288,2.6735,240.0982,4.842,-0.20742,0.079695,2.8831,89.9896,0.043556,4.5148,3.1731,-6.6236,-27.9999,-0.00070672,-1.5326,0.12327,4.3993e-07,0.015061,0,70.4291,0.16307,0.57129,483.0436,1455.8945
11.7894,9994.9288,2.6735,240.0982,4.842,-0.20742,0.079695,2.8831,89.9896,0.043556,4.5148,3.1731,-6.6236,-27.9999,-0.00070672,-1.5326,0.12327,4.3993e-07,0.015061,0,70.4291,0.16314,0.60209,483.0436,1455.8945
11.7894,9994.9288,2.6735,240.0982,4.842,-0.20742,0.079695,2.8831,89.9896,0.043556,4.5148,3.1731,-6.6236,-27.9999,-0.00070672,-1.5326,0.12327,4.3993e-07,0.015061,0,70.4291,0.16314,0.60209,483.0436,1455.8945
11.7916,9994.9511,2.6746,240.099,4.8403,-0.20788,0.10372,2.1563,89.99,0.10253,4.5129,3.2095,-6.2243,-28.0823,-0.00061512,-1.5012,0.11698,4.4007e-07,0.015071,0,70.5667,0.16301,0.55243,483.0435,1455.8933
11.7938,9994.9511,2.6746,240.099,4.8403,-0.20788,0.10372,2.1563,89.99,0.10253,4.5129,3.2095,-6.2243,-28.0823,-0.00061512,-1.5012,0.11698,4.4007e-07,0.015071,0,70.5667,0.16303,0.5692,483.0435,1455.8933
11.7982,9994.9511,2.6746,240.099,4.8403,-0.20788,0.10372,2.1563,89.99,0.10253,4.5129,3.2095,-6.2243,-28.0823,-0.00061512,-1.5012,0.11698,4.4007e-07,0.015071,0,70.5667,0.16308,0.59349,483.0435,1455.8933
11.8,9994.9733,2.6755,240.0999,4.8385,-0.20833,0.12169,1.4442,89.9908,0.15852,4.5111,3.2259,-6.3336,-28.1651,-0.00056763,-1.4679,0.097371,4.402e-07,0.015082,0,70.2357,0.16296,0.53318,483.0434,1455.892
11.8083,9994.9956,2.6764,240.1002,4.8368,-0.20874,0.13372,0.74725,89.9922,0.20513,4.5092,3.0849,-7.2565,-28.2487,-0.000551,-1.4341,0.071637,4.4032e-07,0.015093,0,69.9067,0.1629,0.57075,483.0433,1455.8908
11.8166,9995.018,2.677,240.1001,4.8351,-0.20911,0.13995,0.065387,89.9939,0.23943,4.5074,2.9176,-8.5557,-28.3299,-0.00055941,-1.4005,0.043163,4.4044e-07,0.015103,0,69.5802,0.16286,0.61943,483.0432,1455.8895
11.825,9995.0403,2.6776,240.0995,4.8333,-0.20943,0.1405,-0.60156,89.9959,0.26011,4.5056,2.7466,-10.0261,-28.4072,-0.00054893,-1.3674,0.01404,4.4054e-07,0.015114,0,69.7152,0.16285,0.67009,483.0432,1455.8882
11.8333,9995.0626,2.6781,240.0993,4.8316,-0.20968,0.13548,-1.2539,89.998,0.26686,4.5038,2.706,-11.5408,-28.482,-0.00054132,-1.3353,-0.013875,4.4063e-07,0.015125,0,69.8505,0.16289,0.66188,483.0431,1455.887
11.8416,9995.0849,2.6786,240.0993,4.8299,-0.20988,0.12503,-1.892,90.0003,0.26025,4.5021,2.6688,-12.9873,-28.5518,-0.00053857,-1.3043,-0.039316,4.407e-07,0.015135,0,69.9862,0.16299,0.64787,483.043,1455.8857
11.85,9995.1072,2.679,240.0995,4.8281,-0.21003,0.10927,-2.5163,90.0024,0.24147,4.5003,2.6383,-14.2885,-28.6158,-0.00055559,-1.2745,-0.061531,4.4077e-07,0.015146,0,70.1223,0.16312,0.63119,483.0429,1455.8845
11.8583,9995.1295,2.6794,240.0998,4.8264,-0.21016,0.088298,-3.1274,90.0044,0.21206,4.4985,2.6162,-15.3988,-28.6726,-0.00058007,-1.2461,-0.080141,4.4082e-07,0.015157,0,70.2586,0.16327,0.61323,483.0428,1455.8832
11.8636,9995.1295,2.6794,240.0998,4.8264,-0.21016,0.088298,-3.1274,90.0044,0.21206,4.4985,2.6162,-15.3988,-28.6726,-0.00058007,-1.2461,-0.080141,4.4082e-07,0.015157,0,70.2586,0.16333,0.62265,483.0428,1455.8832
11.8636,9995.1295,2.6794,240.0998,4.8264,-0.21016,0.088298,-3.1274,90.0044,0.21206,4.4985,2.6162,-15.3988,-28.6726,-0.00058007,-1.2461,-0.080141,4.4082e-07,0.015157,0,70.2586,0.16333,0.62265,483.0428,1455.8832
11.8666,9995.1519,2.6798,240.1002,4.8247,-0.2103,0.062237,-3.7256,90.0062,0.17376,4.4967,2.6033,-16.2948,-28.7228,-0.00059659,-1.2106,-0.095067,4.4087e-07,0.015167,0,70.3954,0.1634,0.5946,483.0428,1455.8819
11.8696,9995.1519,2.6798,240.1002,4.8247,-0.2103,0.062237,-3.7256,90.0062,0.17376,4.4967,2.6033,-16.2948,-28.7228,-0.00059659,-1.2106,-0.095067,4.4087e-07,0.015167,0,70.3954,0.16344,0.60532,483.0428,1455.8819
11.875,9995.1742,2.6801,240.1008,4.8229,-0.21047,0.031191,-4.3074,90.0077,0.12833,4.4949,2.5989,-16.895,-28.7885,-0.00058721,-0.26314,-0.10645,4.4091e-07,0.015178,0,70.5324,0.1635,0.57583,483.0427,1455.8807
11.8831,9995.1742,2.6801,240.1008,4.8229,-0.21047,0.031191,-4.3074,90.0077,0.12833,4.4949,2.5989,-16.895,-28.7885,-0.00058721,-0.26314,-0.10645,4.4091e-07,0.015178,0,70.5324,0.1636,0.6089,483.0427,1455.8807
11.8831,9995.1742,2.6801,240.1008,4.8229,-0.21047,0.031191,-4.3074,90.0077,0.12833,4.4949,2.5989,-16.895,-28.7885,-0.00058721,-0.26314,-0.10645,4.4091e-07,0.015178,0,70.5324,0.1636,0.6089,483.0427,1455.8807
11.8833,9995.1965,2.6804,240.1015,4.8212,-0.21067,-0.0047041,-4.4373,90.0087,0.077459,4.4931,2.6023,-9.0032,-31.1433,-0.00053593,1.4128,-0.11454,4.4094e-07,0.015189,0,70.6698,0.16355,0.55719,483.0426,1455.8794
11.8835,9995.1965,2.6804,240.1015,4.8212,-0.21067,-0.0047041,-4.4373,90.0087,0.077459,4.4931,2.6023,-9.0032,-31.1433,-0.00053593,1.4128,-0.11454,4.4094e-07,0.015189,0,70.6698,0.16355,0.5586,483.0426,1455.8794
11.8838,9995.1965,2.6804,240.1015,4.8212,-0.21067,-0.0047041,-4.4373,90.0087,0.077459,4.4931,2.6023,-9.0032,-31.1433,-0.00053593,1.4128,-0.11454,4.4094e-07,0.015189,0,70.6698,0.16356,0.56135,483.0426,1455.8794
11.8846,9995.1965,2.6804,240.1015,4.8212,-0.21067,-0.0047041,-4.4373,90.0087,0.077459,4.4931,2.6023,-9.0032,-31.1433,-0.00053593,1.4128,-0.11454,4.4094e-07,0.015189,0,70.6698,0.16356,0.56655,483.0426,1455.8794
11.886,9995.1965,2.6804,240.1015,4.8212,-0.21067,-0.0047041,-4.4373,90.0087,0.077459,4.4931,2.6023,-9.0032,-31.1433,-0.00053593,1.4128,-0.11454,4.4094e-07,0.015189,0,70.6698,0.16358,0.57587,483.0426,1455.8794
11.889,9995.1965,2.6804,240.1015,4.8212,-0.21067,-0.0047041,-4.4373,90.0087,0.077459,4.4931,2.6023,-9.0032,-31.1433,-0.00053593,1.4128,-0.11454,4.4094e-07,0.015189,0,70.6698,0.16362,0.59085,483.0426,1455.8794
11.8916,9995.2189,2.6806,240.1024,4.8194,-0.21092,-0.041681,-3.7674,90.0094,0.02272,4.4914,2.6137,5.6973,-35.3394,-0.00046618,1.5686,-0.11976,4.4098e-07,0.015199,0,70.3393,0.16355,0.53835,483.0425,1455.8782
11.8926,9995.2189,2.6806,240.1024,4.8194,-0.21092,-0.041681,-3.7674,90.0094,0.02272,4.4914,2.6137,5.6973,-35.3394,-0.00046618,1.5686,-0.11976,4.4098e-07,0.015199,0,70.3393,0.16356,0.54711,483.0425,1455.8782
11.8926,9995.2189,2.6806,240.1024,4.8194,-0.21092,-0.041681,-3.7674,90.0094,0.02272,4.4914,2.6137,5.6973,-35.3394,-0.00046618,1.5686,-0.11976,4.4098e-07,0.015199,0,70.3393,0.16356,0.54711,483.0425,1455.8782
11.9,9995.2412,2.6808,240.1031,4.8177,-0.2112,-0.073076,-3.0232,90.0096,-0.034543,4.4896,2.5754,6.7813,-35.7363,-0.00041767,1.5383,-0.12248,4.4101e-07,0.01521,0,70.0093,0.1635,0.54536,483.0424,1455.8769
11.9053,9995.2412,2.6808,240.1031,4.8177,-0.2112,-0.073076,-3.0232,90.0096,-0.034543,4.4896,2.5754,6.7813,-35.7363,-0.00041767,1.5383,-0.12248,4.4101e-07,0.01521,0,70.0093,0.16356,0.58176,483.0424,1455.8769
11.9053,9995.2412,2.6808,240.1031,4.8177,-0.2112,-0.073076,-3.0232,90.0096,-0.034543,4.4896,2.5754,6.7813,-35.7363,-0.00041767,1.5383,-0.12248,4.4101e-07,0.01521,0,70.0093,0.16356,0.58176,483.0424,1455.8769
11.9083,9995.2636,2.6807,240.1032,4.8159,-0.21151,-0.09827,-2.2937,90.0093,-0.093134,4.4878,2.4632,6.3333,-35.6647,-0.00037581,1.5072,-0.118,4.4105e-07,0.015221,0,69.6817,0.16338,0.59173,483.0424,1455.8756
11.9113,9995.2636,2.6807,240.1032,4.8159,-0.21151,-0.09827,-2.2937,90.0093,-0.093134,4.4878,2.4632,6.3333,-35.6647,-0.00037581,1.5072,-0.118,4.4105e-07,0.015221,0,69.6817,0.16342,0.60256,483.0424,1455.8756
11.9166,9995.2859,2.6806,240.1028,4.8142,-0.21184,-0.11738,-1.5788,90.0085,-0.1496,4.4861,2.3721,6.3277,-35.5889,-0.00033304,1.4741,-0.10042,4.411e-07,0.015231,0,69.3566,0.16322,0.64182,483.0423,1455.8744
11.925,9995.3082,2.6803,240.102,4.8124,-0.21214,-0.13054,-0.87901,90.0073,-0.19767,4.4844,2.319,7.1235,-35.5068,-0.00025782,1.4404,-0.075708,4.4115e-07,0.015242,0,69.491,0.16306,0.69175,483.0422,1455.8731
11.9333,9995.3306,2.68,240.1016,4.8107,-0.21238,-0.13787,-0.19431,90.0056,-0.23391,4.4827,2.4114,8.3586,-35.4231,-0.00017838,1.4067,-0.047777,4.4122e-07,0.015253,0,69.6257,0.16297,0.68411,483.0421,1455.8719
11.9416,9995.3529,2.6796,240.1014,4.8089,-0.21252,-0.13948,0.47543,90.0037,-0.2568,4.4809,2.5126,9.7954,-35.338,-0.00011045,1.3736,-0.01885,4.4129e-07,0.015263,0,69.7608,0.16295,0.67056,483.042,1455.8706
11.95,9995.3752,2.6792,240.1014,4.8071,-0.21258,-0.13552,1.1305,90.0015,-0.26584,4.4792,2.617,11.299,-35.2513,-8.0281e-05,1.3413,0.0091725,4.4138e-07,0.015274,0,69.8963,0.16302,0.65427,483.042,1455.8693
11.9583,9995.3976,2.6788,240.1014,4.8054,-0.21257,-0.1261,1.7713,89.9993,-0.26148,4.4775,2.7199,12.7539,-35.1621,-8.5268e-05,1.3101,0.034928,4.4148e-07,0.015285,0,70.0321,0.16315,0.63667,483.0419,1455.8681
11.9666,9995.4199,2.6783,240.1017,4.8036,-0.21251,-0.11134,2.3982,89.9971,-0.24481,4.4758,2.8178,14.0773,-35.0711,-0.00011972,1.2801,0.057586,4.4159e-07,0.015295,0,70.1683,0.16332,0.61837,483.0418,1455.8668
11.975,9995.4422,2.6778,240.1021,4.8019,-0.21244,-0.091356,3.0117,89.9951,-0.21729,4.4742,2.9084,15.2186,-34.9788,-0.00016841,1.2515,0.076713,4.4172e-07,0.015306,0,70.3048,0.16349,0.59965,483.0417,1455.8656
11.9781,9995.4422,2.6778,240.1021,4.8019,-0.21244,-0.091356,3.0117,89.9951,-0.21729,4.4742,2.9084,15.2186,-34.9788,-0.00016841,1.2515,0.076713,4.4172e-07,0.015306,0,70.3048,0.16353,0.6085,483.0417,1455.8656
11.9781,9995.4422,2.6778,240.1021,4.8019,-0.21244,-0.091356,3.0117,89.9951,-0.21729,4.4742,2.9084,15.2186,-34.9788,-0.00016841,1.2515,0.076713,4.4172e-07,0.015306,0,70.3048,0.16353,0.6085,483.0417,1455.8656
11.9833,9995.4645,2.6773,240.1026,4.8001,-0.21238,-0.066259,3.6124,89.9933,-0.18063,4.4725,2.9904,16.1511,-34.886,-0.00021149,1.2242,0.09218,4.4185e-07,0.015317,0,70.4417,0.16364,0.58064,483.0416,1455.8643
11.9885,9995.4645,2.6773,240.1026,4.8001,-0.21238,-0.066259,3.6124,89.9933,-0.18063,4.4725,2.9904,16.1511,-34.886,-0.00021149,1.2242,0.09218,4.4185e-07,0.015317,0,70.4417,0.16371,0.60153,483.0416,1455.8643
11.9893,9995.4645,2.6773,240.1026,4.8001,-0.21238,-0.066259,3.6124,89.9933,-0.18063,4.4725,2.9904,16.1511,-34.886,-0.00021149,1.2242,0.09218,4.4185e-07,0.015317,0,70.4417,0.16372,0.60388,483.0416,1455.8643
11.9893,9995.4645,2.6773,240.1026,4.8001,-0.21238,-0.066259,3.6124,89.9933,-0.18063,4.4725,2.9904,16.1511,-34.886,-0.00021149,1.2242,0.09218,4.4185e-07,0.015317,0,70.4417,0.16372,0.60388,483.0416,1455.8643
11.9916,9995.4868,2.6767,240.1033,4.7983,-0.21236,-0.036156,4.2006,89.9918,-0.13658,4.4708,3.063,16.8669,-34.7938,-0.00022486,0.5727,0.10409,4.4199e-07,0.015327,0,70.5789,0.16375,0.56151,483.0416,1455.863
11.9939,9995.4868,2.6767,240.1033,4.7983,-0.21236,-0.036156,4.2006,89.9918,-0.13658,4.4708,3.063,16.8669,-34.7938,-0.00022486,0.5727,0.10409,4.4199e-07,0.015327,0,70.5789,0.16378,0.57606,483.0416,1455.863
11.9977,9995.4868,2.6767,240.1033,4.7983,-0.21236,-0.036156,4.2006,89.9918,-0.13658,4.4708,3.063,16.8669,-34.7938,-0.00022486,0.5727,0.10409,4.4199e-07,0.015327,0,70.5789,0.16383,0.59338,483.0416,1455.863
11.9977,9995.4868,2.6767,240.1033,4.7983,-0.21236,-0.036156,4.2006,89.9918,-0.13658,4.4708,3.063,16.8669,-34.7938,-0.00022486,0.5727,0.10409,4.4199e-07,0.015327,0,70.5789,0.16383,0.59338,483.0416,1455.863
12,9995.5091,2.6761,240.1041,4.7966,-0.21238,-0.0011513,4.4782,89.9906,-0.086838,4.4691,3.1251,11.6961,-33.1474,-0.00019531,-1.0966,0.11268,4.4213e-07,0.015338,0,70.6447,0.16381,0.5427,483.0415,1455.8618
12.0022,9995.5091,2.6761,240.1041,4.7966,-0.21238,-0.0011513,4.4782,89.9906,-0.086838,4.4691,3.1251,11.6961,-33.1474,-0.00019531,-1.0966,0.11268,4.4213e-07,0.015338,0,70.6447,0.16384,0.56062,483.0415,1455.8618
12.0068,9995.5091,2.6761,240.1041,4.7966,-0.21238,-0.0011513,4.4782,89.9906,-0.086838,4.4691,3.1251,11.6961,-33.1474,-0.00019531,-1.0966,0.11268,4.4213e-07,0.015338,0,70.6447,0.1639,0.58627,483.0415,1455.8618
12.0083,9995.5314,2.6754,240.1051,4.7948,-0.21245,0.036167,3.9591,89.9899,-0.032993,4.4674,3.1783,-2.9211,-28.9766,-0.00015352,-1.5762,0.11836,4.4228e-07,0.015349,0,70.3139,0.16381,0.52371,483.0414,1455.8605
12.0085,9995.5314,2.6754,240.1051,4.7948,-0.21245,0.036167,3.9591,89.9899,-0.032993,4.4674,3.1783,-2.9211,-28.9766,-0.00015352,-1.5762,0.11836,4.4228e-07,0.015349,0,70.3139,0.16381,0.52546,483.0414,1455.8605
12.0085,9995.5314,2.6754,240.1051,4.7948,-0.21245,0.036167,3.9591,89.9899,-0.032993,4.4674,3.1783,-2.9211,-28.9766,-0.00015352,-1.5762,0.11836,4.4228e-07,0.015349,0,70.3139,0.16381,0.52546,483.0414,1455.8605
12.0166,9995.5537,2.6746,240.1053,4.7931,-0.21257,0.069159,3.2113,89.9896,0.023591,4.4657,3.0858,-6.9236,-27.7842,-0.00011124,-1.5459,0.12151,4.4242e-07,0.015359,0,69.9854,0.16373,0.56785,483.0413,1455.8593
12.0209,9995.5537,2.6746,240.1053,4.7931,-0.21257,0.069159,3.2113,89.9896,0.023591,4.4657,3.0858,-6.9236,-27.7842,-0.00011124,-1.5459,0.12151,4.4242e-07,0.015359,0,69.9854,0.16379,0.58957,483.0413,1455.8593
12.0209,9995.5537,2.6746,240.1053,4.7931,-0.21257,0.069159,3.2113,89.9896,0.023591,4.4657,3.0858,-6.9236,-27.7842,-0.00011124,-1.5459,0.12151,4.4242e-07,0.015359,0,69.9854,0.16379,0.58957,483.0413,1455.8593
12.025,9995.576,2.6736,240.1051,4.7913,-0.21273,0.095919,2.478,89.9898,0.081705,4.4641,2.9898,-6.4549,-27.8646,-6.8264e-05,-1.515,0.1191,4.4256e-07,0.01537,0,69.6595,0.16358,0.61731,483.0413,1455.858
12.029,9995.576,2.6736,240.1051,4.7913,-0.21273,0.095919,2.478,89.9898,0.081705,4.4641,2.9898,-6.4549,-27.8646,-6.8264e-05,-1.515,0.1191,4.4256e-07,0.01537,0,69.6595,0.16364,0.62153,483.0413,1455.858
12.0333,9995.5983,2.6725,240.1045,4.7895,-0.21291,0.11657,1.7594,89.9905,0.13869,4.4625,2.8829,-6.3265,-27.9446,1.8808e-05,-1.4824,0.10439,4.427e-07,0.015381,0,69.7493,0.16339,0.66829,483.0412,1455.8568
12.0416,9995.6205,2.6714,240.1043,4.7878,-0.21305,0.13123,1.0558,89.9917,0.18865,4.4608,2.8763,-6.9494,-28.0301,0.00011694,-1.4487,0.081041,4.4282e-07,0.015392,0,69.8844,0.16324,0.66053,483.0411,1455.8555
12.05,9995.6428,2.6703,240.1042,4.786,-0.21312,0.14003,0.3673,89.9932,0.22744,4.4592,2.8488,-8.1017,-28.1172,0.00021318,-1.415,0.053818,4.4293e-07,0.015402,0,70.0199,0.16315,0.64684,483.041,1455.8542
12.0583,9995.665,2.6691,240.1043,4.7843,-0.21309,0.14309,-0.30618,89.9951,0.25322,4.4576,2.8123,-9.4939,-28.2025,0.00027526,-1.3818,0.025144,4.4304e-07,0.015413,0,70.1557,0.16314,0.63039,483.0409,1455.853
12.0666,9995.6873,2.6679,240.1046,4.7825,-0.21298,0.14054,-0.96492,89.9972,0.26528,4.456,2.7731,-10.9793,-28.2826,0.00029885,-1.3493,-0.0030318,4.4313e-07,0.015424,0,70.2918,0.16322,0.61259,483.0409,1455.8517
12.075,9995.7095,2.6666,240.105,4.7807,-0.2128,0.1325,-1.6093,89.9994,0.26385,4.4544,2.7359,-12.4395,-28.3562,0.00028257,-1.3178,-0.029219,4.4321e-07,0.015434,0,70.4283,0.16336,0.59406,483.0408,1455.8505
12.0833,9995.7317,2.6653,240.1055,4.779,-0.21257,0.11909,-2.2397,90.0016,0.24991,4.4528,2.7044,-13.7839,-28.4223,0.0002364,-1.2876,-0.052484,4.4327e-07,0.015445,0,70.5652,0.16353,0.5751,483.0407,1455.8492
12.0916,9995.7539,2.664,240.1062,4.7772,-0.21234,0.10042,-2.8566,90.0037,0.22483,4.4512,2.6808,-14.9557,-28.4809,0.00017499,-1.2587,-0.072313,4.4333e-07,0.015456,0,70.7024,0.16371,0.55583,483.0406,1455.848
12.0921,9995.7539,2.664,240.1062,4.7772,-0.21234,0.10042,-2.8566,90.0037,0.22483,4.4512,2.6808,-14.9557,-28.4809,0.00017499,-1.2587,-0.072313,4.4333e-07,0.015456,0,70.7024,0.16372,0.55904,483.0406,1455.848
12.0921,9995.7539,2.664,240.1062,4.7772,-0.21234,0.10042,-2.8566,90.0037,0.22483,4.4512,2.6808,-14.9557,-28.4809,0.00017499,-1.2587,-0.072313,4.4333e-07,0.015456,0,70.7024,0.16372,0.55904,483.0406,1455.848
12.1,9995.7761,2.6626,240.1071,4.7754,-0.21211,0.076618,-3.4604,90.0056,0.19028,4.4496,2.666,-15.9237,-28.5326,0.00010719,-1.2311,-0.088514,4.4338e-07,0.015466,0,70.3723,0.16387,0.53631,483.0405,1455.8467
12.1032,9995.7761,2.6626,240.1071,4.7754,-0.21211,0.076618,-3.4604,90.0056,0.19028,4.4496,2.666,-15.9237,-28.5326,0.00010719,-1.2311,-0.088514,4.4338e-07,0.015466,0,70.3723,0.16391,0.56129,483.0405,1455.8467
12.1032,9995.7761,2.6626,240.1071,4.7754,-0.21211,0.076618,-3.4604,90.0056,0.19028,4.4496,2.666,-15.9237,-28.5326,0.00010719,-1.2311,-0.088514,4.4338e-07,0.015466,0,70.3723,0.16391,0.56129,483.0405,1455.8467
12.1083,9995.7983,2.6612,240.1078,4.7737,-0.21193,0.047781,-4.0518,90.0072,0.14798,4.448,2.6191,-16.6761,-28.5776,4.737e-05,-0.9579,-0.10115,4.4341e-07,0.015477,0,70.0425,0.16397,0.53545,483.0405,1455.8455
12.1121,9995.7983,2.6612,240.1078,4.7737,-0.21193,0.047781,-4.0518,90.0072,0.14798,4.448,2.6191,-16.6761,-28.5776,4.737e-05,-0.9579,-0.10115,4.4341e-07,0.015477,0,70.0425,0.16403,0.5643,483.0405,1455.8455
12.1121,9995.7983,2.6612,240.1078,4.7737,-0.21193,0.047781,-4.0518,90.0072,0.14798,4.448,2.6191,-16.6761,-28.5776,4.737e-05,-0.9579,-0.10115,4.4341e-07,0.015477,0,70.0425,0.16403,0.5643,483.0405,1455.8455
12.1166,9995.8205,2.6596,240.1079,4.7719,-0.21181,0.014017,-4.5132,90.0084,0.099645,4.4465,2.4832,-14.9777,-29.2369,2.1411e-05,0.70353,-0.11044,4.4344e-07,0.015488,0,69.715,0.16399,0.58099,483.0404,1455.8442
12.1212,9995.8205,2.6596,240.1079,4.7719,-0.21181,0.014017,-4.5132,90.0084,0.099645,4.4465,2.4832,-14.9777,-29.2369,2.1411e-05,0.70353,-0.11044,4.4344e-07,0.015488,0,69.715,0.16405,0.59766,483.0404,1455.8442
12.125,9995.8426,2.6579,240.1076,4.7702,-0.21176,-0.023593,-4.1816,90.0093,0.046876,4.4449,2.3577,-0.48046,-33.3858,5.4427e-05,1.5851,-0.11669,4.4347e-07,0.015498,0,69.3901,0.16391,0.63088,483.0403,1455.843
12.1333,9995.8648,2.6561,240.1068,4.7684,-0.21176,-0.058439,-3.4295,90.0096,-0.0088973,4.4434,2.2419,7.1254,-35.5967,0.00015133,1.5547,-0.12037,4.435e-07,0.015509,0,69.5244,0.16375,0.68195,483.0402,1455.8417
12.1364,9995.8648,2.6561,240.1068,4.7684,-0.21176,-0.058439,-3.4295,90.0096,-0.0088973,4.4434,2.2419,7.1254,-35.5967,0.00015133,1.5547,-0.12037,4.435e-07,0.015509,0,69.5244,0.16379,0.66704,483.0402,1455.8417
12.1364,9995.8648,2.6561,240.1068,4.7684,-0.21176,-0.058439,-3.4295,90.0096,-0.0088973,4.4434,2.2419,7.1254,-35.5967,0.00015133,1.5547,-0.12037,4.435e-07,0.015509,0,69.5244,0.16379,0.66704,483.0402,1455.8417
12.1416,9995.8869,2.6542,240.1065,4.7667,-0.21178,-0.087018,-2.6919,90.0096,-0.066457,4.4418,2.2619,6.6165,-35.5294,0.00027456,1.5242,-0.12051,4.4353e-07,0.01552,0,69.6591,0.16357,0.67473,483.0401,1455.8405
12.1468,9995.8869,2.6542,240.1065,4.7667,-0.21178,-0.087018,-2.6919,90.0096,-0.066457,4.4418,2.2619,6.6165,-35.5294,0.00027456,1.5242,-0.12051,4.4353e-07,0.01552,0,69.6591,0.16365,0.65535,483.0401,1455.8405
12.1499,9995.8869,2.6542,240.1065,4.7667,-0.21178,-0.087018,-2.6919,90.0096,-0.066457,4.4418,2.2619,6.6165,-35.5294,0.00027456,1.5242,-0.12051,4.4353e-07,0.01552,0,69.6591,0.16369,0.64765,483.0401,1455.8405
12.1499,9995.8869,2.6542,240.1065,4.7667,-0.21178,-0.087018,-2.6919,90.0096,-0.066457,4.4418,2.2619,6.6165,-35.5294,0.00027456,1.5242,-0.12051,4.4353e-07,0.01552,0,69.6591,0.16369,0.64765,483.0401,1455.8405
12.15,9995.909,2.6524,240.1063,4.7649,-0.21178,-0.10945,-1.969,90.009,-0.12411,4.4403,2.2912,6.3271,-35.4616,0.00041049,1.492,-0.1093,4.4357e-07,0.01553,0,69.7941,0.1634,0.66158,483.0401,1455.8392
12.15,9995.909,2.6524,240.1063,4.7649,-0.21178,-0.10945,-1.969,90.009,-0.12411,4.4403,2.2912,6.3271,-35.4616,0.00041049,1.492,-0.1093,4.4357e-07,0.01553,0,69.7941,0.16341,0.66153,483.0401,1455.8392
12.15,9995.909,2.6524,240.1063,4.7649,-0.21178,-0.10945,-1.969,90.009,-0.12411,4.4403,2.2912,6.3271,-35.4616,0.00041049,1.492,-0.1093,4.4357e-07,0.01553,0,69.7941,0.16341,0.66142,483.0401,1455.8392
12.1501,9995.909,2.6524,240.1063,4.7649,-0.21178,-0.10945,-1.969,90.009,-0.12411,4.4403,2.2912,6.3271,-35.4616,0.00041049,1.492,-0.1093,4.4357e-07,0.01553,0,69.7941,0.16341,0.66121,483.0401,1455.8392
12.1502,9995.909,2.6524,240.1063,4.7649,-0.21178,-0.10945,-1.969,90.009,-0.12411,4.4403,2.2912,6.3271,-35.4616,0.00041049,1.492,-0.1093,4.4357e-07,0.01553,0,69.7941,0.16341,0.66078,483.0401,1455.8392
12.1504,9995.909,2.6524,240.1063,4.7649,-0.21178,-0.10945,-1.969,90.009,-0.12411,4.4403,2.2912,6.3271,-35.4616,0.00041049,1.492,-0.1093,4.4357e-07,0.01553,0,69.7941,0.16341,0.65995,483.0401,1455.8392
12.1509,9995.909,2.6524,240.1063,4.7649,-0.21178,-0.10945,-1.969,90.009,-0.12411,4.4403,2.2912,6.3271,-35.4616,0.00041049,1.492,-0.1093,4.4357e-07,0.01553,0,69.7941,0.16342,0.65835,483.0401,1455.8392
12.1519,9995.909,2.6524,240.1063,4.7649,-0.21178,-0.10945,-1.969,90.009,-0.12411,4.4403,2.2912,6.3271,-35.4616,0.00041049,1.492,-0.1093,4.4357e-07,0.01553,0,69.7941,0.16343,0.65536,483.0401,1455.8392
12.1539,9995.909,2.6524,240.1063,4.7649,-0.21178,-0.10945,-1.969,90.009,-0.12411,4.4403,2.2912,6.3271,-35.4616,0.00041049,1.492,-0.1093,4.4357e-07,0.01553,0,69.7941,0.16346,0.65021,483.0401,1455.8392
12.1579,9995.909,2.6524,240.1063,4.7649,-0.21178,-0.10945,-1.969,90.009,-0.12411,4.4403,2.2912,6.3271,-35.4616,0.00041049,1.492,-0.1093,4.4357e-07,0.01553,0,69.7941,0.16352,0.6425,483.0401,1455.8392
12.1583,9995.9311,2.6504,240.1062,4.7632,-0.21174,-0.12586,-1.2609,90.008,-0.17641,4.4388,2.3495,6.7327,-35.3889,0.0005252,1.4585,-0.087639,4.4362e-07,0.015541,0,69.9295,0.16328,0.64564,483.04,1455.838
12.1603,9995.9311,2.6504,240.1062,4.7632,-0.21174,-0.12586,-1.2609,90.008,-0.17641,4.4388,2.3495,6.7327,-35.3889,0.0005252,1.4585,-0.087639,4.4362e-07,0.015541,0,69.9295,0.16331,0.6421,483.04,1455.838
12.1666,9995.9532,2.6485,240.1063,4.7614,-0.21162,-0.13637,-0.56804,90.0065,-0.21836,4.4373,2.4348,7.7792,-35.3101,0.00061128,1.4248,-0.061252,4.4367e-07,0.015552,0,70.0652,0.16322,0.62829,483.0399,1455.8367
12.175,9995.9752,2.6465,240.1066,4.7597,-0.21142,-0.1411,0.10981,90.0047,-0.24769,4.4358,2.5328,9.1189,-35.2273,0.00065851,1.3913,-0.032852,4.4374e-07,0.015562,0,70.2013,0.16323,0.61016,483.0398,1455.8355
12.1833,9995.9973,2.6445,240.1069,4.7579,-0.21114,-0.14019,0.77282,90.0026,-0.26343,4.4343,2.6368,10.5872,-35.1411,0.00066448,1.3586,-0.0044633,4.4382e-07,0.015573,0,70.3377,0.16331,0.59154,483.0398,1455.8342
12.1916,9996.0193,2.6424,240.1075,4.7562,-0.21079,-0.13374,1.4213,90.0004,-0.2656,4.4328,2.7416,12.0611,-35.052,0.00063293,1.3269,0.022274,4.4391e-07,0.015584,0,70.4745,0.16345,0.57256,483.0397,1455.833
12.2,9996.0413,2.6403,240.1082,4.7544,-0.21041,-0.1219,2.0558,89.9982,-0.25497,4.4313,2.843,13.4409,-34.9607,0.00057392,1.2964,0.046303,4.4401e-07,0.015594,0,70.6116,0.16363,0.5533,483.0396,1455.8318
12.2083,9996.0633,2.6382,240.109,4.7527,-0.21002,-0.10477,2.6766,89.9961,-0.23285,4.4298,2.9382,14.6623,-34.8681,0.00048905,1.2671,0.067011,4.4412e-07,0.015605,0,70.2817,0.16381,0.53379,483.0395,1455.8305
12.2166,9996.0853,2.636,240.1097,4.7509,-0.20965,-0.082464,3.2842,89.9942,-0.20083,4.4284,2.9669,15.6878,-34.7743,0.00038737,1.2391,0.084127,4.4425e-07,0.015616,0,69.9525,0.16395,0.54078,483.0394,1455.8293
12.2167,9996.0853,2.636,240.1097,4.7509,-0.20965,-0.082464,3.2842,89.9942,-0.20083,4.4284,2.9669,15.6878,-34.7743,0.00038737,1.2391,0.084127,4.4425e-07,0.015616,0,69.9525,0.16395,0.54155,483.0394,1455.8293
12.2167,9996.0853,2.636,240.1097,4.7509,-0.20965,-0.082464,3.2842,89.9942,-0.20083,4.4284,2.9669,15.6878,-34.7743,0.00038737,1.2391,0.084127,4.4425e-07,0.015616,0,69.9525,0.16395,0.54155,483.0394,1455.8293
12.225,9996.1073,2.6336,240.1097,4.7492,-0.20933,-0.055096,3.8792,89.9925,-0.16063,4.4269,2.9085,16.5009,-34.6796,0.00030929,1.1154,0.097653,4.4438e-07,0.015626,0,69.6256,0.16401,0.5862,483.0394,1455.828
12.2263,9996.1073,2.6336,240.1097,4.7492,-0.20933,-0.055096,3.8792,89.9925,-0.16063,4.4269,2.9085,16.5009,-34.6796,0.00030929,1.1154,0.097653,4.4438e-07,0.015626,0,69.6256,0.16403,0.59076,483.0394,1455.828
12.2263,9996.1073,2.6336,240.1097,4.7492,-0.20933,-0.055096,3.8792,89.9925,-0.16063,4.4269,2.9085,16.5009,-34.6796,0.00030929,1.1154,0.097653,4.4438e-07,0.015626,0,69.6256,0.16403,0.59076,483.0394,1455.828
12.2333,9996.1292,2.6312,240.1093,4.7475,-0.20908,-0.02277,4.4156,89.9911,-0.11397,4.4255,2.8422,16.2212,-34.3451,0.00027981,-0.21606,0.10778,4.4452e-07,0.015637,0,69.3014,0.16398,0.63586,483.0393,1455.8268
12.2403,9996.1292,2.6312,240.1093,4.7475,-0.20908,-0.02277,4.4156,89.9911,-0.11397,4.4255,2.8422,16.2212,-34.3451,0.00027981,-0.21606,0.10778,4.4452e-07,0.015637,0,69.3014,0.16409,0.62958,483.0393,1455.8268
12.2416,9996.1511,2.6286,240.1084,4.7457,-0.20888,0.014027,4.3167,89.9902,-0.062469,4.4241,2.7685,4.7665,-31.0066,0.00035227,-1.5903,0.11481,4.4466e-07,0.015648,0,69.4354,0.16387,0.68674,483.0392,1455.8256
12.2481,9996.1511,2.6286,240.1084,4.7457,-0.20888,0.014027,4.3167,89.9902,-0.062469,4.4241,2.7685,4.7665,-31.0066,0.00035227,-1.5903,0.11481,4.4466e-07,0.015648,0,69.4354,0.16397,0.65654,483.0392,1455.8256
12.25,9996.173,2.626,240.108,4.744,-0.20872,0.05,3.562,89.9897,-0.0075993,4.4226,2.8149,-7.2709,-27.581,0.00047559,-1.56,0.11911,4.448e-07,0.015658,0,69.5698,0.16373,0.67974,483.0391,1455.8243
12.2518,9996.173,2.626,240.108,4.744,-0.20872,0.05,3.562,89.9897,-0.0075993,4.4226,2.8149,-7.2709,-27.581,0.00047559,-1.56,0.11911,4.448e-07,0.015658,0,69.5698,0.16376,0.67022,483.0391,1455.8243
12.2518,9996.173,2.626,240.108,4.744,-0.20872,0.05,3.562,89.9897,-0.0075993,4.4226,2.8149,-7.2709,-27.581,0.00047559,-1.56,0.11911,4.448e-07,0.015658,0,69.5698,0.16376,0.67022,483.0391,1455.8243
12.2583,9996.1949,2.6234,240.1078,4.7423,-0.20857,0.079683,2.8218,89.9896,0.049355,4.4212,2.8545,-6.7308,-27.6679,0.0006158,-1.5296,0.12061,4.4494e-07,0.015669,0,69.7045,0.16358,0.66685,483.039,1455.8231
12.2648,9996.1949,2.6234,240.1078,4.7423,-0.20857,0.079683,2.8218,89.9896,0.049355,4.4212,2.8545,-6.7308,-27.6679,0.0006158,-1.5296,0.12061,4.4494e-07,0.015669,0,69.7045,0.16367,0.64626,483.039,1455.8231
12.2648,9996.1949,2.6234,240.1078,4.7423,-0.20857,0.079683,2.8218,89.9896,0.049355,4.4212,2.8545,-6.7308,-27.6679,0.0006158,-1.5296,0.12061,4.4494e-07,0.015669,0,69.7045,0.16367,0.64626,483.039,1455.8231
12.2648,9996.1949,2.6234,240.1078,4.7423,-0.20857,0.079683,2.8218,89.9896,0.049355,4.4212,2.8545,-6.7308,-27.6679,0.0006158,-1.5296,0.12061,4.4494e-07,0.015669,0,69.7045,0.16367,0.64626,483.039,1455.8231
12.2666,9996.2167,2.6207,240.1076,4.7405,-0.2084,0.1032,2.0963,89.99,0.10705,4.4198,2.8877,-6.3635,-27.754,0.00074454,-1.498,0.11287,4.4508e-07,0.01568,0,69.8396,0.16343,0.65119,483.039,1455.8219
12.2685,9996.2167,2.6207,240.1076,4.7405,-0.2084,0.1032,2.0963,89.99,0.10705,4.4198,2.8877,-6.3635,-27.754,0.00074454,-1.498,0.11287,4.4508e-07,0.01568,0,69.8396,0.16346,0.6465,483.039,1455.8219
12.2722,9996.2167,2.6207,240.1076,4.7405,-0.2084,0.1032,2.0963,89.99,0.10705,4.4198,2.8877,-6.3635,-27.754,0.00074454,-1.498,0.11287,4.4508e-07,0.01568,0,69.8396,0.16351,0.63936,483.039,1455.8219
12.275,9996.2386,2.6181,240.1077,4.7388,-0.20819,0.12067,1.3855,89.9909,0.16106,4.4184,2.8984,-6.5615,-27.841,0.00085173,-1.4647,0.092937,4.452e-07,0.01569,0,69.9751,0.16332,0.63413,483.0389,1455.8206
12.2833,9996.2604,2.6153,240.1078,4.7371,-0.20792,0.13221,0.68978,89.9922,0.20555,4.417,2.8796,-7.5041,-27.9295,0.00092705,-1.431,0.067411,4.4532e-07,0.015701,0,70.1109,0.16326,0.61627,483.0388,1455.8194
12.2916,9996.2821,2.6126,240.1082,4.7354,-0.20758,0.13796,0.0091672,89.994,0.23782,4.4156,2.8478,-8.7911,-28.0155,0.00096699,-1.3976,0.039405,4.4543e-07,0.015712,0,70.2471,0.16327,0.59789,483.0387,1455.8182
12.3,9996.3039,2.6098,240.1086,4.7337,-0.20716,0.13804,-0.65657,89.9959,0.2567,4.4143,2.8107,-10.2337,-28.097,0.0009686,-1.3647,0.010962,4.4553e-07,0.015723,0,70.3836,0.16334,0.57911,483.0387,1455.8169
12.3083,9996.3256,2.607,240.1092,4.7319,-0.20669,0.13257,-1.3077,89.9981,0.26197,4.4129,2.7734,-11.7078,-28.1726,0.00093552,-1.3328,-0.016161,4.4561e-07,0.015733,0,70.5204,0.16347,0.56003,483.0386,1455.8157
12.3166,9996.3474,2.6041,240.11,4.7302,-0.20617,0.12167,-1.9447,90.0003,0.25427,4.4115,2.7401,-13.1068,-28.2414,0.00087623,-1.302,-0.040781,4.4568e-07,0.015744,0,70.538,0.16363,0.54068,483.0385,1455.8145
12.325,9996.369,2.6013,240.1109,4.7285,-0.20565,0.10546,-2.568,90.0024,0.23479,4.4102,2.7136,-14.3588,-28.3032,0.00077375,-1.2725,-0.062199,4.4575e-07,0.015755,0,70.208,0.1638,0.52107,483.0384,1455.8133
12.3333,9996.3907,2.5983,240.1111,4.7268,-0.20515,0.084062,-3.178,90.0043,0.20508,4.4089,2.5581,-15.4211,-28.3563,0.00066633,-1.2442,-0.080076,4.458e-07,0.015765,0,69.8804,0.16391,0.56409,483.0384,1455.812
12.3404,9996.3907,2.5983,240.1111,4.7268,-0.20515,0.084062,-3.178,90.0043,0.20508,4.4089,2.5581,-15.4211,-28.3563,0.00066633,-1.2442,-0.080076,4.458e-07,0.015765,0,69.8804,0.16401,0.59285,483.0384,1455.812
12.3404,9996.3907,2.5983,240.1111,4.7268,-0.20515,0.084062,-3.178,90.0043,0.20508,4.4089,2.5581,-15.4211,-28.3563,0.00066633,-1.2442,-0.080076,4.458e-07,0.015765,0,69.8804,0.16401,0.59285,483.0384,1455.812
12.3416,9996.4123,2.5951,240.1109,4.7251,-0.2047,0.057578,-3.7752,90.0061,0.16681,4.4075,2.4139,-16.2731,-28.4029,0.00058235,-1.1801,-0.094358,4.4584e-07,0.015776,0,69.5553,0.16395,0.61245,483.0383,1455.8108
12.3428,9996.4123,2.5951,240.1109,4.7251,-0.2047,0.057578,-3.7752,90.0061,0.16681,4.4075,2.4139,-16.2731,-28.4029,0.00058235,-1.1801,-0.094358,4.4584e-07,0.015776,0,69.5553,0.16396,0.61332,483.0383,1455.8108
12.3451,9996.4123,2.5951,240.1109,4.7251,-0.2047,0.057578,-3.7752,90.0061,0.16681,4.4075,2.4139,-16.2731,-28.4029,0.00058235,-1.1801,-0.094358,4.4584e-07,0.015776,0,69.5553,0.164,0.61477,483.0383,1455.8108
12.35,9996.434,2.5919,240.1102,4.7234,-0.20431,0.026118,-4.3424,90.0074,0.12172,4.4062,2.2801,-16.5739,-28.5381,0.00058568,-0.072601,-0.1052,4.4588e-07,0.015787,0,69.4864,0.1639,0.66278,483.0382,1455.8096
12.3583,9996.4555,2.5886,240.11,4.7217,-0.20396,-0.010068,-4.3812,90.0085,0.071457,4.4049,2.283,-7.1968,-31.2964,0.00066607,1.5746,-0.11287,4.4591e-07,0.015797,0,69.6211,0.16382,0.65538,483.0381,1455.8084
12.3666,9996.4771,2.5854,240.1099,4.72,-0.20364,-0.046578,-3.6338,90.0091,0.017518,4.4036,2.2935,7.2685,-35.4257,0.00079705,1.5627,-0.11775,4.4594e-07,0.015808,0,69.7562,0.16371,0.64226,483.038,1455.8072
12.3677,9996.4771,2.5854,240.1099,4.72,-0.20364,-0.046578,-3.6338,90.0091,0.017518,4.4036,2.2935,7.2685,-35.4257,0.00079705,1.5627,-0.11775,4.4594e-07,0.015808,0,69.7562,0.16372,0.63991,483.038,1455.8072
12.3677,9996.4771,2.5854,240.1099,4.72,-0.20364,-0.046578,-3.6338,90.0091,0.017518,4.4036,2.2935,7.2685,-35.4257,0.00079705,1.5627,-0.11775,4.4594e-07,0.015808,0,69.7562,0.16372,0.63991,483.038,1455.8072
12.375,9996.4986,2.5821,240.1099,4.7184,-0.20332,-0.07686,-2.8923,90.0092,-0.038782,4.4024,2.3109,6.8528,-35.4083,0.00092186,1.5325,-0.12007,4.4598e-07,0.015819,0,69.8917,0.16358,0.62645,483.038,1455.8059
12.3805,9996.4986,2.5821,240.1099,4.7184,-0.20332,-0.07686,-2.8923,90.0092,-0.038782,4.4024,2.3109,6.8528,-35.4083,0.00092186,1.5325,-0.12007,4.4598e-07,0.015819,0,69.8917,0.16366,0.62372,483.038,1455.8059
12.3805,9996.4986,2.5821,240.1099,4.7184,-0.20332,-0.07686,-2.8923,90.0092,-0.038782,4.4024,2.3109,6.8528,-35.4083,0.00092186,1.5325,-0.12007,4.4598e-07,0.015819,0,69.8917,0.16366,0.62372,483.038,1455.8059
12.3833,9996.5201,2.5788,240.1101,4.7167,-0.203,-0.10096,-2.1653,90.0089,-0.096216,4.4011,2.3355,6.4301,-35.3428,0.0010363,1.5013,-0.11445,4.4602e-07,0.015829,0,70.0275,0.16346,0.60928,483.0379,1455.8047
12.3861,9996.5201,2.5788,240.1101,4.7167,-0.203,-0.10096,-2.1653,90.0089,-0.096216,4.4011,2.3355,6.4301,-35.3428,0.0010363,1.5013,-0.11445,4.4602e-07,0.015829,0,70.0275,0.1635,0.61185,483.0379,1455.8047
12.3916,9996.5416,2.5754,240.1105,4.715,-0.20265,-0.11901,-1.453,90.0081,-0.15098,4.3998,2.3806,6.4947,-35.2726,0.0011281,1.4681,-0.095729,4.4607e-07,0.01584,0,70.1636,0.16336,0.59131,483.0378,1455.8035
12.4,9996.5631,2.5721,240.111,4.7133,-0.20225,-0.13112,-0.75581,90.0068,-0.1968,4.3985,2.4593,7.3612,-35.195,0.0011916,1.4345,-0.070848,4.4612e-07,0.015851,0,70.3001,0.1633,0.57281,483.0377,1455.8023
12.4083,9996.5845,2.5687,240.1116,4.7116,-0.20178,-0.13741,-0.073668,90.0052,-0.23072,4.3973,2.5544,8.6079,-35.1128,0.0012239,1.401,-0.043197,4.4619e-07,0.015861,0,70.4369,0.1633,0.5539,483.0377,1455.8011
12.4166,9996.6059,2.5652,240.1124,4.71,-0.20125,-0.13803,0.59358,90.0033,-0.25141,4.396,2.6573,10.0291,-35.0273,0.0012157,1.3681,-0.014825,4.4627e-07,0.015872,0,70.1077,0.16337,0.53464,483.0376,1455.7999
12.425,9996.6272,2.5618,240.1131,4.7083,-0.20066,-0.13308,1.2462,90.0012,-0.25853,4.3948,2.7342,11.5004,-34.9387,0.0011505,1.3361,0.012442,4.4635e-07,0.015883,0,69.7784,0.16347,0.5282,483.0375,1455.7987
12.4333,9996.6486,2.5581,240.1132,4.7066,-0.20005,-0.1227,1.8846,89.999,-0.25261,4.3936,2.7011,12.9107,-34.8464,0.0010551,1.3052,0.037346,4.4645e-07,0.015893,0,69.4515,0.16358,0.57226,483.0374,1455.7975
12.4416,9996.6699,2.5544,240.1129,4.705,-0.19945,-0.10699,2.5093,89.9969,-0.23478,4.3924,2.665,14.1837,-34.7524,0.00095101,1.2755,0.059137,4.4657e-07,0.015904,0,69.1272,0.16365,0.62086,483.0374,1455.7963
12.45,9996.6911,2.5505,240.1122,4.7033,-0.19887,-0.08608,3.1206,89.9949,-0.20652,4.3912,2.6238,15.2734,-34.6581,0.00089617,1.2471,0.077432,4.4669e-07,0.015915,0,69.2612,0.16368,0.67075,483.0373,1455.7951
12.4558,9996.6911,2.5505,240.1122,4.7033,-0.19887,-0.08608,3.1206,89.9949,-0.20652,4.3912,2.6238,15.2734,-34.6581,0.00089617,1.2471,0.077432,4.4669e-07,0.015915,0,69.2612,0.16377,0.64703,483.0373,1455.7951
12.4558,9996.6911,2.5505,240.1122,4.7033,-0.19887,-0.08608,3.1206,89.9949,-0.20652,4.3912,2.6238,15.2734,-34.6581,0.00089617,1.2471,0.077432,4.4669e-07,0.015915,0,69.2612,0.16377,0.64703,483.0373,1455.7951
12.4583,9996.7124,2.5467,240.1119,4.7017,-0.19831,-0.060075,3.7191,89.9932,-0.16952,4.39,2.7021,16.1564,-34.5669,0.00088603,1.2164,0.092142,4.4682e-07,0.015925,0,69.3957,0.1637,0.66283,483.0372,1455.7939
12.4608,9996.7124,2.5467,240.1119,4.7017,-0.19831,-0.060075,3.7191,89.9932,-0.16952,4.39,2.7021,16.1564,-34.5669,0.00088603,1.2164,0.092142,4.4682e-07,0.015925,0,69.3957,0.16373,0.6528,483.0372,1455.7939
12.4657,9996.7124,2.5467,240.1119,4.7017,-0.19831,-0.060075,3.7191,89.9932,-0.16952,4.39,2.7021,16.1564,-34.5669,0.00088603,1.2164,0.092142,4.4682e-07,0.015925,0,69.3957,0.16381,0.63884,483.0372,1455.7939
12.4666,9996.7336,2.5429,240.1117,4.7,-0.19777,-0.029083,4.3035,89.9918,-0.12549,4.3889,2.7705,16.7947,-34.4697,0.00092896,0.25471,0.1034,4.4696e-07,0.015936,0,69.5304,0.16368,0.64941,483.0371,1455.7927
12.471,9996.7336,2.5429,240.1117,4.7,-0.19777,-0.029083,4.3035,89.9918,-0.12549,4.3889,2.7705,16.7947,-34.4697,0.00092896,0.25471,0.1034,4.4696e-07,0.015936,0,69.5304,0.16375,0.63788,483.0371,1455.7927
12.4747,9996.7336,2.5429,240.1117,4.7,-0.19777,-0.029083,4.3035,89.9918,-0.12549,4.3889,2.7705,16.7947,-34.4697,0.00092896,0.25471,0.1034,4.4696e-07,0.015936,0,69.5304,0.1638,0.63149,483.0371,1455.7927
12.4747,9996.7336,2.5429,240.1117,4.7,-0.19777,-0.029083,4.3035,89.9918,-0.12549,4.3889,2.7705,16.7947,-34.4697,0.00092896,0.25471,0.1034,4.4696e-07,0.015936,0,69.5304,0.1638,0.63149,483.0371,1455.7927
12.475,9996.7548,2.539,240.1116,4.6984,-0.19725,0.0067791,4.4291,89.9908,-0.076085,4.3877,2.8289,8.7673,-32.0561,0.0010141,-1.3867,0.11144,4.471e-07,0.015947,0,69.6656,0.16364,0.63379,483.0371,1455.7915
12.4752,9996.7548,2.539,240.1116,4.6984,-0.19725,0.0067791,4.4291,89.9908,-0.076085,4.3877,2.8289,8.7673,-32.0561,0.0010141,-1.3867,0.11144,4.471e-07,0.015947,0,69.6656,0.16365,0.63336,483.0371,1455.7915
12.4757,9996.7548,2.539,240.1116,4.6984,-0.19725,0.0067791,4.4291,89.9908,-0.076085,4.3877,2.8289,8.7673,-32.0561,0.0010141,-1.3867,0.11144,4.471e-07,0.015947,0,69.6656,0.16365,0.63254,483.0371,1455.7915
12.4768,9996.7548,2.539,240.1116,4.6984,-0.19725,0.0067791,4.4291,89.9908,-0.076085,4.3877,2.8289,8.7673,-32.0561,0.0010141,-1.3867,0.11144,4.471e-07,0.015947,0,69.6656,0.16367,0.63102,483.0371,1455.7915
12.4788,9996.7548,2.539,240.1116,4.6984,-0.19725,0.0067791,4.4291,89.9908,-0.076085,4.3877,2.8289,8.7673,-32.0561,0.0010141,-1.3867,0.11144,4.471e-07,0.015947,0,69.6656,0.1637,0.62839,483.0371,1455.7915
12.4833,9996.7759,2.5351,240.1117,4.6968,-0.19676,0.043688,3.7714,89.9901,-0.022829,4.3865,2.8788,-5.631,-27.9631,0.001126,-1.5682,0.11668,4.4724e-07,0.015957,0,69.8011,0.16358,0.61694,483.037,1455.7903
12.4839,9996.7759,2.5351,240.1117,4.6968,-0.19676,0.043688,3.7714,89.9901,-0.022829,4.3865,2.8788,-5.631,-27.9631,0.001126,-1.5682,0.11668,4.4724e-07,0.015957,0,69.8011,0.16359,0.61693,483.037,1455.7903
12.4839,9996.7759,2.5351,240.1117,4.6968,-0.19676,0.043688,3.7714,89.9901,-0.022829,4.3865,2.8788,-5.631,-27.9631,0.001126,-1.5682,0.11668,4.4724e-07,0.015957,0,69.8011,0.16359,0.61693,483.037,1455.7903
12.4916,9996.797,2.5312,240.112,4.6951,-0.19628,0.075117,3.0272,89.9899,0.032954,4.3854,2.9218,-6.9558,-27.5215,0.001228,-1.538,0.11947,4.4738e-07,0.015968,0,69.9369,0.16349,0.59938,483.0369,1455.7891
12.4965,9996.797,2.5312,240.112,4.6951,-0.19628,0.075117,3.0272,89.9899,0.032954,4.3854,2.9218,-6.9558,-27.5215,0.001228,-1.538,0.11947,4.4738e-07,0.015968,0,69.9369,0.16356,0.60594,483.0369,1455.7891
12.4965,9996.797,2.5312,240.112,4.6951,-0.19628,0.075117,3.0272,89.9899,0.032954,4.3854,2.9218,-6.9558,-27.5215,0.001228,-1.538,0.11947,4.4738e-07,0.015968,0,69.9369,0.16356,0.60594,483.0369,1455.7891
12.5,9996.8181,2.5273,240.1124,4.6935,-0.19581,0.10034,2.2976,89.9902,0.090099,4.3842,2.9594,-6.5096,-27.607,0.0013173,-1.5069,0.11518,4.4752e-07,0.015979,0,70.0731,0.16339,0.58133,483.0368,1455.7879
12.5034,9996.8181,2.5273,240.1124,4.6935,-0.19581,0.10034,2.2976,89.9902,0.090099,4.3842,2.9594,-6.5096,-27.607,0.0013173,-1.5069,0.11518,4.4752e-07,0.015979,0,70.0731,0.16344,0.59148,483.0368,1455.7879
12.5083,9996.8391,2.5233,240.1129,4.6919,-0.19533,0.11949,1.5826,89.991,0.14521,4.3831,2.9801,-6.4969,-27.6921,0.0013886,-1.474,0.098235,4.4764e-07,0.015989,0,70.2096,0.16331,0.56284,483.0368,1455.7867
12.5166,9996.8601,2.5193,240.1136,4.6903,-0.19481,0.13268,0.88268,89.9922,0.19223,4.382,2.97,-7.257,-27.7794,0.0014376,-1.4404,0.074209,4.4776e-07,0.016,0,70.3465,0.16325,0.54397,483.0367,1455.7855
12.5249,9996.8811,2.5153,240.1145,4.6887,-0.19423,0.14003,0.19784,89.9938,0.22775,4.3808,2.9431,-8.4519,-27.8655,0.001433,-1.4069,0.047012,4.4787e-07,0.016011,0,70.0172,0.16324,0.52476,483.0366,1455.7844
12.5333,9996.9021,2.5112,240.1146,4.6871,-0.19361,0.14168,-0.47207,89.9957,0.25027,4.3797,2.7775,-9.8442,-27.9463,0.0013919,-1.3739,0.018803,4.4797e-07,0.016021,0,69.6902,0.16325,0.56544,483.0365,1455.7832
12.5416,9996.923,2.5069,240.1143,4.6855,-0.19295,0.13775,-1.1273,89.9978,0.25929,4.3787,2.6077,-11.3029,-28.0214,0.001322,-1.3417,-0.008558,4.4806e-07,0.016032,0,69.3658,0.16328,0.61332,483.0365,1455.782
12.5499,9996.9438,2.5025,240.1136,4.6839,-0.19227,0.12835,-1.7683,89.9999,0.25523,4.3776,2.4431,-12.715,-28.0903,0.0012764,-1.3106,-0.033731,4.4813e-07,0.016043,0,69.4999,0.16331,0.66292,483.0364,1455.7808
12.5583,9996.9647,2.4982,240.1133,4.6823,-0.19156,0.11362,-2.3954,90.002,0.23912,4.3766,2.4128,-13.9991,-28.1552,0.0012409,-1.2808,-0.055901,4.4819e-07,0.016054,0,69.6343,0.16337,0.65485,483.0363,1455.7796
12.5666,9996.9855,2.4938,240.1132,4.6807,-0.19084,0.093658,-3.0091,90.004,0.21241,4.3755,2.3902,-15.1059,-28.2149,0.0012215,-1.2522,-0.074637,4.4824e-07,0.016064,0,69.7692,0.16343,0.64108,483.0362,1455.7785
12.5705,9996.9855,2.4938,240.1132,4.6807,-0.19084,0.093658,-3.0091,90.004,0.21241,4.3755,2.3902,-15.1059,-28.2149,0.0012215,-1.2522,-0.074637,4.4824e-07,0.016064,0,69.7692,0.16349,0.6324,483.0362,1455.7785
12.5705,9996.9855,2.4938,240.1132,4.6807,-0.19084,0.093658,-3.0091,90.004,0.21241,4.3755,2.3902,-15.1059,-28.2149,0.0012215,-1.2522,-0.074637,4.4824e-07,0.016064,0,69.7692,0.16349,0.6324,483.0362,1455.7785
12.5749,9997.0062,2.4894,240.1132,4.6791,-0.19012,0.068583,-3.6098,90.0058,0.17674,4.3745,2.3762,-16.0088,-28.2693,0.0012103,-1.2249,-0.089811,4.4829e-07,0.016075,0,69.9043,0.16349,0.62468,483.0362,1455.7773
12.5794,9997.0062,2.4894,240.1132,4.6791,-0.19012,0.068583,-3.6098,90.0058,0.17674,4.3745,2.3762,-16.0088,-28.2693,0.0012103,-1.2249,-0.089811,4.4829e-07,0.016075,0,69.9043,0.16356,0.6208,483.0362,1455.7773
12.5814,9997.0062,2.4894,240.1132,4.6791,-0.19012,0.068583,-3.6098,90.0058,0.17674,4.3745,2.3762,-16.0088,-28.2693,0.0012103,-1.2249,-0.089811,4.4829e-07,0.016075,0,69.9043,0.16359,0.61953,483.0362,1455.7773
12.5814,9997.0062,2.4894,240.1132,4.6791,-0.19012,0.068583,-3.6098,90.0058,0.17674,4.3745,2.3762,-16.0088,-28.2693,0.0012103,-1.2249,-0.089811,4.4829e-07,0.016075,0,69.9043,0.16359,0.61953,483.0362,1455.7773
12.5833,9997.027,2.485,240.1134,4.6775,-0.18942,0.038501,-4.1982,90.0073,0.13382,4.3734,2.3708,-16.7001,-28.3182,0.0012264,-0.51931,-0.10152,4.4832e-07,0.016086,0,70.0398,0.16353,0.60718,483.0361,1455.7761
12.5852,9997.027,2.485,240.1134,4.6775,-0.18942,0.038501,-4.1982,90.0073,0.13382,4.3734,2.3708,-16.7001,-28.3182,0.0012264,-0.51931,-0.10152,4.4832e-07,0.016086,0,70.0398,0.16356,0.60829,483.0361,1455.7761
12.5889,9997.027,2.485,240.1134,4.6775,-0.18942,0.038501,-4.1982,90.0073,0.13382,4.3734,2.3708,-16.7001,-28.3182,0.0012264,-0.51931,-0.10152,4.4832e-07,0.016086,0,70.0398,0.16362,0.60994,483.0361,1455.7761
12.5895,9997.027,2.485,240.1134,4.6775,-0.18942,0.038501,-4.1982,90.0073,0.13382,4.3734,2.3708,-16.7001,-28.3182,0.0012264,-0.51931,-0.10152,4.4832e-07,0.016086,0,70.0398,0.16362,0.61016,483.0361,1455.7761
12.5895,9997.027,2.485,240.1134,4.6775,-0.18942,0.038501,-4.1982,90.0073,0.13382,4.3734,2.3708,-16.7001,-28.3182,0.0012264,-0.51931,-0.10152,4.4832e-07,0.016086,0,70.0398,0.16362,0.61016,483.0361,1455.7761
12.5916,9997.0477,2.4806,240.1137,4.676,-0.18875,0.0035159,-4.4501,90.0084,0.085308,4.3724,2.3726,-11.0225,-30.0694,0.0012762,1.1176,-0.10998,4.4835e-07,0.016096,0,70.1757,0.16354,0.58957,483.036,1455.775
12.5937,9997.0477,2.4806,240.1137,4.676,-0.18875,0.0035159,-4.4501,90.0084,0.085308,4.3724,2.3726,-11.0225,-30.0694,0.0012762,1.1176,-0.10998,4.4835e-07,0.016096,0,70.1757,0.16357,0.59406,483.036,1455.775
12.5979,9997.0477,2.4806,240.1137,4.676,-0.18875,0.0035159,-4.4501,90.0084,0.085308,4.3724,2.3726,-11.0225,-30.0694,0.0012762,1.1176,-0.10998,4.4835e-07,0.016096,0,70.1757,0.16363,0.60062,483.036,1455.775
12.5999,9997.0683,2.4762,240.1141,4.6744,-0.18812,-0.033568,-3.9207,90.0091,0.032748,4.3714,2.3824,3.3026,-34.1682,0.0013571,1.5742,-0.11561,4.4838e-07,0.016107,0,70.3119,0.16351,0.57159,483.0359,1455.7738
12.6083,9997.0889,2.4718,240.1147,4.6728,-0.18752,-0.066241,-3.1736,90.0094,-0.022524,4.3704,2.3994,7.0906,-35.3212,0.0014361,1.5439,-0.11876,4.4841e-07,0.016118,0,70.4485,0.16345,0.55329,483.0359,1455.7726
12.6123,9997.0889,2.4718,240.1147,4.6728,-0.18752,-0.066241,-3.1736,90.0094,-0.022524,4.3704,2.3994,7.0906,-35.3212,0.0014361,1.5439,-0.11876,4.4841e-07,0.016118,0,70.4485,0.16351,0.57292,483.0359,1455.7726
12.6123,9997.0889,2.4718,240.1147,4.6728,-0.18752,-0.066241,-3.1736,90.0094,-0.022524,4.3704,2.3994,7.0906,-35.3212,0.0014361,1.5439,-0.11876,4.4841e-07,0.016118,0,70.4485,0.16351,0.57292,483.0359,1455.7726
12.6166,9997.1095,2.4673,240.1154,4.6713,-0.18693,-0.092688,-2.4411,90.0092,-0.079329,4.3693,2.4232,6.6158,-35.2552,0.0015054,1.5131,-0.11619,4.4844e-07,0.016128,0,70.1199,0.16336,0.53468,483.0358,1455.7715
12.6209,9997.1095,2.4673,240.1154,4.6713,-0.18693,-0.092688,-2.4411,90.0092,-0.079329,4.3693,2.4232,6.6158,-35.2552,0.0015054,1.5131,-0.11619,4.4844e-07,0.016128,0,70.1199,0.16342,0.56164,483.0358,1455.7715
12.6249,9997.1301,2.4628,240.1162,4.6697,-0.18635,-0.11303,-1.7232,90.0085,-0.13492,4.3683,2.4482,6.4936,-35.1855,0.0015367,1.4805,-0.10162,4.4848e-07,0.016139,0,69.7909,0.16327,0.52201,483.0357,1455.7703
12.6333,9997.1506,2.4582,240.1163,4.6682,-0.18576,-0.12739,-1.0203,90.0074,-0.18356,4.3674,2.3817,7.1061,-35.1077,0.0015458,1.447,-0.078721,4.4853e-07,0.01615,0,69.4643,0.16315,0.56558,483.0356,1455.7692
12.6416,9997.171,2.4535,240.116,4.6667,-0.18514,-0.13589,-0.33245,90.0059,-0.22124,4.3664,2.3392,8.2303,-35.0245,0.0015372,1.4134,-0.052082,4.4858e-07,0.01616,0,69.1403,0.16305,0.61395,483.0356,1455.768
12.6499,9997.1914,2.4486,240.1153,4.6651,-0.18447,-0.13866,0.34039,90.004,-0.24618,4.3655,2.3092,9.5878,-34.9382,0.0015516,1.3803,-0.024059,4.4865e-07,0.016171,0,69.2742,0.16296,0.6637,483.0355,1455.7668
12.6583,9997.2118,2.4438,240.115,4.6636,-0.18375,-0.13583,0.99851,90.002,-0.25772,4.3645,2.4112,11.0356,-34.8522,0.0015627,1.348,0.0034511,4.4873e-07,0.016182,0,69.4085,0.16295,0.65583,483.0354,1455.7657
12.6666,9997.2322,2.439,240.1148,4.6621,-0.18296,-0.12751,1.6423,89.9998,-0.25609,4.3636,2.5125,12.4586,-34.7656,0.0015663,1.3167,0.029005,4.4882e-07,0.016192,0,69.5431,0.16299,0.64219,483.0354,1455.7645
12.6749,9997.2525,2.4341,240.1148,4.6606,-0.18213,-0.11382,2.2721,89.9977,-0.24225,4.3627,2.6093,13.7689,-34.6786,0.0015458,1.2866,0.051699,4.4892e-07,0.016203,0,69.6781,0.16307,0.62591,483.0353,1455.7634
12.6833,9997.2727,2.4293,240.1149,4.6591,-0.18127,-0.094886,2.8884,89.9957,-0.21754,4.3618,2.6995,14.9115,-34.5905,0.0015119,1.2578,0.071036,4.4904e-07,0.016214,0,69.8135,0.16318,0.60836,483.0352,1455.7623
12.6848,9997.2727,2.4293,240.1149,4.6591,-0.18127,-0.094886,2.8884,89.9957,-0.21754,4.3618,2.6995,14.9115,-34.5905,0.0015119,1.2578,0.071036,4.4904e-07,0.016214,0,69.8135,0.1632,0.60866,483.0352,1455.7623
12.6848,9997.2727,2.4293,240.1149,4.6591,-0.18127,-0.094886,2.8884,89.9957,-0.21754,4.3618,2.6995,14.9115,-34.5905,0.0015119,1.2578,0.071036,4.4904e-07,0.016214,0,69.8135,0.1632,0.60866,483.0352,1455.7623
12.6916,9997.293,2.4244,240.1152,4.6576,-0.18041,-0.070816,3.4917,89.9939,-0.1836,4.3609,2.7815,15.856,-34.5019,0.0014748,1.2303,0.086835,4.4916e-07,0.016224,0,69.9492,0.16328,0.59013,483.0351,1455.7611
12.6956,9997.293,2.4244,240.1152,4.6576,-0.18041,-0.070816,3.4917,89.9939,-0.1836,4.3609,2.7815,15.856,-34.5019,0.0014748,1.2303,0.086835,4.4916e-07,0.016224,0,69.9492,0.16334,0.59674,483.0351,1455.7611
12.6956,9997.293,2.4244,240.1152,4.6576,-0.18041,-0.070816,3.4917,89.9939,-0.1836,4.3609,2.7815,15.856,-34.5019,0.0014748,1.2303,0.086835,4.4916e-07,0.016224,0,69.9492,0.16334,0.59674,483.0351,1455.7611
12.6999,9997.3132,2.4195,240.1156,4.6561,-0.17958,-0.041719,4.0825,89.9923,-0.14209,4.36,2.8548,16.5913,-34.4135,0.0014613,0.84024,0.099154,4.4929e-07,0.016235,0,70.0853,0.16336,0.57152,483.0351,1455.76
12.7042,9997.3132,2.4195,240.1156,4.6561,-0.17958,-0.041719,4.0825,89.9923,-0.14209,4.36,2.8548,16.5913,-34.4135,0.0014613,0.84024,0.099154,4.4929e-07,0.016235,0,70.0853,0.16342,0.5848,483.0351,1455.76
12.7042,9997.3132,2.4195,240.1156,4.6561,-0.17958,-0.041719,4.0825,89.9923,-0.14209,4.36,2.8548,16.5913,-34.4135,0.0014613,0.84024,0.099154,4.4929e-07,0.016235,0,70.0853,0.16342,0.5848,483.0351,1455.76
12.7083,9997.3333,2.4146,240.1162,4.6546,-0.1788,-0.0076979,4.4875,89.9912,-0.094706,4.3591,2.9176,13.8191,-33.4216,0.0014793,-0.79133,0.1082,4.4943e-07,0.016246,0,70.2217,0.16339,0.55326,483.035,1455.7588
12.7124,9997.3333,2.4146,240.1162,4.6546,-0.1788,-0.0076979,4.4875,89.9912,-0.094706,4.3591,2.9176,13.8191,-33.4216,0.0014793,-0.79133,0.1082,4.4943e-07,0.016246,0,70.2217,0.16345,0.57201,483.035,1455.7588
12.7166,9997.3534,2.4097,240.1169,4.6531,-0.17806,0.029698,4.1139,89.9904,-0.042994,4.3582,2.9719,-0.42681,-29.3446,0.0015393,-1.5819,0.11433,4.4956e-07,0.016256,0,70.0061,0.16337,0.53481,483.0349,1455.7577
12.7249,9997.3735,2.4048,240.1178,4.6516,-0.17736,0.06398,3.363,89.99,0.011664,4.3573,3.0187,-7.224,-27.3799,0.0015784,-1.5516,0.11793,4.497e-07,0.016267,0,69.6771,0.16332,0.51611,483.0348,1455.7566
12.728,9997.3735,2.4048,240.1178,4.6516,-0.17736,0.06398,3.363,89.99,0.011664,4.3573,3.0187,-7.224,-27.3799,0.0015784,-1.5516,0.11793,4.497e-07,0.016267,0,69.6771,0.16336,0.54061,483.0348,1455.7566
12.728,9997.3735,2.4048,240.1178,4.6516,-0.17736,0.06398,3.363,89.99,0.011664,4.3573,3.0187,-7.224,-27.3799,0.0015784,-1.5516,0.11793,4.497e-07,0.016267,0,69.6771,0.16336,0.54061,483.0348,1455.7566
12.7333,9997.3935,2.3998,240.1179,4.6502,-0.1767,0.092005,2.6268,89.9901,0.068066,4.3565,2.9238,-6.7278,-27.4642,0.0016092,-1.521,0.11744,4.4983e-07,0.016278,0,69.3506,0.16319,0.55933,483.0348,1455.7554
12.7385,9997.3935,2.3998,240.1179,4.6502,-0.1767,0.092005,2.6268,89.9901,0.068066,4.3565,2.9238,-6.7278,-27.4642,0.0016092,-1.521,0.11744,4.4983e-07,0.016278,0,69.3506,0.16326,0.57914,483.0348,1455.7554
12.7415,9997.3935,2.3998,240.1179,4.6502,-0.1767,0.092005,2.6268,89.9901,0.068066,4.3565,2.9238,-6.7278,-27.4642,0.0016092,-1.521,0.11744,4.4983e-07,0.016278,0,69.3506,0.1633,0.58651,483.0348,1455.7554
12.7415,9997.3935,2.3998,240.1179,4.6502,-0.1767,0.092005,2.6268,89.9901,0.068066,4.3565,2.9238,-6.7278,-27.4642,0.0016092,-1.521,0.11744,4.4983e-07,0.016278,0,69.3506,0.1633,0.58651,483.0348,1455.7554
12.7416,9997.4135,2.3946,240.1176,4.6487,-0.17607,0.1139,1.9051,89.9907,0.12426,4.3557,2.8217,-6.4826,-27.5467,0.0016348,-1.4888,0.10571,4.4996e-07,0.016288,0,69.0266,0.16301,0.60765,483.0347,1455.7543
12.7417,9997.4135,2.3946,240.1176,4.6487,-0.17607,0.1139,1.9051,89.9907,0.12426,4.3557,2.8217,-6.4826,-27.5467,0.0016348,-1.4888,0.10571,4.4996e-07,0.016288,0,69.0266,0.16301,0.60766,483.0347,1455.7543
12.742,9997.4135,2.3946,240.1176,4.6487,-0.17607,0.1139,1.9051,89.9907,0.12426,4.3557,2.8217,-6.4826,-27.5467,0.0016348,-1.4888,0.10571,4.4996e-07,0.016288,0,69.0266,0.16301,0.60766,483.0347,1455.7543
12.7424,9997.4135,2.3946,240.1176,4.6487,-0.17607,0.1139,1.9051,89.9907,0.12426,4.3557,2.8217,-6.4826,-27.5467,0.0016348,-1.4888,0.10571,4.4996e-07,0.016288,0,69.0266,0.16302,0.60767,483.0347,1455.7543
12.7433,9997.4135,2.3946,240.1176,4.6487,-0.17607,0.1139,1.9051,89.9907,0.12426,4.3557,2.8217,-6.4826,-27.5467,0.0016348,-1.4888,0.10571,4.4996e-07,0.016288,0,69.0266,0.16303,0.60769,483.0347,1455.7543
12.7451,9997.4135,2.3946,240.1176,4.6487,-0.17607,0.1139,1.9051,89.9907,0.12426,4.3557,2.8217,-6.4826,-27.5467,0.0016348,-1.4888,0.10571,4.4996e-07,0.016288,0,69.0266,0.16306,0.60771,483.0347,1455.7543
12.7488,9997.4135,2.3946,240.1176,4.6487,-0.17607,0.1139,1.9051,89.9907,0.12426,4.3557,2.8217,-6.4826,-27.5467,0.0016348,-1.4888,0.10571,4.4996e-07,0.016288,0,69.0266,0.16311,0.60773,483.0347,1455.7543
12.7499,9997.4334,2.3894,240.1169,4.6473,-0.17543,0.12977,1.1983,89.9917,0.17485,4.3548,2.6946,-6.9241,-27.6312,0.0016964,-1.4554,0.084177,4.5008e-07,0.016299,0,69.153,0.16281,0.65748,483.0346,1455.7532
12.7558,9997.4334,2.3894,240.1169,4.6473,-0.17543,0.12977,1.1983,89.9917,0.17485,4.3548,2.6946,-6.9241,-27.6312,0.0016964,-1.4554,0.084177,4.5008e-07,0.016299,0,69.153,0.16289,0.63561,483.0346,1455.7532
12.7583,9997.4533,2.3842,240.1166,4.6458,-0.17475,0.13976,0.50671,89.9932,0.21514,4.354,2.6714,-7.9659,-27.7194,0.0017639,-1.4218,0.058197,4.5019e-07,0.01631,0,69.2873,0.16267,0.64973,483.0346,1455.7521
12.7666,9997.4731,2.3789,240.1164,4.6444,-0.174,0.14398,-0.1699,89.995,0.24301,4.3532,2.6377,-9.2823,-27.8066,0.0018245,-1.3886,0.030369,4.5028e-07,0.01632,0,69.4219,0.1626,0.63621,483.0345,1455.7509
12.7749,9997.4929,2.3737,240.1164,4.6429,-0.17316,0.14256,-0.83171,89.997,0.25756,4.3524,2.6002,-10.7158,-27.8905,0.0018495,-1.356,0.0026555,4.5037e-07,0.016331,0,69.5569,0.16262,0.62,483.0344,1455.7498
12.7833,9997.5127,2.3684,240.1166,4.6415,-0.17224,0.13563,-1.4791,89.9991,0.25886,4.3516,2.5638,-12.1474,-27.9682,0.0018391,-1.3245,-0.023375,4.5044e-07,0.016342,0,69.6922,0.1627,0.60248,483.0344,1455.7487
12.7916,9997.5324,2.3632,240.1169,4.6401,-0.17129,0.12331,-2.1124,90.0013,0.2477,4.3509,2.5322,-13.4818,-28.0389,0.0017962,-1.2941,-0.046718,4.505e-07,0.016353,0,69.8279,0.16282,0.58427,483.0343,1455.7476
12.7999,9997.5521,2.3579,240.1173,4.6386,-0.17031,0.1057,-2.7321,90.0033,0.22538,4.3501,2.508,-14.6579,-28.1021,0.0017338,-1.265,-0.066795,4.5055e-07,0.016363,0,69.964,0.16296,0.56564,483.0342,1455.7465
12.8083,9997.5717,2.3526,240.1179,4.6372,-0.16935,0.082937,-3.3386,90.0052,0.19345,4.3494,2.4922,-15.6404,-28.1582,0.001668,-1.2372,-0.083359,4.5059e-07,0.016374,0,70.1004,0.16309,0.54671,483.0341,1455.7454
12.8095,9997.5717,2.3526,240.1179,4.6372,-0.16935,0.082937,-3.3386,90.0052,0.19345,4.3494,2.4922,-15.6404,-28.1582,0.001668,-1.2372,-0.083359,4.5059e-07,0.016374,0,70.1004,0.16311,0.55371,483.0341,1455.7454
12.8095,9997.5717,2.3526,240.1179,4.6372,-0.16935,0.082937,-3.3386,90.0052,0.19345,4.3494,2.4922,-15.6404,-28.1582,0.001668,-1.2372,-0.083359,4.5059e-07,0.016374,0,70.1004,0.16311,0.55371,483.0341,1455.7454
12.8166,9997.5913,2.3473,240.1187,4.6358,-0.16842,0.055116,-3.9326,90.0068,0.15361,4.3486,2.4854,-16.4144,-28.2081,0.0016127,-1.0814,-0.096423,4.5062e-07,0.016385,0,69.7722,0.16319,0.52753,483.0341,1455.7443
12.8187,9997.5913,2.3473,240.1187,4.6358,-0.16842,0.055116,-3.9326,90.0068,0.15361,4.3486,2.4854,-16.4144,-28.2081,0.0016127,-1.0814,-0.096423,4.5062e-07,0.016385,0,69.7722,0.16322,0.54242,483.0341,1455.7443
12.8187,9997.5913,2.3473,240.1187,4.6358,-0.16842,0.055116,-3.9326,90.0068,0.15361,4.3486,2.4854,-16.4144,-28.2081,0.0016127,-1.0814,-0.096423,4.5062e-07,0.016385,0,69.7722,0.16322,0.54242,483.0341,1455.7443
12.8249,9997.6108,2.342,240.1192,4.6344,-0.16755,0.022344,-4.4526,90.0081,0.10752,4.3479,2.4301,-15.8083,-28.5771,0.0015716,0.39583,-0.10618,4.5065e-07,0.016395,0,69.4446,0.16322,0.5342,483.034,1455.7432
12.8312,9997.6108,2.342,240.1192,4.6344,-0.16755,0.022344,-4.4526,90.0081,0.10752,4.3479,2.4301,-15.8083,-28.5771,0.0015716,0.39583,-0.10618,4.5065e-07,0.016395,0,69.4446,0.1633,0.567,483.034,1455.7432
12.8333,9997.6303,2.3366,240.1191,4.6331,-0.16674,-0.014761,-4.2677,90.009,0.056769,4.3471,2.304,-3.0106,-32.2649,0.0015777,1.588,-0.11292,4.5067e-07,0.016406,0,69.1195,0.16316,0.57946,483.0339,1455.7421
12.8416,9997.6498,2.331,240.1187,4.6317,-0.166,-0.050325,-3.5139,90.0095,0.0027831,4.3464,2.1875,7.3841,-35.2548,0.0016136,1.5577,-0.11704,4.5069e-07,0.016417,0,68.797,0.16302,0.62849,483.0339,1455.741
12.8437,9997.6498,2.331,240.1187,4.6317,-0.166,-0.050325,-3.5139,90.0095,0.0027831,4.3464,2.1875,7.3841,-35.2548,0.0016136,1.5577,-0.11704,4.5069e-07,0.016417,0,68.797,0.16304,0.62414,483.0339,1455.741
12.8437,9997.6498,2.331,240.1187,4.6317,-0.166,-0.050325,-3.5139,90.0095,0.0027831,4.3464,2.1875,7.3841,-35.2548,0.0016136,1.5577,-0.11704,4.5069e-07,0.016417,0,68.797,0.16304,0.62414,483.0339,1455.741
12.8499,9997.6692,2.3254,240.1178,4.6303,-0.1653,-0.079607,-2.7746,90.0095,-0.053195,4.3457,2.0802,6.8487,-35.188,0.0016976,1.5273,-0.11827,4.5071e-07,0.016427,0,68.9302,0.16281,0.67841,483.0338,1455.7399
12.8562,9997.6692,2.3254,240.1178,4.6303,-0.1653,-0.079607,-2.7746,90.0095,-0.053195,4.3457,2.0802,6.8487,-35.188,0.0016976,1.5273,-0.11827,4.5071e-07,0.016427,0,68.9302,0.16289,0.64423,483.0338,1455.7399
12.8567,9997.6692,2.3254,240.1178,4.6303,-0.1653,-0.079607,-2.7746,90.0095,-0.053195,4.3457,2.0802,6.8487,-35.188,0.0016976,1.5273,-0.11827,4.5071e-07,0.016427,0,68.9302,0.1629,0.64257,483.0338,1455.7399
12.8567,9997.6692,2.3254,240.1178,4.6303,-0.1653,-0.079607,-2.7746,90.0095,-0.053195,4.3457,2.0802,6.8487,-35.188,0.0016976,1.5273,-0.11827,4.5071e-07,0.016427,0,68.9302,0.1629,0.64257,483.0338,1455.7399
12.8583,9997.6885,2.3198,240.1173,4.6289,-0.16462,-0.10273,-2.05,90.0091,-0.10978,4.345,2.1065,6.4934,-35.122,0.0018035,1.4956,-0.1096,4.5074e-07,0.016438,0,69.0638,0.1626,0.67135,483.0337,1455.7388
12.8599,9997.6885,2.3198,240.1173,4.6289,-0.16462,-0.10273,-2.05,90.0091,-0.10978,4.345,2.1065,6.4934,-35.122,0.0018035,1.4956,-0.1096,4.5074e-07,0.016438,0,69.0638,0.16262,0.66152,483.0337,1455.7388
12.8631,9997.6885,2.3198,240.1173,4.6289,-0.16462,-0.10273,-2.05,90.0091,-0.10978,4.345,2.1065,6.4934,-35.122,0.0018035,1.4956,-0.1096,4.5074e-07,0.016438,0,69.0638,0.16266,0.64602,483.0337,1455.7388
12.8666,9997.7078,2.3142,240.1169,4.6276,-0.1639,-0.11981,-1.3401,90.0082,-0.16223,4.3444,2.1581,6.7451,-35.0524,0.0019139,1.4623,-0.089533,4.5077e-07,0.016449,0,69.1979,0.16242,0.65845,483.0337,1455.7377
12.8749,9997.7271,2.3086,240.1167,4.6262,-0.16311,-0.13098,-0.64537,90.0068,-0.20509,4.3437,2.2389,7.6947,-34.9776,0.0019987,1.4287,-0.064257,4.5082e-07,0.016459,0,69.3322,0.1623,0.64282,483.0336,1455.7366
12.8833,9997.7463,2.3029,240.1167,4.6249,-0.16225,-0.13636,0.034319,90.0051,-0.23585,4.343,2.3335,8.9669,-34.8988,0.0020508,1.3954,-0.036682,4.5087e-07,0.01647,0,69.467,0.16226,0.62582,483.0335,1455.7355
12.8916,9997.7655,2.2973,240.1167,4.6235,-0.16131,-0.13607,0.69915,90.0031,-0.25343,4.3424,2.4348,10.385,-34.8167,0.0020614,1.3627,-0.0088099,4.5094e-07,0.016481,0,69.6021,0.16229,0.60807,483.0335,1455.7344
12.8999,9997.7846,2.2917,240.117,4.6222,-0.16031,-0.13025,1.3494,90.001,-0.25767,4.3418,2.5377,11.8274,-34.7317,0.0020332,1.3309,0.017676,4.5101e-07,0.016491,0,69.7375,0.16238,0.58985,483.0334,1455.7334
12.9083,9997.8037,2.286,240.1173,4.6209,-0.15927,-0.119,1.9856,89.9989,-0.24924,4.3411,2.6379,13.1918,-34.6444,0.0019743,1.3003,0.041652,4.511e-07,0.016502,0,69.8733,0.16251,0.57131,483.0333,1455.7323
12.9166,9997.8227,2.2804,240.1179,4.6196,-0.15822,-0.10245,2.608,89.9968,-0.22933,4.3405,2.7324,14.4099,-34.5555,0.0018985,1.2709,0.06246,4.512e-07,0.016513,0,70.0095,0.16266,0.55251,483.0332,1455.7312
12.9249,9997.8417,2.2747,240.1186,4.6182,-0.15719,-0.08072,3.2172,89.9949,-0.19948,4.3399,2.8193,15.4414,-34.4659,0.001822,1.2428,0.079787,4.5131e-07,0.016523,0,69.9918,0.16279,0.53346,483.0332,1455.7301
12.9333,9997.8606,2.2691,240.1194,4.6169,-0.15619,-0.05391,3.8137,89.9932,-0.16134,4.3393,2.8976,16.2673,-34.3766,0.0017382,1.1581,0.093597,4.5143e-07,0.016534,0,69.6634,0.16288,0.51419,483.0331,1455.7291
12.9337,9997.8606,2.2691,240.1194,4.6169,-0.15619,-0.05391,3.8137,89.9932,-0.16134,4.3393,2.8976,16.2673,-34.3766,0.0017382,1.1581,0.093597,4.5143e-07,0.016534,0,69.6634,0.16289,0.51782,483.0331,1455.7291
12.9337,9997.8606,2.2691,240.1194,4.6169,-0.15619,-0.05391,3.8137,89.9932,-0.16134,4.3393,2.8976,16.2673,-34.3766,0.0017382,1.1581,0.093597,4.5143e-07,0.016534,0,69.6634,0.16289,0.51782,483.0331,1455.7291
12.9416,9997.8795,2.2633,240.1195,4.6157,-0.15525,-0.02213,4.3703,89.9919,-0.11659,4.3387,2.8312,16.36,-34.1431,0.0016842,-0.054029,0.10405,4.5155e-07,0.016545,0,69.3375,0.16289,0.55685,483.033,1455.728
12.9499,9997.8983,2.2575,240.1192,4.6144,-0.15439,0.014289,4.3485,89.9909,-0.066857,4.3381,2.7575,6.009,-31.1037,0.0016825,-1.5911,0.11143,4.5167e-07,0.016555,0,69.0142,0.16281,0.60507,483.033,1455.727
12.9583,9997.9171,2.2516,240.1184,4.6131,-0.15359,0.050526,3.5931,89.9903,-0.013581,4.3376,2.6782,-7.4844,-27.2708,0.0017584,-1.5608,0.1161,4.518e-07,0.016566,0,68.9796,0.16264,0.65492,483.0329,1455.7259
12.9595,9997.9171,2.2516,240.1184,4.6131,-0.15359,0.050526,3.5931,89.9903,-0.013581,4.3376,2.6782,-7.4844,-27.2708,0.0017584,-1.5608,0.1161,4.518e-07,0.016566,0,68.9796,0.16266,0.64897,483.0329,1455.7259
12.9595,9997.9171,2.2516,240.1184,4.6131,-0.15359,0.050526,3.5931,89.9903,-0.013581,4.3376,2.6782,-7.4844,-27.2708,0.0017584,-1.5608,0.1161,4.518e-07,0.016566,0,68.9796,0.16266,0.64897,483.0329,1455.7259
12.9666,9997.9358,2.2457,240.1181,4.6118,-0.15282,0.080468,2.8523,89.9902,0.041949,4.337,2.7191,-6.9228,-27.3587,0.0018598,-1.5305,0.11817,4.5193e-07,0.016577,0,69.1136,0.16245,0.64765,483.0328,1455.7248
12.9722,9997.9358,2.2457,240.1181,4.6118,-0.15282,0.080468,2.8523,89.9902,0.041949,4.337,2.7191,-6.9228,-27.3587,0.0018598,-1.5305,0.11817,4.5193e-07,0.016577,0,69.1136,0.16252,0.62822,483.0328,1455.7248
12.9722,9997.9358,2.2457,240.1181,4.6118,-0.15282,0.080468,2.8523,89.9902,0.041949,4.337,2.7191,-6.9228,-27.3587,0.0018598,-1.5305,0.11817,4.5193e-07,0.016577,0,69.1136,0.16252,0.62822,483.0328,1455.7248
12.9749,9997.9545,2.2398,240.1179,4.6106,-0.15205,0.10424,2.1261,89.9906,0.098487,4.3365,2.7539,-6.522,-27.4461,0.0019768,-1.4992,0.11184,4.5204e-07,0.016587,0,69.248,0.16227,0.63462,483.0328,1455.7238
12.9777,9997.9545,2.2398,240.1179,4.6106,-0.15205,0.10424,2.1261,89.9906,0.098487,4.3365,2.7539,-6.522,-27.4461,0.0019768,-1.4992,0.11184,4.5204e-07,0.016587,0,69.248,0.1623,0.62684,483.0328,1455.7238
12.9833,9997.9732,2.2339,240.1179,4.6093,-0.15125,0.12195,1.4146,89.9914,0.15201,4.3359,2.7683,-6.6344,-27.5355,0.0020767,-1.4661,0.09295,4.5216e-07,0.016598,0,69.3827,0.16211,0.61888,483.0327,1455.7227
12.9916,9997.9918,2.228,240.118,4.6081,-0.15039,0.13374,0.71812,89.9927,0.19651,4.3354,2.7522,-7.5145,-27.6269,0.0021514,-1.4325,0.068253,4.5226e-07,0.016609,0,69.5178,0.162,0.60178,483.0326,1455.7217
12.9999,9998.0103,2.2221,240.1183,4.6068,-0.14947,0.13973,0.036754,89.9943,0.22919,4.3349,2.7224,-8.7518,-27.7162,0.0021914,-1.3992,0.040953,4.5235e-07,0.016619,0,69.6532,0.16197,0.58391,483.0326,1455.7206
13.0083,9998.0288,2.2162,240.1187,4.6056,-0.14847,0.14003,-0.62973,89.9962,0.2488,4.3344,2.6871,-10.1521,-27.8012,0.0021924,-1.3664,0.01305,4.5243e-07,0.01663,0,69.789,0.16201,0.56554,483.0325,1455.7196
13.0166,9998.0472,2.2102,240.1192,4.6044,-0.14741,0.13479,-1.2816,89.9983,0.25507,4.3339,2.6511,-11.5939,-27.8804,0.0021564,-1.3345,-0.013687,4.525e-07,0.016641,0,69.9251,0.1621,0.54682,483.0324,1455.7185
13.0249,9998.0656,2.2043,240.1199,4.6031,-0.14632,0.12411,-1.9193,90.0004,0.24855,4.3334,2.6187,-12.97,-27.9527,0.0020845,-1.3037,-0.038054,4.5256e-07,0.016652,0,69.5976,0.16223,0.52781,483.0324,1455.7175
13.0333,9998.084,2.1984,240.1206,4.6019,-0.14522,0.10811,-2.5433,90.0025,0.23036,4.3329,2.5614,-14.207,-28.0175,0.0019724,-1.2742,-0.059334,4.526e-07,0.016662,0,69.27,0.16237,0.52297,483.0323,1455.7165
13.0416,9998.1023,2.1924,240.1206,4.6007,-0.14415,0.086917,-3.1539,90.0044,0.202,4.3325,2.4095,-15.2615,-28.074,0.0018545,-1.2459,-0.077168,4.5264e-07,0.016673,0,68.9449,0.16245,0.56639,483.0323,1455.7154
13.0489,9998.1023,2.1924,240.1206,4.6007,-0.14415,0.086917,-3.1539,90.0044,0.202,4.3325,2.4095,-15.2615,-28.074,0.0018545,-1.2459,-0.077168,4.5264e-07,0.016673,0,68.9449,0.16253,0.58336,483.0323,1455.7154
13.0489,9998.1023,2.1924,240.1206,4.6007,-0.14415,0.086917,-3.1539,90.0044,0.202,4.3325,2.4095,-15.2615,-28.074,0.0018545,-1.2459,-0.077168,4.5264e-07,0.016673,0,68.9449,0.16253,0.58336,483.0323,1455.7154
13.0499,9998.1205,2.1863,240.1201,4.5995,-0.14314,0.060635,-3.7517,90.0061,0.16511,4.332,2.2686,-16.1113,-28.1239,0.0017619,-1.1943,-0.091482,4.5266e-07,0.016684,0,68.6224,0.16247,0.61419,483.0322,1455.7144
13.051,9998.1205,2.1863,240.1201,4.5995,-0.14314,0.060635,-3.7517,90.0061,0.16511,4.332,2.2686,-16.1113,-28.1239,0.0017619,-1.1943,-0.091482,4.5266e-07,0.016684,0,68.6224,0.16248,0.61269,483.0322,1455.7144
13.0531,9998.1205,2.1863,240.1201,4.5995,-0.14314,0.060635,-3.7517,90.0061,0.16511,4.332,2.2686,-16.1113,-28.1239,0.0017619,-1.1943,-0.091482,4.5266e-07,0.016684,0,68.6224,0.1625,0.61012,483.0322,1455.7144
13.0574,9998.1205,2.1863,240.1201,4.5995,-0.14314,0.060635,-3.7517,90.0061,0.16511,4.332,2.2686,-16.1113,-28.1239,0.0017619,-1.1943,-0.091482,4.5266e-07,0.016684,0,68.6224,0.16255,0.60634,483.0322,1455.7144
13.0583,9998.1387,2.1801,240.1193,4.5984,-0.14218,0.029371,-4.3255,90.0075,0.12137,4.3316,2.1381,-16.529,-28.2309,0.0017527,-0.12394,-0.10241,4.5268e-07,0.016694,0,68.7556,0.1624,0.6635,483.0321,1455.7134
13.0627,9998.1387,2.1801,240.1193,4.5984,-0.14218,0.029371,-4.3255,90.0075,0.12137,4.3316,2.1381,-16.529,-28.2309,0.0017527,-0.12394,-0.10241,4.5268e-07,0.016694,0,68.7556,0.16245,0.64054,483.0321,1455.7134
13.0666,9998.1569,2.1739,240.1189,4.5972,-0.14128,-0.0066751,-4.3886,90.0085,0.072408,4.3312,2.1407,-7.494,-30.8992,0.0018182,1.4979,-0.11022,4.527e-07,0.016705,0,68.8893,0.1623,0.65647,483.0321,1455.7124
13.0749,9998.1749,2.1678,240.1186,4.596,-0.1404,-0.043247,-3.6776,90.0091,0.019706,4.3307,2.1506,6.7334,-34.9672,0.0019334,1.5641,-0.11527,4.5271e-07,0.016716,0,69.0232,0.16217,0.64383,483.032,1455.7113
13.0757,9998.1749,2.1678,240.1186,4.596,-0.1404,-0.043247,-3.6776,90.0091,0.019706,4.3307,2.1506,6.7334,-34.9672,0.0019334,1.5641,-0.11527,4.5271e-07,0.016716,0,69.0232,0.16218,0.64063,483.032,1455.7113
13.0757,9998.1749,2.1678,240.1186,4.596,-0.1404,-0.043247,-3.6776,90.0091,0.019706,4.3307,2.1506,6.7334,-34.9672,0.0019334,1.5641,-0.11527,4.5271e-07,0.016716,0,69.0232,0.16218,0.64063,483.032,1455.7113
13.0833,9998.193,2.1616,240.1185,4.5949,-0.13954,-0.073894,-2.9352,90.0092,-0.035429,4.3303,2.1675,7.0169,-35.1482,0.0020432,1.5339,-0.11783,4.5273e-07,0.016726,0,69.1576,0.16203,0.62854,483.0319,1455.7103
13.0883,9998.193,2.1616,240.1185,4.5949,-0.13954,-0.073894,-2.9352,90.0092,-0.035429,4.3303,2.1675,7.0169,-35.1482,0.0020432,1.5339,-0.11783,4.5273e-07,0.016726,0,69.1576,0.16208,0.617,483.0319,1455.7103
13.0883,9998.193,2.1616,240.1185,4.5949,-0.13954,-0.073894,-2.9352,90.0092,-0.035429,4.3303,2.1675,7.0169,-35.1482,0.0020432,1.5339,-0.11783,4.5273e-07,0.016726,0,69.1576,0.16208,0.617,483.0319,1455.7103
13.0916,9998.211,2.1555,240.1185,4.5937,-0.13868,-0.098354,-2.2074,90.009,-0.091808,4.3299,2.1912,6.5802,-35.0858,0.0021429,1.5028,-0.11281,4.5275e-07,0.016737,0,69.2923,0.16188,0.61189,483.0319,1455.7093
13.0949,9998.211,2.1555,240.1185,4.5937,-0.13868,-0.098354,-2.2074,90.009,-0.091808,4.3299,2.1912,6.5802,-35.0858,0.0021429,1.5028,-0.11281,4.5275e-07,0.016737,0,69.2923,0.16192,0.60829,483.0319,1455.7093
13.0999,9998.2289,2.1494,240.1186,4.5926,-0.13779,-0.11675,-1.4942,90.0082,-0.1458,4.3295,2.2346,6.609,-35.0189,0.0022208,1.4698,-0.095116,4.5278e-07,0.016748,0,69.4274,0.16176,0.59448,483.0318,1455.7083
13.1083,9998.2468,2.1432,240.1189,4.5914,-0.13687,-0.1292,-0.79602,90.007,-0.19133,4.3291,2.3106,7.4138,-34.9447,0.0022715,1.4363,-0.070987,4.5282e-07,0.016758,0,69.5629,0.16168,0.57654,483.0317,1455.7073
13.1166,9998.2646,2.1371,240.1194,4.5903,-0.13588,-0.13583,-0.11296,90.0054,-0.22532,4.3288,2.4035,8.6154,-34.8659,0.002292,1.4029,-0.043983,4.5286e-07,0.016769,0,69.6987,0.16166,0.55819,483.0317,1455.7063
13.1249,9998.2824,2.131,240.1199,4.5892,-0.13484,-0.13677,0.5552,90.0035,-0.24639,4.3284,2.5045,9.9978,-34.7839,0.0022794,1.3701,-0.016146,4.5292e-07,0.01678,0,69.8348,0.16169,0.5395,483.0316,1455.7053
13.1333,9998.3001,2.1249,240.1207,4.5881,-0.13375,-0.13215,1.2087,90.0014,-0.25413,4.328,2.6085,11.4371,-34.6991,0.0022129,1.3381,0.010715,4.5299e-07,0.01679,0,69.5072,0.16178,0.52052,483.0315,1455.7043
13.1416,9998.3178,2.1186,240.1209,4.587,-0.13264,-0.12208,1.848,89.9993,-0.24903,4.3277,2.6065,12.8233,-34.6108,0.0021102,1.3072,0.035331,4.5307e-07,0.016801,0,69.1814,0.16187,0.54896,483.0315,1455.7033
13.1499,9998.3355,2.1124,240.1206,4.5859,-0.13153,-0.10668,2.4735,89.9973,-0.23214,4.3274,2.5713,14.0791,-34.5204,0.0019927,1.2775,0.056935,4.5316e-07,0.016812,0,68.8582,0.16194,0.59504,483.0314,1455.7023
13.1583,9998.353,2.106,240.1199,4.5848,-0.13046,-0.086063,3.0856,89.9953,-0.20492,4.3271,2.5313,15.158,-34.4293,0.0019186,1.2491,0.075133,4.5326e-07,0.016822,0,68.5376,0.16196,0.64351,483.0314,1455.7013
13.164,9998.353,2.106,240.1199,4.5848,-0.13046,-0.086063,3.0856,89.9953,-0.20492,4.3271,2.5313,15.158,-34.4293,0.0019186,1.2491,0.075133,4.5326e-07,0.016822,0,68.5376,0.16202,0.62308,483.0314,1455.7013
13.164,9998.353,2.106,240.1199,4.5848,-0.13046,-0.086063,3.0856,89.9953,-0.20492,4.3271,2.5313,15.158,-34.4293,0.0019186,1.2491,0.075133,4.5326e-07,0.016822,0,68.5376,0.16202,0.62308,483.0314,1455.7013
13.1666,9998.3706,2.0997,240.1197,4.5837,-0.12941,-0.060349,3.6849,89.9936,-0.169,4.3268,2.6097,16.0356,-34.341,0.0018874,1.2219,0.08982,4.5337e-07,0.016833,0,68.6716,0.16196,0.63529,483.0313,1455.7003
13.1692,9998.3706,2.0997,240.1197,4.5837,-0.12941,-0.060349,3.6849,89.9936,-0.169,4.3268,2.6097,16.0356,-34.341,0.0018874,1.2219,0.08982,4.5337e-07,0.016833,0,68.6716,0.16199,0.6265,483.0313,1455.7003
13.1744,9998.3706,2.0997,240.1197,4.5837,-0.12941,-0.060349,3.6849,89.9936,-0.169,4.3268,2.6097,16.0356,-34.341,0.0018874,1.2219,0.08982,4.5337e-07,0.016833,0,68.6716,0.16204,0.61443,483.0313,1455.7003
13.1749,9998.388,2.0934,240.1196,4.5826,-0.1284,-0.029642,4.2718,89.9922,-0.12605,4.3265,2.6785,16.7056,-34.2555,0.001909,0.31229,0.10111,4.5349e-07,0.016844,0,68.8059,0.16194,0.62182,483.0312,1455.6993
13.1778,9998.388,2.0934,240.1196,4.5826,-0.1284,-0.029642,4.2718,89.9922,-0.12605,4.3265,2.6785,16.7056,-34.2555,0.001909,0.31229,0.10111,4.5349e-07,0.016844,0,68.8059,0.16197,0.61561,483.0312,1455.6993
13.1825,9998.388,2.0934,240.1196,4.5826,-0.1284,-0.029642,4.2718,89.9922,-0.12605,4.3265,2.6785,16.7056,-34.2555,0.001909,0.31229,0.10111,4.5349e-07,0.016844,0,68.8059,0.16201,0.60839,483.0312,1455.6993
13.1825,9998.388,2.0934,240.1196,4.5826,-0.1284,-0.029642,4.2718,89.9922,-0.12605,4.3265,2.6785,16.7056,-34.2555,0.001909,0.31229,0.10111,4.5349e-07,0.016844,0,68.8059,0.16201,0.60839,483.0312,1455.6993
13.1833,9998.4054,2.0871,240.1196,4.5816,-0.12742,0.0059558,4.4247,89.9911,-0.077703,4.3262,2.7374,9.1531,-31.9742,0.0019733,-1.3078,0.10924,4.5361e-07,0.016854,0,68.9406,0.16188,0.60628,483.0312,1455.6983
13.184,9998.4054,2.0871,240.1196,4.5816,-0.12742,0.0059558,4.4247,89.9911,-0.077703,4.3262,2.7374,9.1531,-31.9742,0.0019733,-1.3078,0.10924,4.5361e-07,0.016854,0,68.9406,0.16189,0.60556,483.0312,1455.6983
13.1856,9998.4054,2.0871,240.1196,4.5816,-0.12742,0.0059558,4.4247,89.9911,-0.077703,4.3262,2.7374,9.1531,-31.9742,0.0019733,-1.3078,0.10924,4.5361e-07,0.016854,0,68.9406,0.16191,0.60426,483.0312,1455.6983
13.1886,9998.4054,2.0871,240.1196,4.5816,-0.12742,0.0059558,4.4247,89.9911,-0.077703,4.3262,2.7374,9.1531,-31.9742,0.0019733,-1.3078,0.10924,4.5361e-07,0.016854,0,68.9406,0.16194,0.60218,483.0312,1455.6983
13.1916,9998.4228,2.0808,240.1197,4.5805,-0.12646,0.042828,3.8045,89.9905,-0.025466,4.3259,2.7879,-5.0478,-27.9361,0.0020672,-1.5692,0.1146,4.5373e-07,0.016865,0,69.0756,0.1618,0.58957,483.0311,1455.6974
13.1919,9998.4228,2.0808,240.1197,4.5805,-0.12646,0.042828,3.8045,89.9905,-0.025466,4.3259,2.7879,-5.0478,-27.9361,0.0020672,-1.5692,0.1146,4.5373e-07,0.016865,0,69.0756,0.1618,0.58975,483.0311,1455.6974
13.1919,9998.4228,2.0808,240.1197,4.5805,-0.12646,0.042828,3.8045,89.9905,-0.025466,4.3259,2.7879,-5.0478,-27.9361,0.0020672,-1.5692,0.1146,4.5373e-07,0.016865,0,69.0756,0.1618,0.58975,483.0311,1455.6974
13.1999,9998.4401,2.0745,240.12,4.5795,-0.12553,0.074532,3.0596,89.9903,0.029351,4.3256,2.8316,-7.0906,-27.2979,0.0021539,-1.539,0.11756,4.5385e-07,0.016876,0,69.211,0.1617,0.57218,483.031,1455.6964
13.2044,9998.4401,2.0745,240.12,4.5795,-0.12553,0.074532,3.0596,89.9903,0.029351,4.3256,2.8316,-7.0906,-27.2979,0.0021539,-1.539,0.11756,4.5385e-07,0.016876,0,69.211,0.16174,0.58061,483.031,1455.6964
13.2044,9998.4401,2.0745,240.12,4.5795,-0.12553,0.074532,3.0596,89.9903,0.029351,4.3256,2.8316,-7.0906,-27.2979,0.0021539,-1.539,0.11756,4.5385e-07,0.016876,0,69.211,0.16174,0.58061,483.031,1455.6964
13.2083,9998.4574,2.0683,240.1205,4.5784,-0.12462,0.10003,2.3293,89.9905,0.085602,4.3253,2.8701,-6.6352,-27.3863,0.0022294,-1.508,0.1138,4.5397e-07,0.016886,0,69.3467,0.16158,0.55431,483.031,1455.6954
13.2122,9998.4574,2.0683,240.1205,4.5784,-0.12462,0.10003,2.3293,89.9905,0.085602,4.3253,2.8701,-6.6352,-27.3863,0.0022294,-1.508,0.1138,4.5397e-07,0.016886,0,69.3467,0.16162,0.5676,483.031,1455.6954
13.2166,9998.4746,2.062,240.1211,4.5774,-0.12369,0.11944,1.6136,89.9912,0.14007,4.3251,2.8924,-6.5909,-27.4744,0.0022883,-1.4753,0.097797,4.5408e-07,0.016897,0,69.4828,0.16147,0.53601,483.0309,1455.6944
13.2249,9998.4918,2.0558,240.1218,4.5764,-0.12274,0.13289,0.91291,89.9924,0.18688,4.3248,2.8849,-7.2948,-27.5644,0.0022967,-1.4418,0.074452,4.5417e-07,0.016908,0,69.1554,0.1614,0.51734,483.0309,1455.6935
13.2333,9998.5089,2.0494,240.1218,4.5754,-0.12176,0.14049,0.22733,89.994,0.22253,4.3246,2.7263,-8.4491,-27.6516,0.0022744,-1.4084,0.047809,4.5426e-07,0.016918,0,68.8304,0.16133,0.5595,483.0308,1455.6925
13.2416,9998.5259,2.043,240.1214,4.5744,-0.12073,0.14239,-0.44329,89.9958,0.24543,4.3244,2.5627,-9.8084,-27.7349,0.0022241,-1.3754,0.020054,4.5434e-07,0.016929,0,68.5081,0.16128,0.60674,483.0307,1455.6915
13.2499,9998.5429,2.0364,240.1206,4.5734,-0.11968,0.13869,-1.0992,89.9979,0.25504,4.3242,2.3994,-11.2402,-27.8132,0.0021926,-1.3433,-0.0069664,4.5441e-07,0.01694,0,68.6413,0.16125,0.65549,483.0307,1455.6906
13.2583,9998.5599,2.03,240.1203,4.5724,-0.11859,0.12953,-1.7409,90,0.25173,4.324,2.3641,-12.6323,-27.8881,0.0021606,-1.3122,-0.031906,4.5446e-07,0.016951,0,68.7749,0.16127,0.64772,483.0306,1455.6896
13.2666,9998.5767,2.0235,240.12,4.5714,-0.11746,0.11503,-2.3686,90.0021,0.23648,4.3238,2.3345,-13.903,-27.9577,0.0021306,-1.2823,-0.053934,4.545e-07,0.016961,0,68.9088,0.16133,0.63434,483.0306,1455.6887
13.2749,9998.5936,2.0171,240.1199,4.5705,-0.11632,0.095287,-2.9829,90.0041,0.21069,4.3236,2.3124,-15.0018,-28.0216,0.0020912,-1.2537,-0.072608,4.5453e-07,0.016972,0,69.0431,0.1614,0.61838,483.0305,1455.6877
13.2787,9998.5936,2.0171,240.1199,4.5705,-0.11632,0.095287,-2.9829,90.0041,0.21069,4.3236,2.3124,-15.0018,-28.0216,0.0020912,-1.2537,-0.072608,4.5453e-07,0.016972,0,69.0431,0.16143,0.61079,483.0305,1455.6877
13.2787,9998.5936,2.0171,240.1199,4.5705,-0.11632,0.095287,-2.9829,90.0041,0.21069,4.3236,2.3124,-15.0018,-28.0216,0.0020912,-1.2537,-0.072608,4.5453e-07,0.016972,0,69.0431,0.16143,0.61079,483.0305,1455.6877
13.2833,9998.6104,2.0107,240.12,4.5695,-0.11519,0.070429,-3.5843,90.0058,0.17597,4.3235,2.2989,-15.9016,-28.079,0.0020574,-1.2264,-0.087781,4.5455e-07,0.016983,0,69.1777,0.16147,0.60118,483.0304,1455.6868
13.2879,9998.6104,2.0107,240.12,4.5695,-0.11519,0.070429,-3.5843,90.0058,0.17597,4.3235,2.2989,-15.9016,-28.079,0.0020574,-1.2264,-0.087781,4.5455e-07,0.016983,0,69.1777,0.16151,0.59844,483.0304,1455.6868
13.2894,9998.6104,2.0107,240.12,4.5695,-0.11519,0.070429,-3.5843,90.0058,0.17597,4.3235,2.2989,-15.9016,-28.079,0.0020574,-1.2264,-0.087781,4.5455e-07,0.016983,0,69.1777,0.16152,0.59778,483.0304,1455.6868
13.2894,9998.6104,2.0107,240.12,4.5695,-0.11519,0.070429,-3.5843,90.0058,0.17597,4.3235,2.2989,-15.9016,-28.079,0.0020574,-1.2264,-0.087781,4.5455e-07,0.016983,0,69.1777,0.16152,0.59778,483.0304,1455.6868
13.2916,9998.6271,2.0043,240.1202,4.5685,-0.11408,0.04056,-4.1732,90.0073,0.13399,4.3233,2.2939,-16.5935,-28.1307,0.0020463,-0.56578,-0.099542,4.5457e-07,0.016993,0,69.3127,0.16151,0.58344,483.0304,1455.6858
13.2938,9998.6271,2.0043,240.1202,4.5685,-0.11408,0.04056,-4.1732,90.0073,0.13399,4.3233,2.2939,-16.5935,-28.1307,0.0020463,-0.56578,-0.099542,4.5457e-07,0.016993,0,69.3127,0.16153,0.58545,483.0304,1455.6858
13.2975,9998.6271,2.0043,240.1202,4.5685,-0.11408,0.04056,-4.1732,90.0073,0.13399,4.3233,2.2939,-16.5935,-28.1307,0.0020463,-0.56578,-0.099542,4.5457e-07,0.016993,0,69.3127,0.16156,0.58787,483.0304,1455.6858
13.2975,9998.6271,2.0043,240.1202,4.5685,-0.11408,0.04056,-4.1732,90.0073,0.13399,4.3233,2.2939,-16.5935,-28.1307,0.0020463,-0.56578,-0.099542,4.5457e-07,0.016993,0,69.3127,0.16156,0.58787,483.0304,1455.6858
13.2999,9998.6438,1.9979,240.1205,4.5676,-0.11302,0.0057835,-4.4472,90.0084,0.086385,4.3231,2.296,-11.3272,-29.7714,0.0020695,1.0527,-0.10809,4.5458e-07,0.017004,0,69.4481,0.16152,0.56587,483.0303,1455.6849
13.3024,9998.6438,1.9979,240.1205,4.5676,-0.11302,0.0057835,-4.4472,90.0084,0.086385,4.3231,2.296,-11.3272,-29.7714,0.0020695,1.0527,-0.10809,4.5458e-07,0.017004,0,69.4481,0.16154,0.57187,483.0303,1455.6849
13.3074,9998.6438,1.9979,240.1205,4.5676,-0.11302,0.0057835,-4.4472,90.0084,0.086385,4.3231,2.296,-11.3272,-29.7714,0.0020695,1.0527,-0.10809,4.5458e-07,0.017004,0,69.4481,0.16158,0.58016,483.0303,1455.6849
13.3083,9998.6604,1.9915,240.121,4.5667,-0.112,-0.031276,-3.9486,90.0091,0.034689,4.323,2.3059,2.8257,-33.8257,0.0021266,1.575,-0.11385,4.5459e-07,0.017015,0,69.5838,0.16148,0.54805,483.0303,1455.6839
13.3127,9998.6604,1.9915,240.121,4.5667,-0.112,-0.031276,-3.9486,90.0091,0.034689,4.323,2.3059,2.8257,-33.8257,0.0021266,1.575,-0.11385,4.5459e-07,0.017015,0,69.5838,0.16151,0.56386,483.0303,1455.6839
13.3166,9998.677,1.9852,240.1216,4.5658,-0.11103,-0.064181,-3.2009,90.0094,-0.019773,4.3228,2.3229,7.2041,-35.1458,0.0021858,1.5448,-0.11714,4.5459e-07,0.017025,0,69.6107,0.1614,0.52997,483.0302,1455.683
13.3203,9998.677,1.9852,240.1216,4.5658,-0.11103,-0.064181,-3.2009,90.0094,-0.019773,4.3228,2.3229,7.2041,-35.1458,0.0021858,1.5448,-0.11714,4.5459e-07,0.017025,0,69.6107,0.16143,0.54912,483.0302,1455.683
13.3203,9998.677,1.9852,240.1216,4.5658,-0.11103,-0.064181,-3.2009,90.0094,-0.019773,4.3228,2.3229,7.2041,-35.1458,0.0021858,1.5448,-0.11714,4.5459e-07,0.017025,0,69.6107,0.16143,0.54912,483.0302,1455.683
13.3249,9998.6935,1.9788,240.1223,4.5648,-0.11008,-0.090856,-2.4678,90.0092,-0.075828,4.3227,2.3466,6.7215,-35.0826,0.0022123,1.514,-0.115,4.546e-07,0.017036,0,69.2833,0.1613,0.51159,483.0301,1455.6821
13.3296,9998.6935,1.9788,240.1223,4.5648,-0.11008,-0.090856,-2.4678,90.0092,-0.075828,4.3227,2.3466,6.7215,-35.0826,0.0022123,1.514,-0.115,4.546e-07,0.017036,0,69.2833,0.16134,0.54138,483.0301,1455.6821
13.3333,9998.7099,1.9724,240.1224,4.5639,-0.10916,-0.11142,-1.7493,90.0086,-0.13087,4.3226,2.2509,6.574,-35.0143,0.0022242,1.4816,-0.10117,4.5462e-07,0.017047,0,68.9584,0.16115,0.55399,483.0301,1455.6812
13.3416,9998.7263,1.9659,240.122,4.563,-0.10824,-0.126,-1.0458,90.0075,-0.1793,4.3225,2.1876,7.1425,-34.9394,0.0022223,1.4482,-0.07884,4.5465e-07,0.017057,0,68.6362,0.16099,0.60143,483.03,1455.6802
13.3499,9998.7427,1.9593,240.1212,4.5621,-0.10729,-0.13471,-0.35733,90.006,-0.21705,4.3224,2.1486,8.2329,-34.8595,0.002249,1.4147,-0.052664,4.5468e-07,0.017068,0,68.7693,0.16083,0.65034,483.03,1455.6793
13.3583,9998.759,1.9528,240.1209,4.5613,-0.10629,-0.13769,0.31611,90.0042,-0.24227,4.3223,2.2455,9.563,-34.7793,0.0022748,1.3816,-0.025021,4.5473e-07,0.017079,0,68.9029,0.16075,0.6427,483.0299,1455.6784
13.3666,9998.7752,1.9462,240.1206,4.5604,-0.10522,-0.13506,0.97482,90.0022,-0.25426,4.3222,2.3467,10.9886,-34.6979,0.0022905,1.3493,0.0022039,4.5479e-07,0.017089,0,69.0368,0.16073,0.6294,483.0299,1455.6775
13.3749,9998.7914,1.9397,240.1206,4.5595,-0.10409,-0.12693,1.6191,90.0001,-0.25323,4.3222,2.4474,12.3949,-34.6155,0.0022747,1.318,0.02756,4.5486e-07,0.0171,0,69.171,0.16078,0.61348,483.0298,1455.6766
13.3833,9998.8076,1.9332,240.1206,4.5587,-0.10292,-0.11344,2.2495,89.998,-0.24005,4.3221,2.5441,13.694,-34.5313,0.0022337,1.2879,0.050133,4.5494e-07,0.017111,0,69.3057,0.16087,0.59631,483.0297,1455.6756
13.3916,9998.8237,1.9268,240.1208,4.5578,-0.10173,-0.094694,2.8663,89.996,-0.21608,4.322,2.6343,14.8299,-34.4459,0.0021753,1.2591,0.069414,4.5503e-07,0.017121,0,69.4407,0.16097,0.57847,483.0297,1455.6747
13.3929,9998.8237,1.9268,240.1208,4.5578,-0.10173,-0.094694,2.8663,89.996,-0.21608,4.322,2.6343,14.8299,-34.4459,0.0021753,1.2591,0.069414,4.5503e-07,0.017121,0,69.4407,0.16098,0.58001,483.0297,1455.6747
13.3929,9998.8237,1.9268,240.1208,4.5578,-0.10173,-0.094694,2.8663,89.996,-0.21608,4.322,2.6343,14.8299,-34.4459,0.0021753,1.2591,0.069414,4.5503e-07,0.017121,0,69.4407,0.16098,0.58001,483.0297,1455.6747
13.3999,9998.8397,1.9203,240.1212,4.557,-0.10057,-0.070808,3.4702,89.9942,-0.18288,4.322,2.7166,15.7717,-34.3599,0.0021151,1.2315,0.085209,4.5513e-07,0.017132,0,69.576,0.16107,0.56024,483.0296,1455.6738
13.4037,9998.8397,1.9203,240.1212,4.557,-0.10057,-0.070808,3.4702,89.9942,-0.18288,4.322,2.7166,15.7717,-34.3599,0.0021151,1.2315,0.085209,4.5513e-07,0.017132,0,69.576,0.1611,0.5696,483.0296,1455.6738
13.4037,9998.8397,1.9203,240.1212,4.557,-0.10057,-0.070808,3.4702,89.9942,-0.18288,4.322,2.7166,15.7717,-34.3599,0.0021151,1.2315,0.085209,4.5513e-07,0.017132,0,69.576,0.1611,0.5696,483.0296,1455.6738
13.4083,9998.8557,1.9139,240.1217,4.5562,-0.099433,-0.04189,4.0614,89.9927,-0.14212,4.322,2.7903,16.5075,-34.274,0.0020799,0.87355,0.097569,4.5523e-07,0.017143,0,69.7117,0.16113,0.5417,483.0296,1455.6729
13.4123,9998.8557,1.9139,240.1217,4.5562,-0.099433,-0.04189,4.0614,89.9927,-0.14212,4.322,2.7903,16.5075,-34.274,0.0020799,0.87355,0.097569,4.5523e-07,0.017143,0,69.7117,0.16116,0.55752,483.0296,1455.6729
13.4123,9998.8557,1.9139,240.1217,4.5562,-0.099433,-0.04189,4.0614,89.9927,-0.14212,4.322,2.7903,16.5075,-34.274,0.0020799,0.87355,0.097569,4.5523e-07,0.017143,0,69.7117,0.16116,0.55752,483.0296,1455.6729
13.4166,9998.8716,1.9075,240.1223,4.5553,-0.09835,-0.0080454,4.4822,89.9915,-0.095451,4.3219,2.8537,14.0293,-33.3645,0.002069,-0.74317,0.10669,4.5535e-07,0.017153,0,69.3852,0.16116,0.52357,483.0295,1455.672
13.421,9998.8716,1.9075,240.1223,4.5553,-0.09835,-0.0080454,4.4822,89.9915,-0.095451,4.3219,2.8537,14.0293,-33.3645,0.002069,-0.74317,0.10669,4.5535e-07,0.017153,0,69.3852,0.16119,0.5468,483.0295,1455.672
13.4249,9998.8875,1.9011,240.1228,4.5545,-0.097326,0.029306,4.1314,89.9907,-0.044417,4.3219,2.8662,-0.077545,-29.3263,0.0020812,-1.5824,0.11292,4.5546e-07,0.017164,0,69.0589,0.16111,0.52465,483.0295,1455.6711
13.4333,9998.9033,1.8946,240.1227,4.5537,-0.096366,0.063735,3.3802,89.9903,0.0096073,4.3219,2.7813,-7.3111,-27.2408,0.0021005,-1.5521,0.11664,4.5558e-07,0.017175,0,68.7351,0.16099,0.56879,483.0294,1455.6702
13.4361,9998.9033,1.8946,240.1227,4.5537,-0.096366,0.063735,3.3802,89.9903,0.0096073,4.3219,2.7813,-7.3111,-27.2408,0.0021005,-1.5521,0.11664,4.5558e-07,0.017175,0,68.7351,0.16101,0.57372,483.0294,1455.6702
13.4361,9998.9033,1.8946,240.1227,4.5537,-0.096366,0.063735,3.3802,89.9903,0.0096073,4.3219,2.7813,-7.3111,-27.2408,0.0021005,-1.5521,0.11664,4.5558e-07,0.017175,0,68.7351,0.16101,0.57372,483.0294,1455.6702
13.4416,9998.919,1.888,240.1222,4.5529,-0.095457,0.091903,2.6435,89.9904,0.065426,4.3219,2.6928,-6.8084,-27.3275,0.0021265,-1.5216,0.11648,4.5569e-07,0.017185,0,68.414,0.1608,0.61688,483.0293,1455.6694
13.4471,9998.919,1.888,240.1222,4.5529,-0.095457,0.091903,2.6435,89.9904,0.065426,4.3219,2.6928,-6.8084,-27.3275,0.0021265,-1.5216,0.11648,4.5569e-07,0.017185,0,68.414,0.16084,0.60499,483.0293,1455.6694
13.4495,9998.919,1.888,240.1222,4.5529,-0.095457,0.091903,2.6435,89.9904,0.065426,4.3219,2.6928,-6.8084,-27.3275,0.0021265,-1.5216,0.11648,4.5569e-07,0.017185,0,68.414,0.16086,0.60158,483.0293,1455.6694
13.4495,9998.919,1.888,240.1222,4.5529,-0.095457,0.091903,2.6435,89.9904,0.065426,4.3219,2.6928,-6.8084,-27.3275,0.0021265,-1.5216,0.11648,4.5569e-07,0.017185,0,68.414,0.16086,0.60158,483.0293,1455.6694
13.4499,9998.9347,1.8814,240.1213,4.5521,-0.094577,0.11393,1.9215,89.9909,0.12118,4.3219,2.5976,-6.5449,-27.4133,0.0021943,-1.4895,0.10531,4.5579e-07,0.017196,0,68.5467,0.16057,0.66591,483.0293,1455.6685
13.4504,9998.9347,1.8814,240.1213,4.5521,-0.094577,0.11393,1.9215,89.9909,0.12118,4.3219,2.5976,-6.5449,-27.4133,0.0021943,-1.4895,0.10531,4.5579e-07,0.017196,0,68.5467,0.16057,0.66226,483.0293,1455.6685
13.4514,9998.9347,1.8814,240.1213,4.5521,-0.094577,0.11393,1.9215,89.9909,0.12118,4.3219,2.5976,-6.5449,-27.4133,0.0021943,-1.4895,0.10531,4.5579e-07,0.017196,0,68.5467,0.16058,0.65547,483.0293,1455.6685
13.4534,9998.9347,1.8814,240.1213,4.5521,-0.094577,0.11393,1.9215,89.9909,0.12118,4.3219,2.5976,-6.5449,-27.4133,0.0021943,-1.4895,0.10531,4.5579e-07,0.017196,0,68.5467,0.16059,0.64372,483.0293,1455.6685
13.4572,9998.9347,1.8814,240.1213,4.5521,-0.094577,0.11393,1.9215,89.9909,0.12118,4.3219,2.5976,-6.5449,-27.4133,0.0021943,-1.4895,0.10531,4.5579e-07,0.017196,0,68.5467,0.16062,0.62606,483.0293,1455.6685
13.4583,9998.9504,1.8748,240.1208,4.5514,-0.093677,0.12994,1.2143,89.9919,0.17159,4.3219,2.5995,-6.9536,-27.5037,0.0022732,-1.4561,0.084197,4.5589e-07,0.017207,0,68.6797,0.16037,0.65883,483.0292,1455.6676
13.4634,9998.9504,1.8748,240.1208,4.5514,-0.093677,0.12994,1.2143,89.9919,0.17159,4.3219,2.5995,-6.9536,-27.5037,0.0022732,-1.4561,0.084197,4.5589e-07,0.017207,0,68.6797,0.1604,0.63075,483.0292,1455.6676
13.4666,9998.966,1.8682,240.1204,4.5506,-0.092721,0.14006,0.52225,89.9934,0.2119,4.322,2.5772,-7.9703,-27.5964,0.0023494,-1.4226,0.058571,4.5597e-07,0.017217,0,68.8131,0.16023,0.64602,483.0292,1455.6667
13.4749,9998.9815,1.8617,240.1202,4.5498,-0.091685,0.14442,-0.15476,89.9951,0.23995,4.322,2.5443,-9.2662,-27.6877,0.0023933,-1.3894,0.031038,4.5605e-07,0.017228,0,68.9469,0.16017,0.63055,483.0291,1455.6658
13.4833,9998.997,1.8551,240.1201,4.5491,-0.090574,0.14313,-0.81695,89.9971,0.25482,4.3221,2.5075,-10.6828,-27.7742,0.0023994,-1.3569,0.0035499,4.5611e-07,0.017239,0,69.0811,0.16019,0.61375,483.0291,1455.665
13.4916,9999.0124,1.8486,240.1201,4.5483,-0.089403,0.13632,-1.4647,89.9993,0.25654,4.3221,2.4717,-12.1015,-27.8545,0.0023654,-1.3253,-0.022321,4.5616e-07,0.01725,0,69.2156,0.16027,0.59626,483.029,1455.6641
13.4999,9999.0278,1.8421,240.1203,4.5476,-0.088196,0.12411,-2.0983,90.0014,0.24587,4.3222,2.4406,-13.4271,-27.9276,0.0023001,-1.295,-0.045563,4.562e-07,0.01726,0,69.3505,0.16039,0.57833,483.029,1455.6632
13.5083,9999.0431,1.8356,240.1206,4.5469,-0.086982,0.10663,-2.7183,90.0034,0.22408,4.3223,2.4167,-14.5979,-27.9933,0.0022168,-1.2658,-0.065589,4.5622e-07,0.017271,0,69.4857,0.16053,0.56011,483.0289,1455.6623
13.5166,9999.0584,1.8292,240.1211,4.5462,-0.085789,0.083974,-3.3252,90.0053,0.1927,4.3223,2.4011,-15.5783,-28.052,0.0021328,-1.238,-0.082146,4.5624e-07,0.017282,0,69.6213,0.16065,0.54163,483.0288,1455.6615
13.5177,9999.0584,1.8292,240.1211,4.5462,-0.085789,0.083974,-3.3252,90.0053,0.1927,4.3223,2.4011,-15.5783,-28.052,0.0021328,-1.238,-0.082146,4.5624e-07,0.017282,0,69.6213,0.16065,0.54625,483.0288,1455.6615
13.5177,9999.0584,1.8292,240.1211,4.5462,-0.085789,0.083974,-3.3252,90.0053,0.1927,4.3223,2.4011,-15.5783,-28.052,0.0021328,-1.238,-0.082146,4.5624e-07,0.017282,0,69.6213,0.16065,0.54625,483.0288,1455.6615
13.5249,9999.0736,1.8228,240.1218,4.5455,-0.08464,0.056264,-3.9194,90.0069,0.1534,4.3224,2.3944,-16.3525,-28.1046,0.0020659,-1.0897,-0.095236,4.5625e-07,0.017292,0,69.295,0.16073,0.52292,483.0288,1455.6606
13.5269,9999.0736,1.8228,240.1218,4.5455,-0.08464,0.056264,-3.9194,90.0069,0.1534,4.3224,2.3944,-16.3525,-28.1046,0.0020659,-1.0897,-0.095236,4.5625e-07,0.017292,0,69.295,0.16074,0.53416,483.0288,1455.6606
13.5269,9999.0736,1.8228,240.1218,4.5455,-0.08464,0.056264,-3.9194,90.0069,0.1534,4.3224,2.3944,-16.3525,-28.1046,0.0020659,-1.0897,-0.095236,4.5625e-07,0.017292,0,69.295,0.16074,0.53416,483.0288,1455.6606
13.5333,9999.0888,1.8164,240.1223,4.5448,-0.083547,0.023602,-4.4434,90.0082,0.10784,4.3225,2.362,-15.8173,-28.4578,0.0020118,0.36377,-0.10505,4.5625e-07,0.017303,0,68.9688,0.16076,0.51956,483.0287,1455.6598
13.5397,9999.0888,1.8164,240.1223,4.5448,-0.083547,0.023602,-4.4434,90.0082,0.10784,4.3225,2.362,-15.8173,-28.4578,0.0020118,0.36377,-0.10505,4.5625e-07,0.017303,0,68.9688,0.1608,0.55123,483.0287,1455.6598
13.5416,9999.1039,1.8099,240.1222,4.5441,-0.082529,-0.013426,-4.2737,90.0091,0.057583,4.3226,2.2378,-3.2376,-32.089,0.0020049,1.5881,-0.11188,4.5625e-07,0.017314,0,68.6451,0.16069,0.56327,483.0287,1455.6589
13.5499,9999.119,1.8033,240.1217,4.5434,-0.081582,-0.04904,-3.5196,90.0096,0.0040538,4.3227,2.1231,7.4444,-35.1621,0.0020258,1.5578,-0.1161,4.5624e-07,0.017324,0,68.324,0.16054,0.61123,483.0286,1455.6581
13.5518,9999.119,1.8033,240.1217,4.5434,-0.081582,-0.04904,-3.5196,90.0096,0.0040538,4.3227,2.1231,7.4444,-35.1621,0.0020258,1.5578,-0.1161,4.5624e-07,0.017324,0,68.324,0.16055,0.607,483.0286,1455.6581
13.5518,9999.119,1.8033,240.1217,4.5434,-0.081582,-0.04904,-3.5196,90.0096,0.0040538,4.3227,2.1231,7.4444,-35.1621,0.0020258,1.5578,-0.1161,4.5624e-07,0.017324,0,68.324,0.16055,0.607,483.0286,1455.6581
13.5583,9999.134,1.7967,240.1208,4.5427,-0.080688,-0.07837,-2.7803,90.0096,-0.051507,4.3229,2.0175,6.9041,-35.0982,0.0020948,1.5274,-0.11748,4.5624e-07,0.017335,0,68.4566,0.16033,0.66032,483.0286,1455.6572
13.5647,9999.134,1.7967,240.1208,4.5427,-0.080688,-0.07837,-2.7803,90.0096,-0.051507,4.3229,2.0175,6.9041,-35.0982,0.0020948,1.5274,-0.11748,4.5624e-07,0.017335,0,68.4566,0.16037,0.62525,483.0286,1455.6572
13.5648,9999.134,1.7967,240.1208,4.5427,-0.080688,-0.07837,-2.7803,90.0096,-0.051507,4.3229,2.0175,6.9041,-35.0982,0.0020948,1.5274,-0.11748,4.5624e-07,0.017335,0,68.4566,0.16037,0.62516,483.0286,1455.6572
13.5648,9999.134,1.7967,240.1208,4.5427,-0.080688,-0.07837,-2.7803,90.0096,-0.051507,4.3229,2.0175,6.9041,-35.0982,0.0020948,1.5274,-0.11748,4.5624e-07,0.017335,0,68.4566,0.16037,0.62516,483.0286,1455.6572
13.5666,9999.1489,1.7902,240.1204,4.5421,-0.079808,-0.10154,-2.0554,90.0092,-0.10774,4.323,2.0436,6.5408,-35.035,0.0021854,1.4958,-0.10915,4.5625e-07,0.017346,0,68.5896,0.16011,0.65337,483.0285,1455.6564
13.5685,9999.1489,1.7902,240.1204,4.5421,-0.079808,-0.10154,-2.0554,90.0092,-0.10774,4.323,2.0436,6.5408,-35.035,0.0021854,1.4958,-0.10915,4.5625e-07,0.017346,0,68.5896,0.16012,0.64213,483.0285,1455.6564
13.5722,9999.1489,1.7902,240.1204,4.5421,-0.079808,-0.10154,-2.0554,90.0092,-0.10774,4.323,2.0436,6.5408,-35.035,0.0021854,1.4958,-0.10915,4.5625e-07,0.017346,0,68.5896,0.16014,0.62499,483.0285,1455.6564
13.5749,9999.1638,1.7836,240.12,4.5414,-0.078905,-0.11867,-1.3454,90.0083,-0.15999,4.3231,2.0944,6.7728,-34.9683,0.002281,1.4626,-0.08937,4.5626e-07,0.017356,0,68.723,0.15992,0.6407,483.0285,1455.6555
13.5833,9999.1786,1.7771,240.1198,4.5408,-0.077944,-0.12988,-0.65046,90.0069,-0.20278,4.3233,2.1746,7.7059,-34.8964,0.0023521,1.429,-0.064342,4.5628e-07,0.017367,0,68.8568,0.15979,0.62536,483.0284,1455.6547
13.5916,9999.1934,1.7706,240.1197,4.5401,-0.076912,-0.1353,0.029401,90.0053,-0.2336,4.3235,2.2687,8.9641,-34.8205,0.0023914,1.3957,-0.036983,4.5631e-07,0.017378,0,68.9909,0.15974,0.60868,483.0284,1455.6539
13.5999,9999.2081,1.7641,240.1198,4.5395,-0.075811,-0.13505,0.69439,90.0033,-0.25131,4.3236,2.3696,10.3702,-34.7414,0.0023904,1.363,-0.0092851,4.5635e-07,0.017388,0,69.1255,0.15976,0.59126,483.0283,1455.653
13.6083,9999.2228,1.7577,240.12,4.5389,-0.074654,-0.12927,1.3448,90.0012,-0.25577,4.3238,2.4721,11.803,-34.6594,0.0023512,1.3313,0.01707,4.5641e-07,0.017399,0,69.2603,0.15984,0.57339,483.0283,1455.6522
13.6166,9999.2374,1.7513,240.1203,4.5383,-0.073465,-0.11806,1.9811,89.9991,-0.24761,4.324,2.5721,13.1605,-34.575,0.0022818,1.3006,0.040955,4.5647e-07,0.01741,0,69.3955,0.15996,0.55519,483.0282,1455.6514
13.6249,9999.252,1.7449,240.1208,4.5377,-0.07227,-0.10155,2.6037,89.997,-0.22802,4.3242,2.6664,14.374,-34.4891,0.0021956,1.2713,0.061709,4.5654e-07,0.01742,0,69.5311,0.16009,0.53673,483.0282,1455.6506
13.6333,9999.2665,1.7385,240.1215,4.5371,-0.071095,-0.079855,3.213,89.9951,-0.1985,4.3244,2.7532,15.4032,-34.4025,0.0020913,1.2432,0.079015,4.5663e-07,0.017431,0,69.2049,0.1602,0.51803,483.0281,1455.6497
13.6416,9999.281,1.7321,240.1218,4.5365,-0.069969,-0.05308,3.8095,89.9935,-0.16069,4.3246,2.7521,16.2287,-34.3151,0.0019934,1.1609,0.092831,4.5672e-07,0.017442,0,68.8798,0.16026,0.5355,483.0281,1455.6489
13.642,9999.281,1.7321,240.1218,4.5365,-0.069969,-0.05308,3.8095,89.9935,-0.16069,4.3246,2.7521,16.2287,-34.3151,0.0019934,1.1609,0.092831,4.5672e-07,0.017442,0,68.8798,0.16026,0.53724,483.0281,1455.6489
13.642,9999.281,1.7321,240.1218,4.5365,-0.069969,-0.05308,3.8095,89.9935,-0.16069,4.3246,2.7521,16.2287,-34.3151,0.0019934,1.1609,0.092831,4.5672e-07,0.017442,0,68.8798,0.16026,0.53724,483.0281,1455.6489
13.6499,9999.2954,1.7257,240.1215,4.5359,-0.068912,-0.021334,4.3674,89.9921,-0.11627,4.3248,2.6897,16.3448,-34.0903,0.0019292,-0.048312,0.10331,4.5682e-07,0.017452,0,68.5574,0.16024,0.58054,483.028,1455.6481
13.6583,9999.3097,1.7191,240.1209,4.5354,-0.06793,0.01506,4.3482,89.9912,-0.066838,4.325,2.6202,6.022,-31.0611,0.0019501,-1.591,0.11075,4.5692e-07,0.017463,0,68.2376,0.16013,0.6289,483.028,1455.6473
13.6666,9999.324,1.7127,240.1205,4.5348,-0.067004,0.051295,3.5928,89.9906,-0.013841,4.3252,2.6423,-7.5201,-27.219,0.0020292,-1.5607,0.11549,4.5702e-07,0.017474,0,68.3709,0.15997,0.63331,483.0279,1455.6465
13.6677,9999.324,1.7127,240.1205,4.5348,-0.067004,0.051295,3.5928,89.9906,-0.013841,4.3252,2.6423,-7.5201,-27.219,0.0020292,-1.5607,0.11549,4.5702e-07,0.017474,0,68.3709,0.15998,0.62806,483.0279,1455.6465
13.6677,9999.324,1.7127,240.1205,4.5348,-0.067004,0.051295,3.5928,89.9906,-0.013841,4.3252,2.6423,-7.5201,-27.219,0.0020292,-1.5607,0.11549,4.5702e-07,0.017474,0,68.3709,0.15998,0.62806,483.0279,1455.6465
13.6749,9999.3383,1.7062,240.1202,4.5343,-0.066106,0.081235,2.852,89.9905,0.041435,4.3255,2.6837,-6.9553,-27.3106,0.0021279,-1.5305,0.11765,4.5712e-07,0.017484,0,68.5046,0.1598,0.62173,483.0278,1455.6457
13.6804,9999.3383,1.7062,240.1202,4.5343,-0.066106,0.081235,2.852,89.9905,0.041435,4.3255,2.6837,-6.9553,-27.3106,0.0021279,-1.5305,0.11765,4.5712e-07,0.017484,0,68.5046,0.15982,0.60582,483.0278,1455.6457
13.6804,9999.3383,1.7062,240.1202,4.5343,-0.066106,0.081235,2.852,89.9905,0.041435,4.3255,2.6837,-6.9553,-27.3106,0.0021279,-1.5305,0.11765,4.5712e-07,0.017484,0,68.5046,0.15982,0.60582,483.0278,1455.6457
13.6833,9999.3525,1.6998,240.1201,4.5337,-0.06521,0.105,2.1257,89.9908,0.097756,4.3257,2.7191,-6.5499,-27.4013,0.002224,-1.4992,0.11146,4.5722e-07,0.017495,0,68.6386,0.15962,0.60693,483.0278,1455.6449
13.6861,9999.3525,1.6998,240.1201,4.5337,-0.06521,0.105,2.1257,89.9908,0.097756,4.3257,2.7191,-6.5499,-27.4013,0.002224,-1.4992,0.11146,4.5722e-07,0.017495,0,68.6386,0.15963,0.60128,483.0278,1455.6449
13.6916,9999.3666,1.6934,240.1202,4.5332,-0.064292,0.12272,1.4141,89.9916,0.15112,4.3259,2.7344,-6.6552,-27.4929,0.0023031,-1.4661,0.092721,4.573e-07,0.017506,0,68.773,0.15947,0.59054,483.0277,1455.6441
13.6999,9999.3807,1.6871,240.1204,4.5327,-0.063327,0.1345,0.71762,89.9929,0.19552,4.3262,2.719,-7.5274,-27.5865,0.0023549,-1.4325,0.068165,4.5738e-07,0.017516,0,68.9078,0.15938,0.57326,483.0277,1455.6433
13.7083,9999.3947,1.6807,240.1207,4.5321,-0.062303,0.14048,0.036211,89.9945,0.22816,4.3265,2.6901,-8.7573,-27.678,0.0023744,-1.3992,0.040995,4.5745e-07,0.017527,0,69.0429,0.15934,0.55542,483.0276,1455.6425
13.7166,9999.4087,1.6744,240.1212,4.5316,-0.061219,0.14078,-0.6303,89.9964,0.2478,4.3267,2.6555,-10.1507,-27.7653,0.0023571,-1.3664,0.013204,4.575e-07,0.017538,0,69.1784,0.15938,0.53719,483.0276,1455.6417
13.7249,9999.4226,1.6681,240.1218,4.5311,-0.060086,0.13553,-1.2822,89.9985,0.25413,4.327,2.6202,-11.5869,-27.8468,0.0022908,-1.3345,-0.013445,4.5754e-07,0.017549,0,68.8797,0.15946,0.51863,483.0275,1455.6409
13.7333,9999.4365,1.6618,240.1222,4.5306,-0.058931,0.12484,-1.9199,90.0006,0.24771,4.3273,2.5203,-12.9587,-27.9207,0.0021803,-1.3038,-0.037746,4.5758e-07,0.017559,0,68.5545,0.15957,0.531,483.0275,1455.6401
13.7416,9999.4503,1.6554,240.1219,4.5302,-0.057786,0.10884,-2.5439,90.0027,0.22965,4.3276,2.3639,-14.1927,-27.9865,0.0020523,-1.2742,-0.058983,4.576e-07,0.01757,0,68.232,0.15965,0.57521,483.0274,1455.6394
13.7499,9999.4641,1.649,240.1213,4.5297,-0.056679,0.087645,-3.1545,90.0046,0.20143,4.3279,2.2179,-15.2455,-28.0453,0.0019468,-1.246,-0.076795,4.5761e-07,0.017581,0,67.9122,0.15968,0.62269,483.0274,1455.6386
13.7573,9999.4641,1.649,240.1213,4.5297,-0.056679,0.087645,-3.1545,90.0046,0.20143,4.3279,2.2179,-15.2455,-28.0453,0.0019468,-1.246,-0.076795,4.5761e-07,0.017581,0,67.9122,0.1597,0.60141,483.0274,1455.6386
13.7573,9999.4641,1.649,240.1213,4.5297,-0.056679,0.087645,-3.1545,90.0046,0.20143,4.3279,2.2179,-15.2455,-28.0453,0.0019468,-1.246,-0.076795,4.5761e-07,0.017581,0,67.9122,0.1597,0.60141,483.0274,1455.6386
13.7583,9999.4778,1.6426,240.1206,4.5292,-0.055618,0.061358,-3.7523,90.0063,0.16467,4.3282,2.1363,-16.0948,-28.0992,0.0018981,-1.194,-0.091105,4.5761e-07,0.017591,0,68.045,0.15967,0.6464,483.0274,1455.6378
13.7593,9999.4778,1.6426,240.1206,4.5292,-0.055618,0.061358,-3.7523,90.0063,0.16467,4.3282,2.1363,-16.0948,-28.0992,0.0018981,-1.194,-0.091105,4.5761e-07,0.017591,0,68.045,0.15967,0.64028,483.0274,1455.6378
13.7613,9999.4778,1.6426,240.1206,4.5292,-0.055618,0.061358,-3.7523,90.0063,0.16467,4.3282,2.1363,-16.0948,-28.0992,0.0018981,-1.194,-0.091105,4.5761e-07,0.017591,0,68.045,0.15968,0.62973,483.0274,1455.6378
13.7653,9999.4778,1.6426,240.1206,4.5292,-0.055618,0.061358,-3.7523,90.0063,0.16467,4.3282,2.1363,-16.0948,-28.0992,0.0018981,-1.194,-0.091105,4.5761e-07,0.017591,0,68.045,0.15969,0.61398,483.0274,1455.6378
13.7666,9999.4915,1.6362,240.1203,4.5288,-0.054599,0.030089,-4.3258,90.0076,0.12107,4.3286,2.132,-16.5097,-28.2132,0.0019059,-0.12362,-0.10205,4.576e-07,0.017602,0,68.1782,0.15962,0.6367,483.0273,1455.637
13.7734,9999.4915,1.6362,240.1203,4.5288,-0.054599,0.030089,-4.3258,90.0076,0.12107,4.3286,2.132,-16.5097,-28.2132,0.0019059,-0.12362,-0.10205,4.576e-07,0.017602,0,68.1782,0.15964,0.60977,483.0273,1455.637
13.7749,9999.5051,1.6299,240.12,4.5283,-0.053618,-0.0059596,-4.3887,90.0087,0.072237,4.3289,2.1348,-7.4758,-30.8858,0.0019705,1.4951,-0.10989,4.5759e-07,0.017613,0,68.3117,0.15955,0.62317,483.0273,1455.6363
13.7833,9999.5186,1.6236,240.1199,4.5279,-0.05267,-0.042532,-3.679,90.0093,0.019642,4.3292,2.145,6.7222,-34.9493,0.0020609,1.5642,-0.11499,4.5758e-07,0.017623,0,68.4456,0.15944,0.60772,483.0272,1455.6355
13.784,9999.5186,1.6236,240.1199,4.5279,-0.05267,-0.042532,-3.679,90.0093,0.019642,4.3292,2.145,6.7222,-34.9493,0.0020609,1.5642,-0.11499,4.5758e-07,0.017623,0,68.4456,0.15945,0.60591,483.0272,1455.6355
13.784,9999.5186,1.6236,240.1199,4.5279,-0.05267,-0.042532,-3.679,90.0093,0.019642,4.3292,2.145,6.7222,-34.9493,0.0020609,1.5642,-0.11499,4.5758e-07,0.017623,0,68.4456,0.15945,0.60591,483.0272,1455.6355
13.7916,9999.5322,1.6173,240.1199,4.5275,-0.051746,-0.073191,-2.9366,90.0094,-0.035402,4.3296,2.1623,7.0295,-35.1393,0.0021437,1.5339,-0.11761,4.5757e-07,0.017634,0,68.5799,0.15932,0.59127,483.0272,1455.6348
13.7966,9999.5322,1.6173,240.1199,4.5275,-0.051746,-0.073191,-2.9366,90.0094,-0.035402,4.3296,2.1623,7.0295,-35.1393,0.0021437,1.5339,-0.11761,4.5757e-07,0.017634,0,68.5799,0.15934,0.58742,483.0272,1455.6348
13.7966,9999.5322,1.6173,240.1199,4.5275,-0.051746,-0.073191,-2.9366,90.0094,-0.035402,4.3296,2.1623,7.0295,-35.1393,0.0021437,1.5339,-0.11761,4.5757e-07,0.017634,0,68.5799,0.15934,0.58742,483.0272,1455.6348
13.7999,9999.5456,1.6111,240.1201,4.5271,-0.050833,-0.097662,-2.2086,90.0091,-0.091709,4.3299,2.1865,6.5904,-35.0788,0.002214,1.5028,-0.11266,4.5757e-07,0.017645,0,68.7145,0.1592,0.57417,483.0271,1455.634
13.8033,9999.5456,1.6111,240.1201,4.5271,-0.050833,-0.097662,-2.2086,90.0091,-0.091709,4.3299,2.1865,6.5904,-35.0788,0.002214,1.5028,-0.11266,4.5757e-07,0.017645,0,68.7145,0.15921,0.57617,483.0271,1455.634
13.8083,9999.559,1.6049,240.1204,4.5266,-0.049915,-0.11607,-1.4953,90.0084,-0.14565,4.3302,2.2303,6.6167,-35.0136,0.0022657,1.4699,-0.09504,4.5757e-07,0.017655,0,68.8495,0.15908,0.5566,483.0271,1455.6332
13.8166,9999.5723,1.5987,240.1208,4.5262,-0.048966,-0.12853,-0.79709,90.0071,-0.19116,4.3306,2.3066,7.4177,-34.9413,0.0022941,1.4364,-0.070979,4.5758e-07,0.017666,0,68.9849,0.15901,0.53864,483.027,1455.6325
13.8249,9999.5856,1.5926,240.1214,4.5258,-0.047973,-0.13517,-0.11396,90.0056,-0.22515,4.3309,2.3999,8.6164,-34.8646,0.0022869,1.403,-0.044031,4.576e-07,0.017677,0,68.9622,0.15898,0.52033,483.027,1455.6317
13.8333,9999.5989,1.5864,240.1219,4.5255,-0.046935,-0.13612,0.55425,90.0037,-0.24624,4.3313,2.4563,9.9966,-34.7843,0.0022292,1.3701,-0.016235,4.5763e-07,0.017687,0,68.6368,0.15899,0.52228,483.0269,1455.631
13.8416,9999.6121,1.5802,240.1217,4.5251,-0.045868,-0.1315,1.2078,90.0016,-0.25402,4.3317,2.4293,11.4344,-34.7,0.002139,1.3381,0.010598,4.5767e-07,0.017698,0,68.314,0.15902,0.5656,483.0269,1455.6302
13.8499,9999.6252,1.5739,240.1212,4.5247,-0.044792,-0.12144,1.8471,89.9995,-0.24896,4.3321,2.4029,12.8199,-34.6134,0.0020332,1.3072,0.035199,4.5773e-07,0.017709,0,67.9939,0.15905,0.61278,483.0268,1455.6295
13.8583,9999.6383,1.5676,240.1202,4.5243,-0.043723,-0.10604,2.4726,89.9974,-0.23212,4.3325,2.3737,14.0758,-34.5259,0.0019602,1.2776,0.056802,4.5779e-07,0.017719,0,68.1261,0.15906,0.66096,483.0268,1455.6288
13.8666,9999.6514,1.5613,240.1197,4.524,-0.042664,-0.085438,3.0848,89.9955,-0.20493,4.3329,2.4602,15.1554,-34.4404,0.0019105,1.2491,0.075009,4.5787e-07,0.01773,0,68.2587,0.15908,0.65366,483.0267,1455.628
13.8724,9999.6514,1.5613,240.1197,4.524,-0.042664,-0.085438,3.0848,89.9955,-0.20493,4.3329,2.4602,15.1554,-34.4404,0.0019105,1.2491,0.075009,4.5787e-07,0.01773,0,68.2587,0.15909,0.62139,483.0267,1455.628
13.8724,9999.6514,1.5613,240.1197,4.524,-0.042664,-0.085438,3.0848,89.9955,-0.20493,4.3329,2.4602,15.1554,-34.4404,0.0019105,1.2491,0.075009,4.5787e-07,0.01773,0,68.2587,0.15909,0.62139,483.0267,1455.628
13.8749,9999.6643,1.5551,240.1193,4.5236,-0.041622,-0.059731,3.684,89.9938,-0.16903,4.3334,2.5381,16.0346,-34.3567,0.0018941,1.222,0.089715,4.5795e-07,0.017741,0,68.3917,0.15908,0.64077,483.0267,1455.6273
13.8775,9999.6643,1.5551,240.1193,4.5236,-0.041622,-0.059731,3.684,89.9938,-0.16903,4.3334,2.5381,16.0346,-34.3567,0.0018941,1.222,0.089715,4.5795e-07,0.017741,0,68.3917,0.15909,0.62685,483.0267,1455.6273
13.8827,9999.6643,1.5551,240.1193,4.5236,-0.041622,-0.059731,3.684,89.9938,-0.16903,4.3334,2.5381,16.0346,-34.3567,0.0018941,1.222,0.089715,4.5795e-07,0.017741,0,68.3917,0.1591,0.60778,483.0267,1455.6273
13.8833,9999.6773,1.5489,240.119,4.5233,-0.040606,-0.029031,4.2709,89.9924,-0.12609,4.3338,2.6066,16.7067,-34.2751,0.0019049,0.31484,0.10103,4.5804e-07,0.017751,0,68.5251,0.15907,0.62557,483.0266,1455.6266
13.886,9999.6773,1.5489,240.119,4.5233,-0.040606,-0.029031,4.2709,89.9924,-0.12609,4.3338,2.6066,16.7067,-34.2751,0.0019049,0.31484,0.10103,4.5804e-07,0.017751,0,68.5251,0.15908,0.61456,483.0266,1455.6266
13.8908,9999.6773,1.5489,240.119,4.5233,-0.040606,-0.029031,4.2709,89.9924,-0.12609,4.3338,2.6066,16.7067,-34.2751,0.0019049,0.31484,0.10103,4.5804e-07,0.017751,0,68.5251,0.15909,0.60123,483.0266,1455.6266
13.8908,9999.6773,1.5489,240.119,4.5233,-0.040606,-0.029031,4.2709,89.9924,-0.12609,4.3338,2.6066,16.7067,-34.2751,0.0019049,0.31484,0.10103,4.5804e-07,0.017751,0,68.5251,0.15909,0.60123,483.0266,1455.6266
13.8916,9999.6902,1.5428,240.1188,4.523,-0.039624,0.0065588,4.425,89.9913,-0.077726,4.3342,2.6653,9.1789,-32.0026,0.0019546,-1.3054,0.1092,4.5814e-07,0.017762,0,68.6589,0.15903,0.60962,483.0266,1455.6258
13.8924,9999.6902,1.5428,240.1188,4.523,-0.039624,0.0065588,4.425,89.9913,-0.077726,4.3342,2.6653,9.1789,-32.0026,0.0019546,-1.3054,0.1092,4.5814e-07,0.017762,0,68.6589,0.15903,0.6074,483.0266,1455.6258
13.8939,9999.6902,1.5428,240.1188,4.523,-0.039624,0.0065588,4.425,89.9913,-0.077726,4.3342,2.6653,9.1789,-32.0026,0.0019546,-1.3054,0.1092,4.5814e-07,0.017762,0,68.6589,0.15904,0.60343,483.0266,1455.6258
13.897,9999.6902,1.5428,240.1188,4.523,-0.039624,0.0065588,4.425,89.9913,-0.077726,4.3342,2.6653,9.1789,-32.0026,0.0019546,-1.3054,0.1092,4.5814e-07,0.017762,0,68.6589,0.15904,0.59711,483.0266,1455.6258
13.8999,9999.703,1.5367,240.1188,4.5227,-0.03868,0.043434,3.8058,89.9907,-0.025456,4.3346,2.7158,-5.0221,-27.9664,0.0020281,-1.5693,0.11461,4.5823e-07,0.017773,0,68.793,0.15896,0.59305,483.0265,1455.6251
13.9002,9999.703,1.5367,240.1188,4.5227,-0.03868,0.043434,3.8058,89.9907,-0.025456,4.3346,2.7158,-5.0221,-27.9664,0.0020281,-1.5693,0.11461,4.5823e-07,0.017773,0,68.793,0.15896,0.59267,483.0265,1455.6251
13.9002,9999.703,1.5367,240.1188,4.5227,-0.03868,0.043434,3.8058,89.9907,-0.025456,4.3346,2.7158,-5.0221,-27.9664,0.0020281,-1.5693,0.11461,4.5823e-07,0.017773,0,68.793,0.15896,0.59267,483.0265,1455.6251
13.9083,9999.7158,1.5306,240.119,4.5223,-0.03777,0.075149,3.0609,89.9905,0.029412,4.335,2.7596,-7.0851,-27.324,0.0020947,-1.5391,0.11762,4.5832e-07,0.017783,0,68.9275,0.15887,0.57607,483.0265,1455.6244
13.9127,9999.7158,1.5306,240.119,4.5223,-0.03777,0.075149,3.0609,89.9905,0.029412,4.335,2.7596,-7.0851,-27.324,0.0020947,-1.5391,0.11762,4.5832e-07,0.017783,0,68.9275,0.15887,0.57718,483.0265,1455.6244
13.9127,9999.7158,1.5306,240.119,4.5223,-0.03777,0.075149,3.0609,89.9905,0.029412,4.335,2.7596,-7.0851,-27.324,0.0020947,-1.5391,0.11762,4.5832e-07,0.017783,0,68.9275,0.15887,0.57718,483.0265,1455.6244
13.9166,9999.7285,1.5246,240.1192,4.522,-0.036881,0.10066,2.3305,89.9907,0.08573,4.3355,2.7981,-6.6276,-27.4144,0.0021513,-1.5081,0.11393,4.5841e-07,0.017794,0,69.0623,0.15875,0.55871,483.0265,1455.6237
13.9205,9999.7285,1.5246,240.1192,4.522,-0.036881,0.10066,2.3305,89.9907,0.08573,4.3355,2.7981,-6.6276,-27.4144,0.0021513,-1.5081,0.11393,4.5841e-07,0.017794,0,69.0623,0.15876,0.5652,483.0265,1455.6237
13.9249,9999.7412,1.5186,240.1197,4.5217,-0.035997,0.12008,1.6147,89.9914,0.14028,4.3359,2.8205,-6.5808,-27.5045,0.0021936,-1.4754,0.097967,4.5849e-07,0.017805,0,69.1975,0.15865,0.54098,483.0264,1455.623
13.9333,9999.7538,1.5126,240.1202,4.5215,-0.035092,0.13353,0.91398,89.9926,0.1872,4.3363,2.8131,-7.2834,-27.5966,0.0022147,-1.4419,0.074632,4.5857e-07,0.017815,0,69.1095,0.15856,0.52289,483.0264,1455.6222
13.9416,9999.7664,1.5067,240.1208,4.5212,-0.034147,0.14115,0.22835,89.9942,0.22294,4.3368,2.7771,-8.4382,-27.6878,0.0021868,-1.4084,0.04798,4.5863e-07,0.017826,0,68.7835,0.15853,0.50945,483.0263,1455.6215
13.9499,9999.7789,1.5006,240.1208,4.5209,-0.033167,0.14305,-0.44232,89.996,0.24592,4.3373,2.6129,-9.7992,-27.774,0.0021261,-1.3755,0.020201,4.5868e-07,0.017837,0,68.4602,0.15851,0.55151,483.0263,1455.6208
13.9583,9999.7914,1.4946,240.1203,4.5206,-0.03216,0.13937,-1.0983,89.9981,0.2556,4.3377,2.4491,-11.2336,-27.8548,0.0020396,-1.3433,-0.0068584,4.5872e-07,0.017848,0,68.1395,0.15851,0.59829,483.0262,1455.6201
13.9666,9999.8038,1.4885,240.1195,4.5204,-0.031138,0.13021,-1.7399,90.0002,0.25233,4.3382,2.29,-12.6291,-27.9295,0.0019758,-1.3122,-0.031844,4.5874e-07,0.017858,0,68.272,0.15851,0.64644,483.0262,1455.6194
13.9749,9999.8162,1.4824,240.119,4.5201,-0.0301,0.11571,-2.3677,90.0023,0.23709,4.3387,2.2601,-13.9036,-28.0003,0.0019203,-1.2824,-0.053923,4.5876e-07,0.017869,0,68.4048,0.15855,0.63897,483.0261,1455.6187
13.9833,9999.8285,1.4764,240.1187,4.5199,-0.029059,0.095983,-2.982,90.0043,0.21127,4.3392,2.2377,-15.0064,-28.0658,0.0018785,-1.2537,-0.072649,4.5876e-07,0.01788,0,68.5381,0.15859,0.62596,483.0261,1455.618
13.9869,9999.8285,1.4764,240.1187,4.5199,-0.029059,0.095983,-2.982,90.0043,0.21127,4.3392,2.2377,-15.0064,-28.0658,0.0018785,-1.2537,-0.072649,4.5876e-07,0.01788,0,68.5381,0.15859,0.61132,483.0261,1455.618
13.9869,9999.8285,1.4764,240.1187,4.5199,-0.029059,0.095983,-2.982,90.0043,0.21127,4.3392,2.2377,-15.0064,-28.0658,0.0018785,-1.2537,-0.072649,4.5876e-07,0.01788,0,68.5381,0.15859,0.61132,483.0261,1455.618
13.9916,9999.8408,1.4705,240.1186,4.5197,-0.028027,0.071133,-3.5834,90.006,0.1765,4.3397,2.2238,-15.9104,-28.126,0.0018432,-1.2264,-0.087877,4.5875e-07,0.01789,0,68.6717,0.15864,0.61039,483.0261,1455.6173
13.9964,9999.8408,1.4705,240.1186,4.5197,-0.028027,0.071133,-3.5834,90.006,0.1765,4.3397,2.2238,-15.9104,-28.126,0.0018432,-1.2264,-0.087877,4.5875e-07,0.01789,0,68.6717,0.15864,0.59793,483.0261,1455.6173
13.9976,9999.8408,1.4705,240.1186,4.5197,-0.028027,0.071133,-3.5834,90.006,0.1765,4.3397,2.2238,-15.9104,-28.126,0.0018432,-1.2264,-0.087877,4.5875e-07,0.01789,0,68.6717,0.15864,0.59546,483.0261,1455.6173
13.9976,9999.8408,1.4705,240.1186,4.5197,-0.028027,0.071133,-3.5834,90.006,0.1765,4.3397,2.2238,-15.9104,-28.126,0.0018432,-1.2264,-0.087877,4.5875e-07,0.01789,0,68.6717,0.15864,0.59546,483.0261,1455.6173
13.9999,9999.853,1.4645,240.1185,4.5194,-0.027025,0.041271,-4.1722,90.0075,0.13443,4.3402,2.2184,-16.6064,-28.1805,0.0018343,-0.57669,-0.09969,4.5874e-07,0.017901,0,68.8057,0.15866,0.59374,483.026,1455.6166
14.0023,9999.853,1.4645,240.1185,4.5194,-0.027025,0.041271,-4.1722,90.0075,0.13443,4.3402,2.2184,-16.6064,-28.1805,0.0018343,-0.57669,-0.09969,4.5874e-07,0.017901,0,68.8057,0.15866,0.59032,483.026,1455.6166
14.0057,9999.853,1.4645,240.1185,4.5194,-0.027025,0.041271,-4.1722,90.0075,0.13443,4.3402,2.2184,-16.6064,-28.1805,0.0018343,-0.57669,-0.09969,4.5874e-07,0.017901,0,68.8057,0.15866,0.58645,483.026,1455.6166
14.0057,9999.853,1.4645,240.1185,4.5194,-0.027025,0.041271,-4.1722,90.0075,0.13443,4.3402,2.2184,-16.6064,-28.1805,0.0018343,-0.57669,-0.09969,4.5874e-07,0.017901,0,68.8057,0.15866,0.58645,483.026,1455.6166
14.0083,9999.8652,1.4587,240.1186,4.5192,-0.026063,0.0065027,-4.4514,90.0086,0.086701,4.3407,2.22,-11.4429,-29.7968,0.001858,1.045,-0.10829,4.5872e-07,0.017912,0,68.94,0.15865,0.577,483.026,1455.616
14.0108,9999.8652,1.4587,240.1186,4.5192,-0.026063,0.0065027,-4.4514,90.0086,0.086701,4.3407,2.22,-11.4429,-29.7968,0.001858,1.045,-0.10829,4.5872e-07,0.017912,0,68.94,0.15865,0.577,483.026,1455.616
14.0159,9999.8652,1.4587,240.1186,4.5192,-0.026063,0.0065027,-4.4514,90.0086,0.086701,4.3407,2.22,-11.4429,-29.7968,0.001858,1.045,-0.10829,4.5872e-07,0.017912,0,68.94,0.15865,0.57695,483.026,1455.616
14.0166,9999.8773,1.4528,240.1189,4.519,-0.025147,-0.030592,-3.9565,90.0094,0.034855,4.3412,2.2293,2.7366,-33.862,0.0019138,1.5754,-0.11411,4.587e-07,0.017922,0,69.0747,0.15861,0.55993,483.0259,1455.6153
14.0203,9999.8773,1.4528,240.1189,4.519,-0.025147,-0.030592,-3.9565,90.0094,0.034855,4.3412,2.2293,2.7366,-33.862,0.0019138,1.5754,-0.11411,4.587e-07,0.017922,0,69.0747,0.15861,0.56508,483.0259,1455.6153
14.0249,9999.8894,1.447,240.1193,4.5188,-0.024274,-0.063562,-3.2086,90.0096,-0.01978,4.3417,2.2457,7.1856,-35.205,0.0019691,1.5451,-0.11747,4.5868e-07,0.017933,0,69.2098,0.15852,0.54255,483.0259,1455.6146
14.0286,9999.8894,1.447,240.1193,4.5188,-0.024274,-0.063562,-3.2086,90.0096,-0.01978,4.3417,2.2457,7.1856,-35.205,0.0019691,1.5451,-0.11747,4.5868e-07,0.017933,0,69.2098,0.15852,0.55298,483.0259,1455.6146
14.0286,9999.8894,1.447,240.1193,4.5188,-0.024274,-0.063562,-3.2086,90.0096,-0.01978,4.3417,2.2457,7.1856,-35.205,0.0019691,1.5451,-0.11747,4.5868e-07,0.017933,0,69.2098,0.15852,0.55298,483.0259,1455.6146
14.0333,9999.9015,1.4413,240.1198,4.5186,-0.023431,-0.090301,-2.4753,90.0095,-0.076026,4.3422,2.2688,6.7005,-35.1444,0.0020184,1.5144,-0.11543,4.5867e-07,0.017944,0,69.195,0.15842,0.52484,483.0258,1455.6139
14.0379,9999.9015,1.4413,240.1198,4.5186,-0.023431,-0.090301,-2.4753,90.0095,-0.076026,4.3422,2.2688,6.7005,-35.1444,0.0020184,1.5144,-0.11543,4.5867e-07,0.017944,0,69.195,0.15842,0.54373,483.0258,1455.6139
14.0416,9999.9135,1.4356,240.1204,4.5184,-0.022602,-0.11093,-1.7566,90.0088,-0.1313,4.3428,2.3061,6.548,-35.0805,0.0020292,1.4819,-0.10165,4.5866e-07,0.017954,0,68.8691,0.15831,0.50678,483.0258,1455.6132
14.0499,9999.9254,1.4298,240.1204,4.5183,-0.021773,-0.12557,-1.0528,90.0077,-0.17998,4.3433,2.2419,7.1139,-35.0086,0.0020181,1.4485,-0.079308,4.5865e-07,0.017965,0,68.5458,0.15818,0.54856,483.0258,1455.6126
14.0583,9999.9373,1.4239,240.1199,4.5181,-0.020925,-0.13434,-0.36422,90.0062,-0.21796,4.3438,2.2023,8.2065,-34.9311,0.0019878,1.415,-0.053073,4.5866e-07,0.017976,0,68.2251,0.15806,0.5953,483.0257,1455.6119
14.0666,9999.9491,1.418,240.1191,4.5179,-0.020049,-0.13737,0.3094,90.0044,-0.24338,4.3444,2.1756,9.5413,-34.8504,0.0019796,1.3819,-0.025342,4.5868e-07,0.017986,0,68.3576,0.15797,0.64348,483.0257,1455.6112
14.0749,9999.9609,1.4122,240.1187,4.5178,-0.019121,-0.1348,0.96825,90.0024,-0.25553,4.3449,2.2768,10.9731,-34.7698,0.0019674,1.3496,0.0019875,4.5871e-07,0.017997,0,68.4904,0.15793,0.63606,483.0256,1455.6106
14.0833,9999.9727,1.4065,240.1184,4.5176,-0.018144,-0.12673,1.6127,90.0003,-0.25458,4.3455,2.3776,12.3869,-34.6885,0.0019475,1.3183,0.027456,4.5875e-07,0.018008,0,68.6236,0.15796,0.6231,483.0256,1455.6099
14.0916,9999.9844,1.4007,240.1182,4.5175,-0.017128,-0.11329,2.2432,89.9982,-0.24144,4.3461,2.4741,13.6936,-34.6068,0.0019042,1.2882,0.050143,4.588e-07,0.018018,0,68.7572,0.15803,0.60758,483.0255,1455.6092
14.0999,9999.996,1.395,240.1182,4.5173,-0.016101,-0.094596,2.8601,89.9961,-0.21743,4.3467,2.5642,14.8374,-34.5239,0.0018479,1.2593,0.069535,4.5886e-07,0.018029,0,68.8912,0.15812,0.59084,483.0255,1455.6086
14.101,9999.996,1.395,240.1182,4.5173,-0.016101,-0.094596,2.8601,89.9961,-0.21743,4.3467,2.5642,14.8374,-34.5239,0.0018479,1.2593,0.069535,4.5886e-07,0.018029,0,68.8912,0.15812,0.58921,483.0255,1455.6086
14.101,9999.996,1.395,240.1182,4.5173,-0.016101,-0.094596,2.8601,89.9961,-0.21743,4.3467,2.5642,14.8374,-34.5239,0.0018479,1.2593,0.069535,4.5886e-07,0.018029,0,68.8912,0.15812,0.58921,483.0255,1455.6086
14.1083,10000.0076,1.3894,240.1183,4.5172,-0.015088,-0.070762,3.464,89.9943,-0.18414,4.3472,2.6463,15.7868,-34.4406,0.0017885,1.2317,0.085433,4.5894e-07,0.01804,0,69.0255,0.1582,0.57345,483.0255,1455.6079
14.1118,10000.0076,1.3894,240.1183,4.5172,-0.015088,-0.070762,3.464,89.9943,-0.18414,4.3472,2.6463,15.7868,-34.4406,0.0017885,1.2317,0.085433,4.5894e-07,0.01804,0,69.0255,0.1582,0.57383,483.0255,1455.6079
14.1118,10000.0076,1.3894,240.1183,4.5172,-0.015088,-0.070762,3.464,89.9943,-0.18414,4.3472,2.6463,15.7868,-34.4406,0.0017885,1.2317,0.085433,4.5894e-07,0.01804,0,69.0255,0.1582,0.57383,483.0255,1455.6079
14.1166,10000.0192,1.3838,240.1185,4.5171,-0.014111,-0.041895,4.0553,89.9928,-0.14323,4.3478,2.7198,16.5296,-34.3574,0.0017524,0.90057,0.097885,4.5902e-07,0.01805,0,69.1602,0.15826,0.55566,483.0254,1455.6073
14.1205,10000.0192,1.3838,240.1185,4.5171,-0.014111,-0.041895,4.0553,89.9928,-0.14323,4.3478,2.7198,16.5296,-34.3574,0.0017524,0.90057,0.097885,4.5902e-07,0.01805,0,69.1602,0.15826,0.56168,483.0254,1455.6073
14.1205,10000.0192,1.3838,240.1185,4.5171,-0.014111,-0.041895,4.0553,89.9928,-0.14323,4.3478,2.7198,16.5296,-34.3574,0.0017524,0.90057,0.097885,4.5902e-07,0.01805,0,69.1602,0.15826,0.56168,483.0254,1455.6073
14.1249,10000.0307,1.3782,240.1189,4.517,-0.013184,-0.0081013,4.489,89.9916,-0.096364,4.3484,2.783,14.3017,-33.5174,0.0017471,-0.72225,0.1071,4.591e-07,0.018061,0,69.2953,0.15828,0.53823,483.0254,1455.6066
14.1294,10000.0307,1.3782,240.1189,4.517,-0.013184,-0.0081013,4.489,89.9916,-0.096364,4.3484,2.783,14.3017,-33.5174,0.0017471,-0.72225,0.1071,4.591e-07,0.018061,0,69.2953,0.15827,0.55111,483.0254,1455.6066
14.1333,10000.0421,1.3727,240.1195,4.5169,-0.012313,0.029307,4.1482,89.9908,-0.045084,4.3489,2.8377,0.14425,-29.4667,0.0017794,-1.5832,0.1134,4.5919e-07,0.018072,0,68.9703,0.15825,0.52064,483.0253,1455.606
14.1416,10000.0535,1.3672,240.12,4.5168,-0.011497,0.063875,3.3966,89.9904,0.009218,4.3495,2.8587,-7.2823,-27.331,0.0017976,-1.5529,0.1172,4.5927e-07,0.018082,0,68.6451,0.15817,0.51488,483.0253,1455.6053
14.1445,10000.0535,1.3672,240.12,4.5168,-0.011497,0.063875,3.3966,89.9904,0.009218,4.3495,2.8587,-7.2823,-27.331,0.0017976,-1.5529,0.1172,4.5927e-07,0.018082,0,68.6451,0.15816,0.52938,483.0253,1455.6053
14.1445,10000.0535,1.3672,240.12,4.5168,-0.011497,0.063875,3.3966,89.9904,0.009218,4.3495,2.8587,-7.2823,-27.331,0.0017976,-1.5529,0.1172,4.5927e-07,0.018082,0,68.6451,0.15816,0.52938,483.0253,1455.6053
14.1499,10000.0649,1.3616,240.1198,4.5167,-0.010733,0.092179,2.6595,89.9905,0.065342,4.3501,2.7694,-6.7763,-27.4205,0.0018093,-1.5223,0.11723,4.5935e-07,0.018093,0,68.3226,0.15802,0.5579,483.0253,1455.6047
14.1554,10000.0649,1.3616,240.1198,4.5167,-0.010733,0.092179,2.6595,89.9905,0.065342,4.3501,2.7694,-6.7763,-27.4205,0.0018093,-1.5223,0.11723,4.5935e-07,0.018093,0,68.3226,0.15801,0.56424,483.0253,1455.6047
14.1578,10000.0649,1.3616,240.1198,4.5167,-0.010733,0.092179,2.6595,89.9905,0.065342,4.3501,2.7694,-6.7763,-27.4205,0.0018093,-1.5223,0.11723,4.5935e-07,0.018093,0,68.3226,0.15801,0.56609,483.0253,1455.6047
14.1578,10000.0649,1.3616,240.1198,4.5167,-0.010733,0.092179,2.6595,89.9905,0.065342,4.3501,2.7694,-6.7763,-27.4205,0.0018093,-1.5223,0.11723,4.5935e-07,0.018093,0,68.3226,0.15801,0.56609,483.0253,1455.6047
14.1583,10000.0762,1.356,240.1193,4.5167,-0.010006,0.11434,1.9371,89.991,0.12148,4.3507,2.6737,-6.5018,-27.5081,0.0018203,-1.4903,0.10622,4.5943e-07,0.018104,0,68.0027,0.15782,0.60513,483.0252,1455.604
14.1587,10000.0762,1.356,240.1193,4.5167,-0.010006,0.11434,1.9371,89.991,0.12148,4.3507,2.6737,-6.5018,-27.5081,0.0018203,-1.4903,0.10622,4.5943e-07,0.018104,0,68.0027,0.15782,0.60376,483.0252,1455.604
14.1596,10000.0762,1.356,240.1193,4.5167,-0.010006,0.11434,1.9371,89.991,0.12148,4.3507,2.6737,-6.5018,-27.5081,0.0018203,-1.4903,0.10622,4.5943e-07,0.018104,0,68.0027,0.15782,0.60118,483.0252,1455.604
14.1614,10000.0762,1.356,240.1193,4.5167,-0.010006,0.11434,1.9371,89.991,0.12148,4.3507,2.6737,-6.5018,-27.5081,0.0018203,-1.4903,0.10622,4.5943e-07,0.018104,0,68.0027,0.15782,0.59664,483.0252,1455.604
14.1649,10000.0762,1.356,240.1193,4.5167,-0.010006,0.11434,1.9371,89.991,0.12148,4.3507,2.6737,-6.5018,-27.5081,0.0018203,-1.4903,0.10622,4.5943e-07,0.018104,0,68.0027,0.15782,0.58963,483.0252,1455.604
14.1666,10000.0875,1.3504,240.1184,4.5166,-0.0092864,0.13048,1.2296,89.9921,0.17235,4.3513,2.5534,-6.9019,-27.5979,0.0018646,-1.4569,0.085103,4.595e-07,0.018114,0,68.1348,0.15761,0.65347,483.0252,1455.6034
14.1749,10000.0987,1.3448,240.1178,4.5165,-0.0085267,0.14073,0.53716,89.9935,0.21311,4.3519,2.531,-7.9201,-27.6913,0.001914,-1.4233,0.059388,4.5956e-07,0.018125,0,68.2673,0.15746,0.64647,483.0251,1455.6028
14.1833,10000.1099,1.3393,240.1174,4.5164,-0.0077013,0.14521,-0.14019,89.9953,0.24156,4.3525,2.4979,-9.2223,-27.7838,0.001955,-1.3901,0.031715,4.596e-07,0.018136,0,68.4002,0.15738,0.63384,483.0251,1455.6021
14.1916,10000.1211,1.3338,240.1171,4.5164,-0.006801,0.14404,-0.80269,89.9973,0.25675,4.3532,2.4605,-10.6483,-27.8728,0.0019601,-1.3575,0.0040544,4.5964e-07,0.018147,0,68.5335,0.15738,0.61861,483.0251,1455.6015
14.1999,10000.1322,1.3283,240.117,4.5164,-0.0058399,0.13735,-1.4507,89.9994,0.2587,4.3538,2.424,-12.0784,-27.9558,0.0019292,-1.3259,-0.022011,4.5966e-07,0.018157,0,68.6672,0.15744,0.60211,483.025,1455.6009
14.2083,10000.1432,1.3229,240.117,4.5163,-0.0048414,0.12526,-2.0846,90.0016,0.24816,4.3544,2.3921,-13.4167,-28.0317,0.0018655,-1.2955,-0.045449,4.5967e-07,0.018168,0,68.8012,0.15756,0.58495,483.025,1455.6003
14.2166,10000.1542,1.3175,240.1172,4.5163,-0.0038348,0.10789,-2.7049,90.0036,0.2264,4.3551,2.3674,-14.6002,-28.1002,0.0017819,-1.2663,-0.065662,4.5966e-07,0.018179,0,68.9356,0.15769,0.56737,483.0249,1455.5996
14.2249,10000.1652,1.3122,240.1175,4.5163,-0.0028486,0.085349,-3.312,90.0055,0.19495,4.3557,2.3511,-15.5927,-28.1615,0.0016944,-1.2384,-0.082391,4.5965e-07,0.018189,0,69.0703,0.15781,0.54951,483.0249,1455.599
14.2257,10000.1652,1.3122,240.1175,4.5163,-0.0028486,0.085349,-3.312,90.0055,0.19495,4.3557,2.3511,-15.5927,-28.1615,0.0016944,-1.2384,-0.082391,4.5965e-07,0.018189,0,69.0703,0.15781,0.55114,483.0249,1455.599
14.2257,10000.1652,1.3122,240.1175,4.5163,-0.0028486,0.085349,-3.312,90.0055,0.19495,4.3557,2.3511,-15.5927,-28.1615,0.0016944,-1.2384,-0.082391,4.5965e-07,0.018189,0,69.0703,0.15781,0.55114,483.0249,1455.599
14.2333,10000.1761,1.3069,240.1179,4.5162,-0.0019063,0.057749,-3.9064,90.0072,0.1555,4.3563,2.3436,-16.3782,-28.2165,0.0016287,-1.097,-0.095633,4.5963e-07,0.0182,0,69.2054,0.1579,0.5314,483.0249,1455.5984
14.235,10000.1761,1.3069,240.1179,4.5162,-0.0019063,0.057749,-3.9064,90.0072,0.1555,4.3563,2.3436,-16.3782,-28.2165,0.0016287,-1.097,-0.095633,4.5963e-07,0.0182,0,69.2054,0.15789,0.53781,483.0249,1455.5984
14.235,10000.1761,1.3069,240.1179,4.5162,-0.0019063,0.057749,-3.9064,90.0072,0.1555,4.3563,2.3436,-16.3782,-28.2165,0.0016287,-1.097,-0.095633,4.5963e-07,0.0182,0,69.2054,0.15789,0.53781,483.0249,1455.5984
14.2416,10000.187,1.3017,240.1185,4.5162,-0.0010205,0.025196,-4.4338,90.0085,0.1097,4.357,2.3437,-15.9149,-28.5552,0.0015775,0.31675,-0.10558,4.596e-07,0.018211,0,68.8803,0.15794,0.51355,483.0248,1455.5978
14.2482,10000.187,1.3017,240.1185,4.5162,-0.0010205,0.025196,-4.4338,90.0085,0.1097,4.357,2.3437,-15.9149,-28.5552,0.0015775,0.31675,-0.10558,4.596e-07,0.018211,0,68.8803,0.15792,0.54158,483.0248,1455.5978
14.2499,10000.1978,1.2964,240.1186,4.5162,-0.00020708,-0.011752,-4.2865,90.0094,0.059142,4.3576,2.2606,-3.704,-32.0891,0.0015641,1.5887,-0.11253,4.5957e-07,0.018221,0,68.5567,0.1579,0.53715,483.0248,1455.5972
14.2583,10000.2086,1.2911,240.1182,4.5163,0.00053195,-0.047472,-3.5322,90.0099,0.0052519,4.3583,2.146,7.404,-35.2834,0.0015717,1.5584,-0.11684,4.5954e-07,0.018232,0,68.2358,0.15778,0.58262,483.0247,1455.5966
14.2601,10000.2086,1.2911,240.1182,4.5163,0.00053195,-0.047472,-3.5322,90.0099,0.0052519,4.3583,2.146,7.404,-35.2834,0.0015717,1.5584,-0.11684,4.5954e-07,0.018232,0,68.2358,0.15777,0.58069,483.0247,1455.5966
14.2601,10000.2086,1.2911,240.1182,4.5163,0.00053195,-0.047472,-3.5322,90.0099,0.0052519,4.3583,2.146,7.404,-35.2834,0.0015717,1.5584,-0.11684,4.5954e-07,0.018232,0,68.2358,0.15777,0.58069,483.0247,1455.5966
14.2666,10000.2193,1.2858,240.1175,4.5163,0.0012102,-0.076907,-2.7925,90.0099,-0.050707,4.3589,2.0407,6.8589,-35.2211,0.0016215,1.5281,-0.11834,4.5951e-07,0.018243,0,67.9175,0.15758,0.63065,483.0247,1455.596
14.2731,10000.2193,1.2858,240.1175,4.5163,0.0012102,-0.076907,-2.7925,90.0099,-0.050707,4.3589,2.0407,6.8589,-35.2211,0.0016215,1.5281,-0.11834,4.5951e-07,0.018243,0,67.9175,0.15757,0.60241,483.0247,1455.596
14.2731,10000.2193,1.2858,240.1175,4.5163,0.0012102,-0.076907,-2.7925,90.0099,-0.050707,4.3589,2.0407,6.8589,-35.2211,0.0016215,1.5281,-0.11834,4.5951e-07,0.018243,0,67.9175,0.15757,0.60241,483.0247,1455.596
14.2749,10000.23,1.2805,240.1171,4.5163,0.0018651,-0.10018,-2.0674,90.0095,-0.10738,4.3596,2.0668,6.4896,-35.1594,0.0016939,1.4965,-0.11027,4.5948e-07,0.018253,0,68.0505,0.15738,0.62332,483.0247,1455.5954
14.2768,10000.23,1.2805,240.1171,4.5163,0.0018651,-0.10018,-2.0674,90.0095,-0.10738,4.3596,2.0668,6.4896,-35.1594,0.0016939,1.4965,-0.11027,4.5948e-07,0.018253,0,68.0505,0.15738,0.61451,483.0247,1455.5954
14.2805,10000.23,1.2805,240.1171,4.5163,0.0018651,-0.10018,-2.0674,90.0095,-0.10738,4.3596,2.0668,6.4896,-35.1594,0.0016939,1.4965,-0.11027,4.5948e-07,0.018253,0,68.0505,0.15737,0.6011,483.0247,1455.5954
14.2833,10000.2406,1.2753,240.1169,4.5163,0.0025338,-0.11741,-1.357,90.0086,-0.1602,4.3602,2.1174,6.7066,-35.0941,0.0017727,1.4632,-0.090507,4.5946e-07,0.018264,0,68.1839,0.15721,0.61057,483.0246,1455.5948
14.2916,10000.2512,1.2701,240.1168,4.5164,0.0032516,-0.12872,-0.66183,90.0073,-0.20355,4.3609,2.1978,7.6401,-35.0236,0.0018298,1.4296,-0.065369,4.5945e-07,0.018275,0,68.3176,0.15708,0.59525,483.0246,1455.5942
14.2999,10000.2618,1.265,240.1168,4.5164,0.0040326,-0.13423,0.018302,90.0056,-0.23486,4.3616,2.2926,8.9059,-34.9493,0.0018577,1.3963,-0.037838,4.5946e-07,0.018285,0,68.4517,0.15703,0.57865,483.0246,1455.5936
14.3083,10000.2723,1.2599,240.117,4.5164,0.0048779,-0.13408,0.68354,90.0036,-0.25298,4.3622,2.3942,10.3233,-34.8718,0.0018475,1.3635,-0.0099203,4.5947e-07,0.018296,0,68.5861,0.15705,0.56132,483.0245,1455.593
14.3166,10000.2828,1.2548,240.1173,4.5165,0.0057745,-0.12838,1.3342,90.0015,-0.25774,4.3629,2.4976,11.7704,-34.7915,0.0018006,1.3317,0.016677,4.5949e-07,0.018307,0,68.721,0.15714,0.54355,483.0245,1455.5924
14.3249,10000.2932,1.2498,240.1178,4.5165,0.0067003,-0.11726,1.9707,89.9993,-0.24975,4.3636,2.5984,13.1434,-34.7089,0.0017243,1.3011,0.040807,4.5952e-07,0.018317,0,68.8561,0.15726,0.52545,483.0244,1455.5918
14.3333,10000.3036,1.2449,240.1184,4.5166,0.0076293,-0.10084,2.5934,89.9973,-0.23021,4.3643,2.6937,14.3726,-34.6248,0.0016032,1.2716,0.061795,4.5957e-07,0.018328,0,68.5309,0.15739,0.5071,483.0244,1455.5912
14.3416,10000.314,1.2398,240.1183,4.5167,0.0085221,-0.079229,3.2029,89.9953,-0.20061,4.365,2.6507,15.4168,-34.5382,0.0014748,1.2435,0.079315,4.5962e-07,0.018339,0,68.2082,0.15747,0.54833,483.0244,1455.5906
14.3497,10000.314,1.2398,240.1183,4.5167,0.0085221,-0.079229,3.2029,89.9953,-0.20061,4.365,2.6507,15.4168,-34.5382,0.0014748,1.2435,0.079315,4.5962e-07,0.018339,0,68.2082,0.15745,0.55993,483.0244,1455.5906
14.3497,10000.314,1.2398,240.1183,4.5167,0.0085221,-0.079229,3.2029,89.9953,-0.20061,4.365,2.6507,15.4168,-34.5382,0.0014748,1.2435,0.079315,4.5962e-07,0.018339,0,68.2082,0.15745,0.55993,483.0244,1455.5906
14.3499,10000.3243,1.2348,240.1178,4.5168,0.0093541,-0.052538,3.7996,89.9937,-0.16263,4.3657,2.6014,16.256,-34.4513,0.0013682,1.1675,0.093319,4.5968e-07,0.018349,0,67.8882,0.15749,0.5946,483.0243,1455.5901
14.3501,10000.3243,1.2348,240.1178,4.5168,0.0093541,-0.052538,3.7996,89.9937,-0.16263,4.3657,2.6014,16.256,-34.4513,0.0013682,1.1675,0.093319,4.5968e-07,0.018349,0,67.8882,0.15749,0.59411,483.0243,1455.5901
14.3502,10000.3243,1.2348,240.1178,4.5168,0.0093541,-0.052538,3.7996,89.9937,-0.16263,4.3657,2.6014,16.256,-34.4513,0.0013682,1.1675,0.093319,4.5968e-07,0.018349,0,67.8882,0.15749,0.59407,483.0243,1455.5901
14.3502,10000.3243,1.2348,240.1178,4.5168,0.0093541,-0.052538,3.7996,89.9937,-0.16263,4.3657,2.6014,16.256,-34.4513,0.0013682,1.1675,0.093319,4.5968e-07,0.018349,0,67.8882,0.15749,0.59407,483.0243,1455.5901
14.3505,10000.3243,1.2348,240.1178,4.5168,0.0093541,-0.052538,3.7996,89.9937,-0.16263,4.3657,2.6014,16.256,-34.4513,0.0013682,1.1675,0.093319,4.5968e-07,0.018349,0,67.8882,0.15748,0.59311,483.0243,1455.5901
14.3509,10000.3243,1.2348,240.1178,4.5168,0.0093541,-0.052538,3.7996,89.9937,-0.16263,4.3657,2.6014,16.256,-34.4513,0.0013682,1.1675,0.093319,4.5968e-07,0.018349,0,67.8882,0.15748,0.5922,483.0243,1455.5901
14.3517,10000.3243,1.2348,240.1178,4.5168,0.0093541,-0.052538,3.7996,89.9937,-0.16263,4.3657,2.6014,16.256,-34.4513,0.0013682,1.1675,0.093319,4.5968e-07,0.018349,0,67.8882,0.15748,0.59047,483.0243,1455.5901
14.3533,10000.3243,1.2348,240.1178,4.5168,0.0093541,-0.052538,3.7996,89.9937,-0.16263,4.3657,2.6014,16.256,-34.4513,0.0013682,1.1675,0.093319,4.5968e-07,0.018349,0,67.8882,0.15748,0.58739,483.0243,1455.5901
14.3564,10000.3243,1.2348,240.1178,4.5168,0.0093541,-0.052538,3.7996,89.9937,-0.16263,4.3657,2.6014,16.256,-34.4513,0.0013682,1.1675,0.093319,4.5968e-07,0.018349,0,67.8882,0.15747,0.58249,483.0243,1455.5901
14.3583,10000.3346,1.2297,240.1169,4.5169,0.010113,-0.020875,4.3606,89.9923,-0.11793,4.3664,2.5448,16.4412,-34.2436,0.0013441,-0.006507,0.10396,4.5975e-07,0.01836,0,68.0203,0.15742,0.64274,483.0243,1455.5895
14.3666,10000.3448,1.2246,240.1164,4.517,0.010816,0.015463,4.3614,89.9913,-0.068138,4.3671,2.6012,6.4485,-31.3065,0.0013944,-1.5916,0.11153,4.5982e-07,0.018371,0,68.1529,0.15732,0.63606,483.0243,1455.5889
14.3749,10000.355,1.2197,240.1161,4.5171,0.011477,0.051807,3.6057,89.9908,-0.014717,4.3678,2.6495,-7.4715,-27.3622,0.0014915,-1.5614,0.11638,4.5989e-07,0.018381,0,68.2859,0.15718,0.62395,483.0242,1455.5883
14.3761,10000.355,1.2197,240.1161,4.5171,0.011477,0.051807,3.6057,89.9908,-0.014717,4.3678,2.6495,-7.4715,-27.3622,0.0014915,-1.5614,0.11638,4.5989e-07,0.018381,0,68.2859,0.15718,0.61799,483.0242,1455.5883
14.3761,10000.355,1.2197,240.1161,4.5171,0.011477,0.051807,3.6057,89.9908,-0.014717,4.3678,2.6495,-7.4715,-27.3622,0.0014915,-1.5614,0.11638,4.5989e-07,0.018381,0,68.2859,0.15718,0.61799,483.0242,1455.5883
14.3833,10000.3651,1.2148,240.1159,4.5172,0.012117,0.081854,2.8646,89.9906,0.041027,4.3685,2.6911,-6.9011,-27.4569,0.001583,-1.5311,0.11868,4.5996e-07,0.018392,0,68.4192,0.15704,0.60928,483.0242,1455.5877
14.3888,10000.3651,1.2148,240.1159,4.5172,0.012117,0.081854,2.8646,89.9906,0.041027,4.3685,2.6911,-6.9011,-27.4569,0.001583,-1.5311,0.11868,4.5996e-07,0.018392,0,68.4192,0.15702,0.59231,483.0242,1455.5877
14.3888,10000.3651,1.2148,240.1159,4.5172,0.012117,0.081854,2.8646,89.9906,0.041027,4.3685,2.6911,-6.9011,-27.4569,0.001583,-1.5311,0.11868,4.5996e-07,0.018392,0,68.4192,0.15702,0.59231,483.0242,1455.5877
14.3916,10000.3752,1.2099,240.1158,4.5173,0.012751,0.10573,2.138,89.991,0.09787,4.3692,2.727,-6.4889,-27.5493,0.001665,-1.4999,0.11274,4.6002e-07,0.018403,0,68.5529,0.15689,0.5933,483.0242,1455.5872
14.3944,10000.3752,1.2099,240.1158,4.5173,0.012751,0.10573,2.138,89.991,0.09787,4.3692,2.727,-6.4889,-27.5493,0.001665,-1.4999,0.11274,4.6002e-07,0.018403,0,68.5529,0.15688,0.58749,483.0242,1455.5872
14.3999,10000.3853,1.2051,240.1158,4.5174,0.0134,0.12354,1.4261,89.9918,0.15187,4.3699,2.743,-6.5801,-27.6421,0.0017253,-1.4668,0.093972,4.6008e-07,0.018414,0,68.687,0.15677,0.57656,483.0241,1455.5866
14.4083,10000.3953,1.2003,240.116,4.5175,0.014086,0.13543,0.72933,89.9931,0.19688,4.3706,2.7278,-7.4546,-27.7368,0.0017586,-1.4332,0.069267,4.6013e-07,0.018424,0,68.8214,0.15669,0.55931,483.0241,1455.586
14.4166,10000.4053,1.1955,240.1163,4.5176,0.014824,0.1415,0.047649,89.9947,0.23006,4.3713,2.6987,-8.6944,-27.8295,0.0017613,-1.3998,0.041883,4.6016e-07,0.018435,0,68.9562,0.15667,0.54166,483.024,1455.5855
14.4249,10000.4152,1.1908,240.1168,4.5178,0.015613,0.1419,-0.61911,89.9966,0.25012,4.372,2.6637,-10.1018,-27.918,0.00173,-1.3669,0.01383,4.6018e-07,0.018446,0,69.0914,0.15671,0.52368,483.024,1455.5849
14.4333,10000.4251,1.1862,240.1174,4.5179,0.016446,0.13674,-1.2713,89.9987,0.25674,4.3728,2.6279,-11.5547,-28.001,0.0016387,-1.335,-0.0131,4.602e-07,0.018456,0,68.7661,0.15681,0.5054,483.024,1455.5844
14.4416,10000.435,1.1814,240.1173,4.5181,0.01729,0.12615,-1.9092,90.0008,0.25047,4.3735,2.4649,-12.9443,-28.0757,0.0015161,-1.3042,-0.037681,4.602e-07,0.018467,0,68.4435,0.1569,0.54667,483.0239,1455.5838
14.4499,10000.4448,1.1767,240.1168,4.5182,0.018117,0.11024,-2.5333,90.0029,0.23242,4.3742,2.3107,-14.1961,-28.1429,0.0013807,-1.2746,-0.059182,4.6018e-07,0.018478,0,68.1235,0.15697,0.59295,483.0239,1455.5833
14.4583,10000.4546,1.1719,240.1159,4.5184,0.018906,0.089128,-3.1441,90.0049,0.20407,4.375,2.1668,-15.2656,-28.2034,0.0012926,-1.2462,-0.077231,4.6016e-07,0.018488,0,68.2557,0.15699,0.64075,483.0239,1455.5827
14.4649,10000.4546,1.1719,240.1159,4.5184,0.018906,0.089128,-3.1441,90.0049,0.20407,4.375,2.1668,-15.2656,-28.2034,0.0012926,-1.2462,-0.077231,4.6016e-07,0.018488,0,68.2557,0.15696,0.60521,483.0239,1455.5827
14.4649,10000.4546,1.1719,240.1159,4.5184,0.018906,0.089128,-3.1441,90.0049,0.20407,4.375,2.1668,-15.2656,-28.2034,0.0012926,-1.2462,-0.077231,4.6016e-07,0.018488,0,68.2557,0.15696,0.60521,483.0239,1455.5827
14.4666,10000.4644,1.1672,240.1155,4.5185,0.019657,0.062928,-3.742,90.0066,0.16708,4.3757,2.1542,-16.1301,-28.2605,0.0012484,-1.2001,-0.091747,4.6013e-07,0.018499,0,68.3882,0.157,0.63338,483.0238,1455.5821
14.4683,10000.4644,1.1672,240.1155,4.5185,0.019657,0.062928,-3.742,90.0066,0.16708,4.3757,2.1542,-16.1301,-28.2605,0.0012484,-1.2001,-0.091747,4.6013e-07,0.018499,0,68.3882,0.15699,0.62326,483.0238,1455.5821
14.4716,10000.4644,1.1672,240.1155,4.5185,0.019657,0.062928,-3.742,90.0066,0.16708,4.3757,2.1542,-16.1301,-28.2605,0.0012484,-1.2001,-0.091747,4.6013e-07,0.018499,0,68.3882,0.15697,0.60744,483.0238,1455.5821
14.4749,10000.4741,1.1625,240.1151,4.5187,0.020368,0.031744,-4.3185,90.008,0.12313,4.3765,2.1496,-16.6116,-28.362,0.0012572,-0.17459,-0.10286,4.6009e-07,0.01851,0,68.5212,0.15697,0.62085,483.0238,1455.5816
14.4833,10000.4837,1.1579,240.1149,4.5189,0.021041,-0.004243,-4.4057,90.009,0.073857,4.3772,2.152,-7.9954,-30.9238,0.00131,1.4575,-0.11084,4.6005e-07,0.01852,0,68.6545,0.15692,0.60623,483.0238,1455.5811
14.4916,10000.4934,1.1534,240.1148,4.5191,0.021676,-0.040957,-3.714,90.0096,0.020761,4.3779,2.162,6.3173,-35.0217,0.0013896,1.5657,-0.11607,4.6001e-07,0.018531,0,68.7882,0.15683,0.59044,483.0237,1455.5805
14.4924,10000.4934,1.1534,240.1148,4.5191,0.021676,-0.040957,-3.714,90.0096,0.020761,4.3779,2.162,6.3173,-35.0217,0.0013896,1.5657,-0.11607,4.6001e-07,0.018531,0,68.7882,0.15683,0.58879,483.0237,1455.5805
14.4924,10000.4934,1.1534,240.1148,4.5191,0.021676,-0.040957,-3.714,90.0096,0.020761,4.3779,2.162,6.3173,-35.0217,0.0013896,1.5657,-0.11607,4.6001e-07,0.018531,0,68.7882,0.15683,0.58879,483.0237,1455.5805
14.4999,10000.503,1.1489,240.1149,4.5193,0.022281,-0.071907,-2.9708,90.0098,-0.034837,4.3787,2.1791,6.9728,-35.3109,0.0014601,1.5355,-0.11883,4.5996e-07,0.018542,0,68.9222,0.15673,0.57397,483.0237,1455.58
14.505,10000.503,1.1489,240.1149,4.5193,0.022281,-0.071907,-2.9708,90.0098,-0.034837,4.3787,2.1791,6.9728,-35.3109,0.0014601,1.5355,-0.11883,4.5996e-07,0.018542,0,68.9222,0.15671,0.57132,483.0237,1455.58
14.505,10000.503,1.1489,240.1149,4.5193,0.022281,-0.071907,-2.9708,90.0098,-0.034837,4.3787,2.1791,6.9728,-35.3109,0.0014601,1.5355,-0.11883,4.5996e-07,0.018542,0,68.9222,0.15671,0.57132,483.0237,1455.58
14.5083,10000.5125,1.1444,240.115,4.5195,0.022868,-0.096663,-2.2421,90.0095,-0.091756,4.3794,2.203,6.5261,-35.2515,0.0015194,1.5044,-0.11415,4.5993e-07,0.018552,0,69.0566,0.15661,0.55701,483.0237,1455.5794
14.5116,10000.5125,1.1444,240.115,4.5195,0.022868,-0.096663,-2.2421,90.0095,-0.091756,4.3794,2.203,6.5261,-35.2515,0.0015194,1.5044,-0.11415,4.5993e-07,0.018552,0,69.0566,0.1566,0.55982,483.0237,1455.5794
14.5166,10000.522,1.14,240.1154,4.5197,0.023454,-0.11535,-1.5281,90.0087,-0.14644,4.3802,2.2462,6.5358,-35.1877,0.0015615,1.4715,-0.096725,4.5989e-07,0.018563,0,69.1914,0.15651,0.53964,483.0236,1455.5789
14.5249,10000.5315,1.1356,240.1158,4.5199,0.024063,-0.12808,-0.82918,90.0075,-0.19277,4.3809,2.3221,7.3263,-35.1168,0.0015819,1.4379,-0.072579,4.5987e-07,0.018574,0,68.9904,0.15644,0.5219,483.0236,1455.5784
14.5333,10000.541,1.1313,240.1164,4.5201,0.024714,-0.13499,-0.14536,90.0059,-0.22753,4.3816,2.4157,8.5307,-35.0415,0.0015496,1.4045,-0.045416,4.5986e-07,0.018584,0,68.6652,0.15642,0.50382,483.0236,1455.5778
14.5416,10000.5504,1.1269,240.1164,4.5203,0.025397,-0.1362,0.52351,90.004,-0.24929,4.3824,2.387,9.9246,-34.9613,0.0014825,1.3715,-0.017328,4.5986e-07,0.018595,0,68.3426,0.15641,0.54519,483.0235,1455.5773
14.5499,10000.5597,1.1225,240.1159,4.5205,0.026105,-0.13184,1.1777,90.0019,-0.25759,4.3832,2.3638,11.3807,-34.8779,0.0013877,1.3394,0.0098451,4.5987e-07,0.018606,0,68.0227,0.15642,0.59153,483.0235,1455.5768
14.5583,10000.5691,1.118,240.115,4.5208,0.026822,-0.12203,1.8176,89.9998,-0.25287,4.3839,2.3413,12.7873,-34.7926,0.0013164,1.3084,0.034799,4.5989e-07,0.018616,0,68.1548,0.15644,0.63935,483.0235,1455.5762
14.5666,10000.5784,1.1136,240.1145,4.521,0.027548,-0.10688,2.4437,89.9977,-0.2362,4.3847,2.4363,14.0652,-34.7087,0.001255,1.2787,0.056747,4.5992e-07,0.018627,0,68.2873,0.15648,0.63204,483.0234,1455.5757
14.5749,10000.5876,1.1093,240.1141,4.5212,0.028272,-0.086516,3.0563,89.9957,-0.20902,4.3855,2.5239,15.1664,-34.6257,0.0012099,1.2502,0.075274,4.5996e-07,0.018638,0,68.4202,0.15653,0.61925,483.0234,1455.5752
14.5797,10000.5876,1.1093,240.1141,4.5212,0.028272,-0.086516,3.0563,89.9957,-0.20902,4.3855,2.5239,15.1664,-34.6257,0.0012099,1.2502,0.075274,4.5996e-07,0.018638,0,68.4202,0.1565,0.59901,483.0234,1455.5752
14.5797,10000.5876,1.1093,240.1141,4.5212,0.028272,-0.086516,3.0563,89.9957,-0.20902,4.3855,2.5239,15.1664,-34.6257,0.0012099,1.2502,0.075274,4.5996e-07,0.018638,0,68.4202,0.1565,0.59901,483.0234,1455.5752
14.5833,10000.5969,1.105,240.1139,4.5215,0.02898,-0.061046,3.6561,89.994,-0.17295,4.3863,2.603,16.0656,-34.5438,0.0011753,1.2229,0.090265,4.6001e-07,0.018648,0,68.5535,0.15657,0.60393,483.0234,1455.5747
14.5868,10000.5969,1.105,240.1139,4.5215,0.02898,-0.061046,3.6561,89.994,-0.17295,4.3863,2.603,16.0656,-34.5438,0.0011753,1.2229,0.090265,4.6001e-07,0.018648,0,68.5535,0.15655,0.59249,483.0234,1455.5747
14.5907,10000.5969,1.105,240.1139,4.5215,0.02898,-0.061046,3.6561,89.994,-0.17295,4.3863,2.603,16.0656,-34.5438,0.0011753,1.2229,0.090265,4.6001e-07,0.018648,0,68.5535,0.15653,0.58387,483.0234,1455.5747
14.5907,10000.5969,1.105,240.1139,4.5215,0.02898,-0.061046,3.6561,89.994,-0.17295,4.3863,2.603,16.0656,-34.5438,0.0011753,1.2229,0.090265,4.6001e-07,0.018648,0,68.5535,0.15653,0.58387,483.0234,1455.5747
14.5916,10000.606,1.1008,240.1138,4.5217,0.029656,-0.030579,4.2434,89.9925,-0.12971,4.387,2.6729,16.7554,-34.4628,0.0011683,0.40875,0.10183,4.6007e-07,0.018659,0,68.6872,0.15659,0.58762,483.0233,1455.5742
14.5925,10000.606,1.1008,240.1138,4.5217,0.029656,-0.030579,4.2434,89.9925,-0.12971,4.387,2.6729,16.7554,-34.4628,0.0011683,0.40875,0.10183,4.6007e-07,0.018659,0,68.6872,0.15659,0.58579,483.0233,1455.5742
14.5942,10000.606,1.1008,240.1138,4.5217,0.029656,-0.030579,4.2434,89.9925,-0.12971,4.387,2.6729,16.7554,-34.4628,0.0011683,0.40875,0.10183,4.6007e-07,0.018659,0,68.6872,0.15658,0.58256,483.0233,1455.5742
14.5977,10000.606,1.1008,240.1138,4.5217,0.029656,-0.030579,4.2434,89.9925,-0.12971,4.387,2.6729,16.7554,-34.4628,0.0011683,0.40875,0.10183,4.6007e-07,0.018659,0,68.6872,0.15656,0.57756,483.0233,1455.5742
14.5986,10000.606,1.1008,240.1138,4.5217,0.029656,-0.030579,4.2434,89.9925,-0.12971,4.387,2.6729,16.7554,-34.4628,0.0011683,0.40875,0.10183,4.6007e-07,0.018659,0,68.6872,0.15655,0.57657,483.0233,1455.5742
14.5986,10000.606,1.1008,240.1138,4.5217,0.029656,-0.030579,4.2434,89.9925,-0.12971,4.387,2.6729,16.7554,-34.4628,0.0011683,0.40875,0.10183,4.6007e-07,0.018659,0,68.6872,0.15655,0.57657,483.0233,1455.5742
14.5999,10000.6152,1.0966,240.1139,4.522,0.03029,0.0047819,4.4424,89.9914,-0.080928,4.3878,2.7327,10.0868,-32.4222,0.001197,-1.2269,0.11018,4.6013e-07,0.01867,0,68.8212,0.15658,0.57117,483.0233,1455.5736
14.6013,10000.6152,1.0966,240.1139,4.522,0.03029,0.0047819,4.4424,89.9914,-0.080928,4.3878,2.7327,10.0868,-32.4222,0.001197,-1.2269,0.11018,4.6013e-07,0.01867,0,68.8212,0.15657,0.57045,483.0233,1455.5736
14.604,10000.6152,1.0966,240.1139,4.522,0.03029,0.0047819,4.4424,89.9914,-0.080928,4.3878,2.7327,10.0868,-32.4222,0.001197,-1.2269,0.11018,4.6013e-07,0.01867,0,68.8212,0.15656,0.56926,483.0233,1455.5736
14.6083,10000.6243,1.0925,240.1141,4.5223,0.030875,0.041802,3.8607,89.9908,-0.028141,4.3886,2.7843,-4.2427,-28.3472,0.0012545,-1.5717,0.11577,4.602e-07,0.01868,0,68.9556,0.15653,0.55438,483.0233,1455.5731
14.6085,10000.6243,1.0925,240.1141,4.5223,0.030875,0.041802,3.8607,89.9908,-0.028141,4.3886,2.7843,-4.2427,-28.3472,0.0012545,-1.5717,0.11577,4.602e-07,0.01868,0,68.9556,0.15653,0.55463,483.0233,1455.5731
14.6085,10000.6243,1.0925,240.1141,4.5223,0.030875,0.041802,3.8607,89.9908,-0.028141,4.3886,2.7843,-4.2427,-28.3472,0.0012545,-1.5717,0.11577,4.602e-07,0.01868,0,68.9556,0.15653,0.55463,483.0233,1455.5731
14.6166,10000.6334,1.0884,240.1144,4.5225,0.031418,0.073974,3.1147,89.9905,0.027321,4.3893,2.8291,-7.0304,-27.5033,0.0013088,-1.5415,0.11892,4.6026e-07,0.018691,0,69.0904,0.15645,0.53727,483.0232,1455.5726
14.621,10000.6334,1.0884,240.1144,4.5225,0.031418,0.073974,3.1147,89.9905,0.027321,4.3893,2.8291,-7.0304,-27.5033,0.0013088,-1.5415,0.11892,4.6026e-07,0.018691,0,69.0904,0.15642,0.54705,483.0232,1455.5726
14.621,10000.6334,1.0884,240.1144,4.5225,0.031418,0.073974,3.1147,89.9905,0.027321,4.3893,2.8291,-7.0304,-27.5033,0.0013088,-1.5415,0.11892,4.6026e-07,0.018691,0,69.0904,0.15642,0.54705,483.0232,1455.5726
14.6249,10000.6425,1.0844,240.1149,4.5228,0.031932,0.09993,2.3832,89.9908,0.084289,4.3901,2.8685,-6.5655,-27.5948,0.0013536,-1.5106,0.11577,4.6031e-07,0.018702,0,68.8063,0.15635,0.51983,483.0232,1455.5721
14.6289,10000.6425,1.0844,240.1149,4.5228,0.031932,0.09993,2.3832,89.9908,0.084289,4.3901,2.8685,-6.5655,-27.5948,0.0013536,-1.5106,0.11577,4.6031e-07,0.018702,0,68.8063,0.15633,0.53437,483.0232,1455.5721
14.6333,10000.6515,1.0804,240.1154,4.5231,0.032433,0.11979,1.6663,89.9915,0.13975,4.3908,2.8805,-6.4864,-27.6858,0.0013609,-1.4779,0.10033,4.6036e-07,0.018713,0,68.4815,0.15624,0.50764,483.0232,1455.5716
14.6416,10000.6605,1.0763,240.1153,4.5234,0.032938,0.13367,0.96444,89.9926,0.18781,4.3916,2.7445,-7.1576,-27.7773,0.0013455,-1.4444,0.07704,4.604e-07,0.018723,0,68.1593,0.15612,0.54968,483.0231,1455.5711
14.6499,10000.6694,1.0722,240.1147,4.5236,0.033463,0.14171,0.27772,89.9942,0.22471,4.3924,2.5922,-8.3102,-27.8678,0.0013116,-1.4108,0.050211,4.6043e-07,0.018734,0,67.8397,0.15602,0.5963,483.0231,1455.5706
14.6583,10000.6783,1.0681,240.1138,4.5239,0.03402,0.14403,-0.39399,89.9961,0.24876,4.3932,2.434,-9.6823,-27.9554,0.0012972,-1.3777,0.022121,4.6045e-07,0.018745,0,67.9717,0.15594,0.64421,483.0231,1455.5701
14.6666,10000.6872,1.064,240.1132,4.5242,0.034627,0.14074,-1.051,89.9981,0.25936,4.394,2.3956,-11.1359,-28.0407,0.0012778,-1.3455,-0.0053456,4.6046e-07,0.018755,0,68.1041,0.15592,0.63708,483.023,1455.5696
14.6749,10000.6961,1.06,240.1128,4.5245,0.035283,0.13198,-1.6936,90.0003,0.2568,4.3948,2.3592,-12.5566,-28.1213,0.0012496,-1.3142,-0.030785,4.6045e-07,0.018766,0,68.2368,0.15597,0.62444,483.023,1455.5691
14.6833,10000.7049,1.0561,240.1126,4.5248,0.035973,0.11787,-2.3222,90.0024,0.24205,4.3956,2.3284,-13.8591,-28.1961,0.0011982,-1.2842,-0.053326,4.6043e-07,0.018777,0,68.37,0.15605,0.60926,483.023,1455.5686
14.6916,10000.7137,1.0522,240.1124,4.5251,0.03667,0.09852,-2.9374,90.0045,0.2165,4.3964,2.3053,-14.9904,-28.2638,0.0011348,-1.2555,-0.072494,4.604e-07,0.018787,0,68.5035,0.15616,0.59288,483.0229,1455.5681
14.6939,10000.7137,1.0522,240.1124,4.5251,0.03667,0.09852,-2.9374,90.0045,0.2165,4.3964,2.3053,-14.9904,-28.2638,0.0011348,-1.2555,-0.072494,4.604e-07,0.018787,0,68.5035,0.15614,0.58695,483.0229,1455.5681
14.6939,10000.7137,1.0522,240.1124,4.5251,0.03667,0.09852,-2.9374,90.0045,0.2165,4.3964,2.3053,-14.9904,-28.2638,0.0011348,-1.2555,-0.072494,4.604e-07,0.018787,0,68.5035,0.15614,0.58695,483.0229,1455.5681
14.6999,10000.7224,1.0483,240.1125,4.5255,0.037349,0.074041,-3.5396,90.0063,0.18176,4.3972,2.2908,-15.9216,-28.3247,0.0010709,-1.228,-0.088123,4.6036e-07,0.018798,0,68.6373,0.15626,0.57584,483.0229,1455.5676
14.7048,10000.7224,1.0483,240.1125,4.5255,0.037349,0.074041,-3.5396,90.0063,0.18176,4.3972,2.2908,-15.9216,-28.3247,0.0010709,-1.228,-0.088123,4.6036e-07,0.018798,0,68.6373,0.15623,0.57124,483.0229,1455.5676
14.7048,10000.7224,1.0483,240.1125,4.5255,0.037349,0.074041,-3.5396,90.0063,0.18176,4.3972,2.2908,-15.9216,-28.3247,0.0010709,-1.228,-0.088123,4.6036e-07,0.018798,0,68.6373,0.15623,0.57124,483.0229,1455.5676
14.7083,10000.7312,1.0445,240.1126,4.5258,0.037986,0.044544,-4.1293,90.0078,0.13954,4.398,2.2852,-16.6424,-28.3795,0.0010317,-0.72139,-0.10029,4.6032e-07,0.018809,0,68.7716,0.15632,0.55849,483.0229,1455.5671
14.7117,10000.7312,1.0445,240.1126,4.5258,0.037986,0.044544,-4.1293,90.0078,0.13954,4.398,2.2852,-16.6424,-28.3795,0.0010317,-0.72139,-0.10029,4.6032e-07,0.018809,0,68.7716,0.1563,0.56,483.0229,1455.5671
14.7133,10000.7312,1.0445,240.1126,4.5258,0.037986,0.044544,-4.1293,90.0078,0.13954,4.398,2.2852,-16.6424,-28.3795,0.0010317,-0.72139,-0.10029,4.6032e-07,0.018809,0,68.7716,0.15629,0.56051,483.0229,1455.5671
14.7133,10000.7312,1.0445,240.1126,4.5258,0.037986,0.044544,-4.1293,90.0078,0.13954,4.398,2.2852,-16.6424,-28.3795,0.0010317,-0.72139,-0.10029,4.6032e-07,0.018809,0,68.7716,0.15629,0.56051,483.0229,1455.5671
14.7166,10000.7398,1.0408,240.1129,4.5261,0.038571,0.010134,-4.4775,90.0089,0.091491,4.3987,2.2865,-12.7989,-29.6363,0.0010271,0.91713,-0.1092,4.6026e-07,0.018819,0,68.9062,0.15635,0.54146,483.0229,1455.5666
14.7199,10000.7398,1.0408,240.1129,4.5261,0.038571,0.010134,-4.4775,90.0089,0.091491,4.3987,2.2865,-12.7989,-29.6363,0.0010271,0.91713,-0.1092,4.6026e-07,0.018819,0,68.9062,0.15633,0.54764,483.0229,1455.5666
14.7249,10000.7485,1.0371,240.1133,4.5264,0.039096,-0.027179,-4.0438,90.0097,0.039169,4.3995,2.2956,1.515,-33.742,0.0010631,1.5792,-0.11526,4.6021e-07,0.01883,0,69.0412,0.15632,0.52425,483.0228,1455.5661
14.7333,10000.7571,1.0335,240.1139,4.5268,0.039568,-0.060877,-3.2941,90.01,-0.016053,4.4003,2.3119,7.1443,-35.4145,0.001078,1.5489,-0.11881,4.6015e-07,0.018841,0,68.7164,0.15626,0.5068,483.0228,1455.5656
14.7368,10000.7571,1.0335,240.1139,4.5268,0.039568,-0.060877,-3.2941,90.01,-0.016053,4.4003,2.3119,7.1443,-35.4145,0.001078,1.5489,-0.11881,4.6015e-07,0.018841,0,68.7164,0.15623,0.52337,483.0228,1455.5656
14.7368,10000.7571,1.0335,240.1139,4.5268,0.039568,-0.060877,-3.2941,90.01,-0.016053,4.4003,2.3119,7.1443,-35.4145,0.001078,1.5489,-0.11881,4.6015e-07,0.018841,0,68.7164,0.15623,0.52337,483.0228,1455.5656
14.7416,10000.7657,1.0298,240.1137,4.5271,0.039988,-0.088328,-2.5591,90.0099,-0.072974,4.4011,2.2048,6.6477,-35.3529,0.0010854,1.5182,-0.11766,4.601e-07,0.018851,0,68.3942,0.15612,0.54859,483.0228,1455.5651
14.7464,10000.7657,1.0298,240.1137,4.5271,0.039988,-0.088328,-2.5591,90.0099,-0.072974,4.4011,2.2048,6.6477,-35.3529,0.0010854,1.5182,-0.11766,4.601e-07,0.018851,0,68.3942,0.15609,0.55382,483.0228,1455.5651
14.7499,10000.7743,1.0261,240.1132,4.5275,0.040371,-0.10965,-1.8387,90.0093,-0.12934,4.4019,2.1124,6.4417,-35.288,0.0010874,1.4859,-0.10486,4.6006e-07,0.018862,0,68.0747,0.15595,0.59523,483.0227,1455.5647
14.7583,10000.7828,1.0223,240.1122,4.5278,0.040747,-0.12498,-1.1332,90.0082,-0.17957,4.4027,2.0522,6.9482,-35.217,0.0011226,1.4524,-0.082735,4.6002e-07,0.018873,0,68.2067,0.15575,0.64327,483.0227,1455.5642
14.7666,10000.7913,1.0186,240.1117,4.5282,0.041161,-0.13442,-0.44286,90.0067,-0.21921,4.4035,2.138,8.0273,-35.1434,0.0011626,1.4188,-0.056385,4.5999e-07,0.018883,0,68.339,0.15562,0.63631,483.0227,1455.5637
14.7749,10000.7998,1.0149,240.1113,4.5285,0.041637,-0.13811,0.23242,90.0049,-0.24622,4.4043,2.2351,9.3692,-35.068,0.0011947,1.3855,-0.02833,4.5998e-07,0.018894,0,68.4718,0.15555,0.62381,483.0226,1455.5632
14.7833,10000.8082,1.0113,240.111,4.5289,0.042183,-0.13617,0.89289,90.0028,-0.25978,4.4051,2.3371,10.8208,-34.9909,0.0011923,1.353,-0.00051214,4.5997e-07,0.018905,0,68.6049,0.15556,0.60874,483.0226,1455.5627
14.7916,10000.8167,1.0078,240.1108,4.5292,0.042786,-0.12873,1.5389,90.0007,-0.26003,4.4059,2.4394,12.2642,-34.9113,0.0011561,1.3215,0.025531,4.5998e-07,0.018915,0,68.7384,0.15564,0.59242,483.0226,1455.5623
14.7999,10000.825,1.0043,240.1109,4.5296,0.04342,-0.11591,2.1709,89.9985,-0.24779,4.4067,2.5378,13.6059,-34.8297,0.0010895,1.2913,0.04882,4.6e-07,0.018926,0,68.8722,0.15576,0.57543,483.0226,1455.5618
14.8083,10000.8334,1.0008,240.111,4.53,0.044058,-0.097818,2.7892,89.9964,-0.2244,4.4075,2.6299,14.7863,-34.7465,0.0010058,1.2622,0.068801,4.6002e-07,0.018937,0,69.0064,0.15589,0.55805,483.0225,1455.5613
14.8166,10000.8417,0.99743,240.1113,4.5303,0.044672,-0.074574,3.3945,89.9946,-0.19143,4.4083,2.7141,15.7715,-34.6627,0.00092091,1.2345,0.085248,4.6006e-07,0.018947,0,69.141,0.15601,0.54037,483.0225,1455.5609
14.8187,10000.8417,0.99743,240.1113,4.5303,0.044672,-0.074574,3.3945,89.9946,-0.19143,4.4083,2.7141,15.7715,-34.6627,0.00092091,1.2345,0.085248,4.6006e-07,0.018947,0,69.141,0.156,0.54443,483.0225,1455.5609
14.8187,10000.8417,0.99743,240.1113,4.5303,0.044672,-0.074574,3.3945,89.9946,-0.19143,4.4083,2.7141,15.7715,-34.6627,0.00092091,1.2345,0.085248,4.6006e-07,0.018947,0,69.141,0.156,0.54443,483.0225,1455.5609
14.8249,10000.85,0.99409,240.1117,4.5307,0.045239,-0.046287,3.9871,89.993,-0.15058,4.4091,2.7894,16.5477,-34.5791,0.00086173,1.0502,0.098188,4.6011e-07,0.018958,0,69.0633,0.15609,0.52245,483.0225,1455.5604
14.8278,10000.85,0.99409,240.1117,4.5307,0.045239,-0.046287,3.9871,89.993,-0.15058,4.4091,2.7894,16.5477,-34.5791,0.00086173,1.0502,0.098188,4.6011e-07,0.018958,0,69.0633,0.15608,0.53204,483.0225,1455.5604
14.8278,10000.85,0.99409,240.1117,4.5307,0.045239,-0.046287,3.9871,89.993,-0.15058,4.4091,2.7894,16.5477,-34.5791,0.00086173,1.0502,0.098188,4.6011e-07,0.018958,0,69.0633,0.15608,0.53204,483.0225,1455.5604
14.8333,10000.8583,0.99081,240.1123,4.5311,0.045748,-0.013061,4.4923,89.9917,-0.10354,4.4099,2.8546,15.6838,-34.1046,0.00080917,-0.52385,0.10783,4.6016e-07,0.018969,0,68.7385,0.15613,0.50488,483.0224,1455.5599
14.8388,10000.8583,0.99081,240.1123,4.5311,0.045748,-0.013061,4.4923,89.9917,-0.10354,4.4099,2.8546,15.6838,-34.1046,0.00080917,-0.52385,0.10783,4.6016e-07,0.018969,0,68.7385,0.1561,0.52867,483.0224,1455.5599
14.8416,10000.8665,0.98746,240.1121,4.5315,0.04618,0.024374,4.2462,89.9908,-0.051864,4.4107,2.7808,1.9963,-30.1719,0.00080122,-1.5873,0.11448,4.6021e-07,0.018979,0,68.4164,0.15608,0.54673,483.0224,1455.5595
14.8499,10000.8747,0.98407,240.1116,4.5319,0.046537,0.059759,3.4927,89.9904,0.0029902,4.4115,2.7017,-7.2483,-27.5285,0.00081135,-1.557,0.11855,4.6027e-07,0.01899,0,68.097,0.15595,0.59359,483.0224,1455.559
14.8525,10000.8747,0.98407,240.1116,4.5319,0.046537,0.059759,3.4927,89.9904,0.0029902,4.4115,2.7017,-7.2483,-27.5285,0.00081135,-1.557,0.11855,4.6027e-07,0.01899,0,68.097,0.15593,0.58626,483.0224,1455.559
14.8525,10000.8747,0.98407,240.1116,4.5319,0.046537,0.059759,3.4927,89.9904,0.0029902,4.4115,2.7017,-7.2483,-27.5285,0.00081135,-1.557,0.11855,4.6027e-07,0.01899,0,68.097,0.15593,0.58626,483.0224,1455.559
14.8583,10000.8829,0.98066,240.1106,4.5323,0.046835,0.088865,2.7537,89.9904,0.059792,4.4123,2.6189,-6.7258,-27.6186,0.00086868,-1.5266,0.11958,4.6032e-07,0.019001,0,68.2289,0.15575,0.64189,483.0223,1455.5585
14.8641,10000.8829,0.98066,240.1106,4.5323,0.046835,0.088865,2.7537,89.9904,0.059792,4.4123,2.6189,-6.7258,-27.6186,0.00086868,-1.5266,0.11958,4.6032e-07,0.019001,0,68.2289,0.15571,0.60645,483.0223,1455.5585
14.8657,10000.8829,0.98066,240.1106,4.5323,0.046835,0.088865,2.7537,89.9904,0.059792,4.4123,2.6189,-6.7258,-27.6186,0.00086868,-1.5266,0.11958,4.6032e-07,0.019001,0,68.2289,0.15569,0.59953,483.0223,1455.5585
14.8657,10000.8829,0.98066,240.1106,4.5323,0.046835,0.088865,2.7537,89.9904,0.059792,4.4123,2.6189,-6.7258,-27.6186,0.00086868,-1.5266,0.11958,4.6032e-07,0.019001,0,68.2289,0.15569,0.59953,483.0223,1455.5585
14.8666,10000.8911,0.97733,240.1101,4.5327,0.047115,0.11181,2.0294,89.9909,0.11708,4.4131,2.651,-6.391,-27.7097,0.00094608,-1.4947,0.11001,4.6036e-07,0.019012,0,68.3612,0.15555,0.63523,483.0223,1455.5581
14.8675,10000.8911,0.97733,240.1101,4.5327,0.047115,0.11181,2.0294,89.9909,0.11708,4.4131,2.651,-6.391,-27.7097,0.00094608,-1.4947,0.11001,4.6036e-07,0.019012,0,68.3612,0.15554,0.62898,483.0223,1455.5581
14.8693,10000.8911,0.97733,240.1101,4.5327,0.047115,0.11181,2.0294,89.9909,0.11708,4.4131,2.651,-6.391,-27.7097,0.00094608,-1.4947,0.11001,4.6036e-07,0.019012,0,68.3612,0.15553,0.61803,483.0223,1455.5581
14.8728,10000.8911,0.97733,240.1101,4.5327,0.047115,0.11181,2.0294,89.9909,0.11708,4.4131,2.651,-6.391,-27.7097,0.00094608,-1.4947,0.11001,4.6036e-07,0.019012,0,68.3612,0.1555,0.60114,483.0223,1455.5581
14.8749,10000.8992,0.97405,240.1096,4.5331,0.047414,0.12872,1.3199,89.9919,0.16979,4.4139,2.657,-6.7042,-27.8041,0.0010284,-1.4613,0.089326,4.604e-07,0.019022,0,68.4939,0.15537,0.62301,483.0223,1455.5576
14.8833,10000.9073,0.9708,240.1094,4.5335,0.047769,0.13972,0.62553,89.9933,0.21258,4.4147,2.636,-7.696,-27.9009,0.0010862,-1.4277,0.063578,4.6042e-07,0.019033,0,68.627,0.15526,0.60818,483.0223,1455.5572
14.8916,10000.9154,0.96761,240.1092,4.5339,0.048191,0.14494,-0.053718,89.9951,0.24303,4.4155,2.6032,-9.0004,-27.9952,0.001112,-1.3943,0.035597,4.6044e-07,0.019044,0,68.7605,0.15523,0.59204,483.0222,1455.5567
14.8999,10000.9234,0.96446,240.1092,4.5343,0.048681,0.14449,-0.71807,89.9971,0.26008,4.4163,2.5657,-10.4451,-28.0851,0.0010968,-1.3615,0.0074098,4.6044e-07,0.019054,0,68.8943,0.15527,0.57518,483.0222,1455.5562
14.9083,10000.9315,0.96136,240.1093,4.5348,0.049223,0.1385,-1.3679,89.9993,0.26363,4.4171,2.5286,-11.9073,-28.1687,0.0010428,-1.3297,-0.019311,4.6043e-07,0.019065,0,69.0285,0.15538,0.55787,483.0222,1455.5558
14.9166,10000.9395,0.95831,240.1096,4.5352,0.049794,0.12711,-2.0035,90.0015,0.25437,4.4179,2.4959,-13.2854,-28.2452,0.0009581,-1.2991,-0.043457,4.6041e-07,0.019076,0,69.1631,0.15552,0.54025,483.0221,1455.5553
14.9249,10000.9474,0.95531,240.11,4.5356,0.050365,0.11041,-2.6254,90.0036,0.23355,4.4187,2.4701,-14.5119,-28.3142,0.00085668,-1.2697,-0.064378,4.6038e-07,0.019086,0,69.0512,0.15568,0.52237,483.0221,1455.5549
14.9333,10000.9554,0.95238,240.1106,4.536,0.050911,0.088532,-3.2341,90.0056,0.2027,4.4195,2.4528,-15.5474,-28.3763,0.00072681,-1.2416,-0.081775,4.6033e-07,0.019097,0,68.7265,0.15582,0.50426,483.0221,1455.5544
14.9415,10000.9554,0.95238,240.1106,4.536,0.050911,0.088532,-3.2341,90.0056,0.2027,4.4195,2.4528,-15.5474,-28.3763,0.00072681,-1.2416,-0.081775,4.6033e-07,0.019097,0,68.7265,0.15576,0.53524,483.0221,1455.5544
14.9415,10000.9554,0.95238,240.1106,4.536,0.050911,0.088532,-3.2341,90.0056,0.2027,4.4195,2.4528,-15.5474,-28.3763,0.00072681,-1.2416,-0.081775,4.6033e-07,0.019097,0,68.7265,0.15576,0.53524,483.0221,1455.5544
14.9416,10000.9633,0.94937,240.1104,4.5365,0.051395,0.061581,-3.83,90.0072,0.16351,4.4203,2.3143,-16.3736,-28.4305,0.00061382,-1.1442,-0.09562,4.6028e-07,0.019108,0,68.4044,0.15589,0.54539,483.0221,1455.554
14.9417,10000.9633,0.94937,240.1104,4.5365,0.051395,0.061581,-3.83,90.0072,0.16351,4.4203,2.3143,-16.3736,-28.4305,0.00061382,-1.1442,-0.09562,4.6028e-07,0.019108,0,68.4044,0.15589,0.54556,483.0221,1455.554
14.942,10000.9633,0.94937,240.1104,4.5365,0.051395,0.061581,-3.83,90.0072,0.16351,4.4203,2.3143,-16.3736,-28.4305,0.00061382,-1.1442,-0.09562,4.6028e-07,0.019108,0,68.4044,0.15588,0.54589,483.0221,1455.554
14.9422,10000.9633,0.94937,240.1104,4.5365,0.051395,0.061581,-3.83,90.0072,0.16351,4.4203,2.3143,-16.3736,-28.4305,0.00061382,-1.1442,-0.09562,4.6028e-07,0.019108,0,68.4044,0.15588,0.54627,483.0221,1455.554
14.9422,10000.9633,0.94937,240.1104,4.5365,0.051395,0.061581,-3.83,90.0072,0.16351,4.4203,2.3143,-16.3736,-28.4305,0.00061382,-1.1442,-0.09562,4.6028e-07,0.019108,0,68.4044,0.15588,0.54627,483.0221,1455.554
14.9427,10000.9633,0.94937,240.1104,4.5365,0.051395,0.061581,-3.83,90.0072,0.16351,4.4203,2.3143,-16.3736,-28.4305,0.00061382,-1.1442,-0.09562,4.6028e-07,0.019108,0,68.4044,0.15588,0.54689,483.0221,1455.554
14.9432,10000.9633,0.94937,240.1104,4.5365,0.051395,0.061581,-3.83,90.0072,0.16351,4.4203,2.3143,-16.3736,-28.4305,0.00061382,-1.1442,-0.09562,4.6028e-07,0.019108,0,68.4044,0.15587,0.54749,483.0221,1455.554
14.9442,10000.9633,0.94937,240.1104,4.5365,0.051395,0.061581,-3.83,90.0072,0.16351,4.4203,2.3143,-16.3736,-28.4305,0.00061382,-1.1442,-0.09562,4.6028e-07,0.019108,0,68.4044,0.15587,0.5486,483.0221,1455.554
14.9461,10000.9633,0.94937,240.1104,4.5365,0.051395,0.061581,-3.83,90.0072,0.16351,4.4203,2.3143,-16.3736,-28.4305,0.00061382,-1.1442,-0.09562,4.6028e-07,0.019108,0,68.4044,0.15585,0.55051,483.0221,1455.554
14.9499,10000.9712,0.94634,240.1099,4.5369,0.051802,0.029665,-4.3799,90.0086,0.11769,4.4211,2.1861,-16.3481,-28.6566,0.00053872,0.081638,-0.10609,4.6022e-07,0.019118,0,68.085,0.15587,0.59191,483.022,1455.5535
14.9583,10000.9791,0.94328,240.109,4.5373,0.052128,-0.0068345,-4.345,90.0096,0.066851,4.4219,2.0675,-5.8738,-31.7173,0.00056283,1.5912,-0.11348,4.6015e-07,0.019129,0,68.177,0.15577,0.64027,483.022,1455.5531
14.9666,10000.9869,0.94031,240.1084,4.5378,0.052398,-0.043043,-3.5895,90.0101,0.01247,4.4227,2.0782,7.3635,-35.5086,0.00063973,1.5609,-0.11816,4.6009e-07,0.01914,0,68.3093,0.15563,0.63383,483.022,1455.5527
14.9681,10000.9869,0.94031,240.1084,4.5378,0.052398,-0.043043,-3.5895,90.0101,0.01247,4.4227,2.0782,7.3635,-35.5086,0.00063973,1.5609,-0.11816,4.6009e-07,0.01914,0,68.3093,0.15562,0.62357,483.022,1455.5527
14.9681,10000.9869,0.94031,240.1084,4.5378,0.052398,-0.043043,-3.5895,90.0101,0.01247,4.4227,2.0782,7.3635,-35.5086,0.00063973,1.5609,-0.11816,4.6009e-07,0.01914,0,68.3093,0.15562,0.62357,483.022,1455.5527
14.9749,10000.9948,0.93739,240.108,4.5382,0.052638,-0.072955,-2.8487,90.0102,-0.044148,4.4235,2.0956,6.7968,-35.4512,0.00073502,1.5307,-0.12017,4.6002e-07,0.01915,0,68.442,0.15547,0.62189,483.0219,1455.5522
14.9809,10000.9948,0.93739,240.108,4.5382,0.052638,-0.072955,-2.8487,90.0102,-0.044148,4.4235,2.0956,6.7968,-35.4512,0.00073502,1.5307,-0.12017,4.6002e-07,0.01915,0,68.442,0.15542,0.59399,483.0219,1455.5522
14.9809,10000.9948,0.93739,240.108,4.5382,0.052638,-0.072955,-2.8487,90.0102,-0.044148,4.4235,2.0956,6.7968,-35.4512,0.00073502,1.5307,-0.12017,4.6002e-07,0.01915,0,68.442,0.15542,0.59399,483.0219,1455.5522
14.9833,10001.0026,0.93451,240.1077,4.5387,0.052874,-0.096695,-2.1224,90.0099,-0.10173,4.4243,2.1202,6.3967,-35.3929,0.00082259,1.4993,-0.11355,4.5996e-07,0.019161,0,68.5751,0.15531,0.60736,483.0219,1455.5518
14.9856,10001.0026,0.93451,240.1077,4.5387,0.052874,-0.096695,-2.1224,90.0099,-0.10173,4.4243,2.1202,6.3967,-35.3929,0.00082259,1.4993,-0.11355,4.5996e-07,0.019161,0,68.5751,0.15529,0.59749,483.0219,1455.5518
14.9903,10001.0026,0.93451,240.1077,4.5387,0.052874,-0.096695,-2.1224,90.0099,-0.10173,4.4243,2.1202,6.3967,-35.3929,0.00082259,1.4993,-0.11355,4.5996e-07,0.019161,0,68.5751,0.15526,0.58346,483.0219,1455.5518
14.9916,10001.0103,0.93168,240.1075,4.5391,0.053128,-0.11438,-1.4109,90.009,-0.15613,4.4251,2.1671,6.526,-35.3298,0.00089247,1.4661,-0.094242,4.5991e-07,0.019172,0,68.7085,0.15518,0.59151,483.0219,1455.5513
14.9982,10001.0103,0.93168,240.1075,4.5391,0.053128,-0.11438,-1.4109,90.009,-0.15613,4.4251,2.1671,6.526,-35.3298,0.00089247,1.4661,-0.094242,4.5991e-07,0.019172,0,68.7085,0.15513,0.57626,483.0219,1455.5513
14.9999,10001.0181,0.9289,240.1075,4.5396,0.053423,-0.12614,-0.71448,90.0077,-0.20128,4.4259,2.2466,7.4321,-35.2597,0.00093391,1.4324,-0.069078,4.5987e-07,0.019182,0,68.8423,0.1551,0.5749,483.0219,1455.5509
15.0083,10001.0258,0.92616,240.1076,4.54,0.053772,-0.13209,-0.033176,90.0061,-0.23437,4.4267,2.3416,8.6996,-35.1851,0.00094302,1.3989,-0.041281,4.5983e-07,0.019193,0,68.9765,0.15508,0.55779,483.0218,1455.5505
15.0166,10001.0335,0.92347,240.1079,4.5405,0.054175,-0.13237,0.6332,90.0041,-0.25414,4.4275,2.4441,10.1333,-35.1071,0.00091609,1.3661,-0.012887,4.5981e-07,0.019204,0,69.1111,-1,0.5403,483.0218,1455.55
15.0249,10001.0412,0.92083,240.1083,4.541,0.054622,-0.12709,1.285,90.002,-0.26031,4.4283,2.549,11.6094,-35.0263,0.00085589,1.3341,0.014304,4.5979e-07,0.019214,0,69.045,-1,0.5225,483.0218,1455.5496
15.0333,10001.0489,0.91824,240.1088,4.5414,0.055093,-0.11638,1.9225,89.9998,-0.25345,4.4291,2.6515,13.0185,-34.9434,0.77743,1.3032,0.03908,4.5979e-07,0.019225,0,68.7203,-1,0.50444,483.0218,1455.5492
15.0416,10001.0565,0.84496,240.1001,4.5419,0.42639,-0.10036,2.5462,89.9977,-0.23537,4.4385,-6.1866,14.3057,-77.8837,0.76814,1.2736,0.060572,4.598e-07,0.019236,0,68.3983,-1,1,483.0217,1455.5487
15.0446,10001.0565,0.84496,240.1001,4.5419,0.42639,-0.10036,2.5462,89.9977,-0.23537,4.4385,-6.1866,14.3057,-77.8837,0.76814,1.2736,0.060572,4.598e-07,0.019236,0,68.3983,-1,1,483.0217,1455.5487
15.0446,10001.0565,0.84496,240.1001,4.5419,0.42639,-0.10036,2.5462,89.9977,-0.23537,4.4385,-6.1866,14.3057,-77.8837,0.76814,1.2736,0.060572,4.598e-07,0.019236,0,68.3983,-1,1,483.0217,1455.5487
15.0499,10001.063,0.79567,240.0954,4.5455,0.79328,-0.079146,3.1565,89.9957,-0.20672,4.4481,-5.9129,15.4062,-77.2418,0.76249,1.2452,0.078499,4.5981e-07,0.019246,0,68.0789,-1,1,483.0217,1455.5484
15.0529,10001.063,0.79567,240.0954,4.5455,0.79328,-0.079146,3.1565,89.9957,-0.20672,4.4481,-5.9129,15.4062,-77.2418,0.76249,1.2452,0.078499,4.5981e-07,0.019246,0,68.0789,-1,1,483.0217,1455.5484
15.0529,10001.063,0.79567,240.0954,4.5455,0.79328,-0.079146,3.1565,89.9957,-0.20672,4.4481,-5.9129,15.4062,-77.2418,0.76249,1.2452,0.078499,4.5981e-07,0.019246,0,68.0789,-1,1,483.0217,1455.5484
15.0561,10001.063,0.79567,240.0954,4.5455,0.79328,-0.079146,3.1565,89.9957,-0.20672,4.4481,-5.9129,15.4062,-77.2418,0.76249,1.2452,0.078499,4.5981e-07,0.019246,0,68.0789,-1,0.88205,483.0217,1455.5484
15.0561,10001.063,0.79567,240.0954,4.5455,0.79328,-0.079146,3.1565,89.9957,-0.20672,4.4481,-5.9129,15.4062,-77.2418,0.76249,1.2452,0.078499,4.5981e-07,0.019246,0,68.0789,-1,0.88205,483.0217,1455.5484
15.0583,10001.0695,0.74668,240.0898,4.5521,1.1575,-0.052842,3.754,89.994,-0.16909,4.4607,-5.9175,16.3039,-76.8467,0.75688,1.1957,0.09283,4.5983e-07,0.019257,0,68.2108,-1,1,483.0217,1455.548
15.0605,10001.0695,0.74668,240.0898,4.5521,1.1575,-0.052842,3.754,89.994,-0.16909,4.4607,-5.9175,16.3039,-76.8467,0.75688,1.1957,0.09283,4.5983e-07,0.019257,0,68.2108,-1,1,483.0217,1455.548
15.0623,10001.0695,0.74668,240.0898,4.5521,1.1575,-0.052842,3.754,89.994,-0.16909,4.4607,-5.9175,16.3039,-76.8467,0.75688,1.1957,0.09283,4.5983e-07,0.019257,0,68.2108,-1,1,483.0217,1455.548
15.0623,10001.0695,0.74668,240.0898,4.5521,1.1575,-0.052842,3.754,89.994,-0.16909,4.4607,-5.9175,16.3039,-76.8467,0.75688,1.1957,0.09283,4.5983e-07,0.019257,0,68.2108,-1,1,483.0217,1455.548
15.0666,10001.0755,0.69828,240.0845,4.5617,1.519,-0.021559,4.3284,89.9926,-0.12414,4.4763,-5.8129,16.7918,-76.4106,0.75128,0.2003,0.10366,4.5986e-07,0.019268,0,68.3431,-1,1,483.0217,1455.5477
15.0707,10001.0755,0.69828,240.0845,4.5617,1.519,-0.021559,4.3284,89.9926,-0.12414,4.4763,-5.8129,16.7918,-76.4106,0.75128,0.2003,0.10366,4.5986e-07,0.019268,0,68.3431,-1,1,483.0217,1455.5477
15.0707,10001.0755,0.69828,240.0845,4.5617,1.519,-0.021559,4.3284,89.9926,-0.12414,4.4763,-5.8129,16.7918,-76.4106,0.75128,0.2003,0.10366,4.5986e-07,0.019268,0,68.3431,-1,1,483.0217,1455.5477
15.0749,10001.0812,0.65054,240.0794,4.5744,1.8777,0.014511,4.4281,89.9916,-0.073443,4.4948,-5.7209,8.4654,-73.6328,0.74571,-1.4561,0.11154,4.5989e-07,0.019278,0,68.4758,-1,1,483.0216,1455.5473
15.0789,10001.0812,0.65054,240.0794,4.5744,1.8777,0.014511,4.4281,89.9916,-0.073443,4.4948,-5.7209,8.4654,-73.6328,0.74571,-1.4561,0.11154,4.5989e-07,0.019278,0,68.4758,-1,1,483.0216,1455.5473
15.0789,10001.0812,0.65054,240.0794,4.5744,1.8777,0.014511,4.4281,89.9916,-0.073443,4.4948,-5.7209,8.4654,-73.6328,0.74571,-1.4561,0.11154,4.5989e-07,0.019278,0,68.4758,-1,1,483.0216,1455.5473
15.0833,10001.0864,0.60358,240.0745,4.5901,2.2338,0.051413,3.7372,89.991,-0.01849,4.5162,-5.6381,-6.0829,-69.2336,0.74013,-1.5667,0.11699,4.5992e-07,0.019289,0,68.6088,-0.76622,1,483.0216,1455.547
15.0844,10001.0864,0.60358,240.0745,4.5901,2.2338,0.051413,3.7372,89.991,-0.01849,4.5162,-5.6381,-6.0829,-69.2336,0.74013,-1.5667,0.11699,4.5992e-07,0.019289,0,68.6088,-0.76622,1,483.0216,1455.547
15.0844,10001.0864,0.60358,240.0745,4.5901,2.2338,0.051413,3.7372,89.991,-0.01849,4.5162,-5.6381,-6.0829,-69.2336,0.74013,-1.5667,0.11699,4.5992e-07,0.019289,0,68.6088,-0.76622,1,483.0216,1455.547
15.0871,10001.0864,0.60358,240.0745,4.5901,2.2338,0.051413,3.7372,89.991,-0.01849,4.5162,-5.6381,-6.0829,-69.2336,0.74013,-1.5667,0.11699,4.5992e-07,0.019289,0,68.6088,-0.76622,1,483.0216,1455.547
15.0871,10001.0864,0.60358,240.0745,4.5901,2.2338,0.051413,3.7372,89.991,-0.01849,4.5162,-5.6381,-6.0829,-69.2336,0.74013,-1.5667,0.11699,4.5992e-07,0.019289,0,68.6088,-0.76622,1,483.0216,1455.547
15.0898,10001.0864,0.60358,240.0745,4.5901,2.2338,0.051413,3.7372,89.991,-0.01849,4.5162,-5.6381,-6.0829,-69.2336,0.74013,-1.5667,0.11699,4.5992e-07,0.019289,0,68.6088,-0.76622,0.89966,483.0216,1455.547
15.0916,10001.0912,0.55749,240.0696,4.6087,2.5871,0.082556,2.9938,89.9908,0.039271,4.5405,-5.5633,-6.7649,-68.7113,0.73453,-1.5365,0.12015,4.5995e-07,0.0193,0,68.7423,-0.41291,1,483.0216,1455.5468
15.0953,10001.0912,0.55749,240.0696,4.6087,2.5871,0.082556,2.9938,89.9908,0.039271,4.5405,-5.5633,-6.7649,-68.7113,0.73453,-1.5365,0.12015,4.5995e-07,0.0193,0,68.7423,-0.41291,1,483.0216,1455.5468
15.0953,10001.0912,0.55749,240.0696,4.6087,2.5871,0.082556,2.9938,89.9908,0.039271,4.5405,-5.5633,-6.7649,-68.7113,0.73453,-1.5365,0.12015,4.5995e-07,0.0193,0,68.7423,-0.41291,1,483.0216,1455.5468
15.0973,10001.0912,0.55749,240.0696,4.6087,2.5871,0.082556,2.9938,89.9908,0.039271,4.5405,-5.5633,-6.7649,-68.7113,0.73453,-1.5365,0.12015,4.5995e-07,0.0193,0,68.7423,-0.41291,0.922,483.0216,1455.5468
15.0973,10001.0912,0.55749,240.0696,4.6087,2.5871,0.082556,2.9938,89.9908,0.039271,4.5405,-5.5633,-6.7649,-68.7113,0.73453,-1.5365,0.12015,4.5995e-07,0.0193,0,68.7423,-0.41291,0.922,483.0216,1455.5468
15.0994,10001.0912,0.55749,240.0696,4.6087,2.5871,0.082556,2.9938,89.9908,0.039271,4.5405,-5.5633,-6.7649,-68.7113,0.73453,-1.5365,0.12015,4.5995e-07,0.0193,0,68.7423,-0.41291,0.85839,483.0216,1455.5468
15.0999,10001.0957,0.51241,240.0649,4.6303,2.9377,0.10751,2.265,89.9912,0.098615,4.5675,-5.4958,-6.3205,-68.5492,0.5656,-1.5055,0.11612,4.5997e-07,0.019311,0,68.8761,-0.062322,1,483.0216,1455.5465
15.1026,10001.0957,0.51241,240.0649,4.6303,2.9377,0.10751,2.265,89.9912,0.098615,4.5675,-5.4958,-6.3205,-68.5492,0.5656,-1.5055,0.11612,4.5997e-07,0.019311,0,68.8761,-0.062322,1,483.0216,1455.5465
15.1034,10001.0957,0.51241,240.0649,4.6303,2.9377,0.10751,2.265,89.9912,0.098615,4.5675,-5.4958,-6.3205,-68.5492,0.5656,-1.5055,0.11612,4.5997e-07,0.019311,0,68.8761,-0.062322,1,483.0216,1455.5465
15.1034,10001.0957,0.51241,240.0649,4.6303,2.9377,0.10751,2.265,89.9912,0.098615,4.5675,-5.4958,-6.3205,-68.5492,0.5656,-1.5055,0.11612,4.5997e-07,0.019311,0,68.8761,-0.062322,1,483.0216,1455.5465
15.1083,10001.0998,0.48321,240.0626,4.6548,3.2076,0.12638,1.5509,89.992,0.15581,4.5956,-3.5141,-6.3278,-59.3431,0.31506,-1.4726,0.099112,4.5999e-07,0.019321,0,69.0102,0.20758,1,483.0216,1455.5463
15.1083,10001.0998,0.48321,240.0626,4.6548,3.2076,0.12638,1.5509,89.992,0.15581,4.5956,-3.5141,-6.3278,-59.3431,0.31506,-1.4726,0.099112,4.5999e-07,0.019321,0,69.0102,0.20758,1,483.0216,1455.5463
15.1083,10001.0998,0.48321,240.0626,4.6548,3.2076,0.12638,1.5509,89.992,0.15581,4.5956,-3.5141,-6.3278,-59.3431,0.31506,-1.4726,0.099112,4.5999e-07,0.019321,0,69.0102,0.20758,1,483.0216,1455.5463
15.1132,10001.0998,0.48321,240.0626,4.6548,3.2076,0.12638,1.5509,89.992,0.15581,4.5956,-3.5141,-6.3278,-59.3431,0.31506,-1.4726,0.099112,4.5999e-07,0.019321,0,69.0102,0.20758,0.83883,483.0216,1455.5463
15.1166,10001.1037,0.47254,240.0627,4.6815,3.3579,0.13931,0.85186,89.9933,0.20439,4.6236,-0.62868,-7.1353,-45.6367,0.068567,-1.439,0.075229,4.6e-07,0.019332,0,69.1448,0.35786,0.75349,483.0216,1455.5461
15.1249,10001.1077,0.47769,240.0649,4.7095,3.3905,0.14641,0.16788,89.995,0.24094,4.651,2.1869,-8.3683,-32.1739,-0.079376,-1.4055,0.048095,4.5999e-07,0.019343,0,69.2797,0.39048,0.50495,483.0215,1455.5458
15.1333,10001.1117,0.49023,240.0647,4.7378,3.3525,0.1478,-0.5012,89.997,0.26397,4.6777,3.3924,-9.8025,-24.2488,-0.15431,-1.3725,0.019795,4.5998e-07,0.019353,0,69.4149,0.35251,0.55649,483.0215,1455.5456
15.1416,10001.1159,0.5063,240.0637,4.7657,3.2788,0.14363,-1.1556,89.9992,0.27304,4.7037,3.8924,-11.3091,-20.3525,-0.16983,-1.3402,-0.0078245,4.5995e-07,0.019364,0,69.0895,0.27883,0.63842,483.0215,1455.5454
15.1499,10001.1202,0.52242,240.0621,4.793,3.1978,0.134,-1.7958,90.0015,0.26856,4.7291,3.8424,-12.7759,-19.7076,-0.14996,-1.309,-0.03346,4.5991e-07,0.019375,0,68.9544,0.1978,0.72243,483.0215,1455.5451
15.1583,10001.1246,0.53724,240.0612,4.8197,3.1263,0.11903,-2.4221,90.0037,0.25155,4.7539,3.6823,-14.1244,-20.993,-0.1124,-1.279,-0.05629,4.5985e-07,0.019385,0,69.0893,0.12631,0.70599,483.0215,1455.5449
15.1666,10001.1291,0.55016,240.0609,4.8458,3.0728,0.09885,-3.035,90.0058,0.22339,4.7784,3.4075,-15.3056,-23.2374,-0.071464,-1.2502,-0.075853,4.5979e-07,0.019396,0,69.2246,0.072776,0.65636,483.0215,1455.5446
15.169,10001.1291,0.55016,240.0609,4.8458,3.0728,0.09885,-3.035,90.0058,0.22339,4.7784,3.4075,-15.3056,-23.2374,-0.071464,-1.2502,-0.075853,4.5979e-07,0.019396,0,69.2246,0.072776,0.64043,483.0215,1455.5446
15.169,10001.1291,0.55016,240.0609,4.8458,3.0728,0.09885,-3.035,90.0058,0.22339,4.7784,3.4075,-15.3056,-23.2374,-0.071464,-1.2502,-0.075853,4.5979e-07,0.019396,0,69.2246,0.072776,0.64043,483.0215,1455.5446
15.1749,10001.1338,0.56136,240.0611,4.8714,3.0388,0.073559,-3.635,90.0077,0.18565,4.8027,3.1201,-16.2925,-25.6554,-0.035613,-1.2227,-0.09199,4.5971e-07,0.019407,0,69.3602,0.038799,0.59324,483.0215,1455.5444
15.1806,10001.1338,0.56136,240.0611,4.8714,3.0388,0.073559,-3.635,90.0077,0.18565,4.8027,3.1201,-16.2925,-25.6554,-0.035613,-1.2227,-0.09199,4.5971e-07,0.019407,0,69.3602,0.038799,0.58759,483.0215,1455.5444
15.1806,10001.1338,0.56136,240.0611,4.8714,3.0388,0.073559,-3.635,90.0077,0.18565,4.8027,3.1201,-16.2925,-25.6554,-0.035613,-1.2227,-0.09199,4.5971e-07,0.019407,0,69.3602,0.038799,0.58759,483.0215,1455.5444
15.1833,10001.1385,0.57141,240.0619,4.8967,3.0219,0.043267,-4.2226,90.0092,0.13995,4.8268,2.8784,-17.0757,-27.7849,-0.0089997,-0.6223,-0.10476,4.5962e-07,0.019417,0,69.4961,0.021926,0.53067,483.0214,1455.5441
15.1859,10001.1385,0.57141,240.0619,4.8967,3.0219,0.043267,-4.2226,90.0092,0.13995,4.8268,2.8784,-17.0757,-27.7849,-0.0089997,-0.6223,-0.10476,4.5962e-07,0.019417,0,69.4961,0.021926,0.54213,483.0214,1455.5441
15.1894,10001.1385,0.57141,240.0619,4.8967,3.0219,0.043267,-4.2226,90.0092,0.13995,4.8268,2.8784,-17.0757,-27.7849,-0.0089997,-0.6223,-0.10476,4.5962e-07,0.019417,0,69.4961,0.021926,0.55317,483.0214,1455.5441
15.1894,10001.1385,0.57141,240.0619,4.8967,3.0219,0.043267,-4.2226,90.0092,0.13995,4.8268,2.8784,-17.0757,-27.7849,-0.0089997,-0.6223,-0.10476,4.5962e-07,0.019417,0,69.4961,0.021926,0.55317,483.0214,1455.5441
15.1916,10001.1433,0.581,240.0631,4.9219,3.0177,0.0080778,-4.5242,90.0104,0.087895,4.8508,2.7095,-12.436,-30.841,0.0076591,1.09,-0.11449,4.5953e-07,0.019428,0,69.6325,0.017721,0.47709,483.0214,1455.5438
15.1938,10001.1433,0.581,240.0631,4.9219,3.0177,0.0080778,-4.5242,90.0104,0.087895,4.8508,2.7095,-12.436,-30.841,0.0076591,1.09,-0.11449,4.5953e-07,0.019428,0,69.6325,0.017721,0.49716,483.0214,1455.5438
15.1982,10001.1433,0.581,240.0631,4.9219,3.0177,0.0080778,-4.5242,90.0104,0.087895,4.8508,2.7095,-12.436,-30.841,0.0076591,1.09,-0.11449,4.5953e-07,0.019428,0,69.6325,0.017721,0.52621,483.0214,1455.5438
15.1999,10001.1482,0.59078,240.0645,4.9471,3.0214,-0.029624,-4.0086,90.0111,0.031039,4.8748,2.6169,2.5262,-36.1478,0.015632,1.5788,-0.12179,4.5943e-07,0.019439,0,69.3045,0.021406,0.43517,483.0214,1455.5436
15.2007,10001.1482,0.59078,240.0645,4.9471,3.0214,-0.029624,-4.0086,90.0111,0.031039,4.8748,2.6169,2.5262,-36.1478,0.015632,1.5788,-0.12179,4.5943e-07,0.019439,0,69.3045,0.021406,0.44571,483.0214,1455.5436
15.2007,10001.1482,0.59078,240.0645,4.9471,3.0214,-0.029624,-4.0086,90.0111,0.031039,4.8748,2.6169,2.5262,-36.1478,0.015632,1.5788,-0.12179,4.5943e-07,0.019439,0,69.3045,0.021406,0.44571,483.0214,1455.5436
15.2083,10001.1531,0.60109,240.0652,4.9723,3.0288,-0.063029,-3.26,90.0113,-0.029102,4.8987,2.4569,6.5487,-37.9225,0.017188,1.5487,-0.12672,4.5934e-07,0.019449,0,68.9791,0.028824,0.4661,483.0214,1455.5433
15.2135,10001.1531,0.60109,240.0652,4.9723,3.0288,-0.063029,-3.26,90.0113,-0.029102,4.8987,2.4569,6.5487,-37.9225,0.017188,1.5487,-0.12672,4.5934e-07,0.019449,0,68.9791,0.028824,0.51178,483.0214,1455.5433
15.2135,10001.1531,0.60109,240.0652,4.9723,3.0288,-0.063029,-3.26,90.0113,-0.029102,4.8987,2.4569,6.5487,-37.9225,0.017188,1.5487,-0.12672,4.5934e-07,0.019449,0,68.9791,0.028824,0.51178,483.0214,1455.5433
15.2166,10001.1582,0.61231,240.0654,4.9975,3.0369,-0.090196,-2.526,90.0111,-0.09129,4.9225,2.3508,6.0106,-38.0458,0.014765,1.5182,-0.12614,4.5925e-07,0.01946,0,68.6562,0.036921,0.51165,483.0214,1455.543
15.2197,10001.1582,0.61231,240.0654,4.9975,3.0369,-0.090196,-2.526,90.0111,-0.09129,4.9225,2.3508,6.0106,-38.0458,0.014765,1.5182,-0.12614,4.5925e-07,0.01946,0,68.6562,0.036921,0.52907,483.0214,1455.543
15.2249,10001.1633,0.6246,240.0652,5.0228,3.0438,-0.11125,-1.8065,90.0103,-0.15288,4.9464,2.2892,5.8118,-37.9478,0.010473,1.4856,-0.11208,4.5916e-07,0.019471,0,68.336,0.04382,0.56527,483.0213,1455.5427
15.2333,10001.1686,0.63803,240.0645,5.0482,3.0487,-0.1263,-1.1021,90.009,-0.20742,4.9701,2.2772,6.4362,-37.7408,0.0058495,1.4518,-0.088381,4.5909e-07,0.019481,0,68.0186,0.048662,0.62259,483.0213,1455.5424
15.2416,10001.174,0.65256,240.0633,5.0736,3.0513,-0.13549,-0.4128,90.0073,-0.25029,4.9937,2.2943,7.6506,-37.5109,0.0018666,1.4178,-0.060118,4.5902e-07,0.019492,0,68.1497,0.051322,0.68068,483.0213,1455.5421
15.2499,10001.1795,0.66824,240.0624,5.0991,3.0521,-0.13893,0.26144,90.0052,-0.2793,5.0172,2.4387,9.1474,-37.3137,-0.0010626,1.3841,-0.029897,4.5897e-07,0.019503,0,68.2812,0.052129,0.68398,483.0213,1455.5418
15.2583,10001.1851,0.68496,240.0617,5.1245,3.0516,-0.13675,0.92089,90.0029,-0.29353,5.0406,2.581,10.7682,-37.1728,-0.0028824,1.3511,0.00017823,4.5893e-07,0.019513,0,68.413,0.051598,0.68053,483.0213,1455.5415
15.2666,10001.1909,0.70264,240.0609,5.1499,3.0503,-0.12907,1.5659,90.0004,-0.29304,5.0639,2.7156,12.3852,-37.0917,-0.0037576,1.3192,0.028477,4.589e-07,0.019524,0,68.5453,0.050261,0.67313,483.0212,1455.5412
15.2749,10001.1968,0.72122,240.0603,5.1754,3.0486,-0.11603,2.1969,89.998,-0.2787,5.0871,2.8397,13.8992,-37.0618,-0.0039459,1.2884,0.053948,4.5888e-07,0.019535,0,68.6779,0.052192,0.66319,483.0212,1455.5408
15.2833,10001.2029,0.74066,240.0598,5.2008,3.0468,-0.097718,2.8144,89.9957,-0.25187,5.1101,2.9521,15.2464,-37.0691,-0.0037118,1.259,0.075986,4.5887e-07,0.019545,0,68.8109,0.055524,0.65155,483.0212,1455.5405
15.2916,10001.2092,0.76095,240.0594,5.2262,3.0452,-0.074265,3.4188,89.9936,-0.2142,5.1331,3.0532,16.3898,-37.0992,-0.0051046,1.2308,0.09433,4.5888e-07,0.019556,0,68.9443,0.058364,0.63882,483.0212,1455.5401
15.2927,10001.2092,0.76095,240.0594,5.2262,3.0452,-0.074265,3.4188,89.9936,-0.2142,5.1331,3.0532,16.3898,-37.0992,-0.0051046,1.2308,0.09433,4.5888e-07,0.019556,0,68.9443,0.058283,0.63262,483.0212,1455.5401
15.2927,10001.2092,0.76095,240.0594,5.2262,3.0452,-0.074265,3.4188,89.9936,-0.2142,5.1331,3.0532,16.3898,-37.0992,-0.0051046,1.2308,0.09433,4.5888e-07,0.019556,0,68.9443,0.058283,0.63262,483.0212,1455.5401
15.2997,10001.2092,0.76095,240.0594,5.2262,3.0452,-0.074265,3.4188,89.9936,-0.2142,5.1331,3.0532,16.3898,-37.0992,-0.0051046,1.2308,0.09433,4.5888e-07,0.019556,0,68.9443,0.05777,0.60606,483.0212,1455.5401
15.2997,10001.2092,0.76095,240.0594,5.2262,3.0452,-0.074265,3.4188,89.9936,-0.2142,5.1331,3.0532,16.3898,-37.0992,-0.0051046,1.2308,0.09433,4.5888e-07,0.019556,0,68.9443,0.05777,0.60606,483.0212,1455.5401
15.2999,10001.2156,0.78224,240.0591,5.2516,3.0429,-0.045774,4.0107,89.9918,-0.16746,5.1558,3.1577,17.3135,-37.0397,-0.0071459,1.0334,0.10899,4.5889e-07,0.019567,0,69.0781,0.060531,0.62725,483.0212,1455.5398
15.3002,10001.2156,0.78224,240.0591,5.2516,3.0429,-0.045774,4.0107,89.9918,-0.16746,5.1558,3.1577,17.3135,-37.0397,-0.0071459,1.0334,0.10899,4.5889e-07,0.019567,0,69.0781,0.06051,0.62592,483.0212,1455.5398
15.3008,10001.2156,0.78224,240.0591,5.2516,3.0429,-0.045774,4.0107,89.9918,-0.16746,5.1558,3.1577,17.3135,-37.0397,-0.0071459,1.0334,0.10899,4.5889e-07,0.019567,0,69.0781,0.060468,0.62337,483.0212,1455.5398
15.3019,10001.2156,0.78224,240.0591,5.2516,3.0429,-0.045774,4.0107,89.9918,-0.16746,5.1558,3.1577,17.3135,-37.0397,-0.0071459,1.0334,0.10899,4.5889e-07,0.019567,0,69.0781,0.060384,0.61867,483.0212,1455.5398
15.3027,10001.2156,0.78224,240.0591,5.2516,3.0429,-0.045774,4.0107,89.9918,-0.16746,5.1558,3.1577,17.3135,-37.0397,-0.0071459,1.0334,0.10899,4.5889e-07,0.019567,0,69.0781,0.06033,0.61591,483.0212,1455.5398
15.3027,10001.2156,0.78224,240.0591,5.2516,3.0429,-0.045774,4.0107,89.9918,-0.16746,5.1558,3.1577,17.3135,-37.0397,-0.0071459,1.0334,0.10899,4.5889e-07,0.019567,0,69.0781,0.06033,0.61591,483.0212,1455.5398
15.3049,10001.2156,0.78224,240.0591,5.2516,3.0429,-0.045774,4.0107,89.9918,-0.16746,5.1558,3.1577,17.3135,-37.0397,-0.0071459,1.0334,0.10899,4.5889e-07,0.019567,0,69.0781,0.060163,0.60854,483.0212,1455.5398
15.3072,10001.2156,0.78224,240.0591,5.2516,3.0429,-0.045774,4.0107,89.9918,-0.16746,5.1558,3.1577,17.3135,-37.0397,-0.0071459,1.0334,0.10899,4.5889e-07,0.019567,0,69.0781,0.059995,0.60266,483.0212,1455.5398
15.3083,10001.2222,0.80455,240.0589,5.2769,3.0396,-0.012352,4.509,89.9904,-0.11342,5.1785,3.2559,16.4652,-36.5202,-0.0088892,-0.40945,0.12021,4.5891e-07,0.019577,0,69.2122,0.061686,0.61729,483.0211,1455.5394
15.3136,10001.2222,0.80455,240.0589,5.2769,3.0396,-0.012352,4.509,89.9904,-0.11342,5.1785,3.2559,16.4652,-36.5202,-0.0088892,-0.40945,0.12021,4.5891e-07,0.019577,0,69.2122,0.061293,0.60172,483.0211,1455.5394
15.3166,10001.229,0.82783,240.0587,5.3023,3.0354,0.025224,4.319,89.9895,-0.05379,5.201,3.3444,4.0543,-32.9174,-0.010244,-1.5929,0.12857,4.5893e-07,0.019588,0,69.3467,0.061945,0.60731,483.0211,1455.539
15.3166,10001.229,0.82783,240.0587,5.3023,3.0354,0.025224,4.319,89.9895,-0.05379,5.201,3.3444,4.0543,-32.9174,-0.010244,-1.5929,0.12857,4.5893e-07,0.019588,0,69.3467,0.061941,0.60719,483.0211,1455.539
15.3166,10001.229,0.82783,240.0587,5.3023,3.0354,0.025224,4.319,89.9895,-0.05379,5.201,3.3444,4.0543,-32.9174,-0.010244,-1.5929,0.12857,4.5893e-07,0.019588,0,69.3467,0.061941,0.60719,483.0211,1455.539
15.3249,10001.236,0.85204,240.0586,5.3276,3.0305,0.061216,3.5643,89.9891,0.0097665,5.2233,3.4242,-6.2168,-29.9963,-0.011084,-1.5628,0.13441,4.5896e-07,0.019599,0,69.4816,0.06147,0.59685,483.0211,1455.5386
15.3293,10001.236,0.85204,240.0586,5.3276,3.0305,0.061216,3.5643,89.9891,0.0097665,5.2233,3.4242,-6.2168,-29.9963,-0.011084,-1.5628,0.13441,4.5896e-07,0.019599,0,69.4816,0.061147,0.59071,483.0211,1455.5386
15.3293,10001.236,0.85204,240.0586,5.3276,3.0305,0.061216,3.5643,89.9891,0.0097665,5.2233,3.4242,-6.2168,-29.9963,-0.011084,-1.5628,0.13441,4.5896e-07,0.019599,0,69.4816,0.061147,0.59071,483.0211,1455.5386
15.3333,10001.2432,0.87714,240.0587,5.3529,3.0251,0.090919,2.8243,89.9891,0.075791,5.2455,3.4945,-5.6297,-30.1348,-0.011494,-1.5325,0.1368,4.5897e-07,0.019609,0,69.6168,0.060512,0.58558,483.0211,1455.5382
15.3372,10001.2432,0.87714,240.0587,5.3529,3.0251,0.090919,2.8243,89.9891,0.075791,5.2455,3.4945,-5.6297,-30.1348,-0.011494,-1.5325,0.1368,4.5897e-07,0.019609,0,69.6168,0.060223,0.5836,483.0211,1455.5382
15.3416,10001.2506,0.90311,240.0588,5.3781,3.0194,0.11446,2.0989,89.9898,0.14263,5.2675,3.5536,-5.2542,-30.2949,-0.011561,-1.5005,0.12763,4.5899e-07,0.01962,0,69.7524,0.059296,0.57344,483.021,1455.5378
15.3499,10001.2583,0.92992,240.059,5.4032,3.0137,0.13195,1.3884,89.991,0.20476,5.2894,3.5821,-5.5831,-30.4759,-0.011415,-1.4666,0.10491,4.5899e-07,0.019631,0,69.8883,0.058017,0.56048,483.021,1455.5373
15.3583,10001.2661,0.95754,240.0594,5.4284,3.0081,0.14352,0.69302,89.9927,0.25568,5.3111,3.5758,-6.7376,-30.6714,-0.011168,-1.4322,0.075884,4.5898e-07,0.019641,0,70.0246,0.056817,0.54682,483.021,1455.5369
15.3666,10001.2742,0.98598,240.0598,5.4534,3.0026,0.14929,0.01281,89.9948,0.29238,5.3327,3.5538,-8.2788,-30.8714,-0.010932,-1.3979,0.043919,4.5896e-07,0.019652,0,69.6967,0.055773,0.53261,483.021,1455.5364
15.3749,10001.2826,1.0151,240.0598,5.4785,2.9974,0.1494,-0.65248,89.9972,0.31345,5.3542,3.4293,-10.002,-31.0676,-0.01076,-1.3641,0.011331,4.5892e-07,0.019663,0,69.3704,0.054899,0.56176,483.0209,1455.536
15.3833,10001.2912,1.0449,240.0592,5.5035,2.9922,0.14396,-1.3032,89.9999,0.3186,5.3756,3.267,-11.7665,-31.2556,-0.010669,-1.3314,-0.019869,4.5887e-07,0.019674,0,69.0466,0.05417,0.61226,483.0209,1455.5355
15.3916,10001.3,1.0754,240.0582,5.5284,2.9872,0.1331,-1.9397,90.0025,0.3085,5.3968,3.1114,-13.4506,-31.4332,-0.010626,-1.2998,-0.04834,4.5881e-07,0.019684,0,69.1804,0.053544,0.66542,483.0209,1455.535
15.3999,10001.3091,1.1068,240.0575,5.5533,2.9823,0.11694,-2.5625,90.0051,0.28447,5.4179,3.0912,-14.9726,-31.6017,-0.010631,-1.2695,-0.073278,4.5873e-07,0.019695,0,69.3145,0.052982,0.66188,483.0208,1455.5345
15.4083,10001.3184,1.139,240.057,5.5782,2.9774,0.095586,-3.172,90.0074,0.24821,5.4388,3.0802,-16.2838,-31.7607,-0.010663,-1.2407,-0.094282,4.5865e-07,0.019706,0,69.4491,0.05244,0.65296,483.0208,1455.534
15.4104,10001.3184,1.139,240.057,5.5782,2.9774,0.095586,-3.172,90.0074,0.24821,5.4388,3.0802,-16.2838,-31.7607,-0.010663,-1.2407,-0.094282,4.5865e-07,0.019706,0,69.4491,0.052288,0.63897,483.0208,1455.534
15.4104,10001.3184,1.139,240.057,5.5782,2.9774,0.095586,-3.172,90.0074,0.24821,5.4388,3.0802,-16.2838,-31.7607,-0.010663,-1.2407,-0.094282,4.5865e-07,0.019706,0,69.4491,0.052288,0.63897,483.0208,1455.534
15.4166,10001.3281,1.172,240.0566,5.603,2.9725,0.069153,-3.7688,90.0095,0.2016,5.4596,3.0793,-17.3599,-31.9109,-0.010693,-1.1761,-0.11127,4.5854e-07,0.019716,0,69.584,0.051881,0.64161,483.0208,1455.5334
15.4228,10001.3281,1.172,240.0566,5.603,2.9725,0.069153,-3.7688,90.0095,0.2016,5.4596,3.0793,-17.3599,-31.9109,-0.010693,-1.1761,-0.11127,4.5854e-07,0.019716,0,69.584,0.051432,0.61285,483.0208,1455.5334
15.4231,10001.3281,1.172,240.0566,5.603,2.9725,0.069153,-3.7688,90.0095,0.2016,5.4596,3.0793,-17.3599,-31.9109,-0.010693,-1.1761,-0.11127,4.5854e-07,0.019716,0,69.584,0.051412,0.61193,483.0208,1455.5334
15.4231,10001.3281,1.172,240.0566,5.603,2.9725,0.069153,-3.7688,90.0095,0.2016,5.4596,3.0793,-17.3599,-31.9109,-0.010693,-1.1761,-0.11127,4.5854e-07,0.019716,0,69.584,0.051412,0.61193,483.0208,1455.5334
15.4249,10001.338,1.2058,240.0562,5.6278,2.9675,0.037746,-4.3357,90.0112,0.14659,5.4802,3.0873,-17.8583,-32.1473,-0.010695,-0.47088,-0.12441,4.5843e-07,0.019727,0,69.7193,0.051276,0.62956,483.0207,1455.5329
15.4268,10001.338,1.2058,240.0562,5.6278,2.9675,0.037746,-4.3357,90.0112,0.14659,5.4802,3.0873,-17.8583,-32.1473,-0.010695,-0.47088,-0.12441,4.5843e-07,0.019727,0,69.7193,0.051145,0.62122,483.0207,1455.5329
15.4304,10001.338,1.2058,240.0562,5.6278,2.9675,0.037746,-4.3357,90.0112,0.14659,5.4802,3.0873,-17.8583,-32.1473,-0.010695,-0.47088,-0.12441,4.5843e-07,0.019727,0,69.7193,0.050882,0.60849,483.0207,1455.5329
15.4328,10001.338,1.2058,240.0562,5.6278,2.9675,0.037746,-4.3357,90.0112,0.14659,5.4802,3.0873,-17.8583,-32.1473,-0.010695,-0.47088,-0.12441,4.5843e-07,0.019727,0,69.7193,0.050715,0.60248,483.0207,1455.5329
15.4328,10001.338,1.2058,240.0562,5.6278,2.9675,0.037746,-4.3357,90.0112,0.14659,5.4802,3.0873,-17.8583,-32.1473,-0.010695,-0.47088,-0.12441,4.5843e-07,0.019727,0,69.7193,0.050715,0.60248,483.0207,1455.5329
15.4333,10001.3482,1.2403,240.056,5.6525,2.9625,0.0016148,-4.5665,90.0124,0.085027,5.5007,3.1029,-12.2856,-33.9913,-0.010649,1.4529,-0.13413,4.5832e-07,0.019738,0,69.8549,0.050612,0.61736,483.0207,1455.5323
15.4338,10001.3482,1.2403,240.056,5.6525,2.9625,0.0016148,-4.5665,90.0124,0.085027,5.5007,3.1029,-12.2856,-33.9913,-0.010649,1.4529,-0.13413,4.5832e-07,0.019738,0,69.8549,0.050575,0.61545,483.0207,1455.5323
15.4348,10001.3482,1.2403,240.056,5.6525,2.9625,0.0016148,-4.5665,90.0124,0.085027,5.5007,3.1029,-12.2856,-33.9913,-0.010649,1.4529,-0.13413,4.5832e-07,0.019738,0,69.8549,0.0505,0.61192,483.0207,1455.5323
15.4369,10001.3482,1.2403,240.056,5.6525,2.9625,0.0016148,-4.5665,90.0124,0.085027,5.5007,3.1029,-12.2856,-33.9913,-0.010649,1.4529,-0.13413,4.5832e-07,0.019738,0,69.8549,0.050351,0.60587,483.0207,1455.5323
15.4411,10001.3482,1.2403,240.056,5.6525,2.9625,0.0016148,-4.5665,90.0124,0.085027,5.5007,3.1029,-12.2856,-33.9913,-0.010649,1.4529,-0.13413,4.5832e-07,0.019738,0,69.8549,0.050053,0.59694,483.0207,1455.5323
15.4416,10001.3587,1.2757,240.0559,5.6772,2.9574,-0.03644,-3.8793,90.0131,0.018704,5.5211,3.1244,4.6057,-38.9045,-0.010558,1.5771,-0.14114,4.582e-07,0.019748,0,69.9909,0.049884,0.60485,483.0207,1455.5317
15.4443,10001.3587,1.2757,240.0559,5.6772,2.9574,-0.03644,-3.8793,90.0131,0.018704,5.5211,3.1244,4.6057,-38.9045,-0.010558,1.5771,-0.14114,4.582e-07,0.019748,0,69.9909,0.04969,0.59886,483.0207,1455.5317
15.4446,10001.3587,1.2757,240.0559,5.6772,2.9574,-0.03644,-3.8793,90.0131,0.018704,5.5211,3.1244,4.6057,-38.9045,-0.010558,1.5771,-0.14114,4.582e-07,0.019748,0,69.9909,0.049667,0.59825,483.0207,1455.5317
15.4446,10001.3587,1.2757,240.0559,5.6772,2.9574,-0.03644,-3.8793,90.0131,0.018704,5.5211,3.1244,4.6057,-38.9045,-0.010558,1.5771,-0.14114,4.582e-07,0.019748,0,69.9909,0.049667,0.59825,483.0207,1455.5317
15.4499,10001.3694,1.3118,240.0559,5.7019,2.9523,-0.068768,-3.1332,90.0132,-0.050685,5.5413,3.1525,5.3389,-39.3208,-0.010463,1.5469,-0.14521,4.5808e-07,0.019759,0,70.1272,0.049107,0.59204,483.0206,1455.5311
15.4552,10001.3694,1.3118,240.0559,5.7019,2.9523,-0.068768,-3.1332,90.0132,-0.050685,5.5413,3.1525,5.3389,-39.3208,-0.010463,1.5469,-0.14521,4.5808e-07,0.019759,0,70.1272,0.048728,0.5869,483.0206,1455.5311
15.4583,10001.3805,1.3488,240.0559,5.7265,2.9472,-0.094879,-2.4017,90.0128,-0.12171,5.5614,3.1886,4.8528,-39.3489,-0.010365,1.5159,-0.1423,4.5797e-07,0.01977,0,70.2638,0.0483,0.57889,483.0206,1455.5305
15.4666,10001.3919,1.3864,240.0561,5.7511,2.942,-0.11489,-1.6849,90.0118,-0.19102,5.5813,3.2427,4.7945,-39.373,-0.010274,1.4822,-0.12243,4.5787e-07,0.01978,0,70.4008,0.047491,0.56537,483.0205,1455.5298
15.4749,10001.4036,1.4249,240.0564,5.7756,2.937,-0.12894,-0.98332,90.0102,-0.2505,5.6012,3.3401,5.7706,-39.3884,-0.010199,1.4474,-0.093519,4.5777e-07,0.019791,0,70.522,0.04672,0.5515,483.0205,1455.5291
15.4833,10001.4157,1.4641,240.0569,5.8001,2.9319,-0.13713,-0.29691,90.0081,-0.2958,5.6209,3.461,7.3011,-39.3981,-0.010177,1.4126,-0.060394,4.5768e-07,0.019802,0,70.1916,0.046012,0.53728,483.0204,1455.5285
15.4916,10001.428,1.5039,240.0565,5.8245,2.927,-0.13961,0.37447,90.0056,-0.32491,5.6404,3.4555,9.0921,-39.402,-0.010198,1.3781,-0.025654,4.5761e-07,0.019812,0,69.8636,0.045367,0.58572,483.0204,1455.5278
15.4999,10001.4407,1.5443,240.0557,5.8489,2.9221,-0.13649,1.0311,90.0029,-0.33707,5.6599,3.4574,10.9862,-39.4015,-0.010254,1.3445,0.0083242,4.5755e-07,0.019823,0,69.5382,0.044776,0.63944,483.0204,1455.5271
15.5083,10001.4538,1.5854,240.0544,5.8733,2.9173,-0.12789,1.6734,90.0001,-0.33264,5.6792,3.4606,12.839,-39.398,-0.010306,1.3121,0.039838,4.5751e-07,0.019834,0,69.6727,0.044222,0.69481,483.0203,1455.5263
15.5166,10001.4672,1.6272,240.0535,5.8976,2.9125,-0.11395,2.3017,89.9974,-0.31281,5.6984,3.588,14.5471,-39.3943,-0.01036,1.281,0.067836,4.5747e-07,0.019844,0,69.8076,0.043695,0.69198,483.0203,1455.5256
15.5249,10001.4809,1.6698,240.0528,5.9219,2.9077,-0.094768,2.9167,89.9948,-0.27927,5.7175,3.707,16.0465,-39.3904,-0.010411,1.2513,0.091736,4.5745e-07,0.019855,0,69.9428,0.043175,0.68342,483.0202,1455.5248
15.5333,10001.495,1.7131,240.0521,5.9461,2.9029,-0.070463,3.5187,89.9924,-0.23401,5.7365,3.8158,17.3019,-39.3865,-0.010445,1.2231,0.11134,4.5744e-07,0.019866,0,70.0784,0.042637,0.67226,483.0202,1455.524
15.535,10001.495,1.7131,240.0521,5.9461,2.9029,-0.070463,3.5187,89.9924,-0.23401,5.7365,3.8158,17.3019,-39.3865,-0.010445,1.2231,0.11134,4.5744e-07,0.019866,0,70.0784,0.042515,0.65755,483.0202,1455.524
15.535,10001.495,1.7131,240.0521,5.9461,2.9029,-0.070463,3.5187,89.9924,-0.23401,5.7365,3.8158,17.3019,-39.3865,-0.010445,1.2231,0.11134,4.5744e-07,0.019866,0,70.0784,0.042515,0.65755,483.0202,1455.524
15.5402,10001.495,1.7131,240.0521,5.9461,2.9029,-0.070463,3.5187,89.9924,-0.23401,5.7365,3.8158,17.3019,-39.3865,-0.010445,1.2231,0.11134,4.5744e-07,0.019866,0,70.0784,0.04215,0.62635,483.0202,1455.524
15.5402,10001.495,1.7131,240.0521,5.9461,2.9029,-0.070463,3.5187,89.9924,-0.23401,5.7365,3.8158,17.3019,-39.3865,-0.010445,1.2231,0.11134,4.5744e-07,0.019866,0,70.0784,0.04215,0.62635,483.0202,1455.524
15.5416,10001.5095,1.7572,240.0515,5.9703,2.8981,-0.04114,4.1083,89.9905,-0.17908,5.7553,3.9135,18.3007,-39.3833,-0.010439,0.96724,0.12672,4.5744e-07,0.019876,0,70.2144,0.042062,0.65993,483.0201,1455.5232
15.543,10001.5095,1.7572,240.0515,5.9703,2.8981,-0.04114,4.1083,89.9905,-0.17908,5.7553,3.9135,18.3007,-39.3833,-0.010439,0.96724,0.12672,4.5744e-07,0.019876,0,70.2144,0.041964,0.64959,483.0201,1455.5232
15.5454,10001.5095,1.7572,240.0515,5.9703,2.8981,-0.04114,4.1083,89.9905,-0.17908,5.7553,3.9135,18.3007,-39.3833,-0.010439,0.96724,0.12672,4.5744e-07,0.019876,0,70.2144,0.041793,0.63474,483.0201,1455.5232
15.5454,10001.5095,1.7572,240.0515,5.9703,2.8981,-0.04114,4.1083,89.9905,-0.17908,5.7553,3.9135,18.3007,-39.3833,-0.010439,0.96724,0.12672,4.5744e-07,0.019876,0,70.2144,0.041793,0.63474,483.0201,1455.5232
15.5482,10001.5095,1.7572,240.0515,5.9703,2.8981,-0.04114,4.1083,89.9905,-0.17908,5.7553,3.9135,18.3007,-39.3833,-0.010439,0.96724,0.12672,4.5744e-07,0.019876,0,70.2144,0.041597,0.62154,483.0201,1455.5232
15.5499,10001.5243,1.8019,240.0511,5.9945,2.8932,-0.0069038,4.5766,89.989,-0.11651,5.7739,3.9987,16.9628,-38.8123,-0.010387,-0.60067,0.13822,4.5745e-07,0.019887,0,70.3507,0.041439,0.64777,483.0201,1455.5223
15.5544,10001.5243,1.8019,240.0511,5.9945,2.8932,-0.0069038,4.5766,89.989,-0.11651,5.7739,3.9987,16.9628,-38.8123,-0.010387,-0.60067,0.13822,4.5745e-07,0.019887,0,70.3507,0.041123,0.6235,483.0201,1455.5223
15.5583,10001.5395,1.8474,240.0507,6.0186,2.8883,0.031235,4.2969,89.988,-0.048228,5.7925,4.0752,3.4288,-34.9793,-0.010279,-1.5954,0.14648,4.5746e-07,0.019898,0,70.4873,0.04076,0.6353,483.02,1455.5215
15.56,10001.5395,1.8474,240.0507,6.0186,2.8883,0.031235,4.2969,89.988,-0.048228,5.7925,4.0752,3.4288,-34.9793,-0.010279,-1.5954,0.14648,4.5746e-07,0.019898,0,70.4873,0.04064,0.62668,483.02,1455.5215
15.56,10001.5395,1.8474,240.0507,6.0186,2.8883,0.031235,4.2969,89.988,-0.048228,5.7925,4.0752,3.4288,-34.9793,-0.010279,-1.5954,0.14648,4.5746e-07,0.019898,0,70.4873,0.04064,0.62668,483.02,1455.5215
15.5666,10001.5551,1.8936,240.0505,6.0427,2.8833,0.067043,3.5427,89.9877,0.023902,5.8109,4.1444,-5.1343,-32.5922,-0.010156,-1.5651,0.15191,4.5747e-07,0.019908,0,70.6243,0.040034,0.62256,483.02,1455.5206
15.5732,10001.5551,1.8936,240.0505,6.0427,2.8833,0.067043,3.5427,89.9877,0.023902,5.8109,4.1444,-5.1343,-32.5922,-0.010156,-1.5651,0.15191,4.5747e-07,0.019908,0,70.6243,0.039573,0.60246,483.02,1455.5206
15.5733,10001.5551,1.8936,240.0505,6.0427,2.8833,0.067043,3.5427,89.9877,0.023902,5.8109,4.1444,-5.1343,-32.5922,-0.010156,-1.5651,0.15191,4.5747e-07,0.019908,0,70.6243,0.039569,0.60235,483.02,1455.5206
15.5733,10001.5551,1.8936,240.0505,6.0427,2.8833,0.067043,3.5427,89.9877,0.023902,5.8109,4.1444,-5.1343,-32.5922,-0.010156,-1.5651,0.15191,4.5747e-07,0.019908,0,70.6243,0.039569,0.60235,483.02,1455.5206
15.5749,10001.5711,1.9406,240.0503,6.0667,2.8783,0.096566,2.8033,89.9879,0.098322,5.8292,4.2068,-4.57,-32.7661,-0.010036,-1.5345,0.15312,4.5747e-07,0.019919,0,70.7616,0.039276,0.60951,483.0199,1455.5197
15.5766,10001.5711,1.9406,240.0503,6.0667,2.8783,0.096566,2.8033,89.9879,0.098322,5.8292,4.2068,-4.57,-32.7661,-0.010036,-1.5345,0.15312,4.5747e-07,0.019919,0,70.7616,0.039159,0.60512,483.0199,1455.5197
15.58,10001.5711,1.9406,240.0503,6.0667,2.8783,0.096566,2.8033,89.9879,0.098322,5.8292,4.2068,-4.57,-32.7661,-0.010036,-1.5345,0.15312,4.5747e-07,0.019919,0,70.7616,0.038926,0.59825,483.0199,1455.5197
15.5833,10001.5874,1.9882,240.0503,6.0907,2.8734,0.11993,2.0786,89.9887,0.17302,5.8474,4.2592,-4.2633,-32.9386,-0.009924,-1.5018,0.14042,4.5747e-07,0.01993,0,70.8993,0.03851,0.5961,483.0198,1455.5188
15.5916,10001.6042,2.0365,240.0503,6.1147,2.8684,0.13725,1.3689,89.9901,0.24131,5.8654,4.2776,-4.8038,-33.1141,-0.0098313,-1.4671,0.11373,4.5745e-07,0.01994,0,71.0372,0.03777,0.58233,483.0198,1455.5178
15.5999,10001.6214,2.0855,240.0505,6.1386,2.8635,0.14866,0.67441,89.9921,0.2965,5.8833,4.2619,-6.1974,-33.2918,-0.0097646,-1.4318,0.080498,4.5743e-07,0.019951,0,71.1755,0.037092,0.56821,483.0197,1455.5169
15.6083,10001.6389,2.1352,240.0508,6.1625,2.8587,0.15428,-0.0049323,89.9946,0.33544,5.9011,4.2307,-7.9916,-33.4673,-0.0097514,-1.3967,0.044386,4.5738e-07,0.019962,0,70.8429,0.036494,0.55374,483.0197,1455.5159
15.6166,10001.657,2.1855,240.0507,6.1863,2.854,0.15424,-0.66937,89.9974,0.35676,5.9188,4.1035,-9.9644,-33.6367,-0.0097959,-1.3622,0.0079657,4.5733e-07,0.019972,0,70.5114,0.035972,0.57998,483.0196,1455.5149
15.6249,10001.6754,2.2363,240.0499,6.2101,2.8494,0.14866,-1.3193,90.0004,0.36031,5.9364,3.9261,-11.9598,-33.798,-0.0098825,-1.3289,-0.026609,4.5726e-07,0.019983,0,70.1823,0.035502,0.63328,483.0195,1455.5138
15.6333,10001.6942,2.2877,240.0487,6.2339,2.8447,0.13767,-1.955,90.0034,0.34698,5.9538,3.7564,-13.8469,-33.9508,-0.0099654,-1.2968,-0.057915,4.5717e-07,0.019994,0,70.3184,0.03506,0.68969,483.0195,1455.5127
15.6416,10001.7135,2.3398,240.0479,6.2576,2.8401,0.12138,-2.5772,90.0063,0.31836,5.9712,3.7302,-15.5393,-34.0971,-0.010045,-1.2661,-0.085117,4.5707e-07,0.020004,0,70.4549,0.034628,0.68628,483.0194,1455.5117
15.6499,10001.7332,2.3925,240.0472,6.2813,2.8355,0.0999,-3.1862,90.0089,0.27641,5.9884,3.7144,-16.9864,-34.2362,-0.010111,-1.237,-0.10783,4.5695e-07,0.020015,0,70.5916,0.034184,0.6772,483.0193,1455.5105
15.6508,10001.7332,2.3925,240.0472,6.2813,2.8355,0.0999,-3.1862,90.0089,0.27641,5.9884,3.7144,-16.9864,-34.2362,-0.010111,-1.237,-0.10783,4.5695e-07,0.020015,0,70.5916,0.034122,0.66895,483.0193,1455.5105
15.6508,10001.7332,2.3925,240.0472,6.2813,2.8355,0.0999,-3.1862,90.0089,0.27641,5.9884,3.7144,-16.9864,-34.2362,-0.010111,-1.237,-0.10783,4.5695e-07,0.020015,0,70.5916,0.034122,0.66895,483.0193,1455.5105
15.6583,10001.7534,2.446,240.0466,6.3049,2.8309,0.073348,-3.7825,90.0112,0.2233,6.0055,3.7097,-18.1644,-34.3685,-0.010142,-1.1659,-0.126,4.5682e-07,0.020026,0,70.7288,0.033706,0.66552,483.0192,1455.5094
15.6638,10001.7534,2.446,240.0466,6.3049,2.8309,0.073348,-3.7825,90.0112,0.2233,6.0055,3.7097,-18.1644,-34.3685,-0.010142,-1.1659,-0.126,4.5682e-07,0.020026,0,70.7288,0.033328,0.63007,483.0192,1455.5094
15.6638,10001.7534,2.446,240.0466,6.3049,2.8309,0.073348,-3.7825,90.0112,0.2233,6.0055,3.7097,-18.1644,-34.3685,-0.010142,-1.1659,-0.126,4.5682e-07,0.020026,0,70.7288,0.033328,0.63007,483.0192,1455.5094
15.6666,10001.774,2.5001,240.0461,6.3285,2.8262,0.041827,-4.346,90.0131,0.16122,6.0225,3.7148,-18.6753,-34.6044,-0.010127,-0.61924,-0.13986,4.5669e-07,0.020036,0,70.8662,0.033179,0.65311,483.0192,1455.5082
15.6694,10001.774,2.5001,240.0461,6.3285,2.8262,0.041827,-4.346,90.0131,0.16122,6.0225,3.7148,-18.6753,-34.6044,-0.010127,-0.61924,-0.13986,4.5669e-07,0.020036,0,70.8662,0.032987,0.63575,483.0192,1455.5082
15.6741,10001.774,2.5001,240.0461,6.3285,2.8262,0.041827,-4.346,90.0131,0.16122,6.0225,3.7148,-18.6753,-34.6044,-0.010127,-0.61924,-0.13986,4.5669e-07,0.020036,0,70.8662,0.032664,0.61556,483.0192,1455.5082
15.6741,10001.774,2.5001,240.0461,6.3285,2.8262,0.041827,-4.346,90.0131,0.16122,6.0225,3.7148,-18.6753,-34.6044,-0.010127,-0.61924,-0.13986,4.5669e-07,0.020036,0,70.8662,0.032664,0.61556,483.0192,1455.5082
15.6749,10001.7951,2.5549,240.0457,6.3521,2.8215,0.0056103,-4.6492,90.0144,0.092245,6.0394,3.7285,-14.588,-36.0345,-0.010054,1.4853,-0.14987,4.5654e-07,0.020047,0,71.004,0.032594,0.64053,483.0191,1455.5071
15.6757,10001.7951,2.5549,240.0457,6.3521,2.8215,0.0056103,-4.6492,90.0144,0.092245,6.0394,3.7285,-14.588,-36.0345,-0.010054,1.4853,-0.14987,4.5654e-07,0.020047,0,71.004,0.03254,0.63608,483.0191,1455.5071
15.6773,10001.7951,2.5549,240.0457,6.3521,2.8215,0.0056103,-4.6492,90.0144,0.092245,6.0394,3.7285,-14.588,-36.0345,-0.010054,1.4853,-0.14987,4.5654e-07,0.020047,0,71.004,0.032432,0.62819,483.0191,1455.5071
15.6805,10001.7951,2.5549,240.0457,6.3521,2.8215,0.0056103,-4.6492,90.0144,0.092245,6.0394,3.7285,-14.588,-36.0345,-0.010054,1.4853,-0.14987,4.5654e-07,0.020047,0,71.004,0.032215,0.6157,483.0191,1455.5071
15.6833,10001.8166,2.6103,240.0454,6.3756,2.8167,-0.033133,-3.9482,90.0152,0.018335,6.0561,3.749,3.9248,-41.3848,-0.0099305,1.5829,-0.15683,4.5639e-07,0.020058,0,71.1421,0.03195,0.62759,483.019,1455.5058
15.6874,10001.8166,2.6103,240.0454,6.3756,2.8167,-0.033133,-3.9482,90.0152,0.018335,6.0561,3.749,3.9248,-41.3848,-0.0099305,1.5829,-0.15683,4.5639e-07,0.020058,0,71.1421,0.031668,0.61225,483.019,1455.5058
15.6874,10001.8166,2.6103,240.0454,6.3756,2.8167,-0.033133,-3.9482,90.0152,0.018335,6.0561,3.749,3.9248,-41.3848,-0.0099305,1.5829,-0.15683,4.5639e-07,0.020058,0,71.1421,0.031668,0.61225,483.019,1455.5058
15.6916,10001.8386,2.6664,240.0452,6.3991,2.8119,-0.066035,-3.201,90.0153,-0.058633,6.0727,3.777,4.4176,-41.72,-0.0098074,1.5525,-0.16053,4.5624e-07,0.020069,0,71.2805,0.031261,0.61434,483.0189,1455.5046
15.6958,10001.8386,2.6664,240.0452,6.3991,2.8119,-0.066035,-3.201,90.0153,-0.058633,6.0727,3.777,4.4176,-41.72,-0.0098074,1.5525,-0.16053,4.5624e-07,0.020069,0,71.2805,0.030976,0.6034,483.0189,1455.5046
15.6999,10001.861,2.7231,240.0452,6.4225,2.8071,-0.092711,-2.4685,90.0148,-0.13707,6.0892,3.8137,3.9514,-41.7331,-0.0096881,1.5213,-0.15776,4.561e-07,0.020079,0,71.4192,0.030549,0.60073,483.0189,1455.5033
15.7083,10001.8839,2.7805,240.0452,6.4459,2.8022,-0.11328,-1.7508,90.0137,-0.21389,6.1056,3.8674,3.8819,-41.7423,-0.0095817,1.4871,-0.13559,4.5596e-07,0.02009,0,71.5583,0.02984,0.58674,483.0188,1455.502
15.7166,10001.9074,2.8385,240.0454,6.4693,2.7975,-0.12787,-1.0483,90.0119,-0.27976,6.1218,3.9704,4.9953,-41.7415,-0.009499,1.4516,-0.10348,4.5583e-07,0.020101,0,71.6976,0.029174,0.57237,483.0187,1455.5007
15.7249,10001.9313,2.8971,240.0457,6.4926,2.7928,-0.13661,-0.36099,90.0096,-0.32991,6.138,4.0993,6.7165,-41.7345,-0.0094773,1.416,-0.06681,4.5572e-07,0.020111,0,71.3625,0.028579,0.55764,483.0186,1455.4994
15.7333,10001.9556,2.9561,240.0451,6.5159,2.7881,-0.13962,0.31128,90.0068,-0.36217,6.154,4.0954,8.7205,-41.7213,-0.0095042,1.3807,-0.028383,4.5561e-07,0.020122,0,71.0296,0.028053,0.60885,483.0185,1455.498
15.7416,10001.9805,3.0157,240.0441,6.5391,2.7836,-0.13702,0.96883,90.0038,-0.37569,6.17,4.0994,10.836,-41.7034,-0.0095708,1.3464,0.0091456,4.5552e-07,0.020133,0,70.6989,0.027586,0.66568,483.0184,1455.4966
15.7499,10002.0059,3.0757,240.0426,6.5623,2.7791,-0.12895,1.6121,90.0007,-0.37091,6.1859,4.1045,12.9019,-41.6825,-0.0096353,1.3132,0.043887,4.5545e-07,0.020143,0,70.8357,0.027159,0.72428,483.0183,1455.4952
15.7583,10002.0318,3.1364,240.0415,6.5855,2.7746,-0.11552,2.2414,89.9976,-0.34917,6.2016,4.2403,14.8037,-41.6614,-0.0097026,1.2816,0.074684,4.5539e-07,0.020154,0,70.9728,0.026762,0.72148,483.0183,1455.4937
15.7666,10002.0582,3.1977,240.0405,6.6086,2.7702,-0.09684,2.8574,89.9947,-0.31237,6.2172,4.3666,16.471,-41.6403,-0.0097651,1.2515,0.1009,4.5534e-07,0.020165,0,71.1102,0.02637,0.71263,483.0182,1455.4922
15.7749,10002.0851,3.2597,240.0397,6.6317,2.7657,-0.073028,3.4606,89.9921,-0.26273,6.2328,4.4816,17.8648,-41.6195,-0.0098116,1.2229,0.12231,4.553e-07,0.020175,0,71.248,0.025959,0.70105,483.0181,1455.4907
15.7753,10002.0851,3.2597,240.0397,6.6317,2.7657,-0.073028,3.4606,89.9921,-0.26273,6.2328,4.4816,17.8648,-41.6195,-0.0098116,1.2229,0.12231,4.553e-07,0.020175,0,71.248,0.025931,0.69639,483.0181,1455.4907
15.7753,10002.0851,3.2597,240.0397,6.6317,2.7657,-0.073028,3.4606,89.9921,-0.26273,6.2328,4.4816,17.8648,-41.6195,-0.0098116,1.2229,0.12231,4.553e-07,0.020175,0,71.248,0.025931,0.69639,483.0181,1455.4907
15.7794,10002.0851,3.2597,240.0397,6.6317,2.7657,-0.073028,3.4606,89.9921,-0.26273,6.2328,4.4816,17.8648,-41.6195,-0.0098116,1.2229,0.12231,4.553e-07,0.020175,0,71.248,0.025658,0.6588,483.0181,1455.4907
15.7794,10002.0851,3.2597,240.0397,6.6317,2.7657,-0.073028,3.4606,89.9921,-0.26273,6.2328,4.4816,17.8648,-41.6195,-0.0098116,1.2229,0.12231,4.553e-07,0.020175,0,71.248,0.025658,0.6588,483.0181,1455.4907
15.7833,10002.1125,3.3222,240.0389,6.6548,2.7612,-0.04419,4.0513,89.9899,-0.20254,6.2482,4.5843,18.9718,-41.5996,-0.009812,0.99838,0.13903,4.5528e-07,0.020186,0,71.3861,0.025505,0.68815,483.018,1455.4891
15.7862,10002.1125,3.3222,240.0389,6.6548,2.7612,-0.04419,4.0513,89.9899,-0.20254,6.2482,4.5843,18.9718,-41.5996,-0.009812,0.99838,0.13903,4.5528e-07,0.020186,0,71.3861,0.025308,0.66175,483.018,1455.4891
15.7862,10002.1125,3.3222,240.0389,6.6548,2.7612,-0.04419,4.0513,89.9899,-0.20254,6.2482,4.5843,18.9718,-41.5996,-0.009812,0.99838,0.13903,4.5528e-07,0.020186,0,71.3861,0.025308,0.66175,483.018,1455.4891
15.7901,10002.1125,3.3222,240.0389,6.6548,2.7612,-0.04419,4.0513,89.9899,-0.20254,6.2482,4.5843,18.9718,-41.5996,-0.009812,0.99838,0.13903,4.5528e-07,0.020186,0,71.3861,0.025052,0.63721,483.018,1455.4891
15.7916,10002.1405,3.3854,240.0383,6.6778,2.7566,-0.010428,4.5359,89.9882,-0.13408,6.2634,4.6729,18.0008,-41.091,-0.009764,-0.32097,0.15141,4.5526e-07,0.020197,0,71.5245,0.024998,0.67554,483.0179,1455.4876
15.797,10002.1405,3.3854,240.0383,6.6778,2.7566,-0.010428,4.5359,89.9882,-0.13408,6.2634,4.6729,18.0008,-41.091,-0.009764,-0.32097,0.15141,4.5526e-07,0.020197,0,71.5245,0.024639,0.63785,483.0179,1455.4876
15.7999,10002.1689,3.4491,240.0377,6.7008,2.752,0.027371,4.3913,89.9871,-0.059477,6.2786,4.7512,6.7859,-37.8605,-0.009653,-1.6018,0.16009,4.5524e-07,0.020207,0,71.6632,0.02443,0.66262,483.0178,1455.486
15.802,10002.1689,3.4491,240.0377,6.7008,2.752,0.027371,4.3913,89.9871,-0.059477,6.2786,4.7512,6.7859,-37.8605,-0.009653,-1.6018,0.16009,4.5524e-07,0.020207,0,71.6632,0.024291,0.64796,483.0178,1455.486
15.802,10002.1689,3.4491,240.0377,6.7008,2.752,0.027371,4.3913,89.9871,-0.059477,6.2786,4.7512,6.7859,-37.8605,-0.009653,-1.6018,0.16009,4.5524e-07,0.020207,0,71.6632,0.024291,0.64796,483.0178,1455.486
15.8083,10002.1979,3.5135,240.0373,6.7237,2.7473,0.063966,3.6357,89.9866,0.019246,6.2937,4.8211,-4.3468,-34.7429,-0.00952,-1.5715,0.16568,4.5522e-07,0.020218,0,71.8022,0.023808,0.6494,483.0177,1455.4843
15.8145,10002.1979,3.5135,240.0373,6.7237,2.7473,0.063966,3.6357,89.9866,0.019246,6.2937,4.8211,-4.3468,-34.7429,-0.00952,-1.5715,0.16568,4.5522e-07,0.020218,0,71.8022,0.023394,0.6197,483.0177,1455.4843
15.8155,10002.1979,3.5135,240.0373,6.7237,2.7473,0.063966,3.6357,89.9866,0.019246,6.2937,4.8211,-4.3468,-34.7429,-0.00952,-1.5715,0.16568,4.5522e-07,0.020218,0,71.8022,0.02333,0.61655,483.0177,1455.4843
15.8155,10002.1979,3.5135,240.0373,6.7237,2.7473,0.063966,3.6357,89.9866,0.019246,6.2937,4.8211,-4.3468,-34.7429,-0.00952,-1.5715,0.16568,4.5522e-07,0.020218,0,71.8022,0.02333,0.61655,483.0177,1455.4843
15.8166,10002.2275,3.5784,240.037,6.7466,2.7427,0.094264,2.8949,89.9868,0.10036,6.3086,4.8836,-3.7704,-34.9028,-0.0093907,-1.5408,0.16689,4.552e-07,0.020229,0,71.9415,0.02315,0.63588,483.0176,1455.4827
15.8177,10002.2275,3.5784,240.037,6.7466,2.7427,0.094264,2.8949,89.9868,0.10036,6.3086,4.8836,-3.7704,-34.9028,-0.0093907,-1.5408,0.16689,4.552e-07,0.020229,0,71.9415,0.023074,0.63046,483.0176,1455.4827
15.82,10002.2275,3.5784,240.037,6.7466,2.7427,0.094264,2.8949,89.9868,0.10036,6.3086,4.8836,-3.7704,-34.9028,-0.0093907,-1.5408,0.16689,4.552e-07,0.020229,0,71.9415,0.022924,0.62132,483.0176,1455.4827
15.8249,10002.2576,3.6439,240.0368,6.7695,2.738,0.11839,2.1689,89.9876,0.18175,6.3234,4.9356,-3.4616,-35.0614,-0.0092702,-1.5081,0.15503,4.5517e-07,0.020239,0,72.0812,0.02248,0.62197,483.0174,1455.481
15.8333,10002.2882,3.71,240.0367,6.7923,2.7333,0.13646,1.4578,89.9891,0.25716,6.3382,4.9557,-3.9482,-35.2228,-0.0091695,-1.4729,0.12676,4.5514e-07,0.02025,0,72.2211,0.021835,0.60768,483.0173,1455.4792
15.8416,10002.3194,3.7767,240.0367,6.8151,2.7287,0.14861,0.76195,89.9913,0.3187,6.3528,4.9357,-5.4354,-35.3878,-0.0090972,-1.437,0.090867,4.5508e-07,0.020261,0,72.3613,0.021253,0.59302,483.0172,1455.4775
15.8499,10002.3512,3.8439,240.0369,6.8379,2.7242,0.15496,0.081213,89.9939,0.3627,6.3673,4.8977,-7.3884,-35.5512,-0.0090745,-1.4011,0.051659,4.5502e-07,0.020271,0,72.5018,0.020757,0.57799,483.0171,1455.4757
15.8583,10002.3835,3.9116,240.0367,6.8606,2.7198,0.15564,-0.58466,89.997,0.38758,6.3818,4.7912,-9.5468,-35.709,-0.0091192,-1.3659,0.011916,4.5494e-07,0.020282,0,72.165,0.020347,0.59058,483.017,1455.4739
15.8666,10002.4164,3.9797,240.0359,6.8833,2.7155,0.15077,-1.236,90.0002,0.39309,6.3961,4.5973,-11.7415,-35.8584,-0.0092133,-1.3318,-0.025937,4.5484e-07,0.020293,0,71.8304,0.019999,0.64557,483.0169,1455.472
15.8749,10002.4498,4.0483,240.0346,6.9059,2.7112,0.14047,-1.8733,90.0035,0.38013,6.4104,4.4113,-13.8253,-35.9988,-0.0093074,-1.2991,-0.060281,4.5472e-07,0.020303,0,71.498,0.019682,0.70478,483.0168,1455.4701
15.8833,10002.4838,4.1174,240.0337,6.9285,2.7069,0.12486,-2.497,90.0066,0.3504,6.4245,4.3779,-15.7,-36.1323,-0.0094,-1.2679,-0.090164,4.5459e-07,0.020314,0,71.6368,0.019378,0.70089,483.0166,1455.4682
15.8916,10002.5184,4.1871,240.0329,6.9511,2.7026,0.10405,-3.1077,90.0095,0.30606,6.4386,4.3558,-17.3078,-36.2584,-0.00948,-1.2383,-0.11513,4.5445e-07,0.020325,0,71.7759,0.019064,0.69115,483.0165,1455.4662
15.8999,10002.5536,4.2574,240.0323,6.9736,2.6983,0.078152,-3.7057,90.0121,0.24946,6.4525,4.3459,-18.6209,-36.3773,-0.0095265,-1.2103,-0.13511,4.5429e-07,0.020335,0,71.9153,0.018712,0.67874,483.0164,1455.4643
15.9035,10002.5536,4.2574,240.0323,6.9736,2.6983,0.078152,-3.7057,90.0121,0.24946,6.4525,4.3459,-18.6209,-36.3773,-0.0095265,-1.2103,-0.13511,4.5429e-07,0.020335,0,71.9153,0.018478,0.65108,483.0164,1455.4643
15.9035,10002.5536,4.2574,240.0323,6.9736,2.6983,0.078152,-3.7057,90.0121,0.24946,6.4525,4.3459,-18.6209,-36.3773,-0.0095265,-1.2103,-0.13511,4.5429e-07,0.020335,0,71.9153,0.018478,0.65108,483.0164,1455.4643
15.9075,10002.5536,4.2574,240.0323,6.9736,2.6983,0.078152,-3.7057,90.0121,0.24946,6.4525,4.3459,-18.6209,-36.3773,-0.0095265,-1.2103,-0.13511,4.5429e-07,0.020335,0,71.9153,0.018221,0.63023,483.0164,1455.4643
15.9075,10002.5536,4.2574,240.0323,6.9736,2.6983,0.078152,-3.7057,90.0121,0.24946,6.4525,4.3459,-18.6209,-36.3773,-0.0095265,-1.2103,-0.13511,4.5429e-07,0.020335,0,71.9153,0.018221,0.63023,483.0164,1455.4643
15.9083,10002.5894,4.3283,240.0317,6.9961,2.694,0.047271,-4.2915,90.0142,0.18301,6.4663,4.3471,-19.635,-36.4903,-0.0095224,-0.84697,-0.15032,4.5412e-07,0.020346,0,72.0551,0.018307,0.66546,483.0163,1455.4622
15.9091,10002.5894,4.3283,240.0317,6.9961,2.694,0.047271,-4.2915,90.0142,0.18301,6.4663,4.3471,-19.635,-36.4903,-0.0095224,-0.84697,-0.15032,4.5412e-07,0.020346,0,72.0551,0.018256,0.65959,483.0163,1455.4622
15.9106,10002.5894,4.3283,240.0317,6.9961,2.694,0.047271,-4.2915,90.0142,0.18301,6.4663,4.3471,-19.635,-36.4903,-0.0095224,-0.84697,-0.15032,4.5412e-07,0.020346,0,72.0551,0.018154,0.64913,483.0163,1455.4622
15.9138,10002.5894,4.3283,240.0317,6.9961,2.694,0.047271,-4.2915,90.0142,0.18301,6.4663,4.3471,-19.635,-36.4903,-0.0095224,-0.84697,-0.15032,4.5412e-07,0.020346,0,72.0551,0.01795,0.63255,483.0163,1455.4622
15.9144,10002.5894,4.3283,240.0317,6.9961,2.694,0.047271,-4.2915,90.0142,0.18301,6.4663,4.3471,-19.635,-36.4903,-0.0095224,-0.84697,-0.15032,4.5412e-07,0.020346,0,72.0551,0.01791,0.62987,483.0163,1455.4622
15.9144,10002.5894,4.3283,240.0317,6.9961,2.694,0.047271,-4.2915,90.0142,0.18301,6.4663,4.3471,-19.635,-36.4903,-0.0095224,-0.84697,-0.15032,4.5412e-07,0.020346,0,72.0551,0.01791,0.62987,483.0163,1455.4622
15.9166,10002.6258,4.3996,240.0313,7.0186,2.6895,0.011508,-4.7049,90.0157,0.10901,6.48,4.3579,-17.2999,-37.4447,-0.0094587,1.1779,-0.16126,4.5394e-07,0.020357,0,72.1951,0.017838,0.65214,483.0161,1455.4602
15.9188,10002.6258,4.3996,240.0313,7.0186,2.6895,0.011508,-4.7049,90.0157,0.10901,6.48,4.3579,-17.2999,-37.4447,-0.0094587,1.1779,-0.16126,4.5394e-07,0.020357,0,72.1951,0.017692,0.63921,483.0161,1455.4602
15.9233,10002.6258,4.3996,240.0313,7.0186,2.6895,0.011508,-4.7049,90.0157,0.10901,6.48,4.3579,-17.2999,-37.4447,-0.0094587,1.1779,-0.16126,4.5394e-07,0.020357,0,72.1951,0.017402,0.6206,483.0161,1455.4602
15.9249,10002.6627,4.4716,240.031,7.041,2.6851,-0.027701,-4.1522,90.0166,0.029594,6.4936,4.3766,0.42465,-42.5779,-0.0093316,1.5935,-0.16868,4.5376e-07,0.020367,0,72.3354,0.017301,0.63847,483.016,1455.4581
15.9292,10002.6627,4.4716,240.031,7.041,2.6851,-0.027701,-4.1522,90.0166,0.029594,6.4936,4.3766,0.42465,-42.5779,-0.0093316,1.5935,-0.16868,4.5376e-07,0.020367,0,72.3354,0.017027,0.62096,483.016,1455.4581
15.9292,10002.6627,4.4716,240.031,7.041,2.6851,-0.027701,-4.1522,90.0166,0.029594,6.4936,4.3766,0.42465,-42.5779,-0.0093316,1.5935,-0.16868,4.5376e-07,0.020367,0,72.3354,0.017027,0.62096,483.016,1455.4581
15.9333,10002.7003,4.544,240.0308,7.0634,2.6805,-0.062303,-3.4015,90.0168,-0.053183,6.5071,4.4034,3.7726,-43.6946,-0.0091995,1.563,-0.17298,4.5357e-07,0.020378,0,72.4759,0.016713,0.62448,483.0159,1455.456
15.9374,10002.7003,4.544,240.0308,7.0634,2.6805,-0.062303,-3.4015,90.0168,-0.053183,6.5071,4.4034,3.7726,-43.6946,-0.0091995,1.563,-0.17298,4.5357e-07,0.020378,0,72.4759,0.016447,0.61214,483.0159,1455.456
15.9416,10002.7385,4.6171,240.0307,7.0857,2.676,-0.090649,-2.6657,90.0164,-0.13774,6.5205,4.4386,3.2674,-43.6947,-0.0090704,1.5319,-0.17186,4.5339e-07,0.020389,0,72.6168,0.016094,0.61013,483.0157,1455.4538
15.9499,10002.7772,4.6906,240.0307,7.108,2.6714,-0.11286,-1.9447,90.0152,-0.22147,6.5338,4.488,3.0937,-43.6915,-0.0089532,1.4978,-0.15128,4.5322e-07,0.020399,0,72.7579,0.015472,0.59538,483.0156,1455.4516
15.9583,10002.8166,4.7647,240.0308,7.1303,2.6669,-0.12907,-1.2388,90.0134,-0.29502,6.547,4.5869,4.107,-43.6784,-0.0088932,1.4618,-0.11813,4.5306e-07,0.02041,0,72.7092,0.01489,0.58023,483.0155,1455.4494
15.9666,10002.8567,4.839,240.0301,7.1525,2.6625,-0.13939,-0.54803,90.0109,-0.35235,6.5602,4.5659,5.8885,-43.6561,-0.008876,1.4255,-0.079213,4.5291e-07,0.020421,0,72.3718,0.014364,0.63422,483.0153,1455.4472
15.9749,10002.8973,4.9137,240.0289,7.1747,2.6581,-0.14396,0.12768,90.008,-0.39069,6.5732,4.5629,8.0252,-43.6281,-0.0088989,1.3895,-0.037927,4.5277e-07,0.020431,0,72.0365,0.013908,0.69411,483.0152,1455.4449
15.9833,10002.9386,4.9888,240.0272,7.1969,2.6538,-0.1429,0.7887,90.0047,-0.40891,6.5862,4.5692,10.3109,-43.596,-0.008927,1.3544,0.0028149,4.5265e-07,0.020442,0,72.1753,0.013519,0.75588,483.015,1455.4425
15.9916,10002.9804,5.0645,240.0259,7.219,2.6496,-0.13633,1.4354,90.0013,-0.40725,6.5991,4.7196,12.5687,-43.5629,-0.0089737,1.3205,0.040827,4.5254e-07,0.020453,0,72.3145,0.013198,0.75302,483.0149,1455.4402
15.9999,10003.023,5.1406,240.0247,7.2411,2.6455,-0.12436,2.0683,89.9979,-0.38706,6.6119,4.8639,14.6661,-43.5288,-0.0090384,1.2881,0.074731,4.5245e-07,0.020464,0,72.4539,0.012926,0.74378,483.0147,1455.4378
16.0083,10003.0661,5.2173,240.0237,7.2632,2.6413,-0.10713,2.6878,89.9947,-0.3503,6.6245,4.9983,16.5191,-43.4938,-0.0091126,1.2573,0.10375,4.5237e-07,0.020474,0,72.5936,0.012672,0.73166,483.0146,1455.4353
16.0166,10003.1099,5.2945,240.0227,7.2852,2.6372,-0.084732,3.2944,89.9918,-0.29933,6.6371,5.1208,18.0805,-43.4584,-0.0091803,1.2281,0.12758,4.5231e-07,0.020485,0,72.7336,0.012404,0.71817,483.0144,1455.4329
16.018,10003.1099,5.2945,240.0227,7.2852,2.6372,-0.084732,3.2944,89.9918,-0.29933,6.6371,5.1208,18.0805,-43.4584,-0.0091803,1.2281,0.12758,4.5231e-07,0.020485,0,72.7336,0.012313,0.70119,483.0144,1455.4329
16.018,10003.1099,5.2945,240.0227,7.2852,2.6372,-0.084732,3.2944,89.9918,-0.29933,6.6371,5.1208,18.0805,-43.4584,-0.0091803,1.2281,0.12758,4.5231e-07,0.020485,0,72.7336,0.012313,0.70119,483.0144,1455.4329
16.0249,10003.1544,5.3722,240.0219,7.3072,2.633,-0.057279,3.8886,89.9893,-0.23666,6.6496,5.2302,19.3315,-43.4237,-0.0092089,1.0967,0.14628,4.5225e-07,0.020496,0,72.8738,0.012091,0.70395,483.0143,1455.4304
16.0259,10003.1544,5.3722,240.0219,7.3072,2.633,-0.057279,3.8886,89.9893,-0.23666,6.6496,5.2302,19.3315,-43.4237,-0.0092089,1.0967,0.14628,4.5225e-07,0.020496,0,72.8738,0.012031,0.69384,483.0143,1455.4304
16.0259,10003.1544,5.3722,240.0219,7.3072,2.633,-0.057279,3.8886,89.9893,-0.23666,6.6496,5.2302,19.3315,-43.4237,-0.0092089,1.0967,0.14628,4.5225e-07,0.020496,0,72.8738,0.012031,0.69384,483.0143,1455.4304
16.0314,10003.1544,5.3722,240.0219,7.3072,2.633,-0.057279,3.8886,89.9893,-0.23666,6.6496,5.2302,19.3315,-43.4237,-0.0092089,1.0967,0.14628,4.5225e-07,0.020496,0,72.8738,0.01168,0.65041,483.0143,1455.4304
16.0314,10003.1544,5.3722,240.0219,7.3072,2.633,-0.057279,3.8886,89.9893,-0.23666,6.6496,5.2302,19.3315,-43.4237,-0.0092089,1.0967,0.14628,4.5225e-07,0.020496,0,72.8738,0.01168,0.65041,483.0143,1455.4304
16.0333,10003.1995,5.4504,240.0212,7.3291,2.6288,-0.024873,4.4213,89.9873,-0.16476,6.662,5.3247,19.3299,-43.1328,-0.0091869,0.37789,0.16019,4.5221e-07,0.020506,0,73.0144,0.011719,0.69011,483.0141,1455.4278
16.0351,10003.1995,5.4504,240.0212,7.3291,2.6288,-0.024873,4.4213,89.9873,-0.16476,6.662,5.3247,19.3299,-43.1328,-0.0091869,0.37789,0.16019,4.5221e-07,0.020506,0,73.0144,0.011602,0.67356,483.0141,1455.4278
16.0388,10003.1995,5.4504,240.0212,7.3291,2.6288,-0.024873,4.4213,89.9873,-0.16476,6.662,5.3247,19.3299,-43.1328,-0.0091869,0.37789,0.16019,4.5221e-07,0.020506,0,73.0144,0.011367,0.64835,483.0141,1455.4278
16.0416,10003.2452,5.5291,240.0206,7.3511,2.6245,0.011972,4.6118,89.986,-0.085949,6.6742,5.4066,13.6798,-41.3814,-0.0090997,-1.6128,0.16988,4.5217e-07,0.020517,0,73.1552,0.011276,0.6763,483.0139,1455.4252
16.0431,10003.2452,5.5291,240.0206,7.3511,2.6245,0.011972,4.6118,89.986,-0.085949,6.6742,5.4066,13.6798,-41.3814,-0.0090997,-1.6128,0.16988,4.5217e-07,0.020517,0,73.1552,0.011184,0.66482,483.0139,1455.4252
16.0431,10003.2452,5.5291,240.0206,7.3511,2.6245,0.011972,4.6118,89.986,-0.085949,6.6742,5.4066,13.6798,-41.3814,-0.0090997,-1.6128,0.16988,4.5217e-07,0.020517,0,73.1552,0.011184,0.66482,483.0139,1455.4252
16.0499,10003.2916,5.6083,240.0201,7.3729,2.6201,0.050404,3.8524,89.9852,-0.0024012,6.6864,5.4791,-3.8303,-36.4753,-0.0089652,-1.5824,0.17619,4.5214e-07,0.020528,0,73.2964,0.010766,0.66226,483.0138,1455.4226
16.0563,10003.2916,5.6083,240.0201,7.3729,2.6201,0.050404,3.8524,89.9852,-0.0024012,6.6864,5.4791,-3.8303,-36.4753,-0.0089652,-1.5824,0.17619,4.5214e-07,0.020528,0,73.2964,0.010365,0.62949,483.0138,1455.4226
16.0563,10003.2916,5.6083,240.0201,7.3729,2.6201,0.050404,3.8524,89.9852,-0.0024012,6.6864,5.4791,-3.8303,-36.4753,-0.0089652,-1.5824,0.17619,4.5214e-07,0.020528,0,73.2964,0.010365,0.62949,483.0138,1455.4226
16.0583,10003.3387,5.688,240.0198,7.3948,2.6157,0.082508,3.108,89.9852,0.083897,6.6985,5.5431,-3.2078,-36.6228,-0.0088327,-1.5517,0.17848,4.521e-07,0.020538,0,73.4377,0.010208,0.64795,483.0136,1455.42
16.0603,10003.3387,5.688,240.0198,7.3948,2.6157,0.082508,3.108,89.9852,0.083897,6.6985,5.5431,-3.2078,-36.6228,-0.0088327,-1.5517,0.17848,4.521e-07,0.020538,0,73.4377,0.010083,0.63799,483.0136,1455.42
16.0642,10003.3387,5.688,240.0198,7.3948,2.6157,0.082508,3.108,89.9852,0.083897,6.6985,5.5431,-3.2078,-36.6228,-0.0088327,-1.5517,0.17848,4.521e-07,0.020538,0,73.4377,0.0098328,0.62314,483.0136,1455.42
16.0666,10003.3864,5.7681,240.0196,7.4166,2.6113,0.10841,2.3784,89.9859,0.17102,6.7105,5.5977,-2.8306,-36.7692,-0.0087049,-1.5198,0.17209,4.5205e-07,0.020549,0,73.5794,0.0096283,0.63326,483.0134,1455.4173
16.0749,10003.4348,5.8488,240.0194,7.4384,2.6069,0.12823,1.6637,89.9874,0.25479,6.7224,5.6313,-2.9823,-36.9168,-0.0085933,-1.4845,0.1447,4.52e-07,0.02056,0,73.7213,0.0090593,0.61817,483.0133,1455.4145
16.0833,10003.4839,5.9299,240.0195,7.4601,2.6026,0.14209,0.96411,89.9895,0.32511,6.7342,5.6132,-4.4129,-37.0706,-0.0085156,-1.4481,0.10762,4.5193e-07,0.02057,0,73.8634,0.0085473,0.60268,483.0131,1455.4118
16.0916,10003.5336,6.0115,240.0194,7.4818,2.5983,0.15013,0.2796,89.9922,0.3773,6.7459,5.5448,-6.4354,-37.2237,-0.0085031,-1.4116,0.066257,4.5185e-07,0.020581,0,73.5221,0.0081188,0.59919,483.0129,1455.409
16.0999,10003.5841,6.0932,240.0186,7.5035,2.5942,0.15246,-0.39008,89.9953,0.40932,6.7575,5.3376,-8.7213,-37.371,-0.0085461,-1.3756,0.023574,4.5175e-07,0.020592,0,73.1826,0.0077706,0.65557,483.0127,1455.4061
16.1083,10003.6352,6.1753,240.0172,7.5251,2.5901,0.14921,-1.0453,89.9988,0.42054,6.7691,5.1306,-11.0915,-37.5109,-0.0086339,-1.3407,-0.017606,4.5164e-07,0.020602,0,72.8451,0.0074889,0.7174,483.0125,1455.4032
16.1166,10003.687,6.2577,240.0153,7.5467,2.586,0.1405,-1.6864,90.0023,0.41168,6.7806,4.9306,-13.3745,-37.6426,-0.0087205,-1.3071,-0.055336,4.5151e-07,0.020613,0,72.9848,0.0072497,0.78093,483.0124,1455.4003
16.1249,10003.7395,6.3406,240.0139,7.5682,2.582,0.12645,-2.3139,90.0057,0.3844,6.7921,4.888,-15.452,-37.7673,-0.0088085,-1.2751,-0.088454,4.5137e-07,0.020624,0,73.1249,0.0070378,0.77808,483.0122,1455.3973
16.1333,10003.7927,6.424,240.0125,7.5898,2.578,0.10716,-2.9283,90.0089,0.34093,6.8034,4.8572,-17.2536,-37.8844,-0.0088898,-1.2448,-0.11635,4.5121e-07,0.020634,0,73.2653,0.0068267,0.76868,483.012,1455.3943
16.1416,10003.8466,6.5079,240.0113,7.6113,2.574,0.082761,-3.5301,90.0117,0.28379,6.8146,4.8394,-18.7422,-37.9938,-0.0089482,-1.2162,-0.13887,4.5103e-07,0.020645,0,73.4059,0.006588,0.7563,483.0118,1455.3913
16.1424,10003.8466,6.5079,240.0113,7.6113,2.574,0.082761,-3.5301,90.0117,0.28379,6.8146,4.8394,-18.7422,-37.9938,-0.0089482,-1.2162,-0.13887,4.5103e-07,0.020645,0,73.4059,0.0065384,0.74399,483.0118,1455.3913
16.1424,10003.8466,6.5079,240.0113,7.6113,2.574,0.082761,-3.5301,90.0117,0.28379,6.8146,4.8394,-18.7422,-37.9938,-0.0089482,-1.2162,-0.13887,4.5103e-07,0.020645,0,73.4059,0.0065384,0.74399,483.0118,1455.3913
16.1457,10003.8466,6.5079,240.0113,7.6113,2.574,0.082761,-3.5301,90.0117,0.28379,6.8146,4.8394,-18.7422,-37.9938,-0.0089482,-1.2162,-0.13887,4.5103e-07,0.020645,0,73.4059,0.0063313,0.70208,483.0118,1455.3913
16.1457,10003.8466,6.5079,240.0113,7.6113,2.574,0.082761,-3.5301,90.0117,0.28379,6.8146,4.8394,-18.7422,-37.9938,-0.0089482,-1.2162,-0.13887,4.5103e-07,0.020645,0,73.4059,0.0063313,0.70208,483.0118,1455.3913
16.1491,10003.8466,6.5079,240.0113,7.6113,2.574,0.082761,-3.5301,90.0117,0.28379,6.8146,4.8394,-18.7422,-37.9938,-0.0089482,-1.2162,-0.13887,4.5103e-07,0.020645,0,73.4059,0.0061242,0.67211,483.0118,1455.3913
16.1499,10003.9011,6.5922,240.0102,7.6327,2.57,0.053343,-4.1198,90.0141,0.21557,6.8258,4.8344,-19.9081,-38.0964,-0.0089554,-0.9505,-0.15619,4.5084e-07,0.020656,0,73.5468,0.0062975,0.74263,483.0116,1455.3882
16.1535,10003.9011,6.5922,240.0102,7.6327,2.57,0.053343,-4.1198,90.0141,0.21557,6.8258,4.8344,-19.9081,-38.0964,-0.0089554,-0.9505,-0.15619,4.5084e-07,0.020656,0,73.5468,0.0060742,0.69854,483.0116,1455.3882
16.1535,10003.9011,6.5922,240.0102,7.6327,2.57,0.053343,-4.1198,90.0141,0.21557,6.8258,4.8344,-19.9081,-38.0964,-0.0089554,-0.9505,-0.15619,4.5084e-07,0.020656,0,73.5468,0.0060742,0.69854,483.0116,1455.3882
16.1577,10003.9011,6.5922,240.0102,7.6327,2.57,0.053343,-4.1198,90.0141,0.21557,6.8258,4.8344,-19.9081,-38.0964,-0.0089554,-0.9505,-0.15619,4.5084e-07,0.020656,0,73.5468,0.0058152,0.66385,483.0116,1455.3882
16.1583,10003.9564,6.677,240.0092,7.6542,2.5658,0.019011,-4.5838,90.0159,0.13879,6.8368,4.8394,-18.5915,-38.7935,-0.0089061,0.46215,-0.16875,4.5065e-07,0.020666,0,73.688,0.0059441,0.72919,483.0114,1455.3851
16.1609,10003.9564,6.677,240.0092,7.6542,2.5658,0.019011,-4.5838,90.0159,0.13879,6.8368,4.8394,-18.5915,-38.7935,-0.0089061,0.46215,-0.16875,4.5065e-07,0.020666,0,73.688,0.0057794,0.69838,483.0114,1455.3851
16.1666,10004.0124,6.7622,240.0084,7.6755,2.5616,-0.019187,-4.3741,90.017,0.055772,6.8477,4.8542,-6.5406,-42.3749,-0.0087882,1.6042,-0.17727,4.5044e-07,0.020677,0,73.8294,0.0055201,0.71539,483.0112,1455.3819
16.17,10004.0124,6.7622,240.0084,7.6755,2.5616,-0.019187,-4.3741,90.017,0.055772,6.8477,4.8542,-6.5406,-42.3749,-0.0087882,1.6042,-0.17727,4.5044e-07,0.020677,0,73.8294,0.0053134,0.6819,483.0112,1455.3819
16.17,10004.0124,6.7622,240.0084,7.6755,2.5616,-0.019187,-4.3741,90.017,0.055772,6.8477,4.8542,-6.5406,-42.3749,-0.0087882,1.6042,-0.17727,4.5044e-07,0.020677,0,73.8294,0.0053134,0.6819,483.0112,1455.3819
16.1749,10004.0691,6.8479,240.0076,7.6969,2.5574,-0.055639,-3.6198,90.0175,-0.031268,6.8586,4.8775,3.3306,-45.2955,-0.0086497,1.5736,-0.18239,4.5024e-07,0.020688,0,73.9711,0.0050346,0.70126,483.011,1455.3787
16.1799,10004.0691,6.8479,240.0076,7.6969,2.5574,-0.055639,-3.6198,90.0175,-0.031268,6.8586,4.8775,3.3306,-45.2955,-0.0086497,1.5736,-0.18239,4.5024e-07,0.020688,0,73.9711,0.0047284,0.66093,483.011,1455.3787
16.1833,10004.1266,6.934,240.007,7.7182,2.5531,-0.085805,-2.8805,90.0172,-0.1205,6.8694,4.9096,2.7725,-45.2842,-0.0085149,1.5426,-0.18244,4.5004e-07,0.020698,0,74.1131,0.0045094,0.68682,483.0108,1455.3755
16.1916,10004.1847,7.0205,240.0065,7.7395,2.5488,-0.10981,-2.156,90.0162,-0.20948,6.88,4.9551,2.525,-45.2699,-0.0083898,1.5093,-0.16738,4.4985e-07,0.020709,0,74.2553,0.0039722,0.67197,483.0106,1455.3722
16.1999,10004.2436,7.1075,240.0062,7.7608,2.5446,-0.12778,-1.4464,90.0145,-0.29094,6.8906,5.0393,3.1997,-45.248,-0.0082869,1.4733,-0.13532,4.4967e-07,0.02072,0,74.3978,0.0034623,0.6567,483.0104,1455.3689
16.2083,10004.3032,7.1949,240.0059,7.782,2.5404,-0.13983,-0.75197,90.012,-0.35669,6.9012,5.167,4.9116,-45.2171,-0.0082152,1.4366,-0.095468,4.495e-07,0.02073,0,74.5404,0.0030203,0.64102,483.0102,1455.3655
16.2166,10004.3635,7.2827,240.0058,7.8032,2.5363,-0.1461,-0.072469,90.0091,-0.40299,6.9116,5.3154,7.1016,-45.1807,-0.0081831,1.4,-0.052303,4.4934e-07,0.020741,0,74.6834,0.00267,0.62496,483.0099,1455.3621
16.2249,10004.4245,7.371,240.0058,7.8243,2.5324,-0.1467,0.59239,90.0057,-0.42823,6.9219,5.4733,9.4982,-45.1403,-0.008222,1.3641,-0.0088885,4.492e-07,0.020752,0,74.8265,0.0024159,0.60856,483.0097,1455.3587
16.2333,10004.4863,7.4595,240.0053,7.8454,2.5285,-0.14177,1.243,90.0021,-0.43231,6.9322,5.5208,11.9153,-45.0947,-0.0083255,1.3294,0.032202,4.4907e-07,0.020762,0,74.4839,0.0022317,0.64296,483.0095,1455.3552
16.2416,10004.5489,7.5482,240.0041,7.8665,2.5246,-0.13141,1.8798,89.9985,-0.41634,6.9425,5.5162,14.1966,-45.0451,-0.0084675,1.2962,0.069273,4.4896e-07,0.020773,0,74.1431,0.0020791,0.70407,483.0093,1455.3517
16.2499,10004.6121,7.6372,240.0023,7.8875,2.5207,-0.11574,2.5032,89.9951,-0.38227,6.9526,5.5046,16.239,-44.9934,-0.0085877,1.2647,0.10134,4.4887e-07,0.020784,0,74.2844,0.0019199,0.76864,483.0091,1455.3481
16.2583,10004.6762,7.7266,240.001,7.9086,2.5169,-0.094885,3.1137,89.9919,-0.33251,6.9627,5.6349,17.9824,-44.9433,-0.0086801,1.2348,0.12795,4.4879e-07,0.020794,0,74.4258,0.0017362,0.76491,483.0088,1455.3445
16.2666,10004.7409,7.8165,239.9999,7.9296,2.5129,-0.068937,3.7118,89.9891,-0.26969,6.9727,5.7514,19.3995,-44.8953,-0.0087246,1.2067,0.14907,4.4872e-07,0.020805,0,74.5676,0.0015074,0.75467,483.0086,1455.3408
16.2699,10004.7409,7.8165,239.9999,7.9296,2.5129,-0.068937,3.7118,89.9891,-0.26969,6.9727,5.7514,19.3995,-44.8953,-0.0087246,1.2067,0.14907,4.4872e-07,0.020805,0,74.5676,0.0013082,0.71176,483.0086,1455.3408
16.2699,10004.7409,7.8165,239.9999,7.9296,2.5129,-0.068937,3.7118,89.9891,-0.26969,6.9727,5.7514,19.3995,-44.8953,-0.0087246,1.2067,0.14907,4.4872e-07,0.020805,0,74.5676,0.0013082,0.71176,483.0086,1455.3408
16.2732,10004.7409,7.8165,239.9999,7.9296,2.5129,-0.068937,3.7118,89.9891,-0.26969,6.9727,5.7514,19.3995,-44.8953,-0.0087246,1.2067,0.14907,4.4872e-07,0.020805,0,74.5676,0.0011081,0.68085,483.0086,1455.3408
16.2732,10004.7409,7.8165,239.9999,7.9296,2.5129,-0.068937,3.7118,89.9891,-0.26969,6.9727,5.7514,19.3995,-44.8953,-0.0087246,1.2067,0.14907,4.4872e-07,0.020805,0,74.5676,0.0011081,0.68085,483.0086,1455.3408
16.2749,10004.8064,7.9068,239.9988,7.9505,2.509,-0.038005,4.298,89.9869,-0.19647,6.9826,5.8524,20.4882,-44.8503,-0.0087092,0.84114,0.16498,4.4866e-07,0.020816,0,74.7096,0.0012203,0.74193,483.0084,1455.3371
16.2767,10004.8064,7.9068,239.9988,7.9505,2.509,-0.038005,4.298,89.9869,-0.19647,6.9826,5.8524,20.4882,-44.8503,-0.0087092,0.84114,0.16498,4.4866e-07,0.020816,0,74.7096,0.0011169,0.71997,483.0084,1455.3371
16.2801,10004.8064,7.9068,239.9988,7.9505,2.509,-0.038005,4.298,89.9869,-0.19647,6.9826,5.8524,20.4882,-44.8503,-0.0087092,0.84114,0.16498,4.4866e-07,0.020816,0,74.7096,0.00090994,0.6859,483.0084,1455.3371
16.2811,10004.8064,7.9068,239.9988,7.9505,2.509,-0.038005,4.298,89.9869,-0.19647,6.9826,5.8524,20.4882,-44.8503,-0.0087092,0.84114,0.16498,4.4866e-07,0.020816,0,74.7096,0.00085096,0.67814,483.0084,1455.3371
16.2811,10004.8064,7.9068,239.9988,7.9505,2.509,-0.038005,4.298,89.9869,-0.19647,6.9826,5.8524,20.4882,-44.8503,-0.0087092,0.84114,0.16498,4.4866e-07,0.020816,0,74.7096,0.00085096,0.67814,483.0084,1455.3371
16.2833,10004.8727,7.9975,239.9979,7.9714,2.5049,-0.0021873,4.7108,89.9852,-0.11536,6.9924,5.9387,18.1801,-43.9656,-0.008627,-1.2192,0.17622,4.4862e-07,0.020826,0,74.8518,0.00086792,0.72846,483.0081,1455.3334
16.2838,10004.8727,7.9975,239.9979,7.9714,2.5049,-0.0021873,4.7108,89.9852,-0.11536,6.9924,5.9387,18.1801,-43.9656,-0.008627,-1.2192,0.17622,4.4862e-07,0.020826,0,74.8518,0.00083447,0.72168,483.0081,1455.3334
16.2838,10004.8727,7.9975,239.9979,7.9714,2.5049,-0.0021873,4.7108,89.9852,-0.11536,6.9924,5.9387,18.1801,-43.9656,-0.008627,-1.2192,0.17622,4.4862e-07,0.020826,0,74.8518,0.00083447,0.72168,483.0081,1455.3334
16.286,10004.8727,7.9975,239.9979,7.9714,2.5049,-0.0021873,4.7108,89.9852,-0.11536,6.9924,5.9387,18.1801,-43.9656,-0.008627,-1.2192,0.17622,4.4862e-07,0.020826,0,74.8518,0.00070199,0.69826,483.0081,1455.3334
16.2882,10004.8727,7.9975,239.9979,7.9714,2.5049,-0.0021873,4.7108,89.9852,-0.11536,6.9924,5.9387,18.1801,-43.9656,-0.008627,-1.2192,0.17622,4.4862e-07,0.020826,0,74.8518,0.00056951,0.67947,483.0081,1455.3334
16.2916,10004.9397,8.0887,239.9971,7.9923,2.5008,0.03707,4.1407,89.9843,-0.028679,7.0021,6.0143,0.14633,-38.8696,-0.0084783,-1.5955,0.18361,4.4857e-07,0.020837,0,74.9943,0.00044795,0.71431,483.0079,1455.3296
16.2968,10004.9397,8.0887,239.9971,7.9923,2.5008,0.03707,4.1407,89.9843,-0.028679,7.0021,6.0143,0.14633,-38.8696,-0.0084783,-1.5955,0.18361,4.4857e-07,0.020837,0,74.9943,0.00013695,0.66953,483.0079,1455.3296
16.2968,10004.9397,8.0887,239.9971,7.9923,2.5008,0.03707,4.1407,89.9843,-0.028679,7.0021,6.0143,0.14633,-38.8696,-0.0084783,-1.5955,0.18361,4.4857e-07,0.020837,0,74.9943,0.00013695,0.66953,483.0079,1455.3296
16.2999,10005.0075,8.1802,239.9964,8.0132,2.4967,0.071577,3.3914,89.9841,0.061362,7.0117,6.0803,-2.855,-37.9904,-0.008328,-1.5649,0.18761,4.4853e-07,0.020848,0,75.1371,-2.314e-05,0.69967,483.0077,1455.3258
16.3031,10005.0075,8.1802,239.9964,8.0132,2.4967,0.071577,3.3914,89.9841,0.061362,7.0117,6.0803,-2.855,-37.9904,-0.008328,-1.5649,0.18761,4.4853e-07,0.020848,0,75.1371,-0.00021214,0.67379,483.0077,1455.3258
16.3083,10005.0761,8.2721,239.9959,8.034,2.4925,0.099839,2.6571,89.9846,0.15306,7.0213,6.1384,-2.3719,-38.1272,-0.0081844,-1.5337,0.18578,4.4847e-07,0.020858,0,75.28,-0.00052199,0.68461,483.0074,1455.3219
16.3166,10005.1454,8.3644,239.9954,8.0548,2.4884,0.12198,1.9375,89.9859,0.24361,7.0307,6.1825,-2.244,-38.2637,-0.0080527,-1.499,0.1627,4.4841e-07,0.020869,0,75.4232,-0.0010196,0.66911,483.0072,1455.318
16.3249,10005.2155,8.4571,239.9951,8.0755,2.4843,0.13813,1.2331,89.9879,0.32279,7.0401,6.1743,-3.4091,-38.4072,-0.0078575,-1.4624,0.12635,4.4834e-07,0.02088,0,75.5666,-0.0014682,0.65321,483.0069,1455.3141
16.3333,10005.2863,8.5502,239.995,8.0962,2.4803,0.14841,0.54359,89.9906,0.38418,7.0494,6.1319,-5.3836,-38.5576,-0.0076996,-1.4254,0.083996,4.4826e-07,0.02089,0,75.7102,-0.0017878,0.63746,483.0067,1455.3101
16.3416,10005.358,8.6437,239.9949,8.1169,2.4765,0.15294,-0.1311,89.9938,0.4249,7.0587,6.0757,-7.727,-38.705,-0.0076221,-1.3887,0.039242,4.4816e-07,0.020901,0,75.7244,-0.0019613,0.62138,483.0064,1455.306
16.3499,10005.4304,8.7373,239.9944,8.1375,2.4728,0.15184,-0.79134,89.9973,0.44379,7.0679,5.909,-10.2199,-38.8445,-0.0076651,-1.353,-0.0047698,4.4804e-07,0.020912,0,75.38,-0.0020077,0.65318,483.0061,1455.3019
16.3583,10005.5036,8.8312,239.9931,8.1582,2.4692,0.14525,-1.4375,90.001,0.44121,7.077,5.6886,-12.6718,-38.9719,-0.0078095,-1.3185,-0.045702,4.4791e-07,0.020922,0,75.0372,-0.0019819,0.71582,483.0059,1455.2978
16.3666,10005.5776,8.9252,239.9913,8.1787,2.4656,0.13327,-2.0701,90.0047,0.41866,7.0861,5.48,-14.9409,-39.0866,-0.0079908,-1.2857,-0.082091,4.4776e-07,0.020933,0,75.1793,-0.0019445,0.7821,483.0056,1455.2936
16.3749,10005.6523,9.0197,239.9899,8.1993,2.462,0.11602,-2.6896,90.0082,0.37833,7.0951,5.4419,-16.9382,-39.1917,-0.0081817,-1.2545,-0.11312,4.4759e-07,0.020944,0,75.3217,-0.0019367,0.77832,483.0054,1455.2894
16.3833,10005.7279,9.1146,239.9887,8.2198,2.4583,0.093607,-3.2964,90.0113,0.3228,7.104,5.4176,-18.6142,-39.2882,-0.0083465,-1.2252,-0.13849,4.474e-07,0.020954,0,75.4643,-0.0019947,0.76783,483.0051,1455.2852
16.384,10005.7279,9.1146,239.9887,8.2198,2.4583,0.093607,-3.2964,90.0113,0.3228,7.104,5.4176,-18.6142,-39.2882,-0.0083465,-1.2252,-0.13849,4.474e-07,0.020954,0,75.4643,-0.0020386,0.75636,483.0051,1455.2852
16.384,10005.7279,9.1146,239.9887,8.2198,2.4583,0.093607,-3.2964,90.0113,0.3228,7.104,5.4176,-18.6142,-39.2882,-0.0083465,-1.2252,-0.13849,4.474e-07,0.020954,0,75.4643,-0.0020386,0.75636,483.0051,1455.2852
16.3916,10005.8043,9.2098,239.9876,8.2403,2.4546,0.066137,-3.891,90.014,0.25481,7.1128,5.4072,-19.9504,-39.3778,-0.0084381,-1.0908,-0.15828,4.4721e-07,0.020965,0,75.6071,-0.002142,0.7543,483.0048,1455.2809
16.3925,10005.8043,9.2098,239.9876,8.2403,2.4546,0.066137,-3.891,90.014,0.25481,7.1128,5.4072,-19.9504,-39.3778,-0.0084381,-1.0908,-0.15828,4.4721e-07,0.020965,0,75.6071,-0.0021939,0.74196,483.0048,1455.2809
16.3925,10005.8043,9.2098,239.9876,8.2403,2.4546,0.066137,-3.891,90.014,0.25481,7.1128,5.4072,-19.9504,-39.3778,-0.0084381,-1.0908,-0.15828,4.4721e-07,0.020965,0,75.6071,-0.0021939,0.74196,483.0048,1455.2809
16.3974,10005.8043,9.2098,239.9876,8.2403,2.4546,0.066137,-3.891,90.014,0.25481,7.1128,5.4072,-19.9504,-39.3778,-0.0084381,-1.0908,-0.15828,4.4721e-07,0.020965,0,75.6071,-0.0024827,0.69016,483.0048,1455.2809
16.3974,10005.8043,9.2098,239.9876,8.2403,2.4546,0.066137,-3.891,90.014,0.25481,7.1128,5.4072,-19.9504,-39.3778,-0.0084381,-1.0908,-0.15828,4.4721e-07,0.020965,0,75.6071,-0.0024827,0.69016,483.0048,1455.2809
16.3999,10005.8814,9.3055,239.9866,8.2608,2.4507,0.033712,-4.4229,90.0161,0.17706,7.1216,5.4078,-19.9817,-39.7314,-0.0084374,-0.51981,-0.17289,4.47e-07,0.020976,0,75.7501,-0.0023808,0.74018,483.0045,1455.2765
16.4025,10005.8814,9.3055,239.9866,8.2608,2.4507,0.033712,-4.4229,90.0161,0.17706,7.1216,5.4078,-19.9817,-39.7314,-0.0084374,-0.51981,-0.17289,4.47e-07,0.020976,0,75.7501,-0.0025299,0.71077,483.0045,1455.2765
16.4076,10005.8814,9.3055,239.9866,8.2608,2.4507,0.033712,-4.4229,90.0161,0.17706,7.1216,5.4078,-19.9817,-39.7314,-0.0084374,-0.51981,-0.17289,4.47e-07,0.020976,0,75.7501,-0.0028279,0.67026,483.0045,1455.2765
16.4083,10005.9594,9.4015,239.9858,8.2812,2.4468,-0.0031456,-4.6832,90.0176,0.092061,7.1302,5.419,-15.7152,-41.1848,-0.008331,1.6179,-0.1829,4.4679e-07,0.020987,0,75.8934,-0.0027041,0.72573,483.0043,1455.2721
16.4103,10005.9594,9.4015,239.9858,8.2812,2.4468,-0.0031456,-4.6832,90.0176,0.092061,7.1302,5.419,-15.7152,-41.1848,-0.008331,1.6179,-0.1829,4.4679e-07,0.020987,0,75.8934,-0.0028203,0.7048,483.0043,1455.2721
16.4103,10005.9594,9.4015,239.9858,8.2812,2.4468,-0.0031456,-4.6832,90.0176,0.092061,7.1302,5.419,-15.7152,-41.1848,-0.008331,1.6179,-0.1829,4.4679e-07,0.020987,0,75.8934,-0.0028203,0.7048,483.0043,1455.2721
16.4138,10005.9594,9.4015,239.9858,8.2812,2.4468,-0.0031456,-4.6832,90.0176,0.092061,7.1302,5.419,-15.7152,-41.1848,-0.008331,1.6179,-0.1829,4.4679e-07,0.020987,0,75.8934,-0.0030302,0.67611,483.0043,1455.2721
16.4166,10006.0381,9.4979,239.9851,8.3016,2.4428,-0.042173,-3.9237,90.0184,0.0021403,7.1388,5.4385,3.0973,-46.5843,-0.0081398,1.5874,-0.18921,4.4657e-07,0.020997,0,76.0369,-0.0030927,0.71095,483.004,1455.2677
16.4229,10006.0381,9.4979,239.9851,8.3016,2.4428,-0.042173,-3.9237,90.0184,0.0021403,7.1388,5.4385,3.0973,-46.5843,-0.0081398,1.5874,-0.18921,4.4657e-07,0.020997,0,76.0369,-0.003464,0.66344,483.004,1455.2677
16.4237,10006.0381,9.4979,239.9851,8.3016,2.4428,-0.042173,-3.9237,90.0184,0.0021403,7.1388,5.4385,3.0973,-46.5843,-0.0081398,1.5874,-0.18921,4.4657e-07,0.020997,0,76.0369,-0.0035067,0.65967,483.004,1455.2677
16.4237,10006.0381,9.4979,239.9851,8.3016,2.4428,-0.042173,-3.9237,90.0184,0.0021403,7.1388,5.4385,3.0973,-46.5843,-0.0081398,1.5874,-0.18921,4.4657e-07,0.020997,0,76.0369,-0.0035067,0.65967,483.004,1455.2677
16.4249,10006.1176,9.5947,239.9845,8.322,2.4388,-0.074871,-3.1792,90.0184,-0.090559,7.1473,5.4666,2.4638,-46.5666,-0.0079308,1.5565,-0.1912,4.4635e-07,0.021008,0,76.1806,-0.0035103,0.6959,483.0037,1455.2632
16.4262,10006.1176,9.5947,239.9845,8.322,2.4388,-0.074871,-3.1792,90.0184,-0.090559,7.1473,5.4666,2.4638,-46.5666,-0.0079308,1.5565,-0.1912,4.4635e-07,0.021008,0,76.1806,-0.0035835,0.68579,483.0037,1455.2632
16.4287,10006.1176,9.5947,239.9845,8.322,2.4388,-0.074871,-3.1792,90.0184,-0.090559,7.1473,5.4666,2.4638,-46.5666,-0.0079308,1.5565,-0.1912,4.4635e-07,0.021008,0,76.1806,-0.0037301,0.66901,483.0037,1455.2632
16.4333,10006.198,9.6918,239.984,8.3423,2.4348,-0.10137,-2.4496,90.0176,-0.18396,7.1557,5.5058,2.0952,-46.5474,-0.0077191,1.5246,-0.18523,4.4614e-07,0.021019,0,76.3245,-0.0039199,0.68051,483.0034,1455.2586
16.4416,10006.2792,9.7892,239.9836,8.3626,2.4309,-0.12178,-1.7348,90.0161,-0.27423,7.1641,5.5655,2.2142,-46.5246,-0.0075312,1.4889,-0.15614,4.4594e-07,0.021029,0,76.4686,-0.004284,0.6648,483.0031,1455.2541
16.4499,10006.3612,9.8871,239.9834,8.3829,2.4271,-0.13624,-1.0351,90.0138,-0.35021,7.1724,5.6839,3.742,-46.4899,-0.0073924,1.4519,-0.11645,4.4575e-07,0.02104,0,76.6129,-0.004557,0.64871,483.0028,1455.2494
16.4583,10006.444,9.9852,239.9834,8.4031,2.4233,-0.14486,-0.35023,90.0109,-0.40679,7.1806,5.8301,5.9182,-46.4478,-0.0073433,1.4148,-0.072153,4.4558e-07,0.021051,0,76.5358,-0.0047162,0.63224,483.0025,1455.2448
16.4666,10006.5276,10.0835,239.9827,8.4233,2.4197,-0.14778,0.32001,90.0075,-0.44175,7.1888,5.8734,8.38,-46.3983,-0.007398,1.3781,-0.026374,4.4541e-07,0.021061,0,76.1898,-0.0047739,0.66826,483.0022,1455.24
16.4749,10006.612,10.1819,239.9813,8.4435,2.4162,-0.14512,0.97599,90.0038,-0.45438,7.1969,5.8714,10.937,-46.3414,-0.0075406,1.3425,0.017817,4.4527e-07,0.021072,0,75.8453,-0.0047651,0.73263,483.0019,1455.2353
16.4833,10006.6973,10.2805,239.9794,8.4637,2.4127,-0.13698,1.6182,90,-0.44545,7.205,5.8694,13.4029,-46.2791,-0.0077092,1.3084,0.058306,4.4514e-07,0.021083,0,75.9882,-0.0047337,0.80056,483.0016,1455.2305
16.4916,10006.7834,10.3795,239.9779,8.4838,2.4091,-0.1235,2.2469,89.9963,-0.41675,7.213,6.0212,15.6492,-46.2156,-0.0078892,1.2759,0.09383,4.4503e-07,0.021093,0,76.1313,-0.0047083,0.79674,483.0013,1455.2256
16.4999,10006.8703,10.4789,239.9766,8.5039,2.4056,-0.10477,2.8628,89.9928,-0.37067,7.2209,6.1612,17.5994,-46.1521,-0.0080549,1.2452,0.12373,4.4493e-07,0.021104,0,76.2746,-0.004721,0.78601,483.001,1455.2207
16.5083,10006.958,10.5786,239.9754,8.5239,2.402,-0.080918,3.4662,89.9897,-0.30994,7.2288,6.2871,19.2131,-46.0899,-0.0081789,1.2163,0.14783,4.4485e-07,0.021115,0,76.4182,-0.0047985,0.77214,483.0007,1455.2158
16.5111,10006.958,10.5786,239.9754,8.5239,2.402,-0.080918,3.4662,89.9897,-0.30994,7.2288,6.2871,19.2131,-46.0899,-0.0081789,1.2163,0.14783,4.4485e-07,0.021115,0,76.4182,-0.0049586,0.73382,483.0007,1455.2158
16.5111,10006.958,10.5786,239.9754,8.5239,2.402,-0.080918,3.4662,89.9897,-0.30994,7.2288,6.2871,19.2131,-46.0899,-0.0081789,1.2163,0.14783,4.4485e-07,0.021115,0,76.4182,-0.0049586,0.73382,483.0007,1455.2158
16.5166,10007.0466,10.6786,239.9744,8.544,2.3983,-0.052033,4.0576,89.9872,-0.23736,7.2365,6.3979,20.4795,-46.0305,-0.00822,0.98893,0.16632,4.4478e-07,0.021125,0,76.5619,-0.0049579,0.75682,483.0004,1455.2108
16.5195,10007.0466,10.6786,239.9744,8.544,2.3983,-0.052033,4.0576,89.9872,-0.23736,7.2365,6.3979,20.4795,-46.0305,-0.00822,0.98893,0.16632,4.4478e-07,0.021125,0,76.5619,-0.0051218,0.72166,483.0004,1455.2108
16.5195,10007.0466,10.6786,239.9744,8.544,2.3983,-0.052033,4.0576,89.9872,-0.23736,7.2365,6.3979,20.4795,-46.0305,-0.00822,0.98893,0.16632,4.4478e-07,0.021125,0,76.5619,-0.0051218,0.72166,483.0004,1455.2108
16.5249,10007.136,10.779,239.9735,8.564,2.3945,-0.018219,4.5419,89.9852,-0.15564,7.2442,6.4915,19.589,-45.4783,-0.0081714,-0.17279,0.17967,4.4472e-07,0.021136,0,76.7059,-0.0051972,0.74184,483.0001,1455.2057
16.5304,10007.136,10.779,239.9735,8.564,2.3945,-0.018219,4.5419,89.9852,-0.15564,7.2442,6.4915,19.589,-45.4783,-0.0081714,-0.17279,0.17967,4.4472e-07,0.021136,0,76.7059,-0.0055101,0.68886,483.0001,1455.2057
16.5333,10007.2262,10.8798,239.9727,8.5839,2.3907,0.019631,4.4725,89.9839,-0.067296,7.2519,6.5719,9.8688,-42.6058,-0.0080209,-1.6101,0.18857,4.4466e-07,0.021147,0,76.85,-0.0055104,0.72658,482.9997,1455.2006
16.5367,10007.2262,10.8798,239.9727,8.5839,2.3907,0.019631,4.4725,89.9839,-0.067296,7.2519,6.5719,9.8688,-42.6058,-0.0080209,-1.6101,0.18857,4.4466e-07,0.021147,0,76.85,-0.005708,0.69433,482.9997,1455.2006
16.5367,10007.2262,10.8798,239.9727,8.5839,2.3907,0.019631,4.4725,89.9839,-0.067296,7.2519,6.5719,9.8688,-42.6058,-0.0080209,-1.6101,0.18857,4.4466e-07,0.021147,0,76.85,-0.005708,0.69433,482.9997,1455.2006
16.5416,10007.3173,10.9808,239.972,8.6038,2.3868,0.056903,3.7176,89.9834,0.025322,7.2594,6.6414,-2.6656,-39.0656,-0.0078189,-1.5795,0.19383,4.4461e-07,0.021157,0,76.9944,-0.0058757,0.71105,482.9994,1455.1955
16.5465,10007.3173,10.9808,239.972,8.6038,2.3868,0.056903,3.7176,89.9834,0.025322,7.2594,6.6414,-2.6656,-39.0656,-0.0078189,-1.5795,0.19383,4.4461e-07,0.021157,0,76.9944,-0.0061533,0.67475,482.9994,1455.1955
16.5499,10007.4092,11.0822,239.9715,8.6238,2.3829,0.087884,2.9777,89.9836,0.12022,7.2669,6.7015,-2.1032,-39.1966,-0.0076083,-1.5484,0.19403,4.4455e-07,0.021168,0,77.1389,-0.0062595,0.6953,482.9991,1455.1903
16.5583,10007.502,11.1839,239.9711,8.6436,2.3791,0.1127,2.2527,89.9846,0.21497,7.2743,6.7493,-1.8497,-39.328,-0.0074056,-1.5152,0.1806,4.4448e-07,0.021179,0,77.2837,-0.0066264,0.67922,482.9988,1455.1851
16.5666,10007.5956,11.286,239.9708,8.6635,2.3753,0.13147,1.5426,89.9864,0.30298,7.2816,6.7636,-2.4263,-39.463,-0.0072357,-1.4789,0.14762,4.4441e-07,0.021189,0,77.4286,-0.006936,0.66278,482.9984,1455.1798
16.5749,10007.6901,11.3883,239.9707,8.6833,2.3716,0.14433,0.84736,89.9889,0.37483,7.2889,6.7302,-4.193,-39.6029,-0.0071376,-1.4417,0.10573,4.4432e-07,0.0212,0,77.5453,-0.007147,0.64597,482.9981,1455.1745
16.5833,10007.7855,11.4908,239.9702,8.703,2.368,0.15139,0.1669,89.992,0.4262,7.2961,6.5899,-6.5046,-39.7395,-0.0071354,-1.4045,0.060049,4.4422e-07,0.021211,0,77.1975,-0.0072509,0.66786,482.9978,1455.1691
16.5916,10007.8816,11.5933,239.9689,8.7228,2.3645,0.15278,-0.49914,89.9956,0.45528,7.3033,6.3564,-9.0505,-39.8682,-0.0072243,-1.368,0.013819,4.441e-07,0.021221,0,76.851,-0.0072664,0.73238,482.9974,1455.1637
16.5999,10007.9787,11.696,239.967,8.7425,2.3611,0.14862,-1.1511,89.9994,0.4618,7.3104,6.1256,-11.6338,-39.9872,-0.0073523,-1.3326,-0.030125,4.4396e-07,0.021232,0,76.7505,-0.0072271,0.80144,482.9971,1455.1582
16.6083,10008.0766,11.7991,239.9656,8.7622,2.3577,0.13903,-1.7895,90.0032,0.44686,7.3175,6.0683,-14.0824,-40.0979,-0.0075142,-1.2988,-0.069894,4.4381e-07,0.021243,0,76.8945,-0.007158,0.79712,482.9967,1455.1527
16.6166,10008.1753,11.9024,239.9643,8.7818,2.3543,0.12412,-2.4148,90.0069,0.41249,7.3245,6.0224,-16.2819,-40.1994,-0.0076901,-1.2668,-0.10438,4.4363e-07,0.021253,0,77.0386,-0.0070952,0.78584,482.9964,1455.1471
16.6249,10008.2749,12.0061,239.9632,8.8015,2.3508,0.10399,-3.0273,90.0104,0.36124,7.3314,5.9901,-18.1651,-40.292,-0.0078544,-1.2365,-0.13308,4.4345e-07,0.021264,0,77.183,-0.0070749,0.77138,482.996,1455.1415
16.6333,10008.3754,12.1102,239.9622,8.8211,2.3473,0.078765,-3.6276,90.0134,0.29591,7.3383,5.9722,-19.7002,-40.3768,-0.0079702,-1.208,-0.1559,4.4324e-07,0.021275,0,77.3275,-0.0071271,0.75538,482.9957,1455.1358
16.6351,10008.3754,12.1102,239.9622,8.8211,2.3473,0.078765,-3.6276,90.0134,0.29591,7.3383,5.9722,-19.7002,-40.3768,-0.0079702,-1.208,-0.1559,4.4324e-07,0.021275,0,77.3275,-0.0072303,0.73292,482.9957,1455.1358
16.6351,10008.3754,12.1102,239.9622,8.8211,2.3473,0.078765,-3.6276,90.0134,0.29591,7.3383,5.9722,-19.7002,-40.3768,-0.0079702,-1.208,-0.1559,4.4324e-07,0.021275,0,77.3275,-0.0072303,0.73292,482.9957,1455.1358
16.638,10008.3754,12.1102,239.9622,8.8211,2.3473,0.078765,-3.6276,90.0134,0.29591,7.3383,5.9722,-19.7002,-40.3768,-0.0079702,-1.208,-0.1559,4.4324e-07,0.021275,0,77.3275,-0.0073925,0.70507,482.9957,1455.1358
16.638,10008.3754,12.1102,239.9622,8.8211,2.3473,0.078765,-3.6276,90.0134,0.29591,7.3383,5.9722,-19.7002,-40.3768,-0.0079702,-1.208,-0.1559,4.4324e-07,0.021275,0,77.3275,-0.0073925,0.70507,482.9957,1455.1358
16.6409,10008.3754,12.1102,239.9622,8.8211,2.3473,0.078765,-3.6276,90.0134,0.29591,7.3383,5.9722,-19.7002,-40.3768,-0.0079702,-1.208,-0.1559,4.4324e-07,0.021275,0,77.3275,-0.0075548,0.68426,482.9957,1455.1358
16.6416,10008.4768,12.2145,239.9614,8.8406,2.3437,0.048535,-4.2161,90.0158,0.21934,7.3451,5.9676,-20.8828,-40.456,-0.0080038,-0.88899,-0.17312,4.4303e-07,0.021285,0,77.4723,-0.0072669,0.73896,482.9953,1455.1301
16.645,10008.4768,12.2145,239.9614,8.8406,2.3437,0.048535,-4.2161,90.0158,0.21934,7.3451,5.9676,-20.8828,-40.456,-0.0080038,-0.88899,-0.17312,4.4303e-07,0.021285,0,77.4723,-0.0074569,0.70545,482.9953,1455.1301
16.6465,10008.4768,12.2145,239.9614,8.8406,2.3437,0.048535,-4.2161,90.0158,0.21934,7.3451,5.9676,-20.8828,-40.456,-0.0080038,-0.88899,-0.17312,4.4303e-07,0.021285,0,77.4723,-0.0075375,0.69435,482.9953,1455.1301
16.6465,10008.4768,12.2145,239.9614,8.8406,2.3437,0.048535,-4.2161,90.0158,0.21934,7.3451,5.9676,-20.8828,-40.456,-0.0080038,-0.88899,-0.17312,4.4303e-07,0.021285,0,77.4723,-0.0075375,0.69435,482.9953,1455.1301
16.6499,10008.579,12.3191,239.9607,8.8602,2.3401,0.013401,-4.6536,90.0177,0.13425,7.3518,5.9739,-19.0727,-41.2658,-0.0079406,0.84164,-0.18529,4.428e-07,0.021296,0,77.6172,-0.0074931,0.72293,482.9949,1455.1243
16.6503,10008.579,12.3191,239.9607,8.8602,2.3401,0.013401,-4.6536,90.0177,0.13425,7.3518,5.9739,-19.0727,-41.2658,-0.0079406,0.84164,-0.18529,4.428e-07,0.021296,0,77.6172,-0.0075125,0.71951,482.9949,1455.1243
16.6503,10008.579,12.3191,239.9607,8.8602,2.3401,0.013401,-4.6536,90.0177,0.13425,7.3518,5.9739,-19.0727,-41.2658,-0.0079406,0.84164,-0.18529,4.428e-07,0.021296,0,77.6172,-0.0075125,0.71951,482.9949,1455.1243
16.6538,10008.579,12.3191,239.9607,8.8602,2.3401,0.013401,-4.6536,90.0177,0.13425,7.3518,5.9739,-19.0727,-41.2658,-0.0079406,0.84164,-0.18529,4.428e-07,0.021296,0,77.6172,-0.0077065,0.69122,482.9949,1455.1243
16.6572,10008.579,12.3191,239.9607,8.8602,2.3401,0.013401,-4.6536,90.0177,0.13425,7.3518,5.9739,-19.0727,-41.2658,-0.0079406,0.84164,-0.18529,4.428e-07,0.021296,0,77.6172,-0.0079005,0.67126,482.9949,1455.1243
16.6583,10008.6821,12.4241,239.9601,8.8797,2.3363,-0.02538,-4.2657,90.0188,0.043118,7.3585,5.9899,-4.1053,-45.6278,-0.0077746,1.6022,-0.19322,4.4257e-07,0.021307,0,77.7623,-0.0077963,0.70671,482.9946,1455.1185
16.6632,10008.6821,12.4241,239.9601,8.8797,2.3363,-0.02538,-4.2657,90.0188,0.043118,7.3585,5.9899,-4.1053,-45.6278,-0.0077746,1.6022,-0.19322,4.4257e-07,0.021307,0,77.7623,-0.0080706,0.67437,482.9946,1455.1185
16.6632,10008.6821,12.4241,239.9601,8.8797,2.3363,-0.02538,-4.2657,90.0188,0.043118,7.3585,5.9899,-4.1053,-45.6278,-0.0077746,1.6022,-0.19322,4.4257e-07,0.021307,0,77.7623,-0.0080706,0.67437,482.9946,1455.1185
16.6666,10008.7861,12.5293,239.9597,8.8992,2.3325,-0.060928,-3.5154,90.0191,-0.051716,7.365,6.0149,2.3384,-47.5782,-0.0075729,1.5715,-0.19751,4.4234e-07,0.021317,0,77.9075,-0.0081478,0.69031,482.9942,1455.1126
16.67,10008.7861,12.5293,239.9597,8.8992,2.3325,-0.060928,-3.5154,90.0191,-0.051716,7.365,6.0149,2.3384,-47.5782,-0.0075729,1.5715,-0.19751,4.4234e-07,0.021317,0,77.9075,-0.0083364,0.67119,482.9942,1455.1126
16.6749,10008.8909,12.6349,239.9594,8.9186,2.3287,-0.090224,-2.7801,90.0187,-0.14837,7.3715,6.0491,1.8276,-47.5512,-0.0073615,1.5402,-0.19601,4.4212e-07,0.021328,0,78.0529,-0.0085114,0.67364,482.9938,1455.1067
16.6833,10008.9967,12.7407,239.9592,8.938,2.325,-0.11339,-2.0596,90.0174,-0.24406,7.378,6.0981,1.6713,-47.5219,-0.0071802,1.5058,-0.17536,4.419e-07,0.021339,0,78.1985,-0.0088493,0.65664,482.9934,1455.1007
16.6916,10009.1033,12.8466,239.9587,8.9574,2.3213,-0.13056,-1.354,90.0154,-0.32953,7.3844,6.111,2.6826,-47.4821,-0.0070641,1.469,-0.13863,4.4169e-07,0.021349,0,77.8495,-0.0091246,0.67788,482.9931,1455.0947
16.6999,10009.2108,12.9526,239.9573,8.9768,2.3177,-0.14184,-0.6632,90.0127,-0.39701,7.3908,6.0754,4.6758,-47.4313,-0.0070132,1.4316,-0.094664,4.415e-07,0.02136,0,77.5017,-0.0093147,0.74374,482.9927,1455.0887
16.7083,10009.3191,13.0586,239.9554,8.9961,2.3142,-0.14737,0.013003,90.0094,-0.44301,7.3971,6.0618,7.1131,-47.3734,-0.0069955,1.3943,-0.047775,4.4132e-07,0.021371,0,77.4516,-0.0094117,0.81436,482.9923,1455.0826
16.7166,10009.4284,13.165,239.9539,9.0154,2.3108,-0.14726,0.67498,90.0057,-0.46612,7.4034,6.2269,9.7335,-47.312,-0.0070337,1.358,-0.0012455,4.4115e-07,0.021381,0,77.5961,-0.009409,0.81012,482.9919,1455.0764
16.7249,10009.5386,13.2717,239.9526,9.0347,2.3075,-0.14163,1.3231,90.0018,-0.46651,7.4096,6.3926,12.3375,-47.2471,-0.0071332,1.3229,0.042322,4.4101e-07,0.021392,0,77.7409,-0.0093278,0.79876,482.9915,1455.0702
16.7333,10009.6496,13.3786,239.9515,9.0539,2.3042,-0.13061,1.9579,89.9979,-0.44562,7.4157,6.5523,14.7672,-47.1789,-0.0072859,1.2895,0.081264,4.4088e-07,0.021403,0,77.8858,-0.0092078,0.7841,482.9911,1455.0639
16.7416,10009.7615,13.4859,239.9504,9.0731,2.3009,-0.11429,2.5798,89.9942,-0.40568,7.4218,6.7016,16.9214,-47.1082,-0.0074664,1.2579,0.11464,4.4076e-07,0.021413,0,78.0309,-0.0090975,0.76782,482.9907,1455.0576
16.7499,10009.8744,13.5934,239.9496,9.0923,2.2976,-0.092796,3.1891,89.9908,-0.34939,7.4278,6.8376,18.7425,-47.0365,-0.0076395,1.228,0.14205,4.4066e-07,0.021424,0,78.1761,-0.0090418,0.75065,482.9903,1455.0512
16.7583,10009.9881,13.7012,239.9489,9.1115,2.2942,-0.06622,3.7864,89.9879,-0.27964,7.4338,6.9587,20.2068,-46.9658,-0.0077547,1.1556,0.16354,4.4058e-07,0.021435,0,78.3215,-0.0090741,0.73295,482.9899,1455.0448
16.7623,10009.9881,13.7012,239.9489,9.1115,2.2942,-0.06622,3.7864,89.9879,-0.27964,7.4338,6.9587,20.2068,-46.9658,-0.0077547,1.1556,0.16354,4.4058e-07,0.021435,0,78.3215,-0.0092913,0.6991,482.9899,1455.0448
16.7623,10009.9881,13.7012,239.9489,9.1115,2.2942,-0.06622,3.7864,89.9879,-0.27964,7.4338,6.9587,20.2068,-46.9658,-0.0077547,1.1556,0.16354,4.4058e-07,0.021435,0,78.3215,-0.0092913,0.6991,482.9899,1455.0448
16.7652,10009.9881,13.7012,239.9489,9.1115,2.2942,-0.06622,3.7864,89.9879,-0.27964,7.4338,6.9587,20.2068,-46.9658,-0.0077547,1.1556,0.16354,4.4058e-07,0.021435,0,78.3215,-0.0094501,0.68168,482.9899,1455.0448
16.7652,10009.9881,13.7012,239.9489,9.1115,2.2942,-0.06622,3.7864,89.9879,-0.27964,7.4338,6.9587,20.2068,-46.9658,-0.0077547,1.1556,0.16354,4.4058e-07,0.021435,0,78.3215,-0.0094501,0.68168,482.9899,1455.0448
16.7666,10010.1027,13.8094,239.9483,9.1306,2.2907,-0.034666,4.3508,89.9856,-0.19929,7.4397,7.0627,20.9129,-46.7886,-0.0077821,0.79143,0.17948,4.405e-07,0.021445,0,78.4671,-0.0092055,0.71559,482.9895,1455.0384
16.768,10010.1027,13.8094,239.9483,9.1306,2.2907,-0.034666,4.3508,89.9856,-0.19929,7.4397,7.0627,20.9129,-46.7886,-0.0077821,0.79143,0.17948,4.405e-07,0.021445,0,78.4671,-0.009283,0.70429,482.9895,1455.0384
16.7709,10010.1027,13.8094,239.9483,9.1306,2.2907,-0.034666,4.3508,89.9856,-0.19929,7.4397,7.0627,20.9129,-46.7886,-0.0077821,0.79143,0.17948,4.405e-07,0.021445,0,78.4671,-0.009438,0.686,482.9895,1455.0384
16.7737,10010.1027,13.8094,239.9483,9.1306,2.2907,-0.034666,4.3508,89.9856,-0.19929,7.4397,7.0627,20.9129,-46.7886,-0.0077821,0.79143,0.17948,4.405e-07,0.021445,0,78.4671,-0.0095894,0.67254,482.9895,1455.0384
16.7737,10010.1027,13.8094,239.9483,9.1306,2.2907,-0.034666,4.3508,89.9856,-0.19929,7.4397,7.0627,20.9129,-46.7886,-0.0077821,0.79143,0.17948,4.405e-07,0.021445,0,78.4671,-0.0095894,0.67254,482.9895,1455.0384
16.7749,10010.2182,13.9178,239.9478,9.1497,2.2871,0.0015907,4.7426,89.9839,-0.11104,7.4455,7.1509,18.6156,-45.8874,-0.0077032,-1.5394,0.19046,4.4044e-07,0.021456,0,78.6129,-0.0094323,0.69856,482.9891,1455.0318
16.7762,10010.2182,13.9178,239.9478,9.1497,2.2871,0.0015907,4.7426,89.9839,-0.11104,7.4455,7.1509,18.6156,-45.8874,-0.0077032,-1.5394,0.19046,4.4044e-07,0.021456,0,78.6129,-0.0095012,0.69049,482.9891,1455.0318
16.7765,10010.2182,13.9178,239.9478,9.1497,2.2871,0.0015907,4.7426,89.9839,-0.11104,7.4455,7.1509,18.6156,-45.8874,-0.0077032,-1.5394,0.19046,4.4044e-07,0.021456,0,78.6129,-0.0095198,0.68849,482.9891,1455.0318
16.7765,10010.2182,13.9178,239.9478,9.1497,2.2871,0.0015907,4.7426,89.9839,-0.11104,7.4455,7.1509,18.6156,-45.8874,-0.0077032,-1.5394,0.19046,4.4044e-07,0.021456,0,78.6129,-0.0095198,0.68849,482.9891,1455.0318
16.7791,10010.2182,13.9178,239.9478,9.1497,2.2871,0.0015907,4.7426,89.9839,-0.11104,7.4455,7.1509,18.6156,-45.8874,-0.0077032,-1.5394,0.19046,4.4044e-07,0.021456,0,78.6129,-0.0096574,0.67558,482.9891,1455.0318
16.7816,10010.2182,13.9178,239.9478,9.1497,2.2871,0.0015907,4.7426,89.9839,-0.11104,7.4455,7.1509,18.6156,-45.8874,-0.0077032,-1.5394,0.19046,4.4044e-07,0.021456,0,78.6129,-0.0097951,0.66557,482.9891,1455.0318
16.7833,10010.3347,14.0264,239.9475,9.1688,2.2834,0.041113,4.0225,89.983,-0.017345,7.4512,7.2272,-1.8948,-40.1008,-0.0075207,-1.5927,0.19739,4.4037e-07,0.021467,0,78.7588,-0.0097386,0.68141,482.9887,1455.0253
16.7899,10010.3347,14.0264,239.9475,9.1688,2.2834,0.041113,4.0225,89.983,-0.017345,7.4512,7.2272,-1.8948,-40.1008,-0.0075207,-1.5927,0.19739,4.4037e-07,0.021467,0,78.7588,-0.010096,0.65714,482.9887,1455.0253
16.7899,10010.3347,14.0264,239.9475,9.1688,2.2834,0.041113,4.0225,89.983,-0.017345,7.4512,7.2272,-1.8948,-40.1008,-0.0075207,-1.5927,0.19739,4.4037e-07,0.021467,0,78.7588,-0.010096,0.65714,482.9887,1455.0253
16.7916,10010.452,14.1354,239.9474,9.1878,2.2797,0.074635,3.2775,89.9829,0.079467,7.4569,7.2925,-1.9904,-40.0135,-0.0073394,-1.5619,0.20031,4.4031e-07,0.021477,0,78.8992,-0.010086,0.6641,482.9883,1455.0186
16.7933,10010.452,14.1354,239.9474,9.1878,2.2797,0.074635,3.2775,89.9829,0.079467,7.4569,7.2925,-1.9904,-40.0135,-0.0073394,-1.5619,0.20031,4.4031e-07,0.021477,0,78.8992,-0.01018,0.65886,482.9883,1455.0186
16.7968,10010.452,14.1354,239.9474,9.1878,2.2797,0.074635,3.2775,89.9829,0.079467,7.4569,7.2925,-1.9904,-40.0135,-0.0073394,-1.5619,0.20031,4.4031e-07,0.021477,0,78.8992,-0.010368,0.65077,482.9883,1455.0186
16.7999,10010.5703,14.2443,239.9466,9.2068,2.276,0.10195,2.5474,89.9835,0.17745,7.4626,7.2263,-1.5695,-40.1349,-0.0071709,-1.5304,0.19695,4.4024e-07,0.021488,0,78.5493,-0.010447,0.70186,482.9878,1455.012
16.8083,10010.6894,14.3533,239.9451,9.2258,2.2723,0.12318,1.8322,89.985,0.27357,7.4682,7.0889,-1.5313,-40.256,-0.0070246,-1.4947,0.16859,4.4016e-07,0.021499,0,78.2006,-0.010792,0.77051,482.9874,1455.0053
16.8166,10010.8095,14.4622,239.9429,9.2447,2.2687,0.13845,1.1318,89.9873,0.35575,7.4738,6.8922,-3.0149,-40.3852,-0.0068784,-1.4574,0.12799,4.4007e-07,0.021509,0,78.3453,-0.011073,0.84313,482.987,1454.9985
16.8249,10010.9305,14.5715,239.9413,9.2636,2.2652,0.14788,0.4461,89.9903,0.41805,7.4793,6.8384,-5.2449,-40.5173,-0.0067645,-1.4198,0.082012,4.3996e-07,0.02152,0,78.4903,-0.011237,0.83942,482.9865,1454.9917
16.8333,10011.0523,14.6811,239.9398,9.2825,2.2618,0.1516,-0.22523,89.9937,0.45789,7.4847,6.7724,-7.8055,-40.6466,-0.0067184,-1.3826,0.034056,4.3984e-07,0.021531,0,78.6354,-0.011267,0.82833,482.9861,1454.9848
16.8416,10011.1751,14.7909,239.9385,9.3014,2.2586,0.14972,-0.88256,89.9976,0.47431,7.4902,6.7031,-10.4905,-40.7687,-0.0067601,-1.3464,-0.012567,4.397e-07,0.021541,0,78.7807,-0.011178,0.81381,482.9857,1454.9779
16.8499,10011.2989,14.901,239.9373,9.3202,2.2555,0.14237,-1.5263,90.0015,0.46795,7.4955,6.6388,-13.0989,-40.8803,-0.006888,-1.3117,-0.055515,4.3954e-07,0.021552,0,78.9262,-0.01101,0.79755,482.9852,1454.9709
16.8583,10011.4235,15.0113,239.9362,9.339,2.2523,0.12965,-2.1569,90.0054,0.4406,7.5008,6.5853,-15.4884,-40.9801,-0.0070792,-1.2788,-0.09337,4.3937e-07,0.021563,0,79.0718,-0.01082,0.78032,482.9848,1454.9638
16.8666,10011.5491,15.1219,239.9353,9.3578,2.2492,0.11167,-2.7748,90.0091,0.39472,7.5061,6.5456,-17.573,-41.0682,-0.0072949,-1.2476,-0.12537,4.3918e-07,0.021573,0,79.2176,-0.010665,0.76246,482.9843,1454.9568
16.8749,10011.6755,15.2328,239.9346,9.3766,2.2459,0.088551,-3.3804,90.0124,0.33315,7.5112,6.5211,-19.3062,-41.1465,-0.0074889,-1.2183,-0.15127,4.3897e-07,0.021584,0,79.3635,-0.010591,0.74418,482.9839,1454.9496
16.8763,10011.6755,15.2328,239.9346,9.3766,2.2459,0.088551,-3.3804,90.0124,0.33315,7.5112,6.5211,-19.3062,-41.1465,-0.0074889,-1.2183,-0.15127,4.3897e-07,0.021584,0,79.3635,-0.010662,0.73097,482.9839,1454.9496
16.8763,10011.6755,15.2328,239.9346,9.3766,2.2459,0.088551,-3.3804,90.0124,0.33315,7.5112,6.5211,-19.3062,-41.1465,-0.0074889,-1.2183,-0.15127,4.3897e-07,0.021584,0,79.3635,-0.010662,0.73097,482.9839,1454.9496
16.8833,10011.8029,15.3439,239.934,9.3953,2.2426,0.060381,-3.9741,90.0151,0.25885,7.5163,6.5115,-20.6732,-41.2175,-0.0075996,-1.0386,-0.17123,4.3875e-07,0.021595,0,79.5096,-0.010626,0.72556,482.9834,1454.9424
16.8851,10011.8029,15.3439,239.934,9.3953,2.2426,0.060381,-3.9741,90.0151,0.25885,7.5163,6.5115,-20.6732,-41.2175,-0.0075996,-1.0386,-0.17123,4.3875e-07,0.021595,0,79.5096,-0.010722,0.71123,482.9834,1454.9424
16.8851,10011.8029,15.3439,239.934,9.3953,2.2426,0.060381,-3.9741,90.0151,0.25885,7.5163,6.5115,-20.6732,-41.2175,-0.0075996,-1.0386,-0.17123,4.3875e-07,0.021595,0,79.5096,-0.010722,0.71123,482.9834,1454.9424
16.89,10011.8029,15.3439,239.934,9.3953,2.2426,0.060381,-3.9741,90.0151,0.25885,7.5163,6.5115,-20.6732,-41.2175,-0.0075996,-1.0386,-0.17123,4.3875e-07,0.021595,0,79.5096,-0.01098,0.68341,482.9834,1454.9424
16.89,10011.8029,15.3439,239.934,9.3953,2.2426,0.060381,-3.9741,90.0151,0.25885,7.5163,6.5115,-20.6732,-41.2175,-0.0075996,-1.0386,-0.17123,4.3875e-07,0.021595,0,79.5096,-0.01098,0.68341,482.9834,1454.9424
16.8916,10011.9313,15.4553,239.9336,9.414,2.2392,0.027263,-4.4837,90.0173,0.17468,7.5214,6.5132,-20.3001,-41.6671,-0.0076069,-0.26638,-0.18571,4.3852e-07,0.021605,0,79.6558,-0.01077,0.70781,482.983,1454.9352
16.8932,10011.9313,15.4553,239.9336,9.414,2.2392,0.027263,-4.4837,90.0173,0.17468,7.5214,6.5132,-20.3001,-41.6671,-0.0076069,-0.26638,-0.18571,4.3852e-07,0.021605,0,79.6558,-0.010858,0.69742,482.983,1454.9352
16.8965,10011.9313,15.4553,239.9336,9.414,2.2392,0.027263,-4.4837,90.0173,0.17468,7.5214,6.5132,-20.3001,-41.6671,-0.0076069,-0.26638,-0.18571,4.3852e-07,0.021605,0,79.6558,-0.011032,0.68115,482.983,1454.9352
16.8999,10012.0605,15.5669,239.9333,9.4327,2.2356,-0.010102,-4.6258,90.0187,0.083331,7.5264,6.5262,-14.1943,-43.6094,-0.0074924,1.6174,-0.19539,4.3829e-07,0.021616,0,79.8021,-0.011013,0.69007,482.9825,1454.9279
16.903,10012.0605,15.5669,239.9333,9.4327,2.2356,-0.010102,-4.6258,90.0187,0.083331,7.5264,6.5262,-14.1943,-43.6094,-0.0074924,1.6174,-0.19539,4.3829e-07,0.021616,0,79.8021,-0.011176,0.67665,482.9825,1454.9279
16.903,10012.0605,15.5669,239.9333,9.4327,2.2356,-0.010102,-4.6258,90.0187,0.083331,7.5264,6.5262,-14.1943,-43.6094,-0.0074924,1.6174,-0.19539,4.3829e-07,0.021616,0,79.8021,-0.011176,0.67665,482.9825,1454.9279
16.9083,10012.1907,15.6788,239.9331,9.4513,2.232,-0.048651,-3.8693,90.0194,-0.012754,7.5313,6.5482,2.3313,-48.3582,-0.007326,1.5867,-0.20116,4.3805e-07,0.021627,0,79.5467,-0.011327,0.67222,482.9821,1454.9206
16.9135,10012.1907,15.6788,239.9331,9.4513,2.232,-0.048651,-3.8693,90.0194,-0.012754,7.5313,6.5482,2.3313,-48.3582,-0.007326,1.5867,-0.20116,4.3805e-07,0.021627,0,79.5467,-0.011603,0.65903,482.9821,1454.9206
16.9166,10012.3218,15.7906,239.9321,9.4699,2.2284,-0.080896,-3.1279,90.0193,-0.11139,7.5362,6.4222,1.7278,-48.3225,-0.0071552,1.5556,-0.20202,4.3781e-07,0.021637,0,79.196,-0.011685,0.7257,482.9816,1454.9132
16.9249,10012.4539,15.9024,239.9304,9.4885,2.2247,-0.10696,-2.4015,90.0184,-0.21021,7.5411,6.2856,1.4256,-48.2842,-0.0069832,1.523,-0.19245,4.3758e-07,0.021648,0,78.8463,-0.012054,0.79699,482.9811,1454.9057
16.9333,10012.5869,16.0142,239.9281,9.507,2.2211,-0.12698,-1.6899,90.0166,-0.30416,7.5459,6.1778,1.7597,-48.2411,-0.0067899,1.4867,-0.16012,4.3736e-07,0.021659,0,78.9915,-0.012393,0.8715,482.9806,1454.8982
16.9416,10012.7208,16.1262,239.9263,9.5256,2.2176,-0.14106,-0.99305,90.0141,-0.38224,7.5507,6.3029,3.4815,-48.1891,-0.0066187,1.4491,-0.11741,4.3715e-07,0.021669,0,79.1369,-0.01263,0.86809,482.9802,1454.8907
16.9499,10012.8556,16.2386,239.9247,9.5441,2.2143,-0.14934,-0.31074,90.0109,-0.43942,7.5554,6.4551,5.8386,-48.1317,-0.0065029,1.4115,-0.070241,4.3696e-07,0.02168,0,79.2824,-0.012729,0.85704,482.9797,1454.8831
16.9583,10012.9914,16.3511,239.9232,9.5625,2.211,-0.15193,0.35738,90.0072,-0.47355,7.5601,6.6201,8.472,-48.0691,-0.0064768,1.3744,-0.021973,4.3678e-07,0.021691,0,79.4281,-0.012686,0.84243,482.9792,1454.8754
16.9666,10013.1282,16.4638,239.9219,9.581,2.2079,-0.14895,1.0117,90.0033,-0.48409,7.5647,6.7897,11.1778,-48.0004,-0.0065506,1.3385,0.024283,4.3662e-07,0.021701,0,79.574,-0.012529,0.82603,482.9787,1454.8677
16.9749,10013.2658,16.5768,239.9207,9.5994,2.2049,-0.14052,1.6526,89.9993,-0.47202,7.5693,6.9562,13.7669,-47.9261,-0.0067128,1.3041,0.066406,4.3648e-07,0.021712,0,79.72,-0.01231,0.80862,482.9782,1454.8599
16.9833,10013.4044,16.6901,239.9196,9.6178,2.2019,-0.12675,2.2806,89.9953,-0.43935,7.5738,7.1141,16.1106,-47.8474,-0.0069309,1.2716,0.10315,4.3635e-07,0.021723,0,79.8661,-0.012089,0.79054,482.9777,1454.8521
16.9916,10013.544,16.8035,239.9187,9.6361,2.1988,-0.10774,2.8961,89.9917,-0.38867,7.5783,7.2595,18.1327,-47.7662,-0.0071599,1.2408,0.13387,4.3624e-07,0.021733,0,80.0124,-0.011923,0.772,482.9772,1454.8442
16.9999,10013.6845,16.9172,239.918,9.6544,2.1957,-0.083606,3.4994,89.9884,-0.32292,7.5827,7.3902,19.7949,-47.685,-0.0073486,1.2119,0.15845,4.3615e-07,0.021744,0,80.1588,-0.011852,0.75309,482.9767,1454.8363
17.0001,10013.6845,16.9172,239.918,9.6544,2.1957,-0.083606,3.4994,89.9884,-0.32292,7.5827,7.3902,19.7949,-47.685,-0.0073486,1.2119,0.15845,4.3615e-07,0.021744,0,80.1588,-0.011861,0.75133,482.9767,1454.8363
17.0001,10013.6845,16.9172,239.918,9.6544,2.1957,-0.083606,3.4994,89.9884,-0.32292,7.5827,7.3902,19.7949,-47.685,-0.0073486,1.2119,0.15845,4.3615e-07,0.021744,0,80.1588,-0.011861,0.75133,482.9767,1454.8363
17.0028,10013.6845,16.9172,239.918,9.6544,2.1957,-0.083606,3.4994,89.9884,-0.32292,7.5827,7.3902,19.7949,-47.685,-0.0073486,1.2119,0.15845,4.3615e-07,0.021744,0,80.1588,-0.011999,0.72727,482.9767,1454.8363
17.0028,10013.6845,16.9172,239.918,9.6544,2.1957,-0.083606,3.4994,89.9884,-0.32292,7.5827,7.3902,19.7949,-47.685,-0.0073486,1.2119,0.15845,4.3615e-07,0.021744,0,80.1588,-0.011999,0.72727,482.9767,1454.8363
17.0054,10013.6845,16.9172,239.918,9.6544,2.1957,-0.083606,3.4994,89.9884,-0.32292,7.5827,7.3902,19.7949,-47.685,-0.0073486,1.2119,0.15845,4.3615e-07,0.021744,0,80.1588,-0.012137,0.70889,482.9767,1454.8363
17.0083,10013.8259,17.0312,239.9175,9.6728,2.1924,-0.054444,4.091,89.9857,-0.24506,7.587,7.5047,21.0888,-47.6068,-0.0074414,0.96444,0.17713,4.3607e-07,0.021755,0,80.3053,-0.011897,0.73405,482.9762,1454.8283
17.0115,10013.8259,17.0312,239.9175,9.6728,2.1924,-0.054444,4.091,89.9857,-0.24506,7.587,7.5047,21.0888,-47.6068,-0.0074414,0.96444,0.17713,4.3607e-07,0.021755,0,80.3053,-0.012066,0.71034,482.9762,1454.8283
17.0115,10013.8259,17.0312,239.9175,9.6728,2.1924,-0.054444,4.091,89.9857,-0.24506,7.587,7.5047,21.0888,-47.6068,-0.0074414,0.96444,0.17713,4.3607e-07,0.021755,0,80.3053,-0.012066,0.71034,482.9762,1454.8283
17.0166,10013.9683,17.1454,239.917,9.691,2.189,-0.020352,4.5661,89.9837,-0.15795,7.5913,7.6011,20.0251,-46.9864,-0.0074206,-0.28646,0.19043,4.36e-07,0.021765,0,80.452,-0.01205,0.71586,482.9757,1454.8203
17.0217,10013.9683,17.1454,239.917,9.691,2.189,-0.020352,4.5661,89.9837,-0.15795,7.5913,7.6011,20.0251,-46.9864,-0.0074206,-0.28646,0.19043,4.36e-07,0.021765,0,80.452,-0.012311,0.68958,482.9757,1454.8203
17.0249,10014.1117,17.2598,239.9168,9.7093,2.1855,0.0177,4.4451,89.9824,-0.06425,7.5955,7.6834,9.4899,-43.8756,-0.0072737,-1.6104,0.19909,4.3594e-07,0.021776,0,80.5987,-0.012297,0.69761,482.9752,1454.8122
17.0291,10014.1117,17.2598,239.9168,9.7093,2.1855,0.0177,4.4451,89.9824,-0.06425,7.5955,7.6834,9.4899,-43.8756,-0.0072737,-1.6104,0.19909,4.3594e-07,0.021776,0,80.5987,-0.012513,0.68123,482.9752,1454.8122
17.0291,10014.1117,17.2598,239.9168,9.7093,2.1855,0.0177,4.4451,89.9824,-0.06425,7.5955,7.6834,9.4899,-43.8756,-0.0072737,-1.6104,0.19909,4.3594e-07,0.021776,0,80.5987,-0.012513,0.68123,482.9752,1454.8122
17.0333,10014.256,17.3744,239.9166,9.7275,2.182,0.054743,3.6927,89.9819,0.033616,7.5997,7.7538,-2.0274,-40.6038,-0.0071007,-1.5797,0.20394,4.3588e-07,0.021787,0,80.2462,-0.012605,0.67922,482.9747,1454.8041
17.0374,10014.256,17.3744,239.9166,9.7275,2.182,0.054743,3.6927,89.9819,0.033616,7.5997,7.7538,-2.0274,-40.6038,-0.0071007,-1.5797,0.20394,4.3588e-07,0.021787,0,80.2462,-0.012817,0.66936,482.9747,1454.8041
17.0416,10014.4013,17.4888,239.9155,9.7457,2.1785,0.085517,2.9554,89.9822,0.1336,7.6039,7.6282,-1.4875,-40.7184,-0.0069249,-1.5484,0.20335,4.3581e-07,0.021797,0,79.8946,-0.012948,0.74525,482.9742,1454.7959
17.0499,10014.5475,17.6032,239.9137,9.7639,2.1749,0.11015,2.2331,89.9833,0.23306,7.608,7.4916,-1.2788,-40.8331,-0.0067544,-1.5147,0.18763,4.3574e-07,0.021808,0,79.5438,-0.013292,0.81888,482.9737,1454.7876
17.0583,10014.6947,17.7176,239.9112,9.782,2.1714,0.12876,1.5255,89.9852,0.32469,7.6121,7.32,-1.9911,-40.9524,-0.006569,-1.478,0.15221,4.3566e-07,0.021819,0,79.6895,-0.013593,0.89514,482.9731,1454.7793
17.0666,10014.8428,17.8322,239.9094,9.8001,2.168,0.14147,0.83251,89.9879,0.39894,7.6161,7.2784,-3.9035,-41.0794,-0.0064102,-1.4403,0.10785,4.3556e-07,0.021829,0,79.8354,-0.013784,0.89175,482.9726,1454.771
17.0749,10014.9919,17.9471,239.9076,9.8182,2.1648,0.14841,0.15391,89.9912,0.45148,7.6201,7.2157,-6.3618,-41.2061,-0.0063127,-1.4026,0.059785,4.3545e-07,0.02184,0,79.9814,-0.013835,0.88044,482.9721,1454.7626
17.0833,10015.1419,18.0621,239.906,9.8362,2.1617,0.14969,-0.51069,89.995,0.48051,7.6241,7.1453,-9.0501,-41.3271,-0.0063071,-1.3657,0.011386,4.3533e-07,0.021851,0,80.1275,-0.013748,0.86546,482.9715,1454.7541
17.0916,10015.2929,18.1774,239.9046,9.8543,2.1587,0.14543,-1.1617,89.999,0.48589,7.628,7.076,-11.7627,-41.4385,-0.0063995,-1.3301,-0.034432,4.3518e-07,0.021861,0,80.2738,-0.013557,0.84864,482.971,1454.7456
17.0999,10015.4449,18.2928,239.9033,9.8723,2.1558,0.13575,-1.7995,90.0031,0.46885,7.6318,7.0149,-14.323,-41.5381,-0.0065744,-1.2961,-0.075745,4.3502e-07,0.021872,0,80.4202,-0.013315,0.83078,482.9705,1454.737
17.1083,10015.5978,18.4085,239.9022,9.8902,2.1528,0.12076,-2.4246,90.007,0.43159,7.6356,6.9666,-16.6142,-41.6255,-0.0067963,-1.2638,-0.11144,4.3484e-07,0.021883,0,80.5667,-0.013084,0.81226,482.9699,1454.7284
17.1166,10015.7517,18.5244,239.9012,9.9082,2.1498,0.10055,-3.0373,90.0106,0.37682,7.6394,6.9331,-18.5686,-41.7019,-0.007019,-1.2335,-0.14101,4.3465e-07,0.021893,0,80.7133,-0.012917,0.79327,482.9694,1454.7197
17.1249,10015.9065,18.6405,239.9004,9.9261,2.1467,0.075242,-3.6381,90.0137,0.30753,7.6431,6.9151,-20.155,-41.7696,-0.0071872,-1.2049,-0.16441,4.3444e-07,0.021904,0,80.8601,-0.012851,0.77393,482.9688,1454.711
17.1268,10015.9065,18.6405,239.9004,9.9261,2.1467,0.075242,-3.6381,90.0137,0.30753,7.6431,6.9151,-20.155,-41.7696,-0.0071872,-1.2049,-0.16441,4.3444e-07,0.021904,0,80.8601,-0.012946,0.75429,482.9688,1454.711
17.1268,10015.9065,18.6405,239.9004,9.9261,2.1467,0.075242,-3.6381,90.0137,0.30753,7.6431,6.9151,-20.155,-41.7696,-0.0071872,-1.2049,-0.16441,4.3444e-07,0.021904,0,80.8601,-0.012946,0.75429,482.9688,1454.711
17.1295,10015.9065,18.6405,239.9004,9.9261,2.1467,0.075242,-3.6381,90.0137,0.30753,7.6431,6.9151,-20.155,-41.7696,-0.0071872,-1.2049,-0.16441,4.3444e-07,0.021904,0,80.8601,-0.013081,0.73207,482.9688,1454.711
17.1295,10015.9065,18.6405,239.9004,9.9261,2.1467,0.075242,-3.6381,90.0137,0.30753,7.6431,6.9151,-20.155,-41.7696,-0.0071872,-1.2049,-0.16441,4.3444e-07,0.021904,0,80.8601,-0.013081,0.73207,482.9688,1454.711
17.1322,10015.9065,18.6405,239.9004,9.9261,2.1467,0.075242,-3.6381,90.0137,0.30753,7.6431,6.9151,-20.155,-41.7696,-0.0071872,-1.2049,-0.16441,4.3444e-07,0.021904,0,80.8601,-0.013217,0.71511,482.9688,1454.711
17.1333,10016.0623,18.7568,239.8998,9.944,2.1435,0.044925,-4.2273,90.0163,0.2267,7.6468,6.9107,-21.371,-41.832,-0.0072566,-0.8825,-0.18195,4.3422e-07,0.021915,0,81.007,-0.012901,0.75475,482.9683,1454.7022
17.137,10016.0623,18.7568,239.8998,9.944,2.1435,0.044925,-4.2273,90.0163,0.2267,7.6468,6.9107,-21.371,-41.832,-0.0072566,-0.8825,-0.18195,4.3422e-07,0.021915,0,81.007,-0.01309,0.72517,482.9683,1454.7022
17.1383,10016.0623,18.7568,239.8998,9.944,2.1435,0.044925,-4.2273,90.0163,0.2267,7.6468,6.9107,-21.371,-41.832,-0.0072566,-0.8825,-0.18195,4.3422e-07,0.021915,0,81.007,-0.013153,0.71755,482.9683,1454.7022
17.1383,10016.0623,18.7568,239.8998,9.944,2.1435,0.044925,-4.2273,90.0163,0.2267,7.6468,6.9107,-21.371,-41.832,-0.0072566,-0.8825,-0.18195,4.3422e-07,0.021915,0,81.007,-0.013153,0.71755,482.9683,1454.7022
17.1416,10016.2191,18.8734,239.8993,9.9619,2.1402,0.0096968,-4.6641,90.0181,0.13718,7.6503,6.9178,-19.5475,-42.6344,-0.0072074,0.89535,-0.19421,4.3399e-07,0.021925,0,81.1539,-0.013058,0.73618,482.9677,1454.6933
17.1424,10016.2191,18.8734,239.8993,9.9619,2.1402,0.0096968,-4.6641,90.0181,0.13718,7.6503,6.9178,-19.5475,-42.6344,-0.0072074,0.89535,-0.19421,4.3399e-07,0.021925,0,81.1539,-0.013098,0.73047,482.9677,1454.6933
17.1424,10016.2191,18.8734,239.8993,9.9619,2.1402,0.0096968,-4.6641,90.0181,0.13718,7.6503,6.9178,-19.5475,-42.6344,-0.0072074,0.89535,-0.19421,4.3399e-07,0.021925,0,81.1539,-0.013098,0.73047,482.9677,1454.6933
17.1457,10016.2191,18.8734,239.8993,9.9619,2.1402,0.0096968,-4.6641,90.0181,0.13718,7.6503,6.9178,-19.5475,-42.6344,-0.0072074,0.89535,-0.19421,4.3399e-07,0.021925,0,81.1539,-0.013264,0.7108,482.9677,1454.6933
17.149,10016.2191,18.8734,239.8993,9.9619,2.1402,0.0096968,-4.6641,90.0181,0.13718,7.6503,6.9178,-19.5475,-42.6344,-0.0072074,0.89535,-0.19421,4.3399e-07,0.021925,0,81.1539,-0.013431,0.69671,482.9677,1454.6933
17.1499,10016.3769,18.9901,239.8989,9.9797,2.1368,-0.029171,-4.2531,90.0193,0.041564,7.6539,6.9349,-4.1576,-47.1003,-0.0070353,1.6027,-0.20203,4.3375e-07,0.021936,0,81.301,-0.013305,0.71754,482.9671,1454.6845
17.1545,10016.3769,18.9901,239.8989,9.9797,2.1368,-0.029171,-4.2531,90.0193,0.041564,7.6539,6.9349,-4.1576,-47.1003,-0.0070353,1.6027,-0.20203,4.3375e-07,0.021936,0,81.301,-0.013532,0.69696,482.9671,1454.6845
17.1554,10016.3769,18.9901,239.8989,9.9797,2.1368,-0.029171,-4.2531,90.0193,0.041564,7.6539,6.9349,-4.1576,-47.1003,-0.0070353,1.6027,-0.20203,4.3375e-07,0.021936,0,81.301,-0.013581,0.69367,482.9671,1454.6845
17.1554,10016.3769,18.9901,239.8989,9.9797,2.1368,-0.029171,-4.2531,90.0193,0.041564,7.6539,6.9349,-4.1576,-47.1003,-0.0070353,1.6027,-0.20203,4.3375e-07,0.021936,0,81.301,-0.013581,0.69367,482.9671,1454.6845
17.1583,10016.5356,19.107,239.8988,9.9976,2.1333,-0.064614,-3.5051,90.0196,-0.057713,7.6573,6.9615,1.8069,-48.9043,-0.0068391,1.5719,-0.20605,4.3352e-07,0.021947,0,81.4482,-0.013602,0.69877,482.9666,1454.6755
17.1611,10016.5356,19.107,239.8988,9.9976,2.1333,-0.064614,-3.5051,90.0196,-0.057713,7.6573,6.9615,1.8069,-48.9043,-0.0068391,1.5719,-0.20605,4.3352e-07,0.021947,0,81.4482,-0.013743,0.68957,482.9666,1454.6755
17.1666,10016.6953,19.2239,239.898,10.0153,2.1299,-0.093824,-2.7721,90.0191,-0.15871,7.6608,6.8915,1.3095,-48.8631,-0.0066553,1.5405,-0.20404,4.3328e-07,0.021957,0,81.0953,-0.013917,0.72788,482.966,1454.6665
17.1749,10016.856,19.3407,239.8965,10.0331,2.1265,-0.11693,-2.054,90.0178,-0.25852,7.6642,6.7544,1.1813,-48.8181,-0.0064915,1.5058,-0.1817,4.3306e-07,0.021968,0,80.7431,-0.01422,0.79931,482.9654,1454.6574
17.1833,10017.0177,19.4573,239.8943,10.0508,2.1231,-0.13404,-1.3507,90.0156,-0.34728,7.6676,6.6712,2.2925,-48.7626,-0.0063247,1.4686,-0.143,4.3285e-07,0.021979,0,80.8895,-0.014468,0.87568,482.9649,1454.6483
17.1916,10017.1803,19.5743,239.8927,10.0685,2.1198,-0.1453,-0.66178,90.0128,-0.41706,7.671,6.8137,4.4022,-48.7003,-0.0061901,1.4307,-0.096998,4.3265e-07,0.021989,0,81.036,-0.014602,0.87104,482.9643,1454.6391
17.1999,10017.3439,19.6914,239.8912,10.0862,2.1167,-0.15082,0.012934,90.0093,-0.46432,7.6743,6.9757,6.9609,-48.6333,-0.0061222,1.3931,-0.048093,4.3247e-07,0.022,0,81.1826,-0.014598,0.85868,482.9637,1454.6299
17.2083,10017.5085,19.8087,239.8899,10.1039,2.1137,-0.15071,0.67386,90.0054,-0.48766,7.6776,7.1468,9.7013,-48.5611,-0.0061453,1.3564,0.0003024,4.323e-07,0.022011,0,81.3293,-0.014464,0.84272,482.9631,1454.6206
17.2166,10017.6741,19.9262,239.8887,10.1215,2.1108,-0.14509,1.3214,90.0013,-0.48732,7.6808,7.3184,12.4164,-48.4833,-0.0062614,1.3211,0.045507,4.3216e-07,0.022021,0,81.4761,-0.014238,0.82496,482.9625,1454.6113
17.2249,10017.8406,20.0439,239.8878,10.1391,2.108,-0.13408,1.956,89.9973,-0.46486,7.684,7.4839,14.9433,-48.4007,-0.0064508,1.2875,0.085817,4.3203e-07,0.022032,0,81.6231,-0.013976,0.80618,482.9619,1454.6019
17.2333,10018.0081,20.1618,239.8869,10.1567,2.1051,-0.11778,2.578,89.9934,-0.42264,7.6872,7.6385,17.1785,-48.3145,-0.0066761,1.2557,0.12028,4.3192e-07,0.022043,0,81.7701,-0.013737,0.78676,482.9613,1454.5925
17.2416,10018.1766,20.2798,239.8863,10.1742,2.1022,-0.096299,3.1879,89.9899,-0.36352,7.6902,7.7792,19.0637,-48.2271,-0.0068905,1.2258,0.1485,4.3182e-07,0.022053,0,81.9173,-0.013571,0.76688,482.9607,1454.5829
17.2499,10018.3461,20.3981,239.8858,10.1917,2.0991,-0.069733,3.7859,89.9869,-0.29051,7.6933,7.9043,20.5752,-48.1411,-0.0070355,1.1527,0.17054,4.3174e-07,0.022064,0,82.0646,-0.013513,0.74667,482.9601,1454.5734
17.2537,10018.3461,20.3981,239.8858,10.1917,2.0991,-0.069733,3.7859,89.9869,-0.29051,7.6933,7.9043,20.5752,-48.1411,-0.0070355,1.1527,0.17054,4.3174e-07,0.022064,0,82.0646,-0.013699,0.72243,482.9601,1454.5734
17.2537,10018.3461,20.3981,239.8858,10.1917,2.0991,-0.069733,3.7859,89.9869,-0.29051,7.6933,7.9043,20.5752,-48.1411,-0.0070355,1.1527,0.17054,4.3174e-07,0.022064,0,82.0646,-0.013699,0.72243,482.9601,1454.5734
17.2564,10018.3461,20.3981,239.8858,10.1917,2.0991,-0.069733,3.7859,89.9869,-0.29051,7.6933,7.9043,20.5752,-48.1411,-0.0070355,1.1527,0.17054,4.3174e-07,0.022064,0,82.0646,-0.013831,0.71003,482.9601,1454.5734
17.2564,10018.3461,20.3981,239.8858,10.1917,2.0991,-0.069733,3.7859,89.9869,-0.29051,7.6933,7.9043,20.5752,-48.1411,-0.0070355,1.1527,0.17054,4.3174e-07,0.022064,0,82.0646,-0.013831,0.71003,482.9601,1454.5734
17.2583,10018.5166,20.5166,239.8854,10.2093,2.096,-0.038183,4.3511,89.9845,-0.20662,7.6963,8.0114,21.3083,-47.948,-0.0070781,0.78848,0.1868,4.3167e-07,0.022075,0,82.2119,-0.013568,0.72693,482.9595,1454.5638
17.2601,10018.5166,20.5166,239.8854,10.2093,2.096,-0.038183,4.3511,89.9845,-0.20662,7.6963,8.0114,21.3083,-47.948,-0.0070781,0.78848,0.1868,4.3167e-07,0.022075,0,82.2119,-0.013659,0.71737,482.9595,1454.5638
17.2638,10018.5166,20.5166,239.8854,10.2093,2.096,-0.038183,4.3511,89.9845,-0.20662,7.6963,8.0114,21.3083,-47.948,-0.0070781,0.78848,0.1868,4.3167e-07,0.022075,0,82.2119,-0.01384,0.70284,482.9595,1454.5638
17.2653,10018.5166,20.5166,239.8854,10.2093,2.096,-0.038183,4.3511,89.9845,-0.20662,7.6963,8.0114,21.3083,-47.948,-0.0070781,0.78848,0.1868,4.3167e-07,0.022075,0,82.2119,-0.013911,0.69845,482.9595,1454.5638
17.2653,10018.5166,20.5166,239.8854,10.2093,2.096,-0.038183,4.3511,89.9845,-0.20662,7.6963,8.0114,21.3083,-47.948,-0.0070781,0.78848,0.1868,4.3167e-07,0.022075,0,82.2119,-0.013911,0.69845,482.9595,1454.5638
17.2666,10018.6881,20.6352,239.8853,10.2267,2.0927,-0.0019235,4.7438,89.9827,-0.11465,7.6992,8.1019,19.0286,-47.0329,-0.0070223,-1.5495,0.1979,4.3161e-07,0.022085,0,82.2666,-0.013729,0.70755,482.9589,1454.5541
17.2679,10018.6881,20.6352,239.8853,10.2267,2.0927,-0.0019235,4.7438,89.9827,-0.11465,7.6992,8.1019,19.0286,-47.0329,-0.0070223,-1.5495,0.1979,4.3161e-07,0.022085,0,82.2666,-0.013794,0.70291,482.9589,1454.5541
17.2685,10018.6881,20.6352,239.8853,10.2267,2.0927,-0.0019235,4.7438,89.9827,-0.11465,7.6992,8.1019,19.0286,-47.0329,-0.0070223,-1.5495,0.1979,4.3161e-07,0.022085,0,82.2666,-0.013822,0.70116,482.9589,1454.5541
17.2685,10018.6881,20.6352,239.8853,10.2267,2.0927,-0.0019235,4.7438,89.9827,-0.11465,7.6992,8.1019,19.0286,-47.0329,-0.0070223,-1.5495,0.1979,4.3161e-07,0.022085,0,82.2666,-0.013822,0.70116,482.9589,1454.5541
17.2712,10018.6881,20.6352,239.8853,10.2267,2.0927,-0.0019235,4.7438,89.9827,-0.11465,7.6992,8.1019,19.0286,-47.0329,-0.0070223,-1.5495,0.1979,4.3161e-07,0.022085,0,82.2666,-0.013952,0.69398,482.9589,1454.5541
17.2738,10018.6881,20.6352,239.8853,10.2267,2.0927,-0.0019235,4.7438,89.9827,-0.11465,7.6992,8.1019,19.0286,-47.0329,-0.0070223,-1.5495,0.1979,4.3161e-07,0.022085,0,82.2666,-0.014083,0.6885,482.9589,1454.5541
17.2749,10018.8605,20.7538,239.8846,10.2442,2.0894,0.037609,4.0213,89.9818,-0.017179,7.7021,8.0763,-1.5371,-41.2143,-0.006881,-1.5933,0.20476,4.3155e-07,0.022096,0,81.913,-0.013984,0.73501,482.9583,1454.5444
17.2804,10018.8605,20.7538,239.8846,10.2442,2.0894,0.037609,4.0213,89.9818,-0.017179,7.7021,8.0763,-1.5371,-41.2143,-0.006881,-1.5933,0.20476,4.3155e-07,0.022096,0,81.913,-0.014249,0.70825,482.9583,1454.5444
17.2819,10018.8605,20.7538,239.8846,10.2442,2.0894,0.037609,4.0213,89.9818,-0.017179,7.7021,8.0763,-1.5371,-41.2143,-0.006881,-1.5933,0.20476,4.3155e-07,0.022096,0,81.913,-0.014325,0.7029,482.9583,1454.5444
17.2819,10018.8605,20.7538,239.8846,10.2442,2.0894,0.037609,4.0213,89.9818,-0.017179,7.7021,8.0763,-1.5371,-41.2143,-0.006881,-1.5933,0.20476,4.3155e-07,0.022096,0,81.913,-0.014325,0.7029,482.9583,1454.5444
17.2833,10019.034,20.8723,239.883,10.2616,2.086,0.071121,3.2784,89.9816,0.083407,7.705,7.9511,-1.5481,-41.1354,-0.0067182,-1.5625,0.20746,4.3149e-07,0.022107,0,81.5601,-0.014303,0.80739,482.9577,1454.5346
17.2846,10019.034,20.8723,239.883,10.2616,2.086,0.071121,3.2784,89.9816,0.083407,7.705,7.9511,-1.5481,-41.1354,-0.0067182,-1.5625,0.20746,4.3149e-07,0.022107,0,81.5601,-0.014369,0.79034,482.9577,1454.5346
17.2873,10019.034,20.8723,239.883,10.2616,2.086,0.071121,3.2784,89.9816,0.083407,7.705,7.9511,-1.5481,-41.1354,-0.0067182,-1.5625,0.20746,4.3149e-07,0.022107,0,81.5601,-0.0145,0.76243,482.9577,1454.5346
17.2916,10019.2084,20.9906,239.8808,10.279,2.0826,0.098442,2.5506,89.9823,0.18508,7.7078,7.8177,-1.1377,-41.2429,-0.0064968,-1.5309,0.20368,4.3143e-07,0.022117,0,81.4508,-0.014647,0.88498,482.9571,1454.5248
17.2999,10019.3838,21.1092,239.8792,10.2964,2.0792,0.1197,1.8375,89.9839,0.28471,7.7106,7.855,-1.1226,-41.3547,-0.0062616,-1.4949,0.17401,4.3135e-07,0.022128,0,81.5976,-0.014952,0.88036,482.9564,1454.5149
17.3083,10019.5602,21.2279,239.8777,10.3137,2.076,0.13501,1.1391,89.9863,0.36973,7.7134,7.8281,-2.6826,-41.4777,-0.0060578,-1.4572,0.13182,4.3127e-07,0.022139,0,81.7445,-0.015149,0.86794,482.9558,1454.5049
17.3166,10019.7376,21.3469,239.8764,10.331,2.0728,0.1445,0.45495,89.9894,0.43407,7.7161,7.7711,-5.0068,-41.6019,-0.00592,-1.4193,0.08415,4.3117e-07,0.022149,0,81.8916,-0.015202,0.85191,482.9552,1454.4949
17.3249,10019.916,21.4659,239.8753,10.3483,2.0699,0.1483,-0.21523,89.993,0.47506,7.7188,7.702,-7.6677,-41.7215,-0.0058808,-1.3818,0.034509,4.3106e-07,0.02216,0,82.0387,-0.015107,0.83407,482.9545,1454.4849
17.3333,10020.0954,21.5852,239.8743,10.3656,2.0671,0.1465,-0.87185,89.9969,0.49177,7.7215,7.63,-10.4527,-41.8321,-0.0059495,-1.3454,-0.013682,4.3093e-07,0.022171,0,82.1859,-0.014893,0.81519,482.9539,1454.4747
17.3416,10020.2757,21.7046,239.8735,10.3828,2.0643,0.13924,-1.5153,90.001,0.48488,7.7241,7.5637,-13.154,-41.9311,-0.0061135,-1.3105,-0.058013,4.3078e-07,0.022181,0,82.3333,-0.014611,0.7956,482.9533,1454.4646
17.3499,10020.4571,21.8242,239.8728,10.4,2.0615,0.12661,-2.1461,90.0051,0.45628,7.7267,7.5087,-15.6255,-42.0177,-0.0063397,-1.2773,-0.097033,4.3061e-07,0.022192,0,82.4807,-0.014321,0.77549,482.9526,1454.4543
17.3583,10020.6395,21.9439,239.8723,10.4172,2.0587,0.10873,-2.7644,90.0089,0.40854,7.7292,7.4681,-17.7789,-42.0927,-0.0065821,-1.2461,-0.12996,4.3043e-07,0.022202,0,82.6282,-0.014082,0.75495,482.952,1454.4441
17.3666,10020.8228,22.0639,239.872,10.4344,2.0558,0.08569,-3.3708,90.0123,0.34462,7.7317,7.4431,-19.5667,-42.1581,-0.0067914,-1.2166,-0.15656,4.3023e-07,0.022213,0,82.7757,-0.013937,0.73407,482.9513,1454.4337
17.3677,10020.8228,22.0639,239.872,10.4344,2.0558,0.08569,-3.3708,90.0123,0.34462,7.7317,7.4431,-19.5667,-42.1581,-0.0067914,-1.2166,-0.15656,4.3023e-07,0.022213,0,82.7757,-0.013989,0.72844,482.9513,1454.4337
17.3677,10020.8228,22.0639,239.872,10.4344,2.0558,0.08569,-3.3708,90.0123,0.34462,7.7317,7.4431,-19.5667,-42.1581,-0.0067914,-1.2166,-0.15656,4.3023e-07,0.022213,0,82.7757,-0.013989,0.72844,482.9513,1454.4337
17.3749,10021.0072,22.184,239.8719,10.4515,2.0528,0.0576,-3.9656,90.0151,0.26761,7.7341,7.4335,-20.9744,-42.2167,-0.0069342,-1.0444,-0.177,4.3002e-07,0.022224,0,82.8464,-0.013908,0.7129,482.9506,1454.4233
17.3767,10021.0072,22.184,239.8719,10.4515,2.0528,0.0576,-3.9656,90.0151,0.26761,7.7341,7.4335,-20.9744,-42.2167,-0.0069342,-1.0444,-0.177,4.3002e-07,0.022224,0,82.8464,-0.013992,0.70755,482.9506,1454.4233
17.3767,10021.0072,22.184,239.8719,10.4515,2.0528,0.0576,-3.9656,90.0151,0.26761,7.7341,7.4335,-20.9744,-42.2167,-0.0069342,-1.0444,-0.177,4.3002e-07,0.022224,0,82.8464,-0.013992,0.70755,482.9506,1454.4233
17.3813,10021.0072,22.184,239.8719,10.4515,2.0528,0.0576,-3.9656,90.0151,0.26761,7.7341,7.4335,-20.9744,-42.2167,-0.0069342,-1.0444,-0.177,4.3002e-07,0.022224,0,82.8464,-0.014214,0.69734,482.9506,1454.4233
17.3813,10021.0072,22.184,239.8719,10.4515,2.0528,0.0576,-3.9656,90.0151,0.26761,7.7341,7.4335,-20.9744,-42.2167,-0.0069342,-1.0444,-0.177,4.3002e-07,0.022224,0,82.8464,-0.014214,0.69734,482.9506,1454.4233
17.3833,10021.1926,22.304,239.871,10.4686,2.0497,0.024553,-4.48,90.0174,0.18048,7.7365,7.3012,-20.6979,-42.6338,-0.0069898,-0.33077,-0.19177,4.298e-07,0.022234,0,82.4924,-0.014005,0.75365,482.95,1454.4129
17.3852,10021.1926,22.304,239.871,10.4686,2.0497,0.024553,-4.48,90.0174,0.18048,7.7365,7.3012,-20.6979,-42.6338,-0.0069898,-0.33077,-0.19177,4.298e-07,0.022234,0,82.4924,-0.014097,0.7408,482.95,1454.4129
17.3891,10021.1926,22.304,239.871,10.4686,2.0497,0.024553,-4.48,90.0174,0.18048,7.7365,7.3012,-20.6979,-42.6338,-0.0069898,-0.33077,-0.19177,4.298e-07,0.022234,0,82.4924,-0.014282,0.72151,482.95,1454.4129
17.3916,10021.3789,22.4238,239.8694,10.4857,2.0465,-0.012782,-4.6551,90.0189,0.086017,7.7389,7.1211,-15.1413,-44.4141,-0.0069232,1.619,-0.20155,4.2957e-07,0.022245,0,82.139,-0.014227,0.82804,482.9493,1454.4024
17.3949,10021.3789,22.4238,239.8694,10.4857,2.0465,-0.012782,-4.6551,90.0189,0.086017,7.7389,7.1211,-15.1413,-44.4141,-0.0069232,1.619,-0.20155,4.2957e-07,0.022245,0,82.139,-0.014385,0.7865,482.9493,1454.4024
17.3949,10021.3789,22.4238,239.8694,10.4857,2.0465,-0.012782,-4.6551,90.0189,0.086017,7.7389,7.1211,-15.1413,-44.4141,-0.0069232,1.619,-0.20155,4.2957e-07,0.022245,0,82.139,-0.014385,0.7865,482.9493,1454.4024
17.3999,10021.5663,22.5435,239.8671,10.5028,2.0431,-0.051575,-3.9001,90.0196,-0.013252,7.7412,6.9526,1.9747,-49.313,-0.0067166,1.5883,-0.20726,4.2934e-07,0.022256,0,82.286,-0.014546,0.90712,482.9487,1454.3918
17.4049,10021.5663,22.5435,239.8671,10.5028,2.0431,-0.051575,-3.9001,90.0196,-0.013252,7.7412,6.9526,1.9747,-49.313,-0.0067166,1.5883,-0.20726,4.2934e-07,0.022256,0,82.286,-0.014783,0.81891,482.9487,1454.3918
17.4083,10021.7547,22.6634,239.8654,10.5198,2.0398,-0.084077,-3.1604,90.0195,-0.11507,7.7435,6.9826,1.372,-49.2675,-0.0064529,1.5572,-0.20799,4.2912e-07,0.022266,0,82.433,-0.014894,0.90279,482.948,1454.3812
17.4166,10021.944,22.7835,239.8638,10.5368,2.0365,-0.11041,-2.4355,90.0185,-0.21703,7.7458,7.0248,1.0746,-49.223,-0.0061696,1.5246,-0.1986,4.289e-07,0.022277,0,82.5802,-0.015212,0.89053,482.9473,1454.3705
17.4249,10022.1344,22.9038,239.8624,10.5538,2.0332,-0.13071,-1.7255,90.0167,-0.31422,7.748,7.0927,1.3953,-49.1753,-0.0059156,1.4881,-0.16547,4.2869e-07,0.022288,0,82.7274,-0.015448,0.87459,482.9466,1454.3598
17.4333,10022.3257,23.0241,239.8611,10.5708,2.0301,-0.14509,-1.0299,90.0141,-0.39512,7.7502,7.2211,3.1628,-49.1154,-0.0057304,1.4503,-0.12155,4.2849e-07,0.022298,0,82.8748,-0.015552,0.85681,482.946,1454.349
17.4416,10022.5181,23.1447,239.86,10.5877,2.0272,-0.15367,-0.34847,90.0108,-0.45448,7.7524,7.3781,5.5907,-49.0473,-0.0056379,1.4123,-0.07302,4.2831e-07,0.022309,0,83.0222,-0.01551,0.83799,482.9453,1454.3381
17.4499,10022.7115,23.2653,239.8591,10.6046,2.0244,-0.15658,0.31918,90.007,-0.49007,7.7545,7.5486,8.3044,-48.9719,-0.0056568,1.375,-0.023326,4.2814e-07,0.02232,0,83.1697,-0.013923,0.81847,482.9446,1454.3272
17.4583,10022.9059,23.3861,239.8583,10.6215,2.0217,-0.15392,0.97346,90.0029,-0.50133,7.7566,7.7243,11.0944,-48.8893,-0.0057825,1.3388,0.02431,4.28e-07,0.02233,0,83.3173,0.010515,0.79838,482.9439,1454.3163
17.4666,10023.1013,23.5071,239.8577,10.6383,2.019,-0.14581,1.6148,89.9987,-0.48925,7.7586,7.8969,13.765,-48.8009,-0.0069766,1.3042,0.067691,4.2787e-07,0.022341,0,83.465,0.032263,0.77781,482.9432,1454.3052
17.4749,10023.2977,23.6283,239.8573,10.6552,2.0158,-0.13235,2.2435,89.9946,-0.4559,7.7606,8.0725,16.1829,-48.6536,-0.022064,1.2714,0.10552,4.2776e-07,0.022352,0,83.6127,0.053601,0.75585,482.9425,1454.2942
17.4833,10023.4951,23.751,239.8572,10.672,2.0056,-0.11366,2.8601,89.9908,-0.40397,7.7624,8.381,18.2688,-47.7384,-0.032857,1.2405,0.13715,4.2767e-07,0.022362,0,83.7605,0.068112,0.73062,482.9418,1454.283
17.4916,10023.6935,23.8744,239.8569,10.6887,1.9901,-0.089821,3.4648,89.9875,-0.33648,7.764,8.592,19.983,-47.0694,-0.043389,1.2115,0.16245,4.276e-07,0.022373,0,83.4056,0.077636,0.72312,482.9411,1454.2718
17.4939,10023.6935,23.8744,239.8569,10.6887,1.9901,-0.089821,3.4648,89.9875,-0.33648,7.764,8.592,19.983,-47.0694,-0.043389,1.2115,0.16245,4.276e-07,0.022373,0,83.4056,0.076808,0.71653,482.9411,1454.2718
17.4939,10023.6935,23.8744,239.8569,10.6887,1.9901,-0.089821,3.4648,89.9875,-0.33648,7.764,8.592,19.983,-47.0694,-0.043389,1.2115,0.16245,4.276e-07,0.022373,0,83.4056,0.076808,0.71653,482.9411,1454.2718
17.4999,10023.893,23.9981,239.8555,10.7053,1.9697,-0.060948,4.058,89.9847,-0.25652,7.7654,8.5878,21.3168,-46.4146,-0.050361,0.98249,0.18165,4.2754e-07,0.022384,0,83.0512,0.082178,0.8064,482.9404,1454.2606
17.5028,10023.893,23.9981,239.8555,10.7053,1.9697,-0.060948,4.058,89.9847,-0.25652,7.7654,8.5878,21.3168,-46.4146,-0.050361,0.98249,0.18165,4.2754e-07,0.022384,0,83.0512,0.081124,0.77746,482.9404,1454.2606
17.5028,10023.893,23.9981,239.8555,10.7053,1.9697,-0.060948,4.058,89.9847,-0.25652,7.7654,8.5878,21.3168,-46.4146,-0.050361,0.98249,0.18165,4.2754e-07,0.022384,0,83.0512,0.081124,0.77746,482.9404,1454.2606
17.5078,10023.893,23.9981,239.8555,10.7053,1.9697,-0.060948,4.058,89.9847,-0.25652,7.7654,8.5878,21.3168,-46.4146,-0.050361,0.98249,0.18165,4.2754e-07,0.022384,0,83.0512,0.079308,0.74372,482.9404,1454.2606
17.5078,10023.893,23.9981,239.8555,10.7053,1.9697,-0.060948,4.058,89.9847,-0.25652,7.7654,8.5878,21.3168,-46.4146,-0.050361,0.98249,0.18165,4.2754e-07,0.022384,0,83.0512,0.079308,0.74372,482.9404,1454.2606
17.5083,10024.0935,24.122,239.8533,10.7217,1.9458,-0.027131,4.5437,89.9825,-0.16707,7.7666,8.5399,20.4495,-45.453,-0.05474,-0.12512,0.19529,4.2749e-07,0.022394,0,82.6974,0.083355,0.89626,482.9397,1454.2493
17.5087,10024.0935,24.122,239.8533,10.7217,1.9458,-0.027131,4.5437,89.9825,-0.16707,7.7666,8.5399,20.4495,-45.453,-0.05474,-0.12512,0.19529,4.2749e-07,0.022394,0,82.6974,0.0832,0.88768,482.9397,1454.2493
17.5096,10024.0935,24.122,239.8533,10.7217,1.9458,-0.027131,4.5437,89.9825,-0.16707,7.7666,8.5399,20.4495,-45.453,-0.05474,-0.12512,0.19529,4.2749e-07,0.022394,0,82.6974,0.08289,0.87161,482.9397,1454.2493
17.5113,10024.0935,24.122,239.8533,10.7217,1.9458,-0.027131,4.5437,89.9825,-0.16707,7.7666,8.5399,20.4495,-45.453,-0.05474,-0.12512,0.19529,4.2749e-07,0.022394,0,82.6974,0.08227,0.84334,482.9397,1454.2493
17.5147,10024.0935,24.122,239.8533,10.7217,1.9458,-0.027131,4.5437,89.9825,-0.16707,7.7666,8.5399,20.4495,-45.453,-0.05474,-0.12512,0.19529,4.2749e-07,0.022394,0,82.6974,0.081029,0.79953,482.9397,1454.2493
17.5166,10024.295,24.2459,239.8504,10.7379,1.9198,0.010734,4.5018,89.9812,-0.070877,7.7676,8.4615,11.2382,-42.4462,-0.056498,-1.6129,0.20411,4.2745e-07,0.022405,0,82.8446,0.082333,0.98593,482.9389,1454.2379
17.5208,10024.295,24.2459,239.8504,10.7379,1.9198,0.010734,4.5018,89.9812,-0.070877,7.7676,8.4615,11.2382,-42.4462,-0.056498,-1.6129,0.20411,4.2745e-07,0.022405,0,82.8446,0.080848,0.88668,482.9389,1454.2379
17.5208,10024.295,24.2459,239.8504,10.7379,1.9198,0.010734,4.5018,89.9812,-0.070877,7.7676,8.4615,11.2382,-42.4462,-0.056498,-1.6129,0.20411,4.2745e-07,0.022405,0,82.8446,0.080848,0.88668,482.9389,1454.2379
17.5249,10024.4976,24.3701,239.8481,10.754,1.8928,0.04825,3.7504,89.9806,0.029566,7.7684,8.5438,-1.7548,-38.6484,-0.056545,-1.5821,0.20896,4.2741e-07,0.022416,0,82.9918,0.080388,0.98695,482.9382,1454.2265
17.5291,10024.4976,24.3701,239.8481,10.754,1.8928,0.04825,3.7504,89.9806,0.029566,7.7684,8.5438,-1.7548,-38.6484,-0.056545,-1.5821,0.20896,4.2741e-07,0.022416,0,82.9918,0.078912,0.88772,482.9382,1454.2265
17.5333,10024.7012,24.4944,239.8459,10.7697,1.8656,0.079504,3.0142,89.9808,0.13214,7.7689,8.6041,-1.2115,-38.7389,-0.055534,-1.5508,0.2084,4.2737e-07,0.022426,0,83.1391,0.078299,0.97699,482.9375,1454.215
17.5416,10024.9058,24.6187,239.8439,10.7853,1.8389,0.10462,2.2929,89.9819,0.23422,7.7692,8.6436,-0.99737,-38.8866,-0.054115,-1.5173,0.1938,4.2732e-07,0.022437,0,83.2866,0.076591,0.9612,482.9368,1454.2035
17.5499,10025.1115,24.7429,239.842,10.8006,1.8127,0.12373,1.5862,89.9839,0.329,7.7692,8.6457,-1.6373,-39.0604,-0.05268,-1.4805,0.15815,4.2727e-07,0.022448,0,83.4341,0.075505,0.94236,482.936,1454.1919
17.5583,10025.3182,24.8672,239.8404,10.8157,1.7873,0.13695,0.89393,89.9866,0.40625,7.7691,8.596,-3.5592,-39.2418,-0.051489,-1.4426,0.11297,4.272e-07,0.022458,0,83.5816,0.075108,0.922,482.9353,1454.1802
17.5666,10025.5259,24.9915,239.8389,10.8306,1.7626,0.1444,0.21561,89.99,0.46136,7.7687,8.5252,-6.0626,-39.4102,-0.050646,-1.4047,0.063824,4.2711e-07,0.022469,0,83.7293,0.075333,0.90096,482.9345,1454.1685
17.5749,10025.7347,25.1159,239.8376,10.8453,1.7383,0.1462,-0.44912,89.9939,0.4924,7.7682,8.4478,-8.8104,-39.5568,-0.050168,-1.3675,0.014184,4.2701e-07,0.02248,0,83.877,0.076048,0.8797,482.9338,1454.1567
17.5833,10025.9445,25.2403,239.8365,10.8598,1.7143,0.14246,-1.1007,89.998,0.49915,7.7674,8.3726,-11.5924,-39.6782,-0.050002,-1.3316,-0.032915,4.269e-07,0.02249,0,84.0248,0.077092,0.85842,482.9331,1454.1449
17.5916,10026.1554,25.3647,239.8355,10.8741,1.6906,0.13328,-1.7394,90.0021,0.48283,7.7665,8.3065,-14.2242,-39.7755,-0.050067,-1.2973,-0.07545,4.2676e-07,0.022501,0,84.1727,0.078313,0.83719,482.9323,1454.133
17.5999,10026.3673,25.4892,239.8348,10.8882,1.6669,0.11879,-2.3657,90.0061,0.44569,7.7653,8.2538,-16.5831,-39.8519,-0.050268,-1.2649,-0.11225,4.2661e-07,0.022512,0,84.3206,0.079583,0.81597,482.9316,1454.1211
17.6083,10026.5802,25.6138,239.8342,10.9021,1.6431,0.099075,-2.98,90.0099,0.39051,7.764,8.2163,-18.5976,-39.9116,-0.050521,-1.2344,-0.14275,4.2644e-07,0.022522,0,84.4686,0.080804,0.7947,482.9308,1454.1091
17.6166,10026.7942,25.7384,239.8338,10.9158,1.6192,0.074241,-3.5825,90.0131,0.32035,7.7624,8.1947,-20.2341,-39.9592,-0.050747,-1.2057,-0.16691,4.2626e-07,0.022533,0,84.6166,0.081915,0.77329,482.93,1454.097
17.6178,10026.7942,25.7384,239.8338,10.9158,1.6192,0.074241,-3.5825,90.0131,0.32035,7.7624,8.1947,-20.2341,-39.9592,-0.050747,-1.2057,-0.16691,4.2626e-07,0.022533,0,84.6166,0.081516,0.76542,482.93,1454.097
17.6178,10026.7942,25.7384,239.8338,10.9158,1.6192,0.074241,-3.5825,90.0131,0.32035,7.7624,8.1947,-20.2341,-39.9592,-0.050747,-1.2057,-0.16691,4.2626e-07,0.022533,0,84.6166,0.081516,0.76542,482.93,1454.097
17.6204,10026.7942,25.7384,239.8338,10.9158,1.6192,0.074241,-3.5825,90.0131,0.32035,7.7624,8.1947,-20.2341,-39.9592,-0.050747,-1.2057,-0.16691,4.2626e-07,0.022533,0,84.6166,0.08069,0.75192,482.93,1454.097
17.6204,10026.7942,25.7384,239.8338,10.9158,1.6192,0.074241,-3.5825,90.0131,0.32035,7.7624,8.1947,-20.2341,-39.9592,-0.050747,-1.2057,-0.16691,4.2626e-07,0.022533,0,84.6166,0.08069,0.75192,482.93,1454.097
17.623,10026.7942,25.7384,239.8338,10.9158,1.6192,0.074241,-3.5825,90.0131,0.32035,7.7624,8.1947,-20.2341,-39.9592,-0.050747,-1.2057,-0.16691,4.2626e-07,0.022533,0,84.6166,0.079865,0.74152,482.93,1454.097
17.6249,10027.0092,25.8631,239.8335,10.9294,1.5952,0.044387,-4.1737,90.0158,0.23833,7.7606,8.1874,-21.4889,-39.999,-0.050889,-0.91432,-0.18502,4.2607e-07,0.022544,0,84.7647,0.082885,0.75202,482.9293,1454.0849
17.6293,10027.0092,25.8631,239.8335,10.9294,1.5952,0.044387,-4.1737,90.0158,0.23833,7.7606,8.1874,-21.4889,-39.999,-0.050889,-0.91432,-0.18502,4.2607e-07,0.022544,0,84.7647,0.08149,0.73582,482.9293,1454.0849
17.6293,10027.0092,25.8631,239.8335,10.9294,1.5952,0.044387,-4.1737,90.0158,0.23833,7.7606,8.1874,-21.4889,-39.999,-0.050889,-0.91432,-0.18502,4.2607e-07,0.022544,0,84.7647,0.08149,0.73582,482.9293,1454.0849
17.6333,10027.2252,25.9878,239.8335,10.9427,1.5711,0.0096054,-4.6275,90.0178,0.14738,7.7586,8.1919,-19.9773,-40.699,-0.050967,0.68579,-0.19766,4.2587e-07,0.022554,0,84.4092,0.083714,0.73137,482.9285,1454.0727
17.6339,10027.2252,25.9878,239.8335,10.9427,1.5711,0.0096054,-4.6275,90.0178,0.14738,7.7586,8.1919,-19.9773,-40.699,-0.050967,0.68579,-0.19766,4.2587e-07,0.022554,0,84.4092,0.083522,0.72992,482.9285,1454.0727
17.6339,10027.2252,25.9878,239.8335,10.9427,1.5711,0.0096054,-4.6275,90.0178,0.14738,7.7586,8.1919,-19.9773,-40.699,-0.050967,0.68579,-0.19766,4.2587e-07,0.022554,0,84.4092,0.083522,0.72992,482.9285,1454.0727
17.6378,10027.2252,25.9878,239.8335,10.9427,1.5711,0.0096054,-4.6275,90.0178,0.14738,7.7586,8.1919,-19.9773,-40.699,-0.050967,0.68579,-0.19766,4.2587e-07,0.022554,0,84.4092,0.082294,0.72245,482.9285,1454.0727
17.6416,10027.4423,26.1121,239.8323,10.9558,1.5468,-0.028957,-4.3185,90.019,0.050193,7.7565,8.0041,-6.2293,-44.6895,-0.050945,1.6052,-0.2056,4.2566e-07,0.022565,0,84.054,0.084293,0.80304,482.9277,1454.0605
17.6469,10027.4423,26.1121,239.8323,10.9558,1.5468,-0.028957,-4.3185,90.019,0.050193,7.7565,8.0041,-6.2293,-44.6895,-0.050945,1.6052,-0.2056,4.2566e-07,0.022565,0,84.054,0.082661,0.76404,482.9277,1454.0605
17.6469,10027.4423,26.1121,239.8323,10.9558,1.5468,-0.028957,-4.3185,90.019,0.050193,7.7565,8.0041,-6.2293,-44.6895,-0.050945,1.6052,-0.2056,4.2566e-07,0.022565,0,84.054,0.082661,0.76404,482.9277,1454.0605
17.6499,10027.6604,26.236,239.8304,10.9687,1.5224,-0.064945,-3.5712,90.0194,-0.050755,7.7541,7.8286,1.6454,-46.9928,-0.05087,1.5744,-0.20959,4.2545e-07,0.022575,0,83.6993,0.084678,0.88315,482.9269,1454.0482
17.653,10027.6604,26.236,239.8304,10.9687,1.5224,-0.064945,-3.5712,90.0194,-0.050755,7.7541,7.8286,1.6454,-46.9928,-0.05087,1.5744,-0.20959,4.2545e-07,0.022575,0,83.6993,0.083735,0.83711,482.9269,1454.0482
17.6583,10027.8796,26.3597,239.8278,10.9814,1.4979,-0.094706,-2.8391,90.019,-0.15346,7.7516,7.6651,1.1422,-46.9213,-0.05067,1.543,-0.20768,4.2525e-07,0.022586,0,83.8469,0.08491,0.96627,482.9262,1454.0358
17.6666,10028.0997,26.4835,239.8258,10.9939,1.4735,-0.11836,-2.1217,90.0177,-0.25505,7.7489,7.7125,0.99975,-46.8535,-0.050401,1.5085,-0.1869,4.2505e-07,0.022597,0,83.9946,0.085175,0.96162,482.9254,1454.0234
17.6749,10028.321,26.6073,239.824,11.0061,1.4491,-0.13605,-1.419,90.0156,-0.34637,7.746,7.8073,2.0068,-46.7807,-0.050102,1.4713,-0.14841,4.2487e-07,0.022607,0,84.1423,0.085525,0.94811,482.9246,1454.0109
17.6833,10028.5432,26.731,239.8224,11.0182,1.4249,-0.14787,-0.73044,90.0127,-0.41882,7.7429,7.9469,4.0946,-46.7012,-0.04986,1.4333,-0.10199,4.247e-07,0.022618,0,84.2901,0.086032,0.93043,482.9238,1453.9984
17.6916,10028.7665,26.8547,239.8209,11.0301,1.401,-0.15396,-0.055697,90.0092,-0.46854,7.7396,8.1078,6.6693,-46.6146,-0.049688,1.3955,-0.052403,4.2455e-07,0.022629,0,84.4379,0.08671,0.91073,482.923,1453.9858
17.6999,10028.9908,26.9783,239.8196,11.0418,1.3772,-0.15442,0.60564,90.0053,-0.49399,7.7361,8.278,9.4411,-46.5218,-0.049606,1.3586,-0.0031303,4.2441e-07,0.022639,0,84.5858,0.08755,0.88998,482.9222,1453.9732
17.7083,10029.2161,27.1019,239.8185,11.0533,1.3535,-0.14938,1.254,90.0012,-0.49535,7.7325,8.4488,12.1996,-46.423,-0.049604,1.3231,0.043032,4.243e-07,0.02265,0,84.7338,0.088518,0.86862,482.9214,1453.9605
17.7166,10029.4425,27.2255,239.8176,11.0646,1.33,-0.13893,1.8897,89.997,-0.47413,7.7286,8.613,14.7746,-46.3193,-0.049666,1.2893,0.084282,4.242e-07,0.022661,0,84.8818,0.089564,0.84687,482.9206,1453.9477
17.7249,10029.6699,27.349,239.8169,11.0757,1.3065,-0.12318,2.5131,89.9931,-0.43272,7.7246,8.7656,17.0567,-46.2123,-0.049762,1.2573,0.1196,4.2412e-07,0.022671,0,85.0299,0.090633,0.82484,482.9198,1453.9349
17.7333,10029.8983,27.4725,239.8164,11.0866,1.283,-0.10224,3.1246,89.9895,-0.37402,7.7203,8.9037,18.9837,-46.1036,-0.049859,1.2272,0.14856,4.2406e-07,0.022682,0,85.178,0.091677,0.80254,482.919,1453.922
17.7416,10030.1277,27.5959,239.816,11.0973,1.2594,-0.0762,3.7245,89.9864,-0.30112,7.7159,9.0256,20.5297,-45.995,-0.049914,1.1908,0.1712,4.2401e-07,0.022693,0,85.3262,0.092654,0.77999,482.9182,1453.9091
17.7446,10030.1277,27.5959,239.816,11.0973,1.2594,-0.0762,3.7245,89.9864,-0.30112,7.7159,9.0256,20.5297,-45.995,-0.049914,1.1908,0.1712,4.2401e-07,0.022693,0,85.3262,0.091837,0.76432,482.9182,1453.9091
17.7446,10030.1277,27.5959,239.816,11.0973,1.2594,-0.0762,3.7245,89.9864,-0.30112,7.7159,9.0256,20.5297,-45.995,-0.049914,1.1908,0.1712,4.2401e-07,0.022693,0,85.3262,0.091837,0.76432,482.9182,1453.9091
17.7472,10030.1277,27.5959,239.816,11.0973,1.2594,-0.0762,3.7245,89.9864,-0.30112,7.7159,9.0256,20.5297,-45.995,-0.049914,1.1908,0.1712,4.2401e-07,0.022693,0,85.3262,0.091121,0.75399,482.9182,1453.9091
17.7472,10030.1277,27.5959,239.816,11.0973,1.2594,-0.0762,3.7245,89.9864,-0.30112,7.7159,9.0256,20.5297,-45.995,-0.049914,1.1908,0.1712,4.2401e-07,0.022693,0,85.3262,0.091121,0.75399,482.9182,1453.9091
17.7499,10030.3582,27.7192,239.8159,11.1078,1.2358,-0.045162,4.3092,89.9839,-0.21712,7.7113,9.1296,21.6222,-45.8687,-0.049902,0.82506,0.18789,4.2397e-07,0.022703,0,85.4744,0.093543,0.75781,482.9173,1453.8961
17.7526,10030.3582,27.7192,239.8159,11.1078,1.2358,-0.045162,4.3092,89.9839,-0.21712,7.7113,9.1296,21.6222,-45.8687,-0.049902,0.82506,0.18789,4.2397e-07,0.022703,0,85.4744,0.09281,0.74878,482.9173,1453.8961
17.7561,10030.3582,27.7192,239.8159,11.1078,1.2358,-0.045162,4.3092,89.9839,-0.21712,7.7113,9.1296,21.6222,-45.8687,-0.049902,0.82506,0.18789,4.2397e-07,0.022703,0,85.4744,0.091871,0.74032,482.9173,1453.8961
17.7561,10030.3582,27.7192,239.8159,11.1078,1.2358,-0.045162,4.3092,89.9839,-0.21712,7.7113,9.1296,21.6222,-45.8687,-0.049902,0.82506,0.18789,4.2397e-07,0.022703,0,85.4744,0.091871,0.74032,482.9173,1453.8961
17.7583,10030.5897,27.8425,239.8158,11.1181,1.2121,-0.0092515,4.7209,89.982,-0.12492,7.7065,9.2111,19.3485,-44.9223,-0.049851,-1.3038,0.19925,4.2395e-07,0.022714,0,85.1186,0.094331,0.73842,482.9165,1453.883
17.7598,10030.5897,27.8425,239.8158,11.1181,1.2121,-0.0092515,4.7209,89.982,-0.12492,7.7065,9.2111,19.3485,-44.9223,-0.049851,-1.3038,0.19925,4.2395e-07,0.022714,0,85.1186,0.09392,0.73582,482.9165,1453.883
17.7598,10030.5897,27.8425,239.8158,11.1181,1.2121,-0.0092515,4.7209,89.982,-0.12492,7.7065,9.2111,19.3485,-44.9223,-0.049851,-1.3038,0.19925,4.2395e-07,0.022714,0,85.1186,0.09392,0.73582,482.9165,1453.883
17.7619,10030.5897,27.8425,239.8158,11.1181,1.2121,-0.0092515,4.7209,89.982,-0.12492,7.7065,9.2111,19.3485,-44.9223,-0.049851,-1.3038,0.19925,4.2395e-07,0.022714,0,85.1186,0.09335,0.73281,482.9165,1453.883
17.7641,10030.5897,27.8425,239.8158,11.1181,1.2121,-0.0092515,4.7209,89.982,-0.12492,7.7065,9.2111,19.3485,-44.9223,-0.049851,-1.3038,0.19925,4.2395e-07,0.022714,0,85.1186,0.092779,0.7304,482.9165,1453.883
17.7666,10030.8223,27.9652,239.8147,11.1282,1.1884,0.03009,4.1172,89.981,-0.027133,7.7015,9.0778,0.71153,-39.5924,-0.049732,-1.5966,0.20607,4.2393e-07,0.022725,0,84.7631,0.094902,0.81051,482.9157,1453.8699
17.7731,10030.8223,27.9652,239.8147,11.1282,1.1884,0.03009,4.1172,89.981,-0.027133,7.7015,9.0778,0.71153,-39.5924,-0.049732,-1.5966,0.20607,4.2393e-07,0.022725,0,84.7631,0.093195,0.76794,482.9157,1453.8699
17.7731,10030.8223,27.9652,239.8147,11.1282,1.1884,0.03009,4.1172,89.981,-0.027133,7.7015,9.0778,0.71153,-39.5924,-0.049732,-1.5966,0.20607,4.2393e-07,0.022725,0,84.7631,0.093195,0.76794,482.9157,1453.8699
17.7749,10031.0558,28.0875,239.8128,11.1381,1.1645,0.064401,3.3744,89.9808,0.073837,7.6964,8.9348,-1.5503,-38.8581,-0.049599,-1.5657,0.20895,4.2391e-07,0.022735,0,84.408,0.095303,0.89109,482.9148,1453.8567
17.7768,10031.0558,28.0875,239.8128,11.1381,1.1645,0.064401,3.3744,89.9808,0.073837,7.6964,8.9348,-1.5503,-38.8581,-0.049599,-1.5657,0.20895,4.2391e-07,0.022735,0,84.408,0.094817,0.8624,482.9148,1453.8567
17.7805,10031.0558,28.0875,239.8128,11.1381,1.1645,0.064401,3.3744,89.9808,0.073837,7.6964,8.9348,-1.5503,-38.8581,-0.049599,-1.5657,0.20895,4.2391e-07,0.022735,0,84.408,0.093846,0.81885,482.9148,1453.8567
17.7833,10031.2904,28.2093,239.8103,11.1478,1.1407,0.092521,2.6466,89.9814,0.17607,7.6911,8.7843,-1.1162,-38.9318,-0.049356,-1.5341,0.20539,4.2388e-07,0.022746,0,84.5558,0.095566,0.97465,482.914,1453.8435
17.7916,10031.526,28.3312,239.8083,11.1573,1.1168,0.11458,1.9336,89.9829,0.27642,7.6857,8.8169,-1.0746,-39.012,-0.049057,-1.4985,0.17794,4.2385e-07,0.022757,0,84.7037,0.095873,0.96912,482.9132,1453.8302
17.7999,10031.7626,28.453,239.8066,11.1667,1.0931,0.13069,1.235,89.9852,0.3633,7.68,8.79,-2.4866,-39.1041,-0.048736,-1.4609,0.13653,4.2381e-07,0.022767,0,84.8516,0.096275,0.9546,482.9123,1453.8169
17.8083,10032.0002,28.5746,239.805,11.1758,1.0696,0.14098,0.55039,89.9882,0.42989,7.6742,8.7289,-4.7505,-39.2006,-0.048475,-1.423,0.089,4.2375e-07,0.022778,0,84.9995,0.096834,0.93588,482.9115,1453.8035
17.8166,10032.2388,28.6961,239.8037,11.1847,1.0464,0.14557,-0.12056,89.9918,0.47325,7.6682,8.6538,-7.3892,-39.2926,-0.048285,-1.3854,0.039241,4.2368e-07,0.022789,0,85.1475,0.097558,0.91512,482.9106,1453.7901
17.8249,10032.4784,28.8174,239.8025,11.1934,1.0233,0.14456,-0.77827,89.9957,0.49229,7.6621,8.5745,-10.1678,-39.3769,-0.048181,-1.3488,-0.009315,4.2359e-07,0.022799,0,85.2956,0.098435,0.8933,482.9098,1453.7765
17.8333,10032.7191,28.9387,239.8015,11.202,1.0003,0.13808,-1.4231,89.9998,0.48759,7.6558,8.4994,-12.8777,-39.4504,-0.048152,-1.3138,-0.054149,4.2349e-07,0.02281,0,85.4437,0.099423,0.87089,482.9089,1453.763
17.8416,10032.9607,29.0597,239.8007,11.2103,0.97749,0.12622,-2.0555,90.0039,0.46099,7.6493,8.4347,-15.3661,-39.5121,-0.048179,-1.2805,-0.093714,4.2336e-07,0.02282,0,85.5918,0.10048,0.84808,482.9081,1453.7494
17.8499,10033.2034,29.1806,239.8001,11.2185,0.9547,0.10909,-2.6758,90.0077,0.41505,7.6426,8.3836,-17.5391,-39.5622,-0.048231,-1.2491,-0.12717,4.2322e-07,0.022831,0,85.74,0.10154,0.82498,482.9072,1453.7357
17.8583,10033.4471,29.3014,239.7996,11.2264,0.93193,0.086793,-3.2843,90.0112,0.35274,7.6358,8.3479,-19.3455,-39.6018,-0.048276,-1.2196,-0.15424,4.2307e-07,0.022842,0,85.8882,0.10256,0.80161,482.9063,1453.7219
17.8586,10033.4471,29.3014,239.7996,11.2264,0.93193,0.086793,-3.2843,90.0112,0.35274,7.6358,8.3479,-19.3455,-39.6018,-0.048276,-1.2196,-0.15424,4.2307e-07,0.022842,0,85.8882,0.10249,0.79946,482.9063,1453.7219
17.8586,10033.4471,29.3014,239.7996,11.2264,0.93193,0.086793,-3.2843,90.0112,0.35274,7.6358,8.3479,-19.3455,-39.6018,-0.048276,-1.2196,-0.15424,4.2307e-07,0.022842,0,85.8882,0.10249,0.79946,482.9063,1453.7219
17.8666,10033.6918,29.422,239.7994,11.2342,0.90912,0.059424,-3.8812,90.0141,0.27719,7.6288,8.3278,-20.7681,-39.6325,-0.048267,-1.0961,-0.17507,4.229e-07,0.022852,0,86.0365,0.10352,0.77798,482.9055,1453.7082
17.8676,10033.6918,29.422,239.7994,11.2342,0.90912,0.059424,-3.8812,90.0141,0.27719,7.6288,8.3278,-20.7681,-39.6325,-0.048267,-1.0961,-0.17507,4.229e-07,0.022852,0,86.0365,0.10329,0.77368,482.9055,1453.7082
17.8676,10033.6918,29.422,239.7994,11.2342,0.90912,0.059424,-3.8812,90.0141,0.27719,7.6288,8.3278,-20.7681,-39.6325,-0.048267,-1.0961,-0.17507,4.229e-07,0.022852,0,86.0365,0.10329,0.77368,482.9055,1453.7082
17.8719,10033.6918,29.422,239.7994,11.2342,0.90912,0.059424,-3.8812,90.0141,0.27719,7.6288,8.3278,-20.7681,-39.6325,-0.048267,-1.0961,-0.17507,4.229e-07,0.022852,0,86.0365,0.10231,0.75926,482.9055,1453.7082
17.8719,10033.6918,29.422,239.7994,11.2342,0.90912,0.059424,-3.8812,90.0141,0.27719,7.6288,8.3278,-20.7681,-39.6325,-0.048267,-1.0961,-0.17507,4.229e-07,0.022852,0,86.0365,0.10231,0.75926,482.9055,1453.7082
17.8747,10033.6918,29.422,239.7994,11.2342,0.90912,0.059424,-3.8812,90.0141,0.27719,7.6288,8.3278,-20.7681,-39.6325,-0.048267,-1.0961,-0.17507,4.229e-07,0.022852,0,86.0365,0.10168,0.75286,482.9055,1453.7082
17.8747,10033.6918,29.422,239.7994,11.2342,0.90912,0.059424,-3.8812,90.0141,0.27719,7.6288,8.3278,-20.7681,-39.6325,-0.048267,-1.0961,-0.17507,4.229e-07,0.022852,0,86.0365,0.10168,0.75286,482.9055,1453.7082
17.8749,10033.9375,29.5425,239.7994,11.2418,0.88627,0.02708,-4.4213,90.0164,0.19145,7.6216,8.3202,-20.9457,-39.8981,-0.048226,-0.63217,-0.1901,4.2272e-07,0.022863,0,86.1129,0.10438,0.75504,482.9046,1453.6943
17.8752,10033.9375,29.5425,239.7994,11.2418,0.88627,0.02708,-4.4213,90.0164,0.19145,7.6216,8.3202,-20.9457,-39.8981,-0.048226,-0.63217,-0.1901,4.2272e-07,0.022863,0,86.1129,0.10433,0.75452,482.9046,1453.6943
17.8756,10033.9375,29.5425,239.7994,11.2418,0.88627,0.02708,-4.4213,90.0164,0.19145,7.6216,8.3202,-20.9457,-39.8981,-0.048226,-0.63217,-0.1901,4.2272e-07,0.022863,0,86.1129,0.10422,0.75353,482.9046,1453.6943
17.8766,10033.9375,29.5425,239.7994,11.2418,0.88627,0.02708,-4.4213,90.0164,0.19145,7.6216,8.3202,-20.9457,-39.8981,-0.048226,-0.63217,-0.1901,4.2272e-07,0.022863,0,86.1129,0.10401,0.75168,482.9046,1453.6943
17.8785,10033.9375,29.5425,239.7994,11.2418,0.88627,0.02708,-4.4213,90.0164,0.19145,7.6216,8.3202,-20.9457,-39.8981,-0.048226,-0.63217,-0.1901,4.2272e-07,0.022863,0,86.1129,0.10359,0.74847,482.9046,1453.6943
17.8822,10033.9375,29.5425,239.7994,11.2418,0.88627,0.02708,-4.4213,90.0164,0.19145,7.6216,8.3202,-20.9457,-39.8981,-0.048226,-0.63217,-0.1901,4.2272e-07,0.022863,0,86.1129,0.10274,0.74366,482.9046,1453.6943
17.8833,10034.1841,29.6624,239.7984,11.2492,0.86334,-0.0097645,-4.7413,90.018,0.098336,7.6142,8.156,-17.6687,-41.0176,-0.048125,1.6213,-0.19999,4.2254e-07,0.022874,0,85.7572,0.10505,0.80912,482.9037,1453.6804
17.886,10034.1841,29.6624,239.7984,11.2492,0.86334,-0.0097645,-4.7413,90.018,0.098336,7.6142,8.156,-17.6687,-41.0176,-0.048125,1.6213,-0.19999,4.2254e-07,0.022874,0,85.7572,0.10445,0.79124,482.9037,1453.6804
17.886,10034.1841,29.6624,239.7984,11.2492,0.86334,-0.0097645,-4.7413,90.018,0.098336,7.6142,8.156,-17.6687,-41.0176,-0.048125,1.6213,-0.19999,4.2254e-07,0.022874,0,85.7572,0.10445,0.79124,482.9037,1453.6804
17.8916,10034.4318,29.7818,239.7967,11.2564,0.84035,-0.049275,-3.9862,90.0189,0.00039849,7.6068,7.9652,2.1807,-46.6385,-0.047956,1.5906,-0.20551,4.2235e-07,0.022884,0,85.4018,0.10552,0.88818,482.9028,1453.6664
17.8972,10034.4318,29.7818,239.7967,11.2564,0.84035,-0.049275,-3.9862,90.0189,0.00039849,7.6068,7.9652,2.1807,-46.6385,-0.047956,1.5906,-0.20551,4.2235e-07,0.022884,0,85.4018,0.10429,0.8223,482.9028,1453.6664
17.8997,10034.4318,29.7818,239.7967,11.2564,0.84035,-0.049275,-3.9862,90.0189,0.00039849,7.6068,7.9652,2.1807,-46.6385,-0.047956,1.5906,-0.20551,4.2235e-07,0.022884,0,85.4018,0.10376,0.80334,482.9028,1453.6664
17.8997,10034.4318,29.7818,239.7967,11.2564,0.84035,-0.049275,-3.9862,90.0189,0.00039849,7.6068,7.9652,2.1807,-46.6385,-0.047956,1.5906,-0.20551,4.2235e-07,0.022884,0,85.4018,0.10376,0.80334,482.9028,1453.6664
17.8999,10034.6805,29.9006,239.7943,11.2634,0.81731,-0.082494,-3.2464,90.0189,-0.10011,7.5992,7.787,1.5723,-46.5508,-0.047689,1.5595,-0.20646,4.2217e-07,0.022895,0,85.5497,0.10583,0.9715,482.9019,1453.6524
17.9002,10034.6805,29.9006,239.7943,11.2634,0.81731,-0.082494,-3.2464,90.0189,-0.10011,7.5992,7.787,1.5723,-46.5508,-0.047689,1.5595,-0.20646,4.2217e-07,0.022895,0,85.5497,0.10578,0.96563,482.9019,1453.6524
17.9007,10034.6805,29.9006,239.7943,11.2634,0.81731,-0.082494,-3.2464,90.0189,-0.10011,7.5992,7.787,1.5723,-46.5508,-0.047689,1.5595,-0.20646,4.2217e-07,0.022895,0,85.5497,0.10567,0.95434,482.9019,1453.6524
17.9017,10034.6805,29.9006,239.7943,11.2634,0.81731,-0.082494,-3.2464,90.0189,-0.10011,7.5992,7.787,1.5723,-46.5508,-0.047689,1.5595,-0.20646,4.2217e-07,0.022895,0,85.5497,0.10545,0.93339,482.9019,1453.6524
17.9037,10034.6805,29.9006,239.7943,11.2634,0.81731,-0.082494,-3.2464,90.0189,-0.10011,7.5992,7.787,1.5723,-46.5508,-0.047689,1.5595,-0.20646,4.2217e-07,0.022895,0,85.5497,0.10502,0.89736,482.9019,1453.6524
17.9078,10034.6805,29.9006,239.7943,11.2634,0.81731,-0.082494,-3.2464,90.0189,-0.10011,7.5992,7.787,1.5723,-46.5508,-0.047689,1.5595,-0.20646,4.2217e-07,0.022895,0,85.5497,0.10414,0.84392,482.9019,1453.6524
17.9083,10034.9302,30.0194,239.7925,11.2702,0.79431,-0.10955,-2.5215,90.018,-0.20098,7.5914,7.8225,1.2447,-46.4658,-0.047351,1.5274,-0.19992,4.2199e-07,0.022906,0,85.6977,0.10616,0.96494,482.901,1453.6383
17.9107,10034.9302,30.0194,239.7925,11.2702,0.79431,-0.10955,-2.5215,90.018,-0.20098,7.5914,7.8225,1.2447,-46.4658,-0.047351,1.5274,-0.19992,4.2199e-07,0.022906,0,85.6977,0.10563,0.91492,482.901,1453.6383
17.9166,10035.1808,30.138,239.7909,11.2769,0.77141,-0.13056,-1.8114,90.0163,-0.29856,7.5834,7.8767,1.375,-46.3812,-0.046979,1.4911,-0.16822,4.2182e-07,0.022916,0,85.8457,0.10653,0.94949,482.9002,1453.6242
17.9249,10035.4325,30.2563,239.7895,11.2833,0.7487,-0.14566,-1.1155,90.0139,-0.38061,7.5753,7.9945,3.0387,-46.2867,-0.04666,1.4534,-0.12514,4.2167e-07,0.022927,0,85.9938,0.10703,0.9299,482.8993,1453.61
17.9333,10035.6851,30.3745,239.7883,11.2896,0.7262,-0.15495,-0.43359,90.0107,-0.44161,7.5671,8.142,5.3983,-46.184,-0.046402,1.4155,-0.07724,4.2153e-07,0.022938,0,86.1419,0.10769,0.90824,482.8984,1453.5958
17.9416,10035.9387,30.4924,239.7873,11.2956,0.70391,-0.15857,0.23485,90.007,-0.47921,7.5587,8.3029,8.0561,-46.0753,-0.046228,1.3782,-0.027926,4.2141e-07,0.022948,0,86.2901,0.1085,0.88549,482.8975,1453.5815
17.9499,10036.1933,30.6101,239.7865,11.3015,0.68182,-0.15661,0.89019,90.003,-0.49273,7.5501,8.4689,10.8058,-45.9605,-0.046135,1.342,0.01953,4.213e-07,0.022959,0,86.4383,0.10944,0.8621,482.8965,1453.5671
17.9583,10036.4489,30.7275,239.7858,11.3072,0.65988,-0.14919,1.5328,89.9989,-0.48308,7.5414,8.6315,13.4484,-45.8407,-0.046112,1.3074,0.062851,4.2122e-07,0.02297,0,86.5865,0.11049,0.83828,482.8956,1453.5527
17.9666,10036.7054,30.8447,239.7854,11.3127,0.63804,-0.13642,2.163,89.9949,-0.45229,7.5326,8.7847,15.8457,-45.7172,-0.046133,1.2746,0.10069,4.2116e-07,0.02298,0,86.7348,0.11157,0.81415,482.8947,1453.5383
17.9749,10036.9629,30.9617,239.7852,11.318,0.61625,-0.11839,2.7812,89.9911,-0.40302,7.5236,8.9248,17.9159,-45.5915,-0.046169,1.2437,0.13236,4.2111e-07,0.022991,0,86.8831,0.11265,0.78975,482.8938,1453.5238
17.9833,10037.2214,31.0785,239.7852,11.3232,0.59447,-0.095216,3.3877,89.9878,-0.33828,7.5144,9.0494,19.6165,-45.4654,-0.046208,1.2147,0.15769,4.2108e-07,0.023001,0,86.9906,0.11368,0.7651,482.8929,1453.5092
17.9849,10037.2214,31.0785,239.7852,11.3232,0.59447,-0.095216,3.3877,89.9878,-0.33828,7.5144,9.0494,19.6165,-45.4654,-0.046208,1.2147,0.15769,4.2108e-07,0.023001,0,86.9906,0.11337,0.76198,482.8929,1453.5092
17.9849,10037.2214,31.0785,239.7852,11.3232,0.59447,-0.095216,3.3877,89.9878,-0.33828,7.5144,9.0494,19.6165,-45.4654,-0.046208,1.2147,0.15769,4.2108e-07,0.023001,0,86.9906,0.11337,0.76198,482.8929,1453.5092
17.9916,10037.4809,31.1949,239.7848,11.3281,0.57266,-0.066985,3.9828,89.9849,-0.26118,7.5051,9.0726,20.9372,-45.3394,-0.046216,1.0288,0.17689,4.2106e-07,0.023012,0,86.6346,0.11458,0.77892,482.892,1453.4946
17.9937,10037.4809,31.1949,239.7848,11.3281,0.57266,-0.066985,3.9828,89.9849,-0.26118,7.5051,9.0726,20.9372,-45.3394,-0.046216,1.0288,0.17689,4.2106e-07,0.023012,0,86.6346,0.11418,0.77238,482.892,1453.4946
17.9937,10037.4809,31.1949,239.7848,11.3281,0.57266,-0.066985,3.9828,89.9849,-0.26118,7.5051,9.0726,20.9372,-45.3394,-0.046216,1.0288,0.17689,4.2106e-07,0.023012,0,86.6346,0.11418,0.77238,482.892,1453.4946
17.9985,10037.4809,31.1949,239.7848,11.3281,0.57266,-0.066985,3.9828,89.9849,-0.26118,7.5051,9.0726,20.9372,-45.3394,-0.046216,1.0288,0.17689,4.2106e-07,0.023012,0,86.6346,0.11331,0.76209,482.892,1453.4946
17.9985,10037.4809,31.1949,239.7848,11.3281,0.57266,-0.066985,3.9828,89.9849,-0.26118,7.5051,9.0726,20.9372,-45.3394,-0.046216,1.0288,0.17689,4.2106e-07,0.023012,0,86.6346,0.11331,0.76209,482.892,1453.4946
17.9999,10037.7414,31.3105,239.7835,11.3329,0.55079,-0.033795,4.491,89.9828,-0.1747,7.4957,8.9523,20.4504,-44.8202,-0.046163,0.13521,0.19048,4.2106e-07,0.023023,0,86.2789,0.11527,0.85442,482.891,1453.4799
18.0013,10037.7414,31.3105,239.7835,11.3329,0.55079,-0.033795,4.491,89.9828,-0.1747,7.4957,8.9523,20.4504,-44.8202,-0.046163,0.13521,0.19048,4.2106e-07,0.023023,0,86.2789,0.11502,0.8403,482.891,1453.4799
18.0041,10037.7414,31.3105,239.7835,11.3329,0.55079,-0.033795,4.491,89.9828,-0.1747,7.4957,8.9523,20.4504,-44.8202,-0.046163,0.13521,0.19048,4.2106e-07,0.023023,0,86.2789,0.11451,0.81737,482.891,1453.4799
18.0083,10038.0028,31.4256,239.7815,11.3375,0.52886,0.0036305,4.5738,89.9813,-0.081586,7.4861,8.819,13.1826,-42.5418,-0.045996,-1.6139,0.1991,4.2106e-07,0.023033,0,85.9234,0.11576,0.93669,482.8901,1453.4652
18.0116,10038.0028,31.4256,239.7815,11.3375,0.52886,0.0036305,4.5738,89.9813,-0.081586,7.4861,8.819,13.1826,-42.5418,-0.045996,-1.6139,0.1991,4.2106e-07,0.023033,0,85.9234,0.11516,0.8824,482.8901,1453.4652
18.0116,10038.0028,31.4256,239.7815,11.3375,0.52886,0.0036305,4.5738,89.9813,-0.081586,7.4861,8.819,13.1826,-42.5418,-0.045996,-1.6139,0.1991,4.2106e-07,0.023033,0,85.9234,0.11516,0.8824,482.8901,1453.4652
18.0166,10038.2651,31.54,239.7787,11.3419,0.50688,0.041746,3.8224,89.9806,0.015704,7.4765,8.6745,-2.1734,-38.1495,-0.045674,-1.5831,0.20355,4.2107e-07,0.023044,0,86.0714,0.11608,1,482.8892,1453.4504
18.0174,10038.2651,31.54,239.7787,11.3419,0.50688,0.041746,3.8224,89.9806,0.015704,7.4765,8.6745,-2.1734,-38.1495,-0.045674,-1.5831,0.20355,4.2107e-07,0.023044,0,86.0714,0.11594,1,482.8892,1453.4504
18.0174,10038.2651,31.54,239.7787,11.3419,0.50688,0.041746,3.8224,89.9806,0.015704,7.4765,8.6745,-2.1734,-38.1495,-0.045674,-1.5831,0.20355,4.2107e-07,0.023044,0,86.0714,0.11594,1,482.8892,1453.4504
18.0224,10038.2651,31.54,239.7787,11.3419,0.50688,0.041746,3.8224,89.9806,0.015704,7.4765,8.6745,-2.1734,-38.1495,-0.045674,-1.5831,0.20355,4.2107e-07,0.023044,0,86.0714,0.11507,0.90187,482.8892,1453.4504
18.0249,10038.5284,31.6543,239.7766,11.3462,0.48494,0.073599,3.0861,89.9808,0.11508,7.4666,8.7214,-1.634,-38.2141,-0.045281,-1.5518,0.20303,4.2107e-07,0.023055,0,86.2194,0.1164,1,482.8882,1453.4355
18.0255,10038.5284,31.6543,239.7766,11.3462,0.48494,0.073599,3.0861,89.9808,0.11508,7.4666,8.7214,-1.634,-38.2141,-0.045281,-1.5518,0.20303,4.2107e-07,0.023055,0,86.2194,0.1163,1,482.8882,1453.4355
18.0255,10038.5284,31.6543,239.7766,11.3462,0.48494,0.073599,3.0861,89.9808,0.11508,7.4666,8.7214,-1.634,-38.2141,-0.045281,-1.5518,0.20303,4.2107e-07,0.023055,0,86.2194,0.1163,1,482.8882,1453.4355
18.0333,10038.7927,31.7684,239.7747,11.3502,0.4631,0.099317,2.3647,89.9817,0.21414,7.4567,8.7559,-1.3973,-38.2825,-0.044847,-1.5188,0.19104,4.2107e-07,0.023065,0,86.3674,0.11675,0.99901,482.8873,1453.4206
18.0416,10039.0579,31.8821,239.773,11.3541,0.44143,0.11902,1.6579,89.9835,0.30729,7.4465,8.762,-1.8598,-38.356,-0.044461,-1.4823,0.15727,4.2106e-07,0.023076,0,86.5155,0.11719,0.97921,482.8863,1453.4057
18.0499,10039.324,31.9956,239.7715,11.3578,0.41995,0.13284,0.96522,89.9861,0.38394,7.4363,8.7148,-3.6481,-38.4344,-0.044135,-1.4447,0.11372,4.2104e-07,0.023087,0,86.6637,0.11776,0.95726,482.8854,1453.3907
18.0583,10039.5911,32.1087,239.7702,11.3613,0.39869,0.14088,0.28638,89.9893,0.43933,7.4259,8.6445,-6.0347,-38.5105,-0.043888,-1.4071,0.066133,4.2101e-07,0.023097,0,86.8118,0.11847,0.93417,482.8844,1453.3756
18.0666,10039.8592,32.2216,239.7691,11.3646,0.37764,0.14327,-0.37908,89.9929,0.47151,7.4154,8.5656,-8.6705,-38.5799,-0.043721,-1.3701,0.017856,4.2096e-07,0.023108,0,86.96,0.11931,0.91038,482.8835,1453.3605
18.0749,10040.1282,32.3341,239.7682,11.3678,0.35677,0.14011,-1.0315,89.9969,0.48014,7.4048,8.4863,-11.353,-38.6403,-0.043628,-1.3344,-0.028077,4.209e-07,0.023119,0,87.1083,0.12027,0.88613,482.8825,1453.3454
18.0833,10040.3981,32.4463,239.7676,11.3708,0.33604,0.13151,-1.6714,90.0009,0.46637,7.394,8.414,-13.898,-38.6901,-0.04359,-1.3004,-0.069625,4.2082e-07,0.023129,0,87.2566,0.12129,0.86153,482.8816,1453.3302
18.0916,10040.6689,32.5582,239.7671,11.3736,0.31541,0.11759,-2.2989,90.0047,0.43234,7.3831,8.3534,-16.1815,-38.729,-0.043583,-1.2681,-0.1056,4.2072e-07,0.02314,0,87.4049,0.12234,0.83665,482.8806,1453.3149
18.0999,10040.9407,32.6699,239.7668,11.3762,0.29483,0.098427,-2.9146,90.0083,0.38077,7.372,8.3071,-18.1314,-38.7576,-0.043578,-1.2377,-0.13544,4.2061e-07,0.023151,0,87.5532,0.12336,0.8115,482.8796,1453.2996
18.1083,10041.2134,32.7812,239.7667,11.3787,0.27426,0.074139,-3.5185,90.0115,0.31465,7.3609,8.276,-19.7131,-38.7772,-0.043544,-1.2091,-0.15906,4.2048e-07,0.023161,0,87.7016,0.12434,0.78608,482.8787,1453.2842
18.109,10041.2134,32.7812,239.7667,11.3787,0.27426,0.074139,-3.5185,90.0115,0.31465,7.3609,8.276,-19.7131,-38.7772,-0.043544,-1.2091,-0.15906,4.2048e-07,0.023161,0,87.7016,0.12422,0.78404,482.8787,1453.2842
18.109,10041.2134,32.7812,239.7667,11.3787,0.27426,0.074139,-3.5185,90.0115,0.31465,7.3609,8.276,-19.7131,-38.7772,-0.043544,-1.2091,-0.15906,4.2048e-07,0.023161,0,87.7016,0.12422,0.78404,482.8787,1453.2842
18.1118,10041.2134,32.7812,239.7667,11.3787,0.27426,0.074139,-3.5185,90.0115,0.31465,7.3609,8.276,-19.7131,-38.7772,-0.043544,-1.2091,-0.15906,4.2048e-07,0.023161,0,87.7016,0.12383,0.77796,482.8787,1453.2842
18.1118,10041.2134,32.7812,239.7667,11.3787,0.27426,0.074139,-3.5185,90.0115,0.31465,7.3609,8.276,-19.7131,-38.7772,-0.043544,-1.2091,-0.15906,4.2048e-07,0.023161,0,87.7016,0.12383,0.77796,482.8787,1453.2842
18.1146,10041.2134,32.7812,239.7667,11.3787,0.27426,0.074139,-3.5185,90.0115,0.31465,7.3609,8.276,-19.7131,-38.7772,-0.043544,-1.2091,-0.15906,4.2048e-07,0.023161,0,87.7016,0.12343,0.77339,482.8787,1453.2842
18.1166,10041.4871,32.8922,239.7669,11.381,0.25369,0.044818,-4.1111,90.0141,0.23703,7.3495,8.2594,-20.9215,-38.7896,-0.043489,-0.95517,-0.17675,4.2034e-07,0.023172,0,87.3455,0.12523,0.76061,482.8777,1453.2688
18.1204,10041.4871,32.8922,239.7669,11.381,0.25369,0.044818,-4.1111,90.0141,0.23703,7.3495,8.2594,-20.9215,-38.7896,-0.043489,-0.95517,-0.17675,4.2034e-07,0.023172,0,87.3455,0.12469,0.7602,482.8777,1453.2688
18.1204,10041.4871,32.8922,239.7669,11.381,0.25369,0.044818,-4.1111,90.0141,0.23703,7.3495,8.2594,-20.9215,-38.7896,-0.043489,-0.95517,-0.17675,4.2034e-07,0.023172,0,87.3455,0.12469,0.7602,482.8777,1453.2688
18.1249,10041.7616,33.0024,239.7659,11.3831,0.23308,0.010559,-4.5842,90.0161,0.1508,7.3381,8.0421,-19.7128,-39.3648,-0.043378,0.49624,-0.18902,4.202e-07,0.023182,0,86.9895,0.1259,0.83246,482.8767,1453.2533
18.1295,10041.7616,33.0024,239.7659,11.3831,0.23308,0.010559,-4.5842,90.0161,0.1508,7.3381,8.0421,-19.7128,-39.3648,-0.043378,0.49624,-0.18902,4.202e-07,0.023182,0,86.9895,0.12527,0.80612,482.8767,1453.2533
18.1333,10042.0371,33.1119,239.7641,11.3851,0.21242,-0.027643,-4.3655,90.0174,0.058592,7.3266,7.8391,-7.3004,-42.9504,-0.043179,1.6044,-0.19652,4.2005e-07,0.023193,0,86.6338,0.12638,0.91338,482.8757,1453.2378
18.1376,10042.0371,33.1119,239.7641,11.3851,0.21242,-0.027643,-4.3655,90.0174,0.058592,7.3266,7.8391,-7.3004,-42.9504,-0.043179,1.6044,-0.19652,4.2005e-07,0.023193,0,86.6338,0.12579,0.85957,482.8757,1453.2378
18.1376,10042.0371,33.1119,239.7641,11.3851,0.21242,-0.027643,-4.3655,90.0174,0.058592,7.3266,7.8391,-7.3004,-42.9504,-0.043179,1.6044,-0.19652,4.2005e-07,0.023193,0,86.6338,0.12579,0.85957,482.8757,1453.2378
18.1416,10042.3135,33.2207,239.7617,11.3869,0.19174,-0.064022,-3.6183,90.0179,-0.037229,7.315,7.6493,2.2941,-45.6942,-0.042843,1.5735,-0.20004,4.1989e-07,0.023204,0,86.7819,0.12669,0.99761,482.8747,1453.2222
18.1456,10042.3135,33.2207,239.7617,11.3869,0.19174,-0.064022,-3.6183,90.0179,-0.037229,7.315,7.6493,2.2941,-45.6942,-0.042843,1.5735,-0.20004,4.1989e-07,0.023204,0,86.7819,0.12616,0.92083,482.8747,1453.2222
18.1499,10042.5908,33.3293,239.7599,11.3885,0.1711,-0.094174,-2.8863,90.0175,-0.13473,7.3032,7.6746,1.7994,-45.5966,-0.042438,1.5422,-0.1982,4.1975e-07,0.023214,0,86.93,0.127,0.99011,482.8738,1453.2066
18.1583,10042.869,33.4376,239.7584,11.3899,0.15059,-0.11823,-2.169,90.0164,-0.23129,7.2914,7.7134,1.6339,-45.5002,-0.041991,1.5082,-0.17994,4.1961e-07,0.023225,0,87.0782,0.12734,0.97341,482.8728,1453.1909
18.1666,10043.1481,33.5455,239.757,11.3912,0.13027,-0.1363,-1.4662,90.0145,-0.31892,7.2794,7.7937,2.4702,-45.3984,-0.041593,1.4715,-0.14391,4.1948e-07,0.023236,0,87.2264,0.12779,0.95237,482.8718,1453.1752
18.1749,10043.4281,33.653,239.7558,11.3923,0.11016,-0.14852,-0.77751,90.0118,-0.38899,7.2673,7.9197,4.3908,-45.2857,-0.041255,1.434,-0.099968,4.1937e-07,0.023246,0,87.3746,0.12837,0.9292,482.8708,1453.1594
18.1833,10043.709,33.7602,239.7549,11.3932,0.090293,-0.155,-0.10243,90.0086,-0.43764,7.255,8.0668,6.7976,-45.1661,-0.040998,1.3968,-0.052898,4.1927e-07,0.023257,0,87.5229,0.1291,0.9049,482.8698,1453.1436
18.1916,10043.9907,33.867,239.7542,11.3939,0.070643,-0.15585,0.55939,90.0049,-0.46335,7.2427,8.2233,9.4005,-45.0401,-0.040821,1.3603,-0.0059893,4.1919e-07,0.023268,0,87.6712,0.12996,0.87993,482.8688,1453.1277
18.1999,10044.2734,33.9734,239.7536,11.3945,0.051182,-0.15119,1.2083,90.0011,-0.46621,7.2303,8.3808,11.9997,-44.9087,-0.040718,1.3252,0.038035,4.1913e-07,0.023278,0,87.8195,0.13093,0.85451,482.8678,1453.1118
18.2083,10044.5569,34.0795,239.7533,11.395,0.031865,-0.14112,1.8447,89.9972,-0.44763,7.2177,8.5321,14.4299,-44.7732,-0.040668,1.2918,0.077409,4.1909e-07,0.023289,0,87.9679,0.13196,0.82875,482.8667,1453.0958
18.2166,10044.8414,34.1851,239.7532,11.3953,0.012647,-0.12575,2.469,89.9935,-0.40988,7.205,8.6726,16.5836,-44.6352,-0.040646,1.2601,0.11114,4.1906e-07,0.0233,0,88.1163,0.13301,0.80272,482.8657,1453.0798
18.2249,10045.1267,34.2905,239.7533,11.3954,-0.0065184,-0.10518,3.0813,89.9901,-0.35571,7.1922,8.7993,18.4001,-44.4961,-0.040633,1.2303,0.13879,4.1905e-07,0.02331,0,88.0128,0.13402,0.77641,482.8647,1453.0637
18.2333,10045.4129,34.3953,239.7533,11.3953,-0.025671,-0.079498,3.6821,89.9871,-0.28809,7.1793,8.8541,19.8532,-44.3569,-0.04062,1.2023,0.16038,4.1905e-07,0.023321,0,87.6567,0.13494,0.77557,482.8637,1453.0476
18.2361,10045.4129,34.3953,239.7533,11.3953,-0.025671,-0.079498,3.6821,89.9871,-0.28809,7.1793,8.8541,19.8532,-44.3569,-0.04062,1.2023,0.16038,4.1905e-07,0.023321,0,87.6567,0.13464,0.77462,482.8637,1453.0476
18.2361,10045.4129,34.3953,239.7533,11.3953,-0.025671,-0.079498,3.6821,89.9871,-0.28809,7.1793,8.8541,19.8532,-44.3569,-0.04062,1.2023,0.16038,4.1905e-07,0.023321,0,87.6567,0.13464,0.77462,482.8637,1453.0476
18.2391,10045.4129,34.3953,239.7533,11.3953,-0.025671,-0.079498,3.6821,89.9871,-0.28809,7.1793,8.8541,19.8532,-44.3569,-0.04062,1.2023,0.16038,4.1905e-07,0.023321,0,87.6567,0.13434,0.77393,482.8637,1453.0476
18.2391,10045.4129,34.3953,239.7533,11.3953,-0.025671,-0.079498,3.6821,89.9871,-0.28809,7.1793,8.8541,19.8532,-44.3569,-0.04062,1.2023,0.16038,4.1905e-07,0.023321,0,87.6567,0.13434,0.77393,482.8637,1453.0476
18.2416,10045.6999,34.4992,239.7522,11.3951,-0.044849,-0.048814,4.2716,89.9847,-0.20998,7.1664,8.735,20.944,-44.2179,-0.040554,0.85331,0.17627,4.1907e-07,0.023331,0,87.3007,0.13565,0.84917,482.8627,1453.0314
18.2441,10045.6999,34.4992,239.7522,11.3951,-0.044849,-0.048814,4.2716,89.9847,-0.20998,7.1664,8.735,20.944,-44.2179,-0.040554,0.85331,0.17627,4.1907e-07,0.023331,0,87.3007,0.13539,0.83201,482.8627,1453.0314
18.2474,10045.6999,34.4992,239.7522,11.3951,-0.044849,-0.048814,4.2716,89.9847,-0.20998,7.1664,8.735,20.944,-44.2179,-0.040554,0.85331,0.17627,4.1907e-07,0.023331,0,87.3007,0.13506,0.81548,482.8627,1453.0314
18.2474,10045.6999,34.4992,239.7522,11.3951,-0.044849,-0.048814,4.2716,89.9847,-0.20998,7.1664,8.735,20.944,-44.2179,-0.040554,0.85331,0.17627,4.1907e-07,0.023331,0,87.3007,0.13506,0.81548,482.8627,1453.0314
18.2499,10045.9879,34.6025,239.7505,11.3948,-0.064064,-0.013217,4.696,89.9829,-0.12415,7.1533,8.6014,18.7641,-43.2788,-0.040392,-1.1778,0.18701,4.191e-07,0.023342,0,86.945,0.13616,0.931,482.8616,1453.0152
18.2508,10045.9879,34.6025,239.7505,11.3948,-0.064064,-0.013217,4.696,89.9829,-0.12415,7.1533,8.6014,18.7641,-43.2788,-0.040392,-1.1778,0.18701,4.191e-07,0.023342,0,86.945,0.13608,0.91837,482.8616,1453.0152
18.2508,10045.9879,34.6025,239.7505,11.3948,-0.064064,-0.013217,4.696,89.9829,-0.12415,7.1533,8.6014,18.7641,-43.2788,-0.040392,-1.1778,0.18701,4.191e-07,0.023342,0,86.945,0.13608,0.91837,482.8616,1453.0152
18.2533,10045.9879,34.6025,239.7505,11.3948,-0.064064,-0.013217,4.696,89.9829,-0.12415,7.1533,8.6014,18.7641,-43.2788,-0.040392,-1.1778,0.18701,4.191e-07,0.023342,0,86.945,0.13583,0.88627,482.8616,1453.0152
18.2558,10045.9879,34.6025,239.7505,11.3948,-0.064064,-0.013217,4.696,89.9829,-0.12415,7.1533,8.6014,18.7641,-43.2788,-0.040392,-1.1778,0.18701,4.191e-07,0.023342,0,86.945,0.13558,0.86134,482.8616,1453.0152
18.2583,10046.2767,34.7049,239.748,11.3942,-0.083307,0.025916,4.1516,89.9819,-0.033121,7.1402,8.4556,0.99131,-38.1609,-0.040044,-1.5945,0.1932,4.1913e-07,0.023353,0,87.0931,0.13649,1,482.8606,1452.9989
18.2589,10046.2767,34.7049,239.748,11.3942,-0.083307,0.025916,4.1516,89.9819,-0.033121,7.1402,8.4556,0.99131,-38.1609,-0.040044,-1.5945,0.1932,4.1913e-07,0.023353,0,87.0931,0.13642,1,482.8606,1452.9989
18.2589,10046.2767,34.7049,239.748,11.3942,-0.083307,0.025916,4.1516,89.9819,-0.033121,7.1402,8.4556,0.99131,-38.1609,-0.040044,-1.5945,0.1932,4.1913e-07,0.023353,0,87.0931,0.13642,1,482.8606,1452.9989
18.2637,10046.2767,34.7049,239.748,11.3942,-0.083307,0.025916,4.1516,89.9819,-0.033121,7.1402,8.4556,0.99131,-38.1609,-0.040044,-1.5945,0.1932,4.1913e-07,0.023353,0,87.0931,0.13597,0.91453,482.8606,1452.9989
18.2637,10046.2767,34.7049,239.748,11.3942,-0.083307,0.025916,4.1516,89.9819,-0.033121,7.1402,8.4556,0.99131,-38.1609,-0.040044,-1.5945,0.1932,4.1913e-07,0.023353,0,87.0931,0.13597,0.91453,482.8606,1452.9989
18.2666,10046.5663,34.8072,239.7462,11.3936,-0.1025,0.060512,3.4088,89.9816,0.060903,7.1269,8.5039,-2.4137,-37.0935,-0.039614,-1.5636,0.19567,4.1916e-07,0.023363,0,87.2412,0.1368,1,482.8596,1452.9826
18.2669,10046.5663,34.8072,239.7462,11.3936,-0.1025,0.060512,3.4088,89.9816,0.060903,7.1269,8.5039,-2.4137,-37.0935,-0.039614,-1.5636,0.19567,4.1916e-07,0.023363,0,87.2412,0.13677,1,482.8596,1452.9826
18.2669,10046.5663,34.8072,239.7462,11.3936,-0.1025,0.060512,3.4088,89.9816,0.060903,7.1269,8.5039,-2.4137,-37.0935,-0.039614,-1.5636,0.19567,4.1916e-07,0.023363,0,87.2412,0.13677,1,482.8596,1452.9826
18.2698,10046.5663,34.8072,239.7462,11.3936,-0.1025,0.060512,3.4088,89.9816,0.060903,7.1269,8.5039,-2.4137,-37.0935,-0.039614,-1.5636,0.19567,4.1916e-07,0.023363,0,87.2412,0.1365,0.94395,482.8596,1452.9826
18.2727,10046.5663,34.8072,239.7462,11.3936,-0.1025,0.060512,3.4088,89.9816,0.060903,7.1269,8.5039,-2.4137,-37.0935,-0.039614,-1.5636,0.19567,4.1916e-07,0.023363,0,87.2412,0.13623,0.90208,482.8596,1452.9826
18.2749,10046.8568,34.909,239.7446,11.3927,-0.12159,0.088919,2.6811,89.9821,0.15612,7.1135,8.5427,-1.9867,-37.148,-0.039137,-1.5321,0.19224,4.1919e-07,0.023374,0,87.3894,0.13713,0.9903,482.8586,1452.9662
18.2833,10047.1481,35.0104,239.7432,11.3917,-0.14052,0.11126,1.968,89.9834,0.24966,7.1001,8.5671,-1.9202,-37.2053,-0.0387,-1.4971,0.1675,4.1921e-07,0.023385,0,87.5376,0.13753,0.96883,482.8575,1452.9498
18.2916,10047.4403,35.1114,239.742,11.3906,-0.15924,0.12766,1.2693,89.9855,0.33116,7.0865,8.5393,-3.1508,-37.2681,-0.038317,-1.4602,0.1292,4.1922e-07,0.023395,0,87.6859,0.13803,0.94519,482.8565,1452.9333
18.2999,10047.7333,35.212,239.741,11.3892,-0.17775,0.13824,0.58451,89.9883,0.39401,7.0728,8.4788,-5.209,-37.3311,-0.038006,-1.4229,0.084976,4.1922e-07,0.023406,0,87.8342,0.13866,0.92039,482.8554,1452.9168
18.3083,10048.0271,35.3121,239.7403,11.3878,-0.19603,0.14311,-0.086749,89.9916,0.43533,7.0591,8.405,-7.6315,-37.3892,-0.037772,-1.3861,0.038606,4.192e-07,0.023417,0,87.9825,0.13941,0.89487,482.8544,1452.9003
18.3166,10048.3218,35.4118,239.7397,11.3861,-0.2141,0.14239,-0.74485,89.9952,0.45409,7.0452,8.3273,-10.1893,-37.4397,-0.03761,-1.3502,-0.0067065,4.1917e-07,0.023427,0,88.1308,0.14028,0.86886,482.8533,1452.8837
18.3249,10048.6173,35.5111,239.7394,11.3844,-0.232,0.13618,-1.3902,89.999,0.4508,7.0313,8.2535,-12.6879,-37.4807,-0.037508,-1.3157,-0.048579,4.1913e-07,0.023438,0,88.2792,0.14122,0.84249,482.8523,1452.867
18.3333,10048.9137,35.6099,239.7393,11.3825,-0.24977,0.12459,-2.0231,90.0027,0.42714,7.0172,8.1891,-14.9827,-37.5114,-0.037445,-1.283,-0.085539,4.1906e-07,0.023448,0,88.4276,0.14221,0.81582,482.8512,1452.8503
18.3416,10049.2108,35.7083,239.7395,11.3804,-0.26745,0.10774,-2.6439,90.0063,0.38552,7.0031,8.1376,-16.9842,-37.5321,-0.037395,-1.252,-0.11679,4.1899e-07,0.023459,0,88.576,0.14319,0.78887,482.8502,1452.8336
18.3499,10049.5088,35.8064,239.7398,11.3782,-0.28508,0.085704,-3.2528,90.0095,0.32872,6.9889,8.1006,-18.6436,-37.5435,-0.037378,-1.2228,-0.14205,4.189e-07,0.02347,0,88.2198,0.14413,0.76165,482.8491,1452.8168
18.3506,10049.5088,35.8064,239.7398,11.3782,-0.28508,0.085704,-3.2528,90.0095,0.32872,6.9889,8.1006,-18.6436,-37.5435,-0.037378,-1.2228,-0.14205,4.189e-07,0.02347,0,88.2198,0.14408,0.76316,482.8491,1452.8168
18.3506,10049.5088,35.8064,239.7398,11.3782,-0.28508,0.085704,-3.2528,90.0095,0.32872,6.9889,8.1006,-18.6436,-37.5435,-0.037378,-1.2228,-0.14205,4.189e-07,0.02347,0,88.2198,0.14408,0.76316,482.8491,1452.8168
18.3583,10049.8076,35.9034,239.739,11.3758,-0.3027,0.058597,-3.8503,90.0122,0.25966,6.9746,7.8629,-19.9443,-37.5442,-0.037326,-1.117,-0.16146,4.1879e-07,0.02348,0,87.8637,0.14487,0.83216,482.848,1452.7999
18.3591,10049.8076,35.9034,239.739,11.3758,-0.3027,0.058597,-3.8503,90.0122,0.25966,6.9746,7.8629,-19.9443,-37.5442,-0.037326,-1.117,-0.16146,4.1879e-07,0.02348,0,87.8637,0.14481,0.82845,482.848,1452.7999
18.3591,10049.8076,35.9034,239.739,11.3758,-0.3027,0.058597,-3.8503,90.0122,0.25966,6.9746,7.8629,-19.9443,-37.5442,-0.037326,-1.117,-0.16146,4.1879e-07,0.02348,0,87.8637,0.14481,0.82845,482.848,1452.7999
18.3638,10049.8076,35.9034,239.739,11.3758,-0.3027,0.058597,-3.8503,90.0122,0.25966,6.9746,7.8629,-19.9443,-37.5442,-0.037326,-1.117,-0.16146,4.1879e-07,0.02348,0,87.8637,0.1445,0.81201,482.848,1452.7999
18.3638,10049.8076,35.9034,239.739,11.3758,-0.3027,0.058597,-3.8503,90.0122,0.25966,6.9746,7.8629,-19.9443,-37.5442,-0.037326,-1.117,-0.16146,4.1879e-07,0.02348,0,87.8637,0.1445,0.81201,482.848,1452.7999
18.3666,10050.1072,35.9997,239.7375,11.3733,-0.32035,0.026511,-4.3992,90.0144,0.18119,6.9603,7.6394,-20.1827,-37.7352,-0.037208,-0.55214,-0.17542,4.1868e-07,0.023491,0,87.5079,0.14542,0.91262,482.847,1452.7831
18.3693,10050.1072,35.9997,239.7375,11.3733,-0.32035,0.026511,-4.3992,90.0144,0.18119,6.9603,7.6394,-20.1827,-37.7352,-0.037208,-0.55214,-0.17542,4.1868e-07,0.023491,0,87.5079,0.14525,0.88216,482.847,1452.7831
18.3749,10050.4076,36.0952,239.7353,11.3706,-0.33801,-0.010148,-4.6796,90.0159,0.095975,6.9459,7.4301,-15.9175,-39.0803,-0.036901,1.6148,-0.18449,4.1856e-07,0.023502,0,87.656,0.14579,0.99688,482.8459,1452.7661
18.3769,10050.4076,36.0952,239.7353,11.3706,-0.33801,-0.010148,-4.6796,90.0159,0.095975,6.9459,7.4301,-15.9175,-39.0803,-0.036901,1.6148,-0.18449,4.1856e-07,0.023502,0,87.656,0.14567,0.96021,482.8459,1452.7661
18.3769,10050.4076,36.0952,239.7353,11.3706,-0.33801,-0.010148,-4.6796,90.0159,0.095975,6.9459,7.4301,-15.9175,-39.0803,-0.036901,1.6148,-0.18449,4.1856e-07,0.023502,0,87.656,0.14567,0.96021,482.8459,1452.7661
18.3833,10050.7088,36.1904,239.7337,11.3678,-0.35564,-0.049144,-3.9263,90.0167,0.0063781,6.9313,7.4401,3.1773,-44.4646,-0.036465,1.584,-0.18932,4.1844e-07,0.023512,0,87.8043,0.14613,0.98812,482.8448,1452.7492
18.3897,10050.7088,36.1904,239.7337,11.3678,-0.35564,-0.049144,-3.9263,90.0167,0.0063781,6.9313,7.4401,3.1773,-44.4646,-0.036465,1.584,-0.18932,4.1844e-07,0.023512,0,87.8043,0.14575,0.89392,482.8448,1452.7492
18.3901,10050.7088,36.1904,239.7337,11.3678,-0.35564,-0.049144,-3.9263,90.0167,0.0063781,6.9313,7.4401,3.1773,-44.4646,-0.036465,1.584,-0.18932,4.1844e-07,0.023512,0,87.8043,0.14572,0.88915,482.8448,1452.7492
18.3901,10050.7088,36.1904,239.7337,11.3678,-0.35564,-0.049144,-3.9263,90.0167,0.0063781,6.9313,7.4401,3.1773,-44.4646,-0.036465,1.584,-0.18932,4.1844e-07,0.023512,0,87.8043,0.14572,0.88915,482.8448,1452.7492
18.3916,10051.0107,36.2851,239.7324,11.3649,-0.37318,-0.081863,-3.1881,90.0168,-0.085585,6.9167,7.4602,2.5946,-44.3608,-0.035977,1.553,-0.19002,4.1832e-07,0.023523,0,87.9525,0.14645,0.9702,482.8438,1452.7322
18.3931,10051.0107,36.2851,239.7324,11.3649,-0.37318,-0.081863,-3.1881,90.0168,-0.085585,6.9167,7.4602,2.5946,-44.3608,-0.035977,1.553,-0.19002,4.1832e-07,0.023523,0,87.9525,0.14637,0.94575,482.8438,1452.7322
18.396,10051.0107,36.2851,239.7324,11.3649,-0.37318,-0.081863,-3.1881,90.0168,-0.085585,6.9167,7.4602,2.5946,-44.3608,-0.035977,1.553,-0.19002,4.1832e-07,0.023523,0,87.9525,0.1462,0.90639,482.8438,1452.7322
18.3999,10051.3135,36.3794,239.7312,11.3618,-0.39057,-0.10843,-2.4648,90.0161,-0.17791,6.902,7.4908,2.2659,-44.2576,-0.035519,1.521,-0.18299,4.182e-07,0.023534,0,88.1008,0.14683,0.94792,482.8427,1452.7151
18.4083,10051.6171,36.4732,239.7303,11.3585,-0.40779,-0.12897,-1.756,90.0146,-0.26684,6.8873,7.5416,2.4101,-44.149,-0.035104,1.4853,-0.15341,4.181e-07,0.023544,0,88.2491,0.14726,0.92353,482.8416,1452.698
18.4166,10051.9214,36.5665,239.7296,11.3551,-0.4248,-0.1436,-1.0615,90.0124,-0.34139,6.8724,7.65,3.93,-44.0278,-0.034755,1.4484,-0.11365,4.1801e-07,0.023555,0,88.3974,0.14781,0.89795,482.8405,1452.6809
18.4249,10052.2265,36.6594,239.7292,11.3516,-0.44159,-0.15245,-0.38083,90.0095,-0.39662,6.8575,7.7853,6.0736,-43.8984,-0.034473,1.4114,-0.069636,4.1794e-07,0.023565,0,88.5458,0.14847,0.87165,482.8394,1452.6637
18.4333,10052.5324,36.7518,239.7289,11.3479,-0.45816,-0.15562,0.28645,90.0062,-0.43046,6.8425,7.9327,8.4819,-43.7631,-0.034263,1.375,-0.024463,4.1788e-07,0.023576,0,88.6941,0.14924,0.84483,482.8383,1452.6464
18.4416,10052.839,36.8437,239.7289,11.3441,-0.47453,-0.15324,0.94067,90.0026,-0.44234,6.8274,8.0843,10.967,-43.6227,-0.034118,1.3398,0.018875,4.1783e-07,0.023587,0,88.8425,0.15011,0.81761,482.8372,1452.6292
18.4499,10053.1464,36.9352,239.7291,11.3402,-0.49074,-0.1454,1.5822,89.9989,-0.43317,6.8123,8.2325,13.3471,-43.4786,-0.034023,1.306,0.05833,4.1781e-07,0.023597,0,88.9909,0.15105,0.79006,482.8361,1452.6118
18.4583,10053.4546,37.0262,239.7295,11.3361,-0.50682,-0.13221,2.2114,89.9953,-0.40483,6.7971,8.3718,15.4976,-43.332,-0.034004,1.274,0.092697,4.178e-07,0.023608,0,88.6347,0.15201,0.76223,482.835,1452.5945
18.4666,10053.7635,37.1162,239.7288,11.3319,-0.52284,-0.11378,2.8285,89.9919,-0.35982,6.7818,8.2826,17.3452,-43.1815,-0.034007,1.2437,0.12136,4.178e-07,0.023619,0,88.2786,0.15282,0.83259,482.8339,1452.5771
18.4749,10054.0732,37.2054,239.7274,11.3276,-0.53884,-0.090212,3.434,89.9889,-0.30092,6.7665,8.1813,18.8524,-43.0299,-0.033987,1.2152,0.1442,4.1783e-07,0.023629,0,87.9227,0.15349,0.91215,482.8328,1452.5596
18.478,10054.0732,37.2054,239.7274,11.3276,-0.53884,-0.090212,3.434,89.9889,-0.30092,6.7665,8.1813,18.8524,-43.0299,-0.033987,1.2152,0.1442,4.1783e-07,0.023629,0,87.9227,0.15338,0.88138,482.8328,1452.5596
18.478,10054.0732,37.2054,239.7274,11.3276,-0.53884,-0.090212,3.434,89.9889,-0.30092,6.7665,8.1813,18.8524,-43.0299,-0.033987,1.2152,0.1442,4.1783e-07,0.023629,0,87.9227,0.15338,0.88138,482.8328,1452.5596
18.4833,10054.3836,37.2937,239.7253,11.3231,-0.55485,-0.061596,4.0279,89.9864,-0.23096,6.7512,8.0671,20.0108,-42.8798,-0.033796,1.005,0.16142,4.1786e-07,0.02364,0,88.0709,0.15397,0.99521,482.8317,1452.5421
18.4861,10054.3836,37.2937,239.7253,11.3231,-0.55485,-0.061596,4.0279,89.9864,-0.23096,6.7512,8.0671,20.0108,-42.8798,-0.033796,1.005,0.16142,4.1786e-07,0.02364,0,88.0709,0.15388,0.94724,482.8317,1452.5421
18.4861,10054.3836,37.2937,239.7253,11.3231,-0.55485,-0.061596,4.0279,89.9864,-0.23096,6.7512,8.0671,20.0108,-42.8798,-0.033796,1.005,0.16142,4.1786e-07,0.02364,0,88.0709,0.15388,0.94724,482.8317,1452.5421
18.4916,10054.6948,37.3818,239.7238,11.3185,-0.57081,-0.02803,4.5232,89.9845,-0.15268,6.7357,8.1445,19.1697,-42.2836,-0.033472,-0.20904,0.17348,4.1791e-07,0.023651,0,88.2192,0.15443,0.98583,482.8306,1452.5246
18.4971,10054.6948,37.3818,239.7238,11.3185,-0.57081,-0.02803,4.5232,89.9845,-0.15268,6.7357,8.1445,19.1697,-42.2836,-0.033472,-0.20904,0.17348,4.1791e-07,0.023651,0,88.2192,0.15426,0.90674,482.8306,1452.5246
18.4999,10055.0067,37.4693,239.7226,11.3137,-0.58671,0.0096626,4.4399,89.9832,-0.068599,6.7202,8.2073,8.8998,-39.1967,-0.033017,-1.6038,0.18091,4.1796e-07,0.023661,0,88.3674,0.15484,0.96737,482.8295,1452.507
18.5029,10055.0067,37.4693,239.7226,11.3137,-0.58671,0.0096626,4.4399,89.9832,-0.068599,6.7202,8.2073,8.8998,-39.1967,-0.033017,-1.6038,0.18091,4.1796e-07,0.023661,0,88.3674,0.15476,0.92499,482.8295,1452.507
18.5029,10055.0067,37.4693,239.7226,11.3137,-0.58671,0.0096626,4.4399,89.9832,-0.068599,6.7202,8.2073,8.8998,-39.1967,-0.033017,-1.6038,0.18091,4.1796e-07,0.023661,0,88.3674,0.15476,0.92499,482.8295,1452.507
18.5083,10055.3193,37.5564,239.7216,11.3088,-0.6025,0.046661,3.6913,89.9827,0.019085,6.7046,8.2573,-3.2965,-35.6803,-0.032554,-1.573,0.18447,4.1801e-07,0.023672,0,88.5157,0.15526,0.94467,482.8284,1452.4894
18.5137,10055.3193,37.5564,239.7216,11.3088,-0.6025,0.046661,3.6913,89.9827,0.019085,6.7046,8.2573,-3.2965,-35.6803,-0.032554,-1.573,0.18447,4.1801e-07,0.023672,0,88.5157,0.15512,0.88507,482.8284,1452.4894
18.5165,10055.3193,37.5564,239.7216,11.3088,-0.6025,0.046661,3.6913,89.9827,0.019085,6.7046,8.2573,-3.2965,-35.6803,-0.032554,-1.573,0.18447,4.1801e-07,0.023672,0,88.5157,0.15504,0.86455,482.8284,1452.4894
18.5165,10055.3193,37.5564,239.7216,11.3088,-0.6025,0.046661,3.6913,89.9827,0.019085,6.7046,8.2573,-3.2965,-35.6803,-0.032554,-1.573,0.18447,4.1801e-07,0.023672,0,88.5157,0.15504,0.86455,482.8284,1452.4894
18.5166,10055.6326,37.643,239.7208,11.3038,-0.61817,0.077421,2.9578,89.9828,0.10855,6.689,8.2979,-2.7958,-35.7266,-0.032116,-1.5418,0.18331,4.1807e-07,0.023682,0,88.6641,0.15568,0.91998,482.8273,1452.4718
18.5167,10055.6326,37.643,239.7208,11.3038,-0.61817,0.077421,2.9578,89.9828,0.10855,6.689,8.2979,-2.7958,-35.7266,-0.032116,-1.5418,0.18331,4.1807e-07,0.023682,0,88.6641,0.15568,0.91892,482.8273,1452.4718
18.5169,10055.6326,37.643,239.7208,11.3038,-0.61817,0.077421,2.9578,89.9828,0.10855,6.689,8.2979,-2.7958,-35.7266,-0.032116,-1.5418,0.18331,4.1807e-07,0.023682,0,88.6641,0.15567,0.91684,482.8273,1452.4718
18.5172,10055.6326,37.643,239.7208,11.3038,-0.61817,0.077421,2.9578,89.9828,0.10855,6.689,8.2979,-2.7958,-35.7266,-0.032116,-1.5418,0.18331,4.1807e-07,0.023682,0,88.6641,0.15566,0.91279,482.8273,1452.4718
18.5179,10055.6326,37.643,239.7208,11.3038,-0.61817,0.077421,2.9578,89.9828,0.10855,6.689,8.2979,-2.7958,-35.7266,-0.032116,-1.5418,0.18331,4.1807e-07,0.023682,0,88.6641,0.15565,0.90511,482.8273,1452.4718
18.5194,10055.6326,37.643,239.7208,11.3038,-0.61817,0.077421,2.9578,89.9828,0.10855,6.689,8.2979,-2.7958,-35.7266,-0.032116,-1.5418,0.18331,4.1807e-07,0.023682,0,88.6641,0.15561,0.89132,482.8273,1452.4718
18.5223,10055.6326,37.643,239.7208,11.3038,-0.61817,0.077421,2.9578,89.9828,0.10855,6.689,8.2979,-2.7958,-35.7266,-0.032116,-1.5418,0.18331,4.1807e-07,0.023682,0,88.6641,0.15554,0.8691,482.8273,1452.4718
18.5249,10055.9466,37.729,239.7202,11.2987,-0.63371,0.10207,2.2391,89.9837,0.1975,6.6733,8.3276,-2.5835,-35.7711,-0.031721,-1.5087,0.16909,4.1811e-07,0.023693,0,88.8124,0.15613,0.89412,482.8262,1452.4541
18.5333,10056.2614,37.8146,239.7199,11.2934,-0.64909,0.12073,1.5348,89.9854,0.27957,6.6575,8.3257,-3.1677,-35.8171,-0.031376,-1.4728,0.13705,4.1815e-07,0.023704,0,88.9608,0.15663,0.86752,482.825,1452.4364
18.5416,10056.5769,37.8996,239.7198,11.288,-0.66428,0.13352,0.84457,89.9877,0.34611,6.6417,8.2805,-4.8376,-35.866,-0.031086,-1.4361,0.097059,4.1818e-07,0.023714,0,89.1091,0.1572,0.84036,482.8239,1452.4186
18.5499,10056.8931,37.9842,239.7199,11.2825,-0.67928,0.14056,0.16807,89.9906,0.39324,6.6258,8.2167,-6.9956,-35.9123,-0.030848,-1.3996,0.053901,4.1819e-07,0.023725,0,89.2575,0.15787,0.81272,482.8228,1452.4008
18.5583,10057.2099,38.0682,239.7202,11.2768,-0.69408,0.14196,-0.4951,89.9939,0.41942,6.6098,8.1463,-9.3508,-35.9531,-0.030674,-1.3638,0.010573,4.1819e-07,0.023736,0,88.9013,0.15862,0.78468,482.8217,1452.3829
18.5666,10057.5275,38.1517,239.7205,11.2711,-0.70871,0.13783,-1.1453,89.9974,0.42457,6.5938,8.0296,-11.7216,-35.9859,-0.030586,-1.3293,-0.030312,4.1818e-07,0.023746,0,88.5452,0.15941,0.77767,482.8205,1452.365
18.5749,10057.8458,38.2341,239.7197,11.2652,-0.72321,0.12829,-1.7829,90.0009,0.4099,6.5778,7.7505,-13.9492,-36.0074,-0.030545,-1.2963,-0.067033,4.1815e-07,0.023757,0,88.1891,0.16013,0.84985,482.8194,1452.3471
18.5833,10058.1648,38.3157,239.7182,11.2592,-0.73763,0.11343,-2.4082,90.0043,0.37742,6.5618,7.4845,-15.9291,-36.0188,-0.030504,-1.265,-0.09861,4.181e-07,0.023768,0,87.8332,0.16075,0.93001,482.8183,1452.3292
18.5916,10058.4844,38.3964,239.716,11.253,-0.75199,0.093359,-3.0216,90.0075,0.32965,6.5457,7.2335,-17.6015,-36.0221,-0.03035,-1.2354,-0.1246,4.1804e-07,0.023778,0,87.9814,0.16126,1,482.8171,1452.3111
18.5923,10058.4844,38.3964,239.716,11.253,-0.75199,0.093359,-3.0216,90.0075,0.32965,6.5457,7.2335,-17.6015,-36.0221,-0.03035,-1.2354,-0.1246,4.1804e-07,0.023778,0,87.9814,0.16125,1,482.8171,1452.3111
18.5923,10058.4844,38.3964,239.716,11.253,-0.75199,0.093359,-3.0216,90.0075,0.32965,6.5457,7.2335,-17.6015,-36.0221,-0.03035,-1.2354,-0.1246,4.1804e-07,0.023778,0,87.9814,0.16125,1,482.8171,1452.3111
18.5999,10058.8047,38.4768,239.7146,11.2468,-0.76626,0.06818,-3.6232,90.0102,0.26931,6.5296,7.2054,-18.9395,-36.0237,-0.030095,-1.2075,-0.14499,4.1797e-07,0.023789,0,88.1296,0.16177,1,482.816,1452.2931
18.6,10058.8047,38.4768,239.7146,11.2468,-0.76626,0.06818,-3.6232,90.0102,0.26931,6.5296,7.2054,-18.9395,-36.0237,-0.030095,-1.2075,-0.14499,4.1797e-07,0.023789,0,88.1296,0.16177,1,482.816,1452.2931
18.6,10058.8047,38.4768,239.7146,11.2468,-0.76626,0.06818,-3.6232,90.0102,0.26931,6.5296,7.2054,-18.9395,-36.0237,-0.030095,-1.2075,-0.14499,4.1797e-07,0.023789,0,88.1296,0.16177,1,482.816,1452.2931
18.6027,10058.8047,38.4768,239.7146,11.2468,-0.76626,0.06818,-3.6232,90.0102,0.26931,6.5296,7.2054,-18.9395,-36.0237,-0.030095,-1.2075,-0.14499,4.1797e-07,0.023789,0,88.1296,0.16176,0.95552,482.816,1452.2931
18.6027,10058.8047,38.4768,239.7146,11.2468,-0.76626,0.06818,-3.6232,90.0102,0.26931,6.5296,7.2054,-18.9395,-36.0237,-0.030095,-1.2075,-0.14499,4.1797e-07,0.023789,0,88.1296,0.16176,0.95552,482.816,1452.2931
18.6053,10058.8047,38.4768,239.7146,11.2468,-0.76626,0.06818,-3.6232,90.0102,0.26931,6.5296,7.2054,-18.9395,-36.0237,-0.030095,-1.2075,-0.14499,4.1797e-07,0.023789,0,88.1296,0.16175,0.92162,482.816,1452.2931
18.6062,10058.8047,38.4768,239.7146,11.2468,-0.76626,0.06818,-3.6232,90.0102,0.26931,6.5296,7.2054,-18.9395,-36.0237,-0.030095,-1.2075,-0.14499,4.1797e-07,0.023789,0,88.1296,0.16175,0.91214,482.816,1452.2931
18.6062,10058.8047,38.4768,239.7146,11.2468,-0.76626,0.06818,-3.6232,90.0102,0.26931,6.5296,7.2054,-18.9395,-36.0237,-0.030095,-1.2075,-0.14499,4.1797e-07,0.023789,0,88.1296,0.16175,0.91214,482.816,1452.2931
18.6083,10059.1257,38.5567,239.7133,11.2404,-0.78045,0.037986,-4.2135,90.0125,0.19913,6.5134,7.1895,-19.9421,-36.0232,-0.029737,-0.89555,-0.16007,4.1789e-07,0.023799,0,88.2779,0.16226,0.98222,482.8148,1452.275
18.6103,10059.1257,38.5567,239.7133,11.2404,-0.78045,0.037986,-4.2135,90.0125,0.19913,6.5134,7.1895,-19.9421,-36.0232,-0.029737,-0.89555,-0.16007,4.1789e-07,0.023799,0,88.2779,0.16226,0.95071,482.8148,1452.275
18.6136,10059.1257,38.5567,239.7133,11.2404,-0.78045,0.037986,-4.2135,90.0125,0.19913,6.5134,7.1895,-19.9421,-36.0232,-0.029737,-0.89555,-0.16007,4.1789e-07,0.023799,0,88.2779,0.16225,0.91109,482.8148,1452.275
18.6136,10059.1257,38.5567,239.7133,11.2404,-0.78045,0.037986,-4.2135,90.0125,0.19913,6.5134,7.1895,-19.9421,-36.0232,-0.029737,-0.89555,-0.16007,4.1789e-07,0.023799,0,88.2779,0.16225,0.91109,482.8148,1452.275
18.6166,10059.4473,38.6361,239.7123,11.2339,-0.79452,0.0028743,-4.6562,90.0141,0.12169,6.4972,7.1844,-18.0371,-36.7386,-0.029343,1.0336,-0.17032,4.1781e-07,0.02381,0,88.4262,0.16275,0.95909,482.8137,1452.2569
18.6196,10059.4473,38.6361,239.7123,11.2339,-0.79452,0.0028743,-4.6562,90.0141,0.12169,6.4972,7.1844,-18.0371,-36.7386,-0.029343,1.0336,-0.17032,4.1781e-07,0.02381,0,88.4262,0.16275,0.92138,482.8137,1452.2569
18.6249,10059.7696,38.7149,239.7114,11.2273,-0.8085,-0.035927,-4.1787,90.0151,0.039347,6.4809,7.1914,-1.1745,-41.5192,-0.028904,1.5917,-0.17624,4.1771e-07,0.023821,0,88.5745,0.16322,0.93407,482.8125,1452.2388
18.6291,10059.7696,38.7149,239.7114,11.2273,-0.8085,-0.035927,-4.1787,90.0151,0.039347,6.4809,7.1914,-1.1745,-41.5192,-0.028904,1.5917,-0.17624,4.1771e-07,0.023821,0,88.5745,0.16323,0.89246,482.8125,1452.2388
18.6291,10059.7696,38.7149,239.7114,11.2273,-0.8085,-0.035927,-4.1787,90.0151,0.039347,6.4809,7.1914,-1.1745,-41.5192,-0.028904,1.5917,-0.17624,4.1771e-07,0.023821,0,88.5745,0.16323,0.89246,482.8125,1452.2388
18.6333,10060.0925,38.7932,239.7108,11.2206,-0.82238,-0.070749,-3.4354,90.0155,-0.045919,6.4645,7.2092,3.5106,-42.8803,-0.028493,1.5609,-0.17862,4.1762e-07,0.023831,0,88.7228,0.16368,0.908,482.8114,1452.2206
18.6374,10060.0925,38.7932,239.7108,11.2206,-0.82238,-0.070749,-3.4354,90.0155,-0.045919,6.4645,7.2092,3.5106,-42.8803,-0.028493,1.5609,-0.17862,4.1762e-07,0.023831,0,88.7228,0.1637,0.87609,482.8114,1452.2206
18.6416,10060.4161,38.871,239.7104,11.2137,-0.83616,-0.099377,-2.7069,90.0151,-0.13242,6.4481,7.2366,3.0721,-42.766,-0.028117,1.5296,-0.17583,4.1754e-07,0.023842,0,88.8712,0.16413,0.8813,482.8102,1452.2023
18.6499,10060.7404,38.9483,239.7103,11.2068,-0.84981,-0.12193,-1.9931,90.014,-0.21763,6.4317,7.278,2.952,-42.6474,-0.027776,1.4954,-0.15454,4.1746e-07,0.023853,0,89.0195,0.16459,0.85405,482.8091,1452.1841
18.6583,10061.0653,39.025,239.7104,11.1997,-0.86332,-0.13854,-1.2936,90.0122,-0.29256,6.4152,7.3666,3.9606,-42.5183,-0.027476,1.4594,-0.12022,4.174e-07,0.023863,0,89.1679,0.16509,0.82629,482.8079,1452.1658
18.6666,10061.3908,39.1012,239.7107,11.1925,-0.87664,-0.14932,-0.6081,90.0097,-0.35086,6.3987,7.489,5.7668,-42.3812,-0.027216,1.423,-0.080177,4.1735e-07,0.023874,0,89.3163,0.16566,0.79809,482.8068,1452.1475
18.6749,10061.717,39.1769,239.7112,11.1852,-0.88977,-0.15439,0.06382,90.0068,-0.38976,6.3821,7.627,7.9267,-42.2393,-0.027048,1.387,-0.038022,4.1731e-07,0.023885,0,88.9601,0.16631,0.76946,482.8056,1452.1291
18.6833,10062.0437,39.2515,239.7106,11.1778,-0.90273,-0.15386,0.72251,90.0036,-0.40823,6.3656,7.5541,10.2215,-42.0907,-0.026939,1.3518,0.003321,4.1729e-07,0.023895,0,88.6041,0.16691,0.83946,482.8044,1452.1107
18.6916,10062.3711,39.3252,239.7093,11.1703,-0.91554,-0.14784,1.3683,90.0002,-0.40667,6.349,7.4824,12.4734,-41.9379,-0.026869,1.3181,0.04163,4.1728e-07,0.023906,0,88.2481,0.16748,0.91865,482.8033,1452.0922
18.6999,10062.6992,39.3981,239.7073,11.1627,-0.92824,-0.13643,2.0016,89.9968,-0.38655,6.3324,7.4059,14.5475,-41.7831,-0.026716,1.2859,0.075517,4.1729e-07,0.023916,0,88.3964,0.16797,1,482.8021,1452.0738
18.7,10062.6992,39.3981,239.7073,11.1627,-0.92824,-0.13643,2.0016,89.9968,-0.38655,6.3324,7.4059,14.5475,-41.7831,-0.026716,1.2859,0.075517,4.1729e-07,0.023916,0,88.3964,0.16798,1,482.8021,1452.0738
18.7,10062.6992,39.3981,239.7073,11.1627,-0.92824,-0.13643,2.0016,89.9968,-0.38655,6.3324,7.4059,14.5475,-41.7831,-0.026716,1.2859,0.075517,4.1729e-07,0.023916,0,88.3964,0.16798,1,482.8021,1452.0738
18.7083,10063.0278,39.4706,239.706,11.155,-0.94081,-0.11975,2.6227,89.9935,-0.35004,6.3158,7.5287,16.3592,-41.6335,-0.026507,1.2553,0.10423,4.1732e-07,0.023927,0,88.5446,0.16852,0.98951,482.8009,1452.0553
18.7166,10063.357,39.5426,239.705,11.1471,-0.95325,-0.097899,3.2318,89.9906,-0.29966,6.2991,7.6383,17.8628,-41.4878,-0.026237,1.2265,0.12749,4.1736e-07,0.023938,0,88.6929,0.16909,0.96894,482.7998,1452.0367
18.7178,10063.357,39.5426,239.705,11.1471,-0.95325,-0.097899,3.2318,89.9906,-0.29966,6.2991,7.6383,17.8628,-41.4878,-0.026237,1.2265,0.12749,4.1736e-07,0.023938,0,88.6929,0.16912,0.95151,482.7998,1452.0367
18.7178,10063.357,39.5426,239.705,11.1471,-0.95325,-0.097899,3.2318,89.9906,-0.29966,6.2991,7.6383,17.8628,-41.4878,-0.026237,1.2265,0.12749,4.1736e-07,0.023938,0,88.6929,0.16912,0.95151,482.7998,1452.0367
18.7249,10063.6868,39.614,239.7041,11.1392,-0.96557,-0.070967,3.8294,89.9881,-0.23805,6.2824,7.7339,19.0413,-41.3462,-0.025951,1.1289,0.1454,4.1742e-07,0.023948,0,88.8412,0.16967,0.94414,482.7986,1452.0181
18.7255,10063.6868,39.614,239.7041,11.1392,-0.96557,-0.070967,3.8294,89.9881,-0.23805,6.2824,7.7339,19.0413,-41.3462,-0.025951,1.1289,0.1454,4.1742e-07,0.023948,0,88.8412,0.16969,0.9371,482.7986,1452.0181
18.7255,10063.6868,39.614,239.7041,11.1392,-0.96557,-0.070967,3.8294,89.9881,-0.23805,6.2824,7.7339,19.0413,-41.3462,-0.025951,1.1289,0.1454,4.1742e-07,0.023948,0,88.8412,0.16969,0.9371,482.7986,1452.0181
18.7309,10063.6868,39.614,239.7041,11.1392,-0.96557,-0.070967,3.8294,89.9881,-0.23805,6.2824,7.7339,19.0413,-41.3462,-0.025951,1.1289,0.1454,4.1742e-07,0.023948,0,88.8412,0.16982,0.8892,482.7986,1452.0181
18.7309,10063.6868,39.614,239.7041,11.1392,-0.96557,-0.070967,3.8294,89.9881,-0.23805,6.2824,7.7339,19.0413,-41.3462,-0.025951,1.1289,0.1454,4.1742e-07,0.023948,0,88.8412,0.16982,0.8892,482.7986,1452.0181
18.7333,10064.0172,39.6849,239.7035,11.1312,-0.97778,-0.039056,4.382,89.9861,-0.16784,6.2657,7.8142,19.262,-41.0308,-0.025635,0.45692,0.15833,4.1748e-07,0.023959,0,88.9895,0.17024,0.91808,482.7974,1451.9995
18.7356,10064.0172,39.6849,239.7035,11.1312,-0.97778,-0.039056,4.382,89.9861,-0.16784,6.2657,7.8142,19.262,-41.0308,-0.025635,0.45692,0.15833,4.1748e-07,0.023959,0,88.9895,0.1703,0.89801,482.7974,1451.9995
18.7403,10064.0172,39.6849,239.7035,11.1312,-0.97778,-0.039056,4.382,89.9861,-0.16784,6.2657,7.8142,19.262,-41.0308,-0.025635,0.45692,0.15833,4.1748e-07,0.023959,0,88.9895,0.17043,0.86972,482.7974,1451.9995
18.7416,10064.3482,39.7553,239.7031,11.123,-0.98991,-0.0025403,4.6149,89.9847,-0.091428,6.2489,7.8806,13.9624,-39.2858,-0.025287,-1.608,0.16673,4.1755e-07,0.02397,0,89.1378,0.17077,0.89143,482.7962,1451.9809
18.7425,10064.3482,39.7553,239.7031,11.123,-0.98991,-0.0025403,4.6149,89.9847,-0.091428,6.2489,7.8806,13.9624,-39.2858,-0.025287,-1.608,0.16673,4.1755e-07,0.02397,0,89.1378,0.1708,0.88521,482.7962,1451.9809
18.7425,10064.3482,39.7553,239.7031,11.123,-0.98991,-0.0025403,4.6149,89.9847,-0.091428,6.2489,7.8806,13.9624,-39.2858,-0.025287,-1.608,0.16673,4.1755e-07,0.02397,0,89.1378,0.1708,0.88521,482.7962,1451.9809
18.7488,10064.3482,39.7553,239.7031,11.123,-0.98991,-0.0025403,4.6149,89.9847,-0.091428,6.2489,7.8806,13.9624,-39.2858,-0.025287,-1.608,0.16673,4.1755e-07,0.02397,0,89.1378,0.17098,0.85657,482.7962,1451.9809
18.7499,10064.6798,39.8251,239.703,11.1148,-1.002,0.035916,3.8627,89.984,-0.010987,6.2321,7.9346,-4.2483,-34.0827,-0.024915,-1.5774,0.17115,4.1763e-07,0.02398,0,89.2862,0.17126,0.86425,482.7951,1451.9622
18.7554,10064.6798,39.8251,239.703,11.1148,-1.002,0.035916,3.8627,89.984,-0.010987,6.2321,7.9346,-4.2483,-34.0827,-0.024915,-1.5774,0.17115,4.1763e-07,0.02398,0,89.2862,0.17143,0.84728,482.7951,1451.9622
18.7554,10064.6798,39.8251,239.703,11.1148,-1.002,0.035916,3.8627,89.984,-0.010987,6.2321,7.9346,-4.2483,-34.0827,-0.024915,-1.5774,0.17115,4.1763e-07,0.02398,0,89.2862,0.17143,0.84728,482.7951,1451.9622
18.7583,10065.012,39.8944,239.7031,11.1064,-1.014,0.068105,3.1254,89.9839,0.071696,6.2152,7.9787,-3.6897,-34.1185,-0.024568,-1.5465,0.17182,4.177e-07,0.023991,0,89.4346,0.17172,0.83665,482.7939,1451.9435
18.7611,10065.012,39.8944,239.7031,11.1064,-1.014,0.068105,3.1254,89.9839,0.071696,6.2152,7.9787,-3.6897,-34.1185,-0.024568,-1.5465,0.17182,4.177e-07,0.023991,0,89.4346,0.17181,0.8336,482.7939,1451.9435
18.7666,10065.3447,39.9632,239.7034,11.098,-1.0259,0.094149,2.403,89.9845,0.1548,6.1984,8.0144,-3.3602,-34.152,-0.024239,-1.5147,0.16472,4.1777e-07,0.024002,0,89.583,0.17214,0.80858,482.7927,1451.9248
18.7749,10065.678,40.0314,239.7039,11.0895,-1.0376,0.11417,1.6951,89.9858,0.23455,6.1815,8.0315,-3.5062,-34.1857,-0.023969,-1.4797,0.13767,4.1784e-07,0.024012,0,89.2268,0.17257,0.78006,482.7915,1451.906
18.7833,10066.0119,40.0987,239.7036,11.0808,-1.0493,0.1283,1.0014,89.9877,0.30124,6.1646,7.8368,-4.8673,-34.2229,-0.02375,-1.4436,0.10167,4.1789e-07,0.024023,0,88.8707,0.17294,0.82535,482.7903,1451.8872
18.7916,10066.3463,40.165,239.7025,11.0721,-1.0608,0.13665,0.32158,89.9902,0.35051,6.1477,7.5678,-6.7775,-34.258,-0.023565,-1.4076,0.061915,4.1793e-07,0.024033,0,88.5148,0.17327,0.90223,482.7891,1451.8684
18.7999,10066.6813,40.2304,239.7008,11.0633,-1.0721,0.13932,-0.34481,89.9931,0.38054,6.1308,7.2927,-8.9202,-34.289,-0.023325,-1.3722,0.021221,4.1796e-07,0.024044,0,88.159,0.17357,0.98394,482.7879,1451.8495
18.8083,10067.0168,40.2955,239.6997,11.0543,-1.0833,0.13645,-0.99806,89.9963,0.39088,6.1139,7.2272,-11.1253,-34.3195,-0.023053,-1.3379,-0.01774,4.1798e-07,0.024055,0,88.3072,0.17399,0.97174,482.7867,1451.8306
18.8166,10067.3529,40.36,239.6988,11.0453,-1.0942,0.12813,-1.6385,89.9996,0.38237,6.097,7.1664,-13.2307,-34.3464,-0.022765,-1.305,-0.05315,4.1798e-07,0.024065,0,88.4555,0.1745,0.95047,482.7855,1451.8117
18.8249,10067.6895,40.424,239.6982,11.0362,-1.1049,0.11448,-2.2666,90.0028,0.35675,6.0801,7.1149,-15.1258,-34.3676,-0.022519,-1.2736,-0.083948,4.1796e-07,0.024076,0,88.6038,0.1751,0.92507,482.7843,1451.7927
18.8333,10068.0266,40.4874,239.6979,11.027,-1.1155,0.095591,-2.8825,90.0057,0.31626,6.0631,7.0756,-16.7461,-34.3791,-0.022299,-1.244,-0.1096,4.1794e-07,0.024087,0,88.7522,0.17575,0.89776,482.7831,1451.7738
18.8416,10068.3643,40.5503,239.6977,11.0177,-1.126,0.071571,-3.4866,90.0084,0.26341,6.0461,7.0494,-18.0587,-34.3817,-0.022092,-1.216,-0.12998,4.179e-07,0.024097,0,88.9005,0.1764,0.86949,482.7819,1451.7547
18.8429,10068.3643,40.5503,239.6977,11.0177,-1.126,0.071571,-3.4866,90.0084,0.26341,6.0461,7.0494,-18.0587,-34.3817,-0.022092,-1.216,-0.12998,4.179e-07,0.024097,0,88.9005,0.17646,0.86492,482.7819,1451.7547
18.8429,10068.3643,40.5503,239.6977,11.0177,-1.126,0.071571,-3.4866,90.0084,0.26341,6.0461,7.0494,-18.0587,-34.3817,-0.022092,-1.216,-0.12998,4.179e-07,0.024097,0,88.9005,0.17646,0.86492,482.7819,1451.7547
18.8469,10068.3643,40.5503,239.6977,11.0177,-1.126,0.071571,-3.4866,90.0084,0.26341,6.0461,7.0494,-18.0587,-34.3817,-0.022092,-1.216,-0.12998,4.179e-07,0.024097,0,88.9005,0.17665,0.85405,482.7819,1451.7547
18.8469,10068.3643,40.5503,239.6977,11.0177,-1.126,0.071571,-3.4866,90.0084,0.26341,6.0461,7.0494,-18.0587,-34.3817,-0.022092,-1.216,-0.12998,4.179e-07,0.024097,0,88.9005,0.17665,0.85405,482.7819,1451.7547
18.8499,10068.7025,40.6126,239.6979,11.0084,-1.1363,0.042516,-4.0792,90.0106,0.20075,6.0291,7.0361,-19.057,-34.376,-0.021864,-0.97984,-0.14533,4.1785e-07,0.024108,0,89.0489,0.17701,0.84076,482.7807,1451.7357
18.8529,10068.7025,40.6126,239.6979,11.0084,-1.1363,0.042516,-4.0792,90.0106,0.20075,6.0291,7.0361,-19.057,-34.376,-0.021864,-0.97984,-0.14533,4.1785e-07,0.024108,0,89.0489,0.17716,0.83861,482.7807,1451.7357
18.8536,10068.7025,40.6126,239.6979,11.0084,-1.1363,0.042516,-4.0792,90.0106,0.20075,6.0291,7.0361,-19.057,-34.376,-0.021864,-0.97984,-0.14533,4.1785e-07,0.024108,0,89.0489,0.1772,0.83821,482.7807,1451.7357
18.8536,10068.7025,40.6126,239.6979,11.0084,-1.1363,0.042516,-4.0792,90.0106,0.20075,6.0291,7.0361,-19.057,-34.376,-0.021864,-0.97984,-0.14533,4.1785e-07,0.024108,0,89.0489,0.1772,0.83821,482.7807,1451.7357
18.8583,10069.0412,40.6744,239.6982,10.9989,-1.1466,0.0085237,-4.5604,90.0122,0.13075,6.0121,7.0333,-17.8535,-34.8911,-0.021602,0.56569,-0.15603,4.178e-07,0.024118,0,89.1973,0.17758,0.81253,482.7795,1451.7166
18.8629,10069.0412,40.6744,239.6982,10.9989,-1.1466,0.0085237,-4.5604,90.0122,0.13075,6.0121,7.0333,-17.8535,-34.8911,-0.021602,0.56569,-0.15603,4.178e-07,0.024118,0,89.1973,0.17781,0.82007,482.7795,1451.7166
18.8666,10069.3804,40.7356,239.6988,10.9894,-1.1569,-0.029479,-4.3046,90.0133,0.05564,5.995,7.0422,-4.4982,-38.6971,-0.021309,1.594,-0.16249,4.1774e-07,0.024129,0,88.8532,0.17807,0.78408,482.7783,1451.6975
18.8691,10069.3804,40.7356,239.6988,10.9894,-1.1569,-0.029479,-4.3046,90.0133,0.05564,5.995,7.0422,-4.4982,-38.6971,-0.021309,1.594,-0.16249,4.1774e-07,0.024129,0,88.8532,0.1782,0.79479,482.7783,1451.6975
18.8691,10069.3804,40.7356,239.6988,10.9894,-1.1569,-0.029479,-4.3046,90.0133,0.05564,5.995,7.0422,-4.4982,-38.6971,-0.021309,1.594,-0.16249,4.1774e-07,0.024129,0,88.8532,0.1782,0.79479,482.7783,1451.6975
18.8749,10069.7201,40.7961,239.6989,10.9797,-1.1671,-0.06535,-3.5585,90.0138,-0.022637,5.978,6.9587,4.4143,-41.2226,-0.021036,1.5634,-0.16544,4.1768e-07,0.02414,0,88.4971,0.17844,0.80236,482.7771,1451.6784
18.8808,10069.7201,40.7961,239.6989,10.9797,-1.1671,-0.06535,-3.5585,90.0138,-0.022637,5.978,6.9587,4.4143,-41.2226,-0.021036,1.5634,-0.16544,4.1768e-07,0.02414,0,88.4971,0.17875,0.81622,482.7771,1451.6784
18.8824,10069.7201,40.7961,239.6989,10.9797,-1.1671,-0.06535,-3.5585,90.0138,-0.022637,5.978,6.9587,4.4143,-41.2226,-0.021036,1.5634,-0.16544,4.1768e-07,0.02414,0,88.4971,0.17884,0.81886,482.7771,1451.6784
18.8824,10069.7201,40.7961,239.6989,10.9797,-1.1671,-0.06535,-3.5585,90.0138,-0.022637,5.978,6.9587,4.4143,-41.2226,-0.021036,1.5634,-0.16544,4.1768e-07,0.02414,0,88.4971,0.17884,0.81886,482.7771,1451.6784
18.8833,10070.0603,40.8555,239.6981,10.97,-1.1773,-0.095004,-2.8272,90.0136,-0.10246,5.961,6.7709,3.9362,-41.0978,-0.020776,1.5323,-0.16398,4.1763e-07,0.02415,0,88.1411,0.17865,0.87704,482.7759,1451.6592
18.8841,10070.0603,40.8555,239.6981,10.97,-1.1773,-0.095004,-2.8272,90.0136,-0.10246,5.961,6.7709,3.9362,-41.0978,-0.020776,1.5323,-0.16398,4.1763e-07,0.02415,0,88.1411,0.1787,0.87363,482.7759,1451.6592
18.8858,10070.0603,40.8555,239.6981,10.97,-1.1773,-0.095004,-2.8272,90.0136,-0.10246,5.961,6.7709,3.9362,-41.0978,-0.020776,1.5323,-0.16398,4.1763e-07,0.02415,0,88.1411,0.17879,0.86762,482.7759,1451.6592
18.8891,10070.0603,40.8555,239.6981,10.97,-1.1773,-0.095004,-2.8272,90.0136,-0.10246,5.961,6.7709,3.9362,-41.0978,-0.020776,1.5323,-0.16398,4.1763e-07,0.02415,0,88.1411,0.17897,0.85826,482.7759,1451.6592
18.8916,10070.401,40.9141,239.6966,10.9602,-1.1874,-0.11856,-2.1106,90.0128,-0.18169,5.9439,6.5969,3.7302,-40.9696,-0.020494,1.4991,-0.14833,4.1758e-07,0.024161,0,87.7853,0.17874,0.95811,482.7747,1451.6401
18.8999,10070.7422,40.9718,239.6944,10.9503,-1.1974,-0.13615,-1.4085,90.0113,-0.25342,5.9269,6.4609,4.3908,-40.8361,-0.020126,1.4639,-0.11838,4.1755e-07,0.024172,0,87.9334,0.17876,1,482.7735,1451.6209
18.9022,10070.7422,40.9718,239.6944,10.9503,-1.1974,-0.13615,-1.4085,90.0113,-0.25342,5.9269,6.4609,4.3908,-40.8361,-0.020126,1.4639,-0.11838,4.1755e-07,0.024172,0,87.9334,0.17889,1,482.7735,1451.6209
18.9022,10070.7422,40.9718,239.6944,10.9503,-1.1974,-0.13615,-1.4085,90.0113,-0.25342,5.9269,6.4609,4.3908,-40.8361,-0.020126,1.4639,-0.11838,4.1755e-07,0.024172,0,87.9334,0.17889,1,482.7735,1451.6209
18.9083,10071.0839,41.0291,239.693,10.9404,-1.2073,-0.14789,-0.72033,90.0091,-0.3107,5.9099,6.5707,5.9265,-40.7009,-0.019721,1.4281,-0.082062,4.1753e-07,0.024182,0,88.0816,0.1789,1,482.7722,1451.6016
18.9099,10071.0839,41.0291,239.693,10.9404,-1.2073,-0.14789,-0.72033,90.0091,-0.3107,5.9099,6.5707,5.9265,-40.7009,-0.019721,1.4281,-0.082062,4.1753e-07,0.024182,0,88.0816,0.179,1,482.7722,1451.6016
18.9099,10071.0839,41.0291,239.693,10.9404,-1.2073,-0.14789,-0.72033,90.0091,-0.3107,5.9099,6.5707,5.9265,-40.7009,-0.019721,1.4281,-0.082062,4.1753e-07,0.024182,0,88.0816,0.179,1,482.7722,1451.6016
18.9166,10071.426,41.0858,239.6917,10.9303,-1.2168,-0.15389,-0.045943,90.0066,-0.35044,5.8929,6.697,7.855,-40.5652,-0.019309,1.3926,-0.043285,4.1752e-07,0.024193,0,88.2299,0.17918,1,482.771,1451.5824
18.9171,10071.426,41.0858,239.6917,10.9303,-1.2168,-0.15389,-0.045943,90.0066,-0.35044,5.8929,6.697,7.855,-40.5652,-0.019309,1.3926,-0.043285,4.1752e-07,0.024193,0,88.2299,0.17921,1,482.771,1451.5824
18.9171,10071.426,41.0858,239.6917,10.9303,-1.2168,-0.15389,-0.045943,90.0066,-0.35044,5.8929,6.697,7.855,-40.5652,-0.019309,1.3926,-0.043285,4.1752e-07,0.024193,0,88.2299,0.17921,1,482.771,1451.5824
18.9238,10071.426,41.0858,239.6917,10.9303,-1.2168,-0.15389,-0.045943,90.0066,-0.35044,5.8929,6.697,7.855,-40.5652,-0.019309,1.3926,-0.043285,4.1752e-07,0.024193,0,88.2299,0.17961,0.92146,482.771,1451.5824
18.9249,10071.7686,41.142,239.6907,10.9202,-1.2261,-0.15427,0.61507,90.0036,-0.37144,5.8759,6.8303,9.9398,-40.4286,-0.018969,1.358,-0.0047172,4.1752e-07,0.024203,0,88.3781,0.17961,0.98338,482.7698,1451.5631
18.9307,10071.7686,41.142,239.6907,10.9202,-1.2261,-0.15427,0.61507,90.0036,-0.37144,5.8759,6.8303,9.9398,-40.4286,-0.018969,1.358,-0.0047172,4.1752e-07,0.024203,0,88.3781,0.17997,0.92012,482.7698,1451.5631
18.9333,10072.1117,41.1976,239.6899,10.91,-1.2351,-0.14915,1.2631,90.0005,-0.37381,5.8589,6.9644,12.0185,-40.2874,-0.018699,1.3245,0.031389,4.1755e-07,0.024214,0,88.5264,0.18017,0.95633,482.7686,1451.5437
18.9416,10072.4552,41.2526,239.6894,10.8997,-1.2439,-0.13862,1.8984,89.9974,-0.35875,5.8418,7.0934,13.9545,-40.1427,-0.0185,1.2925,0.063618,4.1758e-07,0.024225,0,88.6747,0.18082,0.92827,482.7674,1451.5244
18.9499,10072.7992,41.3071,239.6891,10.8893,-1.2526,-0.1228,2.5213,89.9944,-0.32813,5.8248,7.2135,15.6614,-39.9946,-0.018349,1.2621,0.091166,4.1764e-07,0.024235,0,88.823,0.18152,0.89964,482.7661,1451.505
18.9583,10073.1437,41.361,239.6891,10.8789,-1.2612,-0.10179,3.1323,89.9917,-0.28425,5.8078,7.3226,17.0904,-39.8446,-0.018219,1.2333,0.11371,4.177e-07,0.024246,0,88.9714,0.1822,0.87065,482.7649,1451.4856
18.959,10073.1437,41.361,239.6891,10.8789,-1.2612,-0.10179,3.1323,89.9917,-0.28425,5.8078,7.3226,17.0904,-39.8446,-0.018219,1.2333,0.11371,4.177e-07,0.024246,0,88.9714,0.18226,0.86853,482.7649,1451.4856
18.959,10073.1437,41.361,239.6891,10.8789,-1.2612,-0.10179,3.1323,89.9917,-0.28425,5.8078,7.3226,17.0904,-39.8446,-0.018219,1.2333,0.11371,4.177e-07,0.024246,0,88.9714,0.18226,0.86853,482.7649,1451.4856
18.9666,10073.4886,41.4144,239.6893,10.8684,-1.2697,-0.075689,3.7315,89.9893,-0.22954,5.7908,7.4193,18.2216,-39.6942,-0.018074,1.1942,0.13127,4.1778e-07,0.024257,0,89.1197,0.18284,0.84135,482.7637,1451.4662
18.9717,10073.4886,41.4144,239.6893,10.8684,-1.2697,-0.075689,3.7315,89.9893,-0.22954,5.7908,7.4193,18.2216,-39.6942,-0.018074,1.1942,0.13127,4.1778e-07,0.024257,0,89.1197,0.18319,0.84195,482.7637,1451.4662
18.9717,10073.4886,41.4144,239.6893,10.8684,-1.2697,-0.075689,3.7315,89.9893,-0.22954,5.7908,7.4193,18.2216,-39.6942,-0.018074,1.1942,0.13127,4.1778e-07,0.024257,0,89.1197,0.18319,0.84195,482.7637,1451.4662
18.9749,10073.8339,41.4673,239.6897,10.8578,-1.2781,-0.044594,4.3136,89.9874,-0.16641,5.7737,7.5023,18.9481,-39.5158,-0.017887,0.6641,0.14413,4.1787e-07,0.024267,0,89.2681,0.18341,0.81225,482.7624,1451.4468
18.9781,10073.8339,41.4673,239.6897,10.8578,-1.2781,-0.044594,4.3136,89.9874,-0.16641,5.7737,7.5023,18.9481,-39.5158,-0.017887,0.6641,0.14413,4.1787e-07,0.024267,0,89.2681,0.18364,0.82074,482.7624,1451.4468
18.9821,10073.8339,41.4673,239.6897,10.8578,-1.2781,-0.044594,4.3136,89.9874,-0.16641,5.7737,7.5023,18.9481,-39.5158,-0.017887,0.6641,0.14413,4.1787e-07,0.024267,0,89.2681,0.18391,0.82806,482.7624,1451.4468
18.9821,10073.8339,41.4673,239.6897,10.8578,-1.2781,-0.044594,4.3136,89.9874,-0.16641,5.7737,7.5023,18.9481,-39.5158,-0.017887,0.6641,0.14413,4.1787e-07,0.024267,0,89.2681,0.18391,0.82806,482.7624,1451.4468
18.9833,10074.1797,41.5196,239.6903,10.8472,-1.2866,-0.0086478,4.6438,89.986,-0.097152,5.7567,7.5718,14.9304,-38.1153,-0.017661,-1.455,0.15272,4.1797e-07,0.024278,0,88.912,0.1839,0.78337,482.7612,1451.4273
18.9844,10074.1797,41.5196,239.6903,10.8472,-1.2866,-0.0086478,4.6438,89.986,-0.097152,5.7567,7.5718,14.9304,-38.1153,-0.017661,-1.455,0.15272,4.1797e-07,0.024278,0,88.912,0.18399,0.79009,482.7612,1451.4273
18.9868,10074.1797,41.5196,239.6903,10.8472,-1.2866,-0.0086478,4.6438,89.986,-0.097152,5.7567,7.5718,14.9304,-38.1153,-0.017661,-1.455,0.15272,4.1797e-07,0.024278,0,88.912,0.18416,0.80138,482.7612,1451.4273
18.9916,10074.5259,41.5711,239.6906,10.8365,-1.295,0.030049,3.9629,89.9852,-0.023802,5.7397,7.5287,-3.757,-32.7673,-0.017409,-1.5786,0.15742,4.1807e-07,0.024289,0,88.5559,0.18425,0.79999,482.76,1451.4078
18.9954,10074.5259,41.5711,239.6906,10.8365,-1.295,0.030049,3.9629,89.9852,-0.023802,5.7397,7.5287,-3.757,-32.7673,-0.017409,-1.5786,0.15742,4.1807e-07,0.024289,0,88.5559,0.18453,0.81387,482.76,1451.4078
18.9954,10074.5259,41.5711,239.6906,10.8365,-1.295,0.030049,3.9629,89.9852,-0.023802,5.7397,7.5287,-3.757,-32.7673,-0.017409,-1.5786,0.15742,4.1807e-07,0.024289,0,88.5559,0.18453,0.81387,482.76,1451.4078
18.9999,10074.8725,41.6217,239.6899,10.8257,-1.3033,0.063073,3.2234,89.985,0.051951,5.7227,7.3592,-4.5755,-32.4094,-0.017159,-1.5479,0.15896,4.1817e-07,0.024299,0,88.1999,0.18443,0.87432,482.7587,1451.3883
19.0044,10074.8725,41.6217,239.6899,10.8257,-1.3033,0.063073,3.2234,89.985,0.051951,5.7227,7.3592,-4.5755,-32.4094,-0.017159,-1.5479,0.15896,4.1817e-07,0.024299,0,88.1999,0.18476,0.86351,482.7587,1451.3883
19.0083,10075.2196,41.6713,239.6885,10.8149,-1.3117,0.089933,2.4987,89.9854,0.12858,5.7057,7.1844,-4.1898,-32.4355,-0.016876,-1.5166,0.15439,4.1827e-07,0.02431,0,87.8441,0.18447,0.95513,482.7575,1451.3688
19.0166,10075.5671,41.7201,239.6864,10.8039,-1.3199,0.11075,1.7885,89.9865,0.20312,5.6888,6.9969,-4.1777,-32.4636,-0.0165,-1.4823,0.13145,4.1835e-07,0.02432,0,87.9923,0.18442,1,482.7563,1451.3492
19.0188,10075.5671,41.7201,239.6864,10.8039,-1.3199,0.11075,1.7885,89.9865,0.20312,5.6888,6.9969,-4.1777,-32.4636,-0.0165,-1.4823,0.13145,4.1835e-07,0.02432,0,87.9923,0.18459,1,482.7563,1451.3492
19.0188,10075.5671,41.7201,239.6864,10.8039,-1.3199,0.11075,1.7885,89.9865,0.20312,5.6888,6.9969,-4.1777,-32.4636,-0.0165,-1.4823,0.13145,4.1835e-07,0.02432,0,87.9923,0.18459,1,482.7563,1451.3492
19.0249,10075.9149,41.7685,239.6851,10.793,-1.328,0.12566,1.0926,89.9882,0.26663,5.6718,6.9735,-5.2855,-32.5032,-0.016082,-1.447,0.099193,4.1844e-07,0.024331,0,88.1405,0.18446,1,482.755,1451.3296
19.0265,10075.9149,41.7685,239.6851,10.793,-1.328,0.12566,1.0926,89.9882,0.26663,5.6718,6.9735,-5.2855,-32.5032,-0.016082,-1.447,0.099193,4.1844e-07,0.024331,0,88.1405,0.18459,1,482.755,1451.3296
19.0265,10075.9149,41.7685,239.6851,10.793,-1.328,0.12566,1.0926,89.9882,0.26663,5.6718,6.9735,-5.2855,-32.5032,-0.016082,-1.447,0.099193,4.1844e-07,0.024331,0,88.1405,0.18459,1,482.755,1451.3296
19.0326,10075.9149,41.7685,239.6851,10.793,-1.328,0.12566,1.0926,89.9882,0.26663,5.6718,6.9735,-5.2855,-32.5032,-0.016082,-1.447,0.099193,4.1844e-07,0.024331,0,88.1405,0.18506,0.93028,482.755,1451.3296
19.0333,10076.2632,41.8163,239.6839,10.7819,-1.3358,0.13476,0.41062,89.9904,0.3146,5.6549,6.9273,-6.9641,-32.5468,-0.015649,-1.4116,0.062914,4.1851e-07,0.024342,0,88.2887,0.18463,1,482.7538,1451.31
19.0336,10076.2632,41.8163,239.6839,10.7819,-1.3358,0.13476,0.41062,89.9904,0.3146,5.6549,6.9273,-6.9641,-32.5468,-0.015649,-1.4116,0.062914,4.1851e-07,0.024342,0,88.2887,0.18465,1,482.7538,1451.31
19.0336,10076.2632,41.8163,239.6839,10.7819,-1.3358,0.13476,0.41062,89.9904,0.3146,5.6549,6.9273,-6.9641,-32.5468,-0.015649,-1.4116,0.062914,4.1851e-07,0.024342,0,88.2887,0.18465,1,482.7538,1451.31
19.0367,10076.2632,41.8163,239.6839,10.7819,-1.3358,0.13476,0.41062,89.9904,0.3146,5.6549,6.9273,-6.9641,-32.5468,-0.015649,-1.4116,0.062914,4.1851e-07,0.024342,0,88.2887,0.1849,0.95906,482.7538,1451.31
19.0399,10076.2632,41.8163,239.6839,10.7819,-1.3358,0.13476,0.41062,89.9904,0.3146,5.6549,6.9273,-6.9641,-32.5468,-0.015649,-1.4116,0.062914,4.1851e-07,0.024342,0,88.2887,0.18514,0.92935,482.7538,1451.31
19.0416,10076.6119,41.8636,239.6831,10.7708,-1.3434,0.13818,-0.25774,89.993,0.34506,5.638,6.8719,-8.8921,-32.5895,-0.015285,-1.3767,0.025354,4.1856e-07,0.024352,0,88.4369,0.18494,0.97945,482.7525,1451.2904
19.0499,10076.9609,41.9103,239.6824,10.7596,-1.3507,0.13604,-0.91285,89.9959,0.35741,5.6211,6.8146,-10.9035,-32.625,-0.01499,-1.3429,-0.010903,4.1861e-07,0.024363,0,88.5852,0.18539,0.95207,482.7513,1451.2708
19.0583,10077.3104,41.9564,239.682,10.7483,-1.3578,0.12843,-1.555,89.9989,0.35226,5.6042,6.7618,-12.8413,-32.6518,-0.014768,-1.3103,-0.044095,4.1864e-07,0.024374,0,88.7335,0.18594,0.92364,482.7501,1451.2511
19.0666,10077.6602,42.002,239.6818,10.737,-1.3647,0.11547,-2.1847,90.0018,0.33112,5.5873,6.7176,-14.5983,-32.6684,-0.014602,-1.2792,-0.073157,4.1866e-07,0.024384,0,88.8818,0.18654,0.89463,482.7488,1451.2314
19.0749,10078.0104,42.047,239.6819,10.7257,-1.3715,0.097265,-2.802,90.0046,0.29599,5.5704,6.6845,-16.11,-32.6753,-0.014466,-1.2497,-0.097524,4.1866e-07,0.024395,0,89.0301,0.18716,0.86525,482.7476,1451.2117
19.0833,10078.361,42.0915,239.6822,10.7143,-1.3783,0.073915,-3.4075,90.0071,0.24915,5.5536,6.6635,-17.3418,-32.6733,-0.014333,-1.2217,-0.11704,4.1866e-07,0.024405,0,89.1785,0.18774,0.83558,482.7463,1451.1919
19.084,10078.361,42.0915,239.6822,10.7143,-1.3783,0.073915,-3.4075,90.0071,0.24915,5.5536,6.6635,-17.3418,-32.6733,-0.014333,-1.2217,-0.11704,4.1866e-07,0.024405,0,89.1785,0.1878,0.8368,482.7463,1451.1919
19.084,10078.361,42.0915,239.6822,10.7143,-1.3783,0.073915,-3.4075,90.0071,0.24915,5.5536,6.6635,-17.3418,-32.6733,-0.014333,-1.2217,-0.11704,4.1866e-07,0.024405,0,89.1785,0.1878,0.8368,482.7463,1451.1919
19.0888,10078.361,42.0915,239.6822,10.7143,-1.3783,0.073915,-3.4075,90.0071,0.24915,5.5536,6.6635,-17.3418,-32.6733,-0.014333,-1.2217,-0.11704,4.1866e-07,0.024405,0,89.1785,0.18821,0.84285,482.7463,1451.1919
19.0888,10078.361,42.0915,239.6822,10.7143,-1.3783,0.073915,-3.4075,90.0071,0.24915,5.5536,6.6635,-17.3418,-32.6733,-0.014333,-1.2217,-0.11704,4.1866e-07,0.024405,0,89.1785,0.18821,0.84285,482.7463,1451.1919
19.0916,10078.7119,42.1355,239.6828,10.7028,-1.3849,0.04552,-4.0013,90.0091,0.19296,5.5368,6.6547,-18.2842,-32.6642,-0.014164,-1.0289,-0.13187,4.1865e-07,0.024416,0,89.3268,0.18827,0.80564,482.7451,1451.1722
19.0944,10078.7119,42.1355,239.6828,10.7028,-1.3849,0.04552,-4.0013,90.0091,0.19296,5.5368,6.6547,-18.2842,-32.6642,-0.014164,-1.0289,-0.13187,4.1865e-07,0.024416,0,89.3268,0.18851,0.81729,482.7451,1451.1722
19.0945,10078.7119,42.1355,239.6828,10.7028,-1.3849,0.04552,-4.0013,90.0091,0.19296,5.5368,6.6547,-18.2842,-32.6642,-0.014164,-1.0289,-0.13187,4.1865e-07,0.024416,0,89.3268,0.18852,0.81752,482.7451,1451.1722
19.0945,10078.7119,42.1355,239.6828,10.7028,-1.3849,0.04552,-4.0013,90.0091,0.19296,5.5368,6.6547,-18.2842,-32.6642,-0.014164,-1.0289,-0.13187,4.1865e-07,0.024416,0,89.3268,0.18852,0.81752,482.7451,1451.1722
19.0999,10079.0632,42.1789,239.6836,10.6913,-1.3916,0.012176,-4.5043,90.0108,0.1297,5.5199,6.6554,-17.4392,-33.0683,-0.01399,0.39181,-0.14236,4.1863e-07,0.024427,0,88.9708,0.18872,0.77627,482.7438,1451.1524
19.1054,10079.0632,42.1789,239.6836,10.6913,-1.3916,0.012176,-4.5043,90.0108,0.1297,5.5199,6.6554,-17.4392,-33.0683,-0.01399,0.39181,-0.14236,4.1863e-07,0.024427,0,88.9708,0.1892,0.8085,482.7438,1451.1524
19.1083,10079.4149,42.2214,239.6834,10.6797,-1.3982,-0.025359,-4.3299,90.0118,0.061462,5.5031,6.4738,-5.203,-36.5561,-0.013768,1.5921,-0.14885,4.186e-07,0.024437,0,88.6148,0.18899,0.83491,482.7426,1451.1326
19.1095,10079.4149,42.2214,239.6834,10.6797,-1.3982,-0.025359,-4.3299,90.0118,0.061462,5.5031,6.4738,-5.203,-36.5561,-0.013768,1.5921,-0.14885,4.186e-07,0.024437,0,88.6148,0.1891,0.83706,482.7426,1451.1326
19.1095,10079.4149,42.2214,239.6834,10.6797,-1.3982,-0.025359,-4.3299,90.0118,0.061462,5.5031,6.4738,-5.203,-36.5561,-0.013768,1.5921,-0.14885,4.186e-07,0.024437,0,88.6148,0.1891,0.83706,482.7426,1451.1326
19.1166,10079.7669,42.2629,239.6824,10.668,-1.4048,-0.061441,-3.583,90.0124,-0.00995,5.4864,6.28,5.2648,-39.508,-0.01352,1.5615,-0.15197,4.1858e-07,0.024448,0,88.2589,0.1891,0.91282,482.7413,1451.1128
19.1223,10079.7669,42.2629,239.6824,10.668,-1.4048,-0.061441,-3.583,90.0124,-0.00995,5.4864,6.28,5.2648,-39.508,-0.01352,1.5615,-0.15197,4.1858e-07,0.024448,0,88.2589,0.1896,0.88751,482.7413,1451.1128
19.1223,10079.7669,42.2629,239.6824,10.668,-1.4048,-0.061441,-3.583,90.0124,-0.00995,5.4864,6.28,5.2648,-39.508,-0.01352,1.5615,-0.15197,4.1858e-07,0.024448,0,88.2589,0.1896,0.88751,482.7413,1451.1128
19.1249,10080.1193,42.3036,239.6808,10.6563,-1.4114,-0.091299,-2.8509,90.0123,-0.083021,5.4697,6.0971,4.7729,-39.3825,-0.013169,1.5307,-0.15124,4.1856e-07,0.024459,0,88.4071,0.18906,0.9948,482.74,1451.093
19.1275,10080.1193,42.3036,239.6808,10.6563,-1.4114,-0.091299,-2.8509,90.0123,-0.083021,5.4697,6.0971,4.7729,-39.3825,-0.013169,1.5307,-0.15124,4.1856e-07,0.024459,0,88.4071,0.18929,0.96295,482.74,1451.093
19.1333,10080.472,42.3439,239.6798,10.6446,-1.4179,-0.11506,-2.1335,90.0116,-0.15588,5.453,6.1349,4.5194,-39.2608,-0.012759,1.4982,-0.1384,4.1854e-07,0.024469,0,88.5553,0.18904,0.98255,482.7388,1451.0731
19.1416,10080.825,42.3836,239.6792,10.6328,-1.4242,-0.13283,-1.4305,90.0103,-0.22265,5.4363,6.2033,5.0066,-39.1371,-0.012318,1.4636,-0.11159,4.1854e-07,0.02448,0,88.7036,0.18909,0.96101,482.7375,1451.0532
19.1499,10081.1784,42.4228,239.6787,10.6209,-1.4302,-0.14475,-0.74156,90.0084,-0.27653,5.4196,6.3073,6.3491,-39.0088,-0.011926,1.4285,-0.078553,4.1855e-07,0.02449,0,88.8518,0.18926,0.93516,482.7363,1451.0334
19.1583,10081.532,42.4614,239.6785,10.609,-1.436,-0.15093,-0.066451,90.0061,-0.3145,5.403,6.4281,8.0759,-38.8751,-0.01159,1.3937,-0.04304,4.1857e-07,0.024501,0,89.0001,0.18955,0.90724,482.735,1451.0134
19.1666,10081.886,42.4995,239.6785,10.5971,-1.4416,-0.15149,0.5952,90.0035,-0.33537,5.3864,6.5563,9.9601,-38.7371,-0.011327,1.3596,-0.0075263,4.186e-07,0.024512,0,89.1484,0.18996,0.87824,482.7338,1450.9935
19.1749,10082.2404,42.537,239.6788,10.5851,-1.447,-0.14653,1.2437,90.0007,-0.33912,5.3698,6.6857,11.8511,-38.5946,-0.01113,1.3266,0.025885,4.1865e-07,0.024522,0,89.2968,0.19047,0.84864,482.7325,1450.9736
19.1833,10082.595,42.574,239.6793,10.573,-1.4522,-0.13616,1.8795,89.9979,-0.32679,5.3533,6.8109,13.6211,-38.4487,-0.010986,1.295,0.055827,4.1871e-07,0.024533,0,89.4451,0.19103,0.81863,482.7312,1450.9536
19.1916,10082.9499,42.6105,239.6801,10.5609,-1.4574,-0.1205,2.5028,89.9952,-0.30006,5.3368,6.9282,15.187,-38.3005,-0.010873,1.265,0.08152,4.1879e-07,0.024544,0,89.4047,0.1916,0.78832,482.73,1450.9336
19.1999,10083.3052,42.6464,239.6811,10.5488,-1.4624,-0.099644,3.114,89.9927,-0.26099,5.3203,7.0354,16.5013,-38.1513,-0.010814,1.2364,0.10263,4.1888e-07,0.024554,0,89.0486,0.19216,0.75774,482.7287,1450.9137
19.2015,10083.3052,42.6464,239.6811,10.5488,-1.4624,-0.099644,3.114,89.9927,-0.26099,5.3203,7.0354,16.5013,-38.1513,-0.010814,1.2364,0.10263,4.1888e-07,0.024554,0,89.0486,0.19231,0.77281,482.7287,1450.9137
19.2015,10083.3052,42.6464,239.6811,10.5488,-1.4624,-0.099644,3.114,89.9927,-0.26099,5.3203,7.0354,16.5013,-38.1513,-0.010814,1.2364,0.10263,4.1888e-07,0.024554,0,89.0486,0.19231,0.77281,482.7287,1450.9137
19.2083,10083.6607,42.6813,239.6809,10.5366,-1.4674,-0.073695,3.7133,89.9905,-0.21181,5.3038,6.9134,17.543,-37.9995,-0.010744,1.2089,0.11915,4.1898e-07,0.024565,0,88.6926,0.19254,0.82631,482.7274,1450.8936
19.2139,10083.6607,42.6813,239.6809,10.5366,-1.4674,-0.073695,3.7133,89.9905,-0.21181,5.3038,6.9134,17.543,-37.9995,-0.010744,1.2089,0.11915,4.1898e-07,0.024565,0,88.6926,0.1931,0.84152,482.7274,1450.8936
19.2139,10083.6607,42.6813,239.6809,10.5366,-1.4674,-0.073695,3.7133,89.9905,-0.21181,5.3038,6.9134,17.543,-37.9995,-0.010744,1.2089,0.11915,4.1898e-07,0.024565,0,88.6926,0.1931,0.84152,482.7274,1450.8936
19.2166,10084.0165,42.7154,239.6801,10.5244,-1.4723,-0.042751,4.301,89.9887,-0.15474,5.2874,6.781,18.309,-37.8478,-0.010628,0.558,0.13133,4.191e-07,0.024576,0,88.3368,0.19275,0.90453,482.7262,1450.8736
19.2192,10084.0165,42.7154,239.6801,10.5244,-1.4723,-0.042751,4.301,89.9887,-0.15474,5.2874,6.781,18.309,-37.8478,-0.010628,0.558,0.13133,4.191e-07,0.024576,0,88.3368,0.19302,0.89468,482.7262,1450.8736
19.2238,10084.0165,42.7154,239.6801,10.5244,-1.4723,-0.042751,4.301,89.9887,-0.15474,5.2874,6.781,18.309,-37.8478,-0.010628,0.558,0.13133,4.191e-07,0.024576,0,88.3368,0.19347,0.88293,482.7262,1450.8736
19.2238,10084.0165,42.7154,239.6801,10.5244,-1.4723,-0.042751,4.301,89.9887,-0.15474,5.2874,6.781,18.309,-37.8478,-0.010628,0.558,0.13133,4.191e-07,0.024576,0,88.3368,0.19347,0.88293,482.7262,1450.8736
19.2249,10084.3726,42.7486,239.6786,10.5121,-1.4773,-0.0069099,4.5789,89.9874,-0.091903,5.2711,6.6379,13.1527,-36.1443,-0.010344,-1.4067,0.13952,4.1921e-07,0.024586,0,87.9812,0.1928,0.98677,482.7249,1450.8536
19.2261,10084.3726,42.7486,239.6786,10.5121,-1.4773,-0.0069099,4.5789,89.9874,-0.091903,5.2711,6.6379,13.1527,-36.1443,-0.010344,-1.4067,0.13952,4.1921e-07,0.024586,0,87.9812,0.19292,0.97338,482.7249,1450.8536
19.2284,10084.3726,42.7486,239.6786,10.5121,-1.4773,-0.0069099,4.5789,89.9874,-0.091903,5.2711,6.6379,13.1527,-36.1443,-0.010344,-1.4067,0.13952,4.1921e-07,0.024586,0,87.9812,0.19315,0.95083,482.7249,1450.8536
19.2333,10084.729,42.7814,239.6778,10.4998,-1.4822,0.031247,3.9195,89.9866,-0.02516,5.2547,6.6935,-4.1559,-31.1871,-0.0099468,-1.574,0.1441,4.1934e-07,0.024597,0,88.1294,0.19283,0.97467,482.7236,1450.8335
19.2361,10084.729,42.7814,239.6778,10.4998,-1.4822,0.031247,3.9195,89.9866,-0.02516,5.2547,6.6935,-4.1559,-31.1871,-0.0099468,-1.574,0.1441,4.1934e-07,0.024597,0,88.1294,0.19312,0.94769,482.7236,1450.8335
19.2361,10084.729,42.7814,239.6778,10.4998,-1.4822,0.031247,3.9195,89.9866,-0.02516,5.2547,6.6935,-4.1559,-31.1871,-0.0099468,-1.574,0.1441,4.1934e-07,0.024597,0,88.1294,0.19312,0.94769,482.7236,1450.8335
19.2416,10085.0856,42.8137,239.6772,10.4875,-1.487,0.063909,3.1806,89.9864,0.043945,5.2384,6.7397,-5.3745,-30.7308,-0.0094969,-1.5434,0.14578,4.1946e-07,0.024607,0,88.2776,0.19285,0.95327,482.7224,1450.8134
19.2471,10085.0856,42.8137,239.6772,10.4875,-1.487,0.063909,3.1806,89.9864,0.043945,5.2384,6.7397,-5.3745,-30.7308,-0.0094969,-1.5434,0.14578,4.1946e-07,0.024607,0,88.2776,0.19342,0.91594,482.7224,1450.8134
19.2495,10085.0856,42.8137,239.6772,10.4875,-1.487,0.063909,3.1806,89.9864,0.043945,5.2384,6.7397,-5.3745,-30.7308,-0.0094969,-1.5434,0.14578,4.1946e-07,0.024607,0,88.2776,0.19366,0.90548,482.7224,1450.8134
19.2495,10085.0856,42.8137,239.6772,10.4875,-1.487,0.063909,3.1806,89.9864,0.043945,5.2384,6.7397,-5.3745,-30.7308,-0.0094969,-1.5434,0.14578,4.1946e-07,0.024607,0,88.2776,0.19366,0.90548,482.7224,1450.8134
19.2499,10085.4425,42.8455,239.6769,10.4751,-1.4917,0.090413,2.4564,89.9868,0.11402,5.2222,6.7789,-4.978,-30.7704,-0.0090736,-1.5122,0.14108,4.1957e-07,0.024618,0,88.4259,0.19291,0.92757,482.7211,1450.7934
19.2504,10085.4425,42.8455,239.6769,10.4751,-1.4917,0.090413,2.4564,89.9868,0.11402,5.2222,6.7789,-4.978,-30.7704,-0.0090736,-1.5122,0.14108,4.1957e-07,0.024618,0,88.4259,0.19296,0.92473,482.7211,1450.7934
19.2513,10085.4425,42.8455,239.6769,10.4751,-1.4917,0.090413,2.4564,89.9868,0.11402,5.2222,6.7789,-4.978,-30.7704,-0.0090736,-1.5122,0.14108,4.1957e-07,0.024618,0,88.4259,0.19306,0.91943,482.7211,1450.7934
19.2532,10085.4425,42.8455,239.6769,10.4751,-1.4917,0.090413,2.4564,89.9868,0.11402,5.2222,6.7789,-4.978,-30.7704,-0.0090736,-1.5122,0.14108,4.1957e-07,0.024618,0,88.4259,0.19325,0.91025,482.7211,1450.7934
19.257,10085.4425,42.8455,239.6769,10.4751,-1.4917,0.090413,2.4564,89.9868,0.11402,5.2222,6.7789,-4.978,-30.7704,-0.0090736,-1.5122,0.14108,4.1957e-07,0.024618,0,88.4259,0.19364,0.89641,482.7211,1450.7934
19.2583,10085.7997,42.8767,239.6768,10.4627,-1.4962,0.11088,1.7466,89.9877,0.18196,5.2059,6.803,-4.9727,-30.809,-0.0086844,-1.4785,0.12018,4.1968e-07,0.024629,0,88.5742,0.19303,0.89976,482.7198,1450.7733
19.2645,10085.7997,42.8767,239.6768,10.4627,-1.4962,0.11088,1.7466,89.9877,0.18196,5.2059,6.803,-4.9727,-30.809,-0.0086844,-1.4785,0.12018,4.1968e-07,0.024629,0,88.5742,0.19367,0.88439,482.7198,1450.7733
19.2666,10086.1571,42.9074,239.6769,10.4502,-1.5005,0.12544,1.0512,89.9893,0.2399,5.1897,6.7878,-5.9552,-30.8509,-0.0083506,-1.4438,0.090709,4.1978e-07,0.024639,0,88.7225,0.19321,0.87082,482.7185,1450.7531
19.2749,10086.5148,42.9375,239.6773,10.4377,-1.5046,0.1342,0.3697,89.9913,0.28369,5.1736,6.7525,-7.4632,-30.8909,-0.008072,-1.4091,0.057512,4.1988e-07,0.02465,0,88.8708,0.19349,0.84119,482.7173,1450.733
19.2833,10086.8728,42.9671,239.678,10.4252,-1.5086,0.13728,-0.29814,89.9936,0.3115,5.1574,6.709,-9.203,-30.9262,-0.0078504,-1.375,0.023191,4.1996e-07,0.024661,0,89.0191,0.19384,0.81108,482.716,1450.7129
19.2916,10087.2309,42.9962,239.6788,10.4127,-1.5123,0.13479,-0.95266,89.9962,0.32281,5.1413,6.6639,-11.0166,-30.9551,-0.0076969,-1.3418,-0.0099553,4.2002e-07,0.024671,0,88.8836,0.19427,0.78059,482.7147,1450.6927
19.2999,10087.5894,43.0246,239.6795,10.4001,-1.5159,0.12685,-1.5942,89.9989,0.31817,5.1253,6.542,-12.7643,-30.9753,-0.0076169,-1.3098,-0.040309,4.2008e-07,0.024682,0,88.5276,0.1947,0.78663,482.7134,1450.6725
19.3083,10087.948,43.0521,239.6791,10.3874,-1.5195,0.11357,-2.2231,90.0016,0.29894,5.1093,6.292,-14.348,-30.9854,-0.0075679,-1.2792,-0.066889,4.2012e-07,0.024692,0,88.1717,0.19503,0.85831,482.7122,1450.6524
19.3166,10088.3069,43.0787,239.6781,10.3748,-1.5229,0.095042,-2.8397,90.0041,0.26696,5.0934,6.054,-15.7078,-30.9873,-0.0075005,-1.2501,-0.089182,4.2015e-07,0.024703,0,87.816,0.19525,0.93714,482.7109,1450.6322
19.3249,10088.666,43.1045,239.6764,10.3621,-1.5264,0.071378,-3.4443,90.0063,0.2243,5.0776,5.8287,-16.8124,-30.9833,-0.0073178,-1.2224,-0.10705,4.2017e-07,0.024714,0,87.9641,0.19536,1,482.7096,1450.612
19.3263,10088.666,43.1045,239.6764,10.3621,-1.5264,0.071378,-3.4443,90.0063,0.2243,5.0776,5.8287,-16.8124,-30.9833,-0.0073178,-1.2224,-0.10705,4.2017e-07,0.024714,0,87.9641,0.1955,1,482.7096,1450.612
19.3263,10088.666,43.1045,239.6764,10.3621,-1.5264,0.071378,-3.4443,90.0063,0.2243,5.0776,5.8287,-16.8124,-30.9833,-0.0073178,-1.2224,-0.10705,4.2017e-07,0.024714,0,87.9641,0.1955,1,482.7096,1450.612
19.3268,10088.666,43.1045,239.6764,10.3621,-1.5264,0.071378,-3.4443,90.0063,0.2243,5.0776,5.8287,-16.8124,-30.9833,-0.0073178,-1.2224,-0.10705,4.2017e-07,0.024714,0,87.9641,0.19556,0.99301,482.7096,1450.612
19.3268,10088.666,43.1045,239.6764,10.3621,-1.5264,0.071378,-3.4443,90.0063,0.2243,5.0776,5.8287,-16.8124,-30.9833,-0.0073178,-1.2224,-0.10705,4.2017e-07,0.024714,0,87.9641,0.19556,0.99301,482.7096,1450.612
19.3274,10088.666,43.1045,239.6764,10.3621,-1.5264,0.071378,-3.4443,90.0063,0.2243,5.0776,5.8287,-16.8124,-30.9833,-0.0073178,-1.2224,-0.10705,4.2017e-07,0.024714,0,87.9641,0.19562,0.98644,482.7096,1450.612
19.3279,10088.666,43.1045,239.6764,10.3621,-1.5264,0.071378,-3.4443,90.0063,0.2243,5.0776,5.8287,-16.8124,-30.9833,-0.0073178,-1.2224,-0.10705,4.2017e-07,0.024714,0,87.9641,0.19568,0.98022,482.7096,1450.612
19.329,10088.666,43.1045,239.6764,10.3621,-1.5264,0.071378,-3.4443,90.0063,0.2243,5.0776,5.8287,-16.8124,-30.9833,-0.0073178,-1.2224,-0.10705,4.2017e-07,0.024714,0,87.9641,0.1958,0.96878,482.7096,1450.612
19.3313,10088.666,43.1045,239.6764,10.3621,-1.5264,0.071378,-3.4443,90.0063,0.2243,5.0776,5.8287,-16.8124,-30.9833,-0.0073178,-1.2224,-0.10705,4.2017e-07,0.024714,0,87.9641,0.19604,0.94939,482.7096,1450.612
19.3329,10088.666,43.1045,239.6764,10.3621,-1.5264,0.071378,-3.4443,90.0063,0.2243,5.0776,5.8287,-16.8124,-30.9833,-0.0073178,-1.2224,-0.10705,4.2017e-07,0.024714,0,87.9641,0.19622,0.93754,482.7096,1450.612
19.3329,10088.666,43.1045,239.6764,10.3621,-1.5264,0.071378,-3.4443,90.0063,0.2243,5.0776,5.8287,-16.8124,-30.9833,-0.0073178,-1.2224,-0.10705,4.2017e-07,0.024714,0,87.9641,0.19622,0.93754,482.7096,1450.612
19.3333,10089.0253,43.1299,239.6754,10.3494,-1.5297,0.042676,-4.0372,90.0082,0.17311,5.0617,5.8234,-17.6533,-30.9794,-0.0070319,-1.0075,-0.12064,4.2019e-07,0.024724,0,88.1123,0.19546,1,482.7083,1450.5917
19.3336,10089.0253,43.1299,239.6754,10.3494,-1.5297,0.042676,-4.0372,90.0082,0.17311,5.0617,5.8234,-17.6533,-30.9794,-0.0070319,-1.0075,-0.12064,4.2019e-07,0.024724,0,88.1123,0.1955,1,482.7083,1450.5917
19.3337,10089.0253,43.1299,239.6754,10.3494,-1.5297,0.042676,-4.0372,90.0082,0.17311,5.0617,5.8234,-17.6533,-30.9794,-0.0070319,-1.0075,-0.12064,4.2019e-07,0.024724,0,88.1123,0.19551,1,482.7083,1450.5917
19.3337,10089.0253,43.1299,239.6754,10.3494,-1.5297,0.042676,-4.0372,90.0082,0.17311,5.0617,5.8234,-17.6533,-30.9794,-0.0070319,-1.0075,-0.12064,4.2019e-07,0.024724,0,88.1123,0.19551,1,482.7083,1450.5917
19.3344,10089.0253,43.1299,239.6754,10.3494,-1.5297,0.042676,-4.0372,90.0082,0.17311,5.0617,5.8234,-17.6533,-30.9794,-0.0070319,-1.0075,-0.12064,4.2019e-07,0.024724,0,88.1123,0.19559,0.99121,482.7083,1450.5917
19.3351,10089.0253,43.1299,239.6754,10.3494,-1.5297,0.042676,-4.0372,90.0082,0.17311,5.0617,5.8234,-17.6533,-30.9794,-0.0070319,-1.0075,-0.12064,4.2019e-07,0.024724,0,88.1123,0.19566,0.98307,482.7083,1450.5917
19.3365,10089.0253,43.1299,239.6754,10.3494,-1.5297,0.042676,-4.0372,90.0082,0.17311,5.0617,5.8234,-17.6533,-30.9794,-0.0070319,-1.0075,-0.12064,4.2019e-07,0.024724,0,88.1123,0.19582,0.96843,482.7083,1450.5917
19.3368,10089.0253,43.1299,239.6754,10.3494,-1.5297,0.042676,-4.0372,90.0082,0.17311,5.0617,5.8234,-17.6533,-30.9794,-0.0070319,-1.0075,-0.12064,4.2019e-07,0.024724,0,88.1123,0.19585,0.96584,482.7083,1450.5917
19.3368,10089.0253,43.1299,239.6754,10.3494,-1.5297,0.042676,-4.0372,90.0082,0.17311,5.0617,5.8234,-17.6533,-30.9794,-0.0070319,-1.0075,-0.12064,4.2019e-07,0.024724,0,88.1123,0.19585,0.96584,482.7083,1450.5917
19.3396,10089.0253,43.1299,239.6754,10.3494,-1.5297,0.042676,-4.0372,90.0082,0.17311,5.0617,5.8234,-17.6533,-30.9794,-0.0070319,-1.0075,-0.12064,4.2019e-07,0.024724,0,88.1123,0.19616,0.94278,482.7083,1450.5917
19.3416,10089.3848,43.1549,239.6746,10.3367,-1.533,0.0090329,-4.5286,90.0096,0.11547,5.046,5.8263,-16.5299,-31.449,-0.0066574,0.60651,-0.13026,4.2019e-07,0.024735,0,88.2605,0.19556,0.98446,482.707,1450.5715
19.3464,10089.3848,43.1549,239.6746,10.3367,-1.533,0.0090329,-4.5286,90.0096,0.11547,5.046,5.8263,-16.5299,-31.449,-0.0066574,0.60651,-0.13026,4.2019e-07,0.024735,0,88.2605,0.19608,0.94206,482.707,1450.5715
19.3499,10089.7445,43.1792,239.6741,10.3239,-1.5361,-0.028705,-4.2502,90.0106,0.053276,5.0302,5.8392,-2.4903,-35.4376,-0.006252,1.5861,-0.13619,4.202e-07,0.024746,0,88.4087,0.19566,0.959,482.7058,1450.5513
19.3506,10089.7445,43.1792,239.6741,10.3239,-1.5361,-0.028705,-4.2502,90.0106,0.053276,5.0302,5.8392,-2.4903,-35.4376,-0.006252,1.5861,-0.13619,4.202e-07,0.024746,0,88.4087,0.19574,0.95345,482.7058,1450.5513
19.3506,10089.7445,43.1792,239.6741,10.3239,-1.5361,-0.028705,-4.2502,90.0106,0.053276,5.0302,5.8392,-2.4903,-35.4376,-0.006252,1.5861,-0.13619,4.202e-07,0.024746,0,88.4087,0.19574,0.95345,482.7058,1450.5513
19.3583,10090.1045,43.2031,239.6738,10.3111,-1.5391,-0.064122,-3.5046,90.011,-0.011846,5.0145,5.862,6.0062,-37.8522,-0.0058573,1.5556,-0.13904,4.202e-07,0.024756,0,88.5569,0.19577,0.93158,482.7045,1450.531
19.3632,10090.1045,43.2031,239.6738,10.3111,-1.5391,-0.064122,-3.5046,90.011,-0.011846,5.0145,5.862,6.0062,-37.8522,-0.0058573,1.5556,-0.13904,4.202e-07,0.024756,0,88.5569,0.19632,0.9093,482.7045,1450.531
19.3632,10090.1045,43.2031,239.6738,10.3111,-1.5391,-0.064122,-3.5046,90.011,-0.011846,5.0145,5.862,6.0062,-37.8522,-0.0058573,1.5556,-0.13904,4.202e-07,0.024756,0,88.5569,0.19632,0.9093,482.7045,1450.531
19.3666,10090.4646,43.2265,239.6737,10.2983,-1.542,-0.093327,-2.7738,90.0109,-0.078511,4.9988,5.893,5.53,-37.7396,-0.0055013,1.5249,-0.13823,4.2021e-07,0.024767,0,88.7052,0.1959,0.90307,482.7032,1450.5108
19.37,10090.4646,43.2265,239.6737,10.2983,-1.542,-0.093327,-2.7738,90.0109,-0.078511,4.9988,5.893,5.53,-37.7396,-0.0055013,1.5249,-0.13823,4.2021e-07,0.024767,0,88.7052,0.19627,0.89502,482.7032,1450.5108
19.3749,10090.8249,43.2493,239.6739,10.2855,-1.5448,-0.11644,-2.0575,90.0103,-0.14495,4.9832,5.9342,5.2802,-37.6231,-0.005183,1.4924,-0.12511,4.2022e-07,0.024777,0,88.8534,0.19603,0.8739,482.7019,1450.4905
19.3833,10091.1854,43.2717,239.6743,10.2726,-1.5475,-0.13359,-1.3557,90.0091,-0.20517,4.9676,6.0071,5.7843,-37.4989,-0.0049058,1.4583,-0.099976,4.2025e-07,0.024788,0,89.0017,0.1962,0.84422,482.7006,1450.4702
19.3916,10091.5461,43.2935,239.675,10.2597,-1.55,-0.14488,-0.66789,90.0074,-0.25336,4.9521,6.1113,7.0247,-37.3671,-0.0046677,1.4239,-0.069554,4.2028e-07,0.024799,0,89.15,0.19643,0.81411,482.6993,1450.4499
19.3999,10091.907,43.3148,239.676,10.2468,-1.5523,-0.15045,0.006058,90.0052,-0.28693,4.9366,6.2297,8.5927,-37.2308,-0.0044705,1.3898,-0.037022,4.2033e-07,0.024809,0,89.0955,0.19671,0.7836,482.6981,1450.4296
19.4083,10092.268,43.3356,239.6771,10.2339,-1.5545,-0.1504,0.66651,90.0029,-0.30488,4.9212,6.3445,10.2957,-37.0912,-0.0043571,1.3564,-0.0046512,4.2039e-07,0.02482,0,88.7395,0.19705,0.75723,482.6968,1450.4093
19.4166,10092.6292,43.3554,239.6771,10.2209,-1.5566,-0.14484,1.3138,90.0003,-0.30727,4.9059,6.2527,11.9958,-36.9464,-0.0042884,1.3241,0.025688,4.2047e-07,0.024831,0,88.3836,0.19732,0.82564,482.6955,1450.389
19.4249,10092.9906,43.3745,239.6764,10.208,-1.5585,-0.13389,1.9483,89.9978,-0.2951,4.8906,6.1586,13.579,-36.799,-0.0042399,1.2932,0.052794,4.2055e-07,0.024841,0,88.0279,0.19753,0.90304,482.6942,1450.3686
19.4333,10093.3521,43.3927,239.675,10.195,-1.5604,-0.11766,2.5702,89.9953,-0.26992,4.8754,6.0589,14.9724,-36.6508,-0.0040964,1.2636,0.07599,4.2066e-07,0.024852,0,87.7946,0.19764,0.98384,482.6929,1450.3483
19.4416,10093.7138,43.4106,239.6744,10.182,-1.5622,-0.096241,3.18,89.993,-0.23364,4.8602,6.1594,16.1346,-36.5087,-0.0038889,1.2354,0.094995,4.2077e-07,0.024862,0,87.9428,0.19778,0.97052,482.6916,1450.3279
19.4457,10093.7138,43.4106,239.6744,10.182,-1.5622,-0.096241,3.18,89.993,-0.23364,4.8602,6.1594,16.1346,-36.5087,-0.0038889,1.2354,0.094995,4.2077e-07,0.024862,0,87.9428,0.19826,0.93959,482.6916,1450.3279
19.4457,10093.7138,43.4106,239.6744,10.182,-1.5622,-0.096241,3.18,89.993,-0.23364,4.8602,6.1594,16.1346,-36.5087,-0.0038889,1.2354,0.094995,4.2077e-07,0.024862,0,87.9428,0.19826,0.93959,482.6916,1450.3279
19.4499,10094.0756,43.4279,239.674,10.169,-1.5639,-0.069742,3.7779,89.9911,-0.18829,4.8451,6.2491,17.0483,-36.3711,-0.0036076,1.1721,0.10983,4.2089e-07,0.024873,0,88.091,0.19793,0.9479,482.6903,1450.3076
19.4501,10094.0756,43.4279,239.674,10.169,-1.5639,-0.069742,3.7779,89.9911,-0.18829,4.8451,6.2491,17.0483,-36.3711,-0.0036076,1.1721,0.10983,4.2089e-07,0.024873,0,88.091,0.19794,0.94692,482.6903,1450.3076
19.4501,10094.0756,43.4279,239.674,10.169,-1.5639,-0.069742,3.7779,89.9911,-0.18829,4.8451,6.2491,17.0483,-36.3711,-0.0036076,1.1721,0.10983,4.2089e-07,0.024873,0,88.091,0.19794,0.94692,482.6903,1450.3076
19.4542,10094.0756,43.4279,239.674,10.169,-1.5639,-0.069742,3.7779,89.9911,-0.18829,4.8451,6.2491,17.0483,-36.3711,-0.0036076,1.1721,0.10983,4.2089e-07,0.024873,0,88.091,0.19843,0.92419,482.6903,1450.3076
19.4581,10094.0756,43.4279,239.674,10.169,-1.5639,-0.069742,3.7779,89.9911,-0.18829,4.8451,6.2491,17.0483,-36.3711,-0.0036076,1.1721,0.10983,4.2089e-07,0.024873,0,88.091,0.19887,0.91029,482.6903,1450.3076
19.4581,10094.0756,43.4279,239.674,10.169,-1.5639,-0.069742,3.7779,89.9911,-0.18829,4.8451,6.2491,17.0483,-36.3711,-0.0036076,1.1721,0.10983,4.2089e-07,0.024873,0,88.091,0.19887,0.91029,482.6903,1450.3076
19.4583,10094.4376,43.4448,239.6738,10.156,-1.5655,-0.03826,4.3468,89.9895,-0.13588,4.83,6.3268,17.383,-36.1471,-0.0033104,0.18464,0.12074,4.2103e-07,0.024884,0,88.2392,0.19808,0.92154,482.689,1450.2872
19.4584,10094.4376,43.4448,239.6738,10.156,-1.5655,-0.03826,4.3468,89.9895,-0.13588,4.83,6.3268,17.383,-36.1471,-0.0033104,0.18464,0.12074,4.2103e-07,0.024884,0,88.2392,0.1981,0.92089,482.689,1450.2872
19.4587,10094.4376,43.4448,239.6738,10.156,-1.5655,-0.03826,4.3468,89.9895,-0.13588,4.83,6.3268,17.383,-36.1471,-0.0033104,0.18464,0.12074,4.2103e-07,0.024884,0,88.2392,0.19814,0.91962,482.689,1450.2872
19.4594,10094.4376,43.4448,239.6738,10.156,-1.5655,-0.03826,4.3468,89.9895,-0.13588,4.83,6.3268,17.383,-36.1471,-0.0033104,0.18464,0.12074,4.2103e-07,0.024884,0,88.2392,0.19821,0.9172,482.689,1450.2872
19.4607,10094.4376,43.4448,239.6738,10.156,-1.5655,-0.03826,4.3468,89.9895,-0.13588,4.83,6.3268,17.383,-36.1471,-0.0033104,0.18464,0.12074,4.2103e-07,0.024884,0,88.2392,0.19836,0.91281,482.689,1450.2872
19.4633,10094.4376,43.4448,239.6738,10.156,-1.5655,-0.03826,4.3468,89.9895,-0.13588,4.83,6.3268,17.383,-36.1471,-0.0033104,0.18464,0.12074,4.2103e-07,0.024884,0,88.2392,0.19866,0.9056,482.689,1450.2872
19.4666,10094.7997,43.4612,239.6739,10.1429,-1.567,-0.0020369,4.4451,89.9884,-0.078323,4.815,6.3932,9.0975,-33.6227,-0.0029808,-1.5926,0.12795,4.2116e-07,0.024894,0,88.3875,0.19823,0.89362,482.6877,1450.2668
19.4749,10095.1619,43.4771,239.6742,10.1299,-1.5684,0.035005,3.6955,89.9877,-0.017295,4.8,6.4491,-6.5658,-29.1446,-0.002649,-1.5622,0.13195,4.213e-07,0.024905,0,88.5357,0.19836,0.86475,482.6865,1450.2465
19.4773,10095.1619,43.4771,239.6742,10.1299,-1.5684,0.035005,3.6955,89.9877,-0.017295,4.8,6.4491,-6.5658,-29.1446,-0.002649,-1.5622,0.13195,4.213e-07,0.024905,0,88.5357,0.19864,0.86835,482.6865,1450.2465
19.4773,10095.1619,43.4771,239.6742,10.1299,-1.5684,0.035005,3.6955,89.9877,-0.017295,4.8,6.4491,-6.5658,-29.1446,-0.002649,-1.5622,0.13195,4.213e-07,0.024905,0,88.5357,0.19864,0.86835,482.6865,1450.2465
19.4833,10095.5243,43.4926,239.6747,10.1168,-1.5697,0.0658,2.9607,89.9876,0.04584,4.7851,6.4975,-6.0259,-29.1841,-0.0023461,-1.5319,0.13312,4.2144e-07,0.024916,0,88.684,0.19848,0.83529,482.6852,1450.2261
19.4892,10095.5243,43.4926,239.6747,10.1168,-1.5697,0.0658,2.9607,89.9876,0.04584,4.7851,6.4975,-6.0259,-29.1841,-0.0023461,-1.5319,0.13312,4.2144e-07,0.024916,0,88.684,0.19919,0.85639,482.6852,1450.2261
19.4904,10095.5243,43.4926,239.6747,10.1168,-1.5697,0.0658,2.9607,89.9876,0.04584,4.7851,6.4975,-6.0259,-29.1841,-0.0023461,-1.5319,0.13312,4.2144e-07,0.024916,0,88.684,0.19932,0.85929,482.6852,1450.2261
19.4904,10095.5243,43.4926,239.6747,10.1168,-1.5697,0.0658,2.9607,89.9876,0.04584,4.7851,6.4975,-6.0259,-29.1841,-0.0023461,-1.5319,0.13312,4.2144e-07,0.024916,0,88.684,0.19932,0.85929,482.6852,1450.2261
19.4916,10095.8868,43.5075,239.6755,10.1038,-1.571,0.090472,2.2405,89.988,0.10971,4.7702,6.5397,-5.6605,-29.2206,-0.0020691,-1.5005,0.12642,4.2158e-07,0.024926,0,88.8323,0.1986,0.80534,482.6839,1450.2057
19.4928,10095.8868,43.5075,239.6755,10.1038,-1.571,0.090472,2.2405,89.988,0.10971,4.7702,6.5397,-5.6605,-29.2206,-0.0020691,-1.5005,0.12642,4.2158e-07,0.024926,0,88.8323,0.19874,0.8139,482.6839,1450.2057
19.4951,10095.8868,43.5075,239.6755,10.1038,-1.571,0.090472,2.2405,89.988,0.10971,4.7702,6.5397,-5.6605,-29.2206,-0.0020691,-1.5005,0.12642,4.2158e-07,0.024926,0,88.8323,0.19901,0.82829,482.6839,1450.2057
19.4999,10096.2494,43.522,239.6766,10.0907,-1.5721,0.10914,1.5347,89.9889,0.17049,4.7554,6.5631,-5.7771,-29.2569,-0.0018472,-1.467,0.10511,4.2171e-07,0.024937,0,88.4763,0.19872,0.77495,482.6826,1450.1853
19.5083,10096.6122,43.5357,239.677,10.0776,-1.5731,0.12193,0.84306,89.9903,0.2211,4.7407,6.4206,-6.7856,-29.2942,-0.0016789,-1.4329,0.077252,4.2183e-07,0.024947,0,88.1205,0.1988,0.80371,482.6813,1450.1649
19.5166,10096.975,43.5485,239.6766,10.0645,-1.574,0.12896,0.16537,89.9921,0.25835,4.726,6.178,-8.1972,-29.3284,-0.0015427,-1.3989,0.046572,4.2194e-07,0.024958,0,87.7647,0.19882,0.87709,482.68,1450.1445
19.5249,10097.338,43.5606,239.6756,10.0514,-1.5748,0.13033,-0.49869,89.9943,0.28088,4.7114,5.9314,-9.7853,-29.3586,-0.0013953,-1.3656,0.015297,4.2204e-07,0.024969,0,87.4092,0.1988,0.95617,482.6787,1450.124
19.5333,10097.701,43.5719,239.674,10.0383,-1.5755,0.12618,-1.1495,89.9966,0.2884,4.6969,5.7106,-11.4149,-29.3857,-0.0011848,-1.3332,-0.014573,4.2213e-07,0.024979,0,87.5572,0.19878,1,482.6774,1450.1036
19.5353,10097.701,43.5719,239.674,10.0383,-1.5755,0.12618,-1.1495,89.9966,0.2884,4.6969,5.7106,-11.4149,-29.3857,-0.0011848,-1.3332,-0.014573,4.2213e-07,0.024979,0,87.5572,0.19902,1,482.6774,1450.1036
19.5353,10097.701,43.5719,239.674,10.0383,-1.5755,0.12618,-1.1495,89.9966,0.2884,4.6969,5.7106,-11.4149,-29.3857,-0.0011848,-1.3332,-0.014573,4.2213e-07,0.024979,0,87.5572,0.19902,1,482.6774,1450.1036
19.5416,10098.0642,43.5829,239.6731,10.0252,-1.576,0.1166,-1.7872,89.999,0.28159,4.6825,5.6768,-12.9648,-29.4118,-0.00094215,-1.302,-0.041681,4.2221e-07,0.02499,0,87.7053,0.19884,1,482.6761,1450.0832
19.5426,10098.0642,43.5829,239.6731,10.0252,-1.576,0.1166,-1.7872,89.999,0.28159,4.6825,5.6768,-12.9648,-29.4118,-0.00094215,-1.302,-0.041681,4.2221e-07,0.02499,0,87.7053,0.19896,1,482.6761,1450.0832
19.5426,10098.0642,43.5829,239.6731,10.0252,-1.576,0.1166,-1.7872,89.999,0.28159,4.6825,5.6768,-12.9648,-29.4118,-0.00094215,-1.302,-0.041681,4.2221e-07,0.02499,0,87.7053,0.19896,1,482.6761,1450.0832
19.5488,10098.0642,43.5829,239.6731,10.0252,-1.576,0.1166,-1.7872,89.999,0.28159,4.6825,5.6768,-12.9648,-29.4118,-0.00094215,-1.302,-0.041681,4.2221e-07,0.02499,0,87.7053,0.19971,0.94658,482.6761,1450.0832
19.5499,10098.4274,43.5934,239.6724,10.012,-1.5763,0.10171,-2.4124,90.0014,0.26179,4.6681,5.6502,-14.3524,-29.4342,-0.00068248,-1.2722,-0.065231,4.2228e-07,0.025001,0,87.8535,0.19897,0.98839,482.6748,1450.0628
19.5553,10098.4274,43.5934,239.6724,10.012,-1.5763,0.10171,-2.4124,90.0014,0.26179,4.6681,5.6502,-14.3524,-29.4342,-0.00068248,-1.2722,-0.065231,4.2228e-07,0.025001,0,87.8535,0.19961,0.94619,482.6748,1450.0628
19.5583,10098.7907,43.6035,239.672,9.9989,-1.5765,0.081602,-3.0253,90.0036,0.23072,4.6537,5.6326,-15.5293,-29.4515,-0.00045235,-1.2437,-0.084816,4.2234e-07,0.025011,0,88.0016,0.19916,0.96169,482.6735,1450.0423
19.561,10098.7907,43.6035,239.672,9.9989,-1.5765,0.081602,-3.0253,90.0036,0.23072,4.6537,5.6326,-15.5293,-29.4515,-0.00045235,-1.2437,-0.084816,4.2234e-07,0.025011,0,88.0016,0.19948,0.94413,482.6735,1450.0423
19.561,10098.7907,43.6035,239.672,9.9989,-1.5765,0.081602,-3.0253,90.0036,0.23072,4.6537,5.6326,-15.5293,-29.4515,-0.00045235,-1.2437,-0.084816,4.2234e-07,0.025011,0,88.0016,0.19948,0.94413,482.6735,1450.0423
19.5666,10099.1541,43.613,239.6718,9.9858,-1.5766,0.056392,-3.6262,90.0055,0.1903,4.6395,5.6253,-16.4707,-29.461,-0.00023277,-1.2166,-0.1004,4.2239e-07,0.025022,0,88.1498,0.19937,0.93313,482.6722,1450.0219
19.5722,10099.1541,43.613,239.6718,9.9858,-1.5766,0.056392,-3.6262,90.0055,0.1903,4.6395,5.6253,-16.4707,-29.461,-0.00023277,-1.2166,-0.1004,4.2239e-07,0.025022,0,88.1498,0.20005,0.91382,482.6722,1450.0219
19.5726,10099.1541,43.613,239.6718,9.9858,-1.5766,0.056392,-3.6262,90.0055,0.1903,4.6395,5.6253,-16.4707,-29.461,-0.00023277,-1.2166,-0.1004,4.2239e-07,0.025022,0,88.1498,0.20009,0.91292,482.6722,1450.0219
19.5726,10099.1541,43.613,239.6718,9.9858,-1.5766,0.056392,-3.6262,90.0055,0.1903,4.6395,5.6253,-16.4707,-29.461,-0.00023277,-1.2166,-0.1004,4.2239e-07,0.025022,0,88.1498,0.20009,0.91292,482.6722,1450.0219
19.5749,10099.5176,43.6222,239.6718,9.9727,-1.5766,0.026174,-4.2154,90.0071,0.14247,4.6252,5.6278,-17.1739,-29.4639,-1.1547e-05,-0.54659,-0.11213,4.2243e-07,0.025033,0,88.298,0.19958,0.90388,482.6709,1450.0014
19.5773,10099.5176,43.6222,239.6718,9.9727,-1.5766,0.026174,-4.2154,90.0071,0.14247,4.6252,5.6278,-17.1739,-29.4639,-1.1547e-05,-0.54659,-0.11213,4.2243e-07,0.025033,0,88.298,0.19986,0.90071,482.6709,1450.0014
19.5815,10099.5176,43.6222,239.6718,9.9727,-1.5766,0.026174,-4.2154,90.0071,0.14247,4.6252,5.6278,-17.1739,-29.4639,-1.1547e-05,-0.54659,-0.11213,4.2243e-07,0.025033,0,88.298,0.20036,0.89666,482.6709,1450.0014
19.5815,10099.5176,43.6222,239.6718,9.9727,-1.5766,0.026174,-4.2154,90.0071,0.14247,4.6252,5.6278,-17.1739,-29.4639,-1.1547e-05,-0.54659,-0.11213,4.2243e-07,0.025033,0,88.298,0.20036,0.89666,482.6709,1450.0014
19.5833,10099.8812,43.6308,239.6721,9.9595,-1.5765,-0.0089532,-4.4856,90.0083,0.089095,4.6111,5.639,-11.8127,-31.0792,0.00022886,1.2044,-0.12024,4.2247e-07,0.025043,0,88.4462,0.19976,0.87463,482.6696,1449.981
19.585,10099.8812,43.6308,239.6721,9.9595,-1.5765,-0.0089532,-4.4856,90.0083,0.089095,4.6111,5.639,-11.8127,-31.0792,0.00022886,1.2044,-0.12024,4.2247e-07,0.025043,0,88.4462,0.19997,0.87699,482.6696,1449.981
19.5886,10099.8812,43.6308,239.6721,9.9595,-1.5765,-0.0089532,-4.4856,90.0083,0.089095,4.6111,5.639,-11.8127,-31.0792,0.00022886,1.2044,-0.12024,4.2247e-07,0.025043,0,88.4462,0.2004,0.88068,482.6696,1449.981
19.5916,10100.2448,43.639,239.6727,9.9464,-1.5764,-0.046333,-3.9205,90.009,0.031853,4.597,5.66,3.5528,-35.4167,0.00049005,1.5701,-0.1251,4.2251e-07,0.025054,0,88.5945,0.1999,0.84507,482.6683,1449.9605
19.5926,10100.2448,43.639,239.6727,9.9464,-1.5764,-0.046333,-3.9205,90.009,0.031853,4.597,5.66,3.5528,-35.4167,0.00049005,1.5701,-0.1251,4.2251e-07,0.025054,0,88.5945,0.20001,0.84915,482.6683,1449.9605
19.5926,10100.2448,43.639,239.6727,9.9464,-1.5764,-0.046333,-3.9205,90.009,0.031853,4.597,5.66,3.5528,-35.4167,0.00049005,1.5701,-0.1251,4.2251e-07,0.025054,0,88.5945,0.20001,0.84915,482.6683,1449.9605
19.5999,10100.6085,43.6468,239.6734,9.9333,-1.5762,-0.079003,-3.1812,90.0093,-0.027873,4.5829,5.6896,6.5454,-36.2954,0.00074082,1.5398,-0.12727,4.2255e-07,0.025064,0,88.7427,0.2,0.8152,482.6671,1449.9401
19.6052,10100.6085,43.6468,239.6734,9.9333,-1.5762,-0.079003,-3.1812,90.0093,-0.027873,4.5829,5.6896,6.5454,-36.2954,0.00074082,1.5398,-0.12727,4.2255e-07,0.025064,0,88.7427,0.20063,0.84575,482.6671,1449.9401
19.6052,10100.6085,43.6468,239.6734,9.9333,-1.5762,-0.079003,-3.1812,90.0093,-0.027873,4.5829,5.6896,6.5454,-36.2954,0.00074082,1.5398,-0.12727,4.2255e-07,0.025064,0,88.7427,0.20063,0.84575,482.6671,1449.9401
19.6083,10100.9722,43.6541,239.6745,9.9201,-1.576,-0.10551,-2.4564,90.009,-0.088816,4.569,5.7267,6.1127,-36.1819,0.0009812,1.5089,-0.12361,4.226e-07,0.025075,0,88.891,0.20007,0.78497,482.6658,1449.9196
19.6113,10100.9722,43.6541,239.6745,9.9201,-1.576,-0.10551,-2.4564,90.009,-0.088816,4.569,5.7267,6.1127,-36.1819,0.0009812,1.5089,-0.12361,4.226e-07,0.025075,0,88.891,0.20043,0.81246,482.6658,1449.9196
19.6166,10101.336,43.6609,239.6757,9.907,-1.5757,-0.12598,-1.7462,90.0083,-0.14815,4.555,5.779,6.039,-36.065,0.0011624,1.4761,-0.10685,4.2265e-07,0.025086,0,88.5351,0.20013,0.75434,482.6645,1449.8991
19.6249,10101.6999,43.6669,239.6759,9.8939,-1.5753,-0.14053,-1.0502,90.0071,-0.19952,4.5412,5.649,6.7672,-35.9385,0.0013153,1.4424,-0.081817,4.2271e-07,0.025096,0,88.1793,0.20009,0.82198,482.6632,1449.8787
19.6333,10102.0638,43.6721,239.6753,9.8808,-1.5748,-0.14928,-0.36819,90.0054,-0.23892,4.5275,5.5425,8.0041,-35.8065,0.0014476,1.4086,-0.053157,4.2279e-07,0.025107,0,87.8237,0.20001,0.89875,482.6619,1449.8582
19.6416,10102.4278,43.6765,239.6741,9.8677,-1.5742,-0.15235,0.30005,90.0034,-0.26459,4.5138,5.448,9.4681,-35.6716,0.0016561,1.3754,-0.023313,4.2288e-07,0.025118,0,87.5388,0.1999,0.97892,482.6606,1449.8377
19.6499,10102.7917,43.6807,239.6736,9.8546,-1.5734,-0.14985,0.95485,90.0012,-0.27595,4.5002,5.566,11.0107,-35.5402,0.0018899,1.3429,0.0057205,4.2298e-07,0.025128,0,87.6869,0.19989,0.96536,482.6593,1449.8173
19.6583,10103.1558,43.6844,239.6734,9.8415,-1.5725,-0.14189,1.5966,89.9989,-0.27339,4.4867,5.6823,12.5111,-35.4104,0.0021404,1.3116,0.032467,4.2309e-07,0.025139,0,87.835,0.19997,0.94257,482.658,1449.7968
19.6666,10103.5198,43.6877,239.6734,9.8284,-1.5713,-0.12859,2.2255,89.9966,-0.25802,4.4732,5.7933,13.8791,-35.2819,0.0023463,1.2816,0.05602,4.2322e-07,0.025149,0,87.9832,0.20013,0.91559,482.6567,1449.7763
19.6749,10103.8839,43.6905,239.6736,9.8153,-1.5701,-0.11004,2.842,89.9945,-0.23139,4.4599,5.8969,15.0597,-35.1515,0.0025226,1.2529,0.075896,4.2336e-07,0.02516,0,88.1314,0.20034,0.88667,482.6554,1449.7558
19.675,10103.8839,43.6905,239.6736,9.8153,-1.5701,-0.11004,2.842,89.9945,-0.23139,4.4599,5.8969,15.0597,-35.1515,0.0025226,1.2529,0.075896,4.2336e-07,0.02516,0,88.1314,0.20035,0.88672,482.6554,1449.7558
19.675,10103.8839,43.6905,239.6736,9.8153,-1.5701,-0.11004,2.842,89.9945,-0.23139,4.4599,5.8969,15.0597,-35.1515,0.0025226,1.2529,0.075896,4.2336e-07,0.02516,0,88.1314,0.20035,0.88672,482.6554,1449.7558
19.6833,10104.248,43.6929,239.6741,9.8022,-1.5687,-0.08636,3.4465,89.9926,-0.19527,4.4465,5.9917,16.0232,-35.0202,0.0026741,1.2256,0.091943,4.2351e-07,0.025171,0,88.2796,0.20057,0.85678,482.6541,1449.7353
19.6862,10104.248,43.6929,239.6741,9.8022,-1.5687,-0.08636,3.4465,89.9926,-0.19527,4.4465,5.9917,16.0232,-35.0202,0.0026741,1.2256,0.091943,4.2351e-07,0.025171,0,88.2796,0.20092,0.86634,482.6541,1449.7353
19.6862,10104.248,43.6929,239.6741,9.8022,-1.5687,-0.08636,3.4465,89.9926,-0.19527,4.4465,5.9917,16.0232,-35.0202,0.0026741,1.2256,0.091943,4.2351e-07,0.025171,0,88.2796,0.20092,0.86634,482.6541,1449.7353
19.6916,10104.6121,43.6949,239.6748,9.7892,-1.5673,-0.05764,4.0391,89.9909,-0.15152,4.4333,6.0771,16.7601,-34.8882,0.0028328,1.0055,0.10426,4.2366e-07,0.025181,0,88.4278,0.20078,0.82637,482.6528,1449.7149
19.6952,10104.6121,43.6949,239.6748,9.7892,-1.5673,-0.05764,4.0391,89.9909,-0.15152,4.4333,6.0771,16.7601,-34.8882,0.0028328,1.0055,0.10426,4.2366e-07,0.025181,0,88.4278,0.20122,0.84727,482.6528,1449.7149
19.6952,10104.6121,43.6949,239.6748,9.7892,-1.5673,-0.05764,4.0391,89.9909,-0.15152,4.4333,6.0771,16.7601,-34.8882,0.0028328,1.0055,0.10426,4.2366e-07,0.025181,0,88.4278,0.20122,0.84727,482.6528,1449.7149
19.6999,10104.9762,43.6965,239.6758,9.7761,-1.5659,-0.023982,4.5277,89.9897,-0.10194,4.4201,6.1516,15.518,-34.2747,0.0030086,-0.68411,0.11309,4.2383e-07,0.025192,0,88.5761,0.20096,0.79625,482.6515,1449.6944
19.7046,10104.9762,43.6965,239.6758,9.7761,-1.5659,-0.023982,4.5277,89.9897,-0.10194,4.4201,6.1516,15.518,-34.2747,0.0030086,-0.68411,0.11309,4.2383e-07,0.025192,0,88.5761,0.20153,0.83321,482.6515,1449.6944
19.7083,10105.3404,43.6976,239.677,9.7631,-1.5644,0.013748,4.2102,89.9888,-0.048197,4.4069,6.2161,0.74046,-30.006,0.0031779,-1.5808,0.11863,4.24e-07,0.025203,0,88.2203,0.20108,0.76592,482.6502,1449.6739
19.7166,10105.7045,43.6979,239.6771,9.75,-1.5629,0.048832,3.465,89.9884,0.0083004,4.3939,6.0634,-7.0362,-27.7282,0.0033413,-1.5504,0.12145,4.2417e-07,0.025213,0,87.8645,0.20104,0.83056,482.6489,1449.6534
19.7198,10105.7045,43.6979,239.6771,9.75,-1.5629,0.048832,3.465,89.9884,0.0083004,4.3939,6.0634,-7.0362,-27.7282,0.0033413,-1.5504,0.12145,4.2417e-07,0.025213,0,87.8645,0.20143,0.84825,482.6489,1449.6534
19.7198,10105.7045,43.6979,239.6771,9.75,-1.5629,0.048832,3.465,89.9884,0.0083004,4.3939,6.0634,-7.0362,-27.7282,0.0033413,-1.5504,0.12145,4.2417e-07,0.025213,0,87.8645,0.20143,0.84825,482.6489,1449.6534
19.7249,10106.0687,43.6975,239.6766,9.737,-1.5614,0.077706,2.7345,89.9885,0.066336,4.381,5.8998,-6.5687,-27.7658,0.0035014,-1.52,0.12102,4.2434e-07,0.025224,0,87.509,0.20087,0.90705,482.6476,1449.6329
19.7301,10106.0687,43.6975,239.6766,9.737,-1.5614,0.077706,2.7345,89.9885,0.066336,4.381,5.8998,-6.5687,-27.7658,0.0035014,-1.52,0.12102,4.2434e-07,0.025224,0,87.509,0.2015,0.90268,482.6476,1449.6329
19.7332,10106.0687,43.6975,239.6766,9.737,-1.5614,0.077706,2.7345,89.9885,0.066336,4.381,5.8998,-6.5687,-27.7658,0.0035014,-1.52,0.12102,4.2434e-07,0.025224,0,87.509,0.20188,0.901,482.6476,1449.6329
19.7332,10106.0687,43.6975,239.6766,9.737,-1.5614,0.077706,2.7345,89.9885,0.066336,4.381,5.8998,-6.5687,-27.7658,0.0035014,-1.52,0.12102,4.2434e-07,0.025224,0,87.509,0.20188,0.901,482.6476,1449.6329
19.7333,10106.4328,43.6963,239.6754,9.724,-1.5598,0.10049,2.0186,89.989,0.12433,4.3681,5.7308,-6.3024,-27.8018,0.003757,-1.4879,0.10934,4.2451e-07,0.025234,0,87.6571,0.2006,0.98704,482.6463,1449.6125
19.7333,10106.4328,43.6963,239.6754,9.724,-1.5598,0.10049,2.0186,89.989,0.12433,4.3681,5.7308,-6.3024,-27.8018,0.003757,-1.4879,0.10934,4.2451e-07,0.025234,0,87.6571,0.20061,0.98653,482.6463,1449.6125
19.7334,10106.4328,43.6963,239.6754,9.724,-1.5598,0.10049,2.0186,89.989,0.12433,4.3681,5.7308,-6.3024,-27.8018,0.003757,-1.4879,0.10934,4.2451e-07,0.025234,0,87.6571,0.20062,0.98551,482.6463,1449.6125
19.7337,10106.4328,43.6963,239.6754,9.724,-1.5598,0.10049,2.0186,89.989,0.12433,4.3681,5.7308,-6.3024,-27.8018,0.003757,-1.4879,0.10934,4.2451e-07,0.025234,0,87.6571,0.20065,0.9835,482.6463,1449.6125
19.7341,10106.4328,43.6963,239.6754,9.724,-1.5598,0.10049,2.0186,89.989,0.12433,4.3681,5.7308,-6.3024,-27.8018,0.003757,-1.4879,0.10934,4.2451e-07,0.025234,0,87.6571,0.2007,0.97963,482.6463,1449.6125
19.735,10106.4328,43.6963,239.6754,9.724,-1.5598,0.10049,2.0186,89.989,0.12433,4.3681,5.7308,-6.3024,-27.8018,0.003757,-1.4879,0.10934,4.2451e-07,0.025234,0,87.6571,0.20082,0.9724,482.6463,1449.6125
19.7369,10106.4328,43.6963,239.6754,9.724,-1.5598,0.10049,2.0186,89.989,0.12433,4.3681,5.7308,-6.3024,-27.8018,0.003757,-1.4879,0.10934,4.2451e-07,0.025234,0,87.6571,0.20104,0.9598,482.6463,1449.6125
19.7405,10106.4328,43.6963,239.6754,9.724,-1.5598,0.10049,2.0186,89.989,0.12433,4.3681,5.7308,-6.3024,-27.8018,0.003757,-1.4879,0.10934,4.2451e-07,0.025234,0,87.6571,0.20148,0.94064,482.6463,1449.6125
19.7416,10106.7969,43.6949,239.6748,9.711,-1.5582,0.11731,1.317,89.9901,0.17682,4.3553,5.7423,-6.7234,-27.8461,0.0040554,-1.4545,0.08732,4.2466e-07,0.025245,0,87.8051,0.20038,0.97373,482.645,1449.592
19.7468,10106.7969,43.6949,239.6748,9.711,-1.5582,0.11731,1.317,89.9901,0.17682,4.3553,5.7423,-6.7234,-27.8461,0.0040554,-1.4545,0.08732,4.2466e-07,0.025245,0,87.8051,0.20101,0.94307,482.645,1449.592
19.7499,10107.161,43.6931,239.6745,9.6981,-1.5564,0.12829,0.6295,89.9915,0.21881,4.3426,5.7284,-7.7771,-27.895,0.0043798,-1.421,0.060738,4.2481e-07,0.025256,0,87.9532,0.20024,0.95119,482.6437,1449.5715
19.7583,10107.5251,43.6908,239.6745,9.6851,-1.5544,0.13353,-0.044074,89.9933,0.24808,4.3299,5.7037,-9.1133,-27.9443,0.0046564,-1.3877,0.032296,4.2495e-07,0.025266,0,88.1014,0.2002,0.92442,482.6424,1449.551
19.7666,10107.8892,43.6882,239.6747,9.6722,-1.5522,0.13317,-0.70408,89.9954,0.26373,4.3173,5.6754,-10.568,-27.9884,0.004883,-1.3552,0.0040064,4.2508e-07,0.025277,0,88.2495,0.20028,0.89564,482.6411,1449.5306
19.7749,10108.2533,43.6851,239.6752,9.6592,-1.5498,0.1273,-1.3508,89.9976,0.26583,4.3048,5.6485,-12.0189,-28.0259,0.0050505,-1.3237,-0.022512,4.2519e-07,0.025288,0,88.3977,0.20044,0.86585,482.6398,1449.5101
19.7833,10108.6173,43.6816,239.6759,9.6463,-1.5473,0.11604,-1.9847,89.9998,0.25523,4.2924,5.6269,-13.3678,-28.0553,0.0051707,-1.2934,-0.046223,4.253e-07,0.025298,0,88.5459,0.20065,0.83549,482.6385,1449.4896
19.7916,10108.9813,43.6778,239.6768,9.6335,-1.5447,0.099503,-2.606,90.002,0.23329,4.2801,5.6131,-14.5517,-28.0766,0.0052594,-1.2644,-0.066539,4.254e-07,0.025309,0,88.6941,0.20089,0.80475,482.6372,1449.4691
19.7999,10109.3453,43.6735,239.678,9.6206,-1.5421,0.077787,-3.215,90.0039,0.20166,4.2678,5.6082,-15.5347,-28.0905,0.0053314,-1.2367,-0.083212,4.2548e-07,0.02532,0,88.4841,0.20111,0.77372,482.6359,1449.4487
19.8083,10109.7092,43.6689,239.6793,9.6078,-1.5394,0.050996,-3.8121,90.0056,0.1621,4.2556,5.5836,-16.3015,-28.0976,0.0053781,-1.1487,-0.096261,4.2556e-07,0.02533,0,88.1283,0.20128,0.75566,482.6346,1449.4282
19.8092,10109.7092,43.6689,239.6793,9.6078,-1.5394,0.050996,-3.8121,90.0056,0.1621,4.2556,5.5836,-16.3015,-28.0976,0.0053781,-1.1487,-0.096261,4.2556e-07,0.02533,0,88.1283,0.2014,0.76915,482.6346,1449.4282
19.8092,10109.7092,43.6689,239.6793,9.6078,-1.5394,0.050996,-3.8121,90.0056,0.1621,4.2556,5.5836,-16.3015,-28.0976,0.0053781,-1.1487,-0.096261,4.2556e-07,0.02533,0,88.1283,0.2014,0.76915,482.6346,1449.4282
19.8166,10110.0731,43.6634,239.6795,9.5949,-1.5368,0.019229,-4.3682,90.0069,0.11635,4.2435,5.3816,-16.2953,-28.252,0.0054486,0.1692,-0.10589,4.2563e-07,0.025341,0,87.7726,0.20129,0.82401,482.6333,1449.4077
19.8239,10110.0731,43.6634,239.6795,9.5949,-1.5368,0.019229,-4.3682,90.0069,0.11635,4.2435,5.3816,-16.2953,-28.252,0.0054486,0.1692,-0.10589,4.2563e-07,0.025341,0,87.7726,0.20217,0.86395,482.6333,1449.4077
19.8249,10110.4369,43.6572,239.679,9.5821,-1.5341,-0.017172,-4.2958,90.0079,0.066067,4.2314,5.1899,-4.9368,-31.495,0.0055779,1.5832,-0.1123,4.257e-07,0.025351,0,87.4171,0.20115,0.90106,482.632,1449.3873
19.8298,10110.4369,43.6572,239.679,9.5821,-1.5341,-0.017172,-4.2958,90.0079,0.066067,4.2314,5.1899,-4.9368,-31.495,0.0055779,1.5832,-0.1123,4.257e-07,0.025351,0,87.4171,0.20174,0.9012,482.632,1449.3873
19.8333,10110.8007,43.6504,239.6779,9.5694,-1.5314,-0.05297,-3.5488,90.0085,0.012664,4.2195,5.0088,7.471,-34.9961,0.0058329,1.5529,-0.11586,4.2577e-07,0.025362,0,87.5651,0.20088,0.98127,482.6307,1449.3668
19.8347,10110.8007,43.6504,239.6779,9.5694,-1.5314,-0.05297,-3.5488,90.0085,0.012664,4.2195,5.0088,7.471,-34.9961,0.0058329,1.5529,-0.11586,4.2577e-07,0.025362,0,87.5651,0.20105,0.97098,482.6307,1449.3668
19.8347,10110.8007,43.6504,239.6779,9.5694,-1.5314,-0.05297,-3.5488,90.0085,0.012664,4.2195,5.0088,7.471,-34.9961,0.0058329,1.5529,-0.11586,4.2577e-07,0.025362,0,87.5651,0.20105,0.97098,482.6307,1449.3668
19.8416,10111.1644,43.6433,239.6774,9.5566,-1.5287,-0.082543,-2.8165,90.0086,-0.042632,4.2076,5.0423,6.9518,-34.8922,0.006142,1.5227,-0.11685,4.2584e-07,0.025373,0,87.7132,0.20062,0.96827,482.6294,1449.3464
19.8473,10111.1644,43.6433,239.6774,9.5566,-1.5287,-0.082543,-2.8165,90.0086,-0.042632,4.2076,5.0423,6.9518,-34.8922,0.006142,1.5227,-0.11685,4.2584e-07,0.025373,0,87.7132,0.2013,0.93991,482.6294,1449.3464
19.8473,10111.1644,43.6433,239.6774,9.5566,-1.5287,-0.082543,-2.8165,90.0086,-0.042632,4.2076,5.0423,6.9518,-34.8922,0.006142,1.5227,-0.11685,4.2584e-07,0.025373,0,87.7132,0.2013,0.93991,482.6294,1449.3464
19.8499,10111.5281,43.6358,239.6772,9.5439,-1.5259,-0.10601,-2.0988,90.0082,-0.098572,4.1958,5.0824,6.5939,-34.79,0.0064897,1.4914,-0.10913,4.2592e-07,0.025383,0,87.8613,0.20039,0.94599,482.6281,1449.3259
19.8525,10111.5281,43.6358,239.6772,9.5439,-1.5259,-0.10601,-2.0988,90.0082,-0.098572,4.1958,5.0824,6.5939,-34.79,0.0064897,1.4914,-0.10913,4.2592e-07,0.025383,0,87.8613,0.2007,0.93636,482.6281,1449.3259
19.8577,10111.5281,43.6358,239.6772,9.5439,-1.5259,-0.10601,-2.0988,90.0082,-0.098572,4.1958,5.0824,6.5939,-34.79,0.0064897,1.4914,-0.10913,4.2592e-07,0.025383,0,87.8613,0.20131,0.9233,482.6281,1449.3259
19.8583,10111.8917,43.628,239.6773,9.5312,-1.523,-0.1235,-1.3953,90.0074,-0.15094,4.1841,5.1448,6.7707,-34.6858,0.0068005,1.4585,-0.089704,4.26e-07,0.025394,0,88.0094,0.20022,0.91943,482.6269,1449.3055
19.861,10111.8917,43.628,239.6773,9.5312,-1.523,-0.1235,-1.3953,90.0074,-0.15094,4.1841,5.1448,6.7707,-34.6858,0.0068005,1.4585,-0.089704,4.26e-07,0.025394,0,88.0094,0.20055,0.91581,482.6269,1449.3055
19.8666,10112.2552,43.6198,239.6776,9.5185,-1.5198,-0.13513,-0.70606,90.0062,-0.19405,4.1725,5.2374,7.6651,-34.5743,0.00707,1.4252,-0.064969,4.261e-07,0.025405,0,88.1575,0.20015,0.89083,482.6256,1449.285
19.8749,10112.6187,43.6112,239.6781,9.5058,-1.5166,-0.14101,-0.03072,90.0045,-0.22535,4.1609,5.3443,8.8886,-34.4583,0.0072831,1.3921,-0.037961,4.262e-07,0.025415,0,88.3057,0.20016,0.86116,482.6243,1449.2646
19.8833,10112.9821,43.6022,239.6789,9.4932,-1.5131,-0.14127,0.63098,90.0027,-0.24372,4.1495,5.4579,10.2568,-34.3381,0.0074405,1.3597,-0.010629,4.2632e-07,0.025426,0,88.4539,0.20026,0.83087,482.623,1449.2442
19.8916,10113.3454,43.5929,239.6799,9.4806,-1.5096,-0.13601,1.2794,90.0006,-0.249,4.1381,5.5734,11.6516,-34.2144,0.0075478,1.3282,0.015336,4.2645e-07,0.025436,0,88.6021,0.20042,0.80016,482.6217,1449.2237
19.8999,10113.7086,43.5832,239.6812,9.4681,-1.5059,-0.12535,1.9148,89.9985,-0.24186,4.1267,5.6862,12.97,-34.0881,0.0076037,1.2979,0.038815,4.2658e-07,0.025447,0,88.2463,0.20061,0.76913,482.6204,1449.2033
19.9083,10114.0717,43.573,239.6823,9.4555,-1.5022,-0.10939,2.5375,89.9965,-0.2235,4.1155,5.7267,14.144,-33.9593,0.0076038,1.2688,0.059152,4.2673e-07,0.025458,0,87.8906,0.20078,0.76831,482.6191,1449.1829
19.9166,10114.4348,43.5621,239.6824,9.443,-1.4984,-0.088248,3.148,89.9947,-0.19543,4.1044,5.6129,15.1334,-33.8278,0.0075946,1.2409,0.076034,4.2689e-07,0.025468,0,87.535,0.20083,0.83757,482.6178,1449.1625
19.9249,10114.7978,43.5506,239.6819,9.4305,-1.4947,-0.062015,3.7464,89.993,-0.15933,4.0933,5.4926,15.919,-33.6961,0.0076225,1.1982,0.089425,4.2706e-07,0.025479,0,87.1797,0.20075,0.9142,482.6165,1449.1421
19.9333,10115.1606,43.5384,239.6807,9.4181,-1.4909,-0.030795,4.3255,89.9917,-0.11687,4.0824,5.3648,16.352,-33.5269,0.007782,0.036213,0.099484,4.2724e-07,0.02549,0,87.3276,0.20054,0.99381,482.6152,1449.1217
19.9416,10115.5234,43.5261,239.6802,9.4057,-1.4871,0.0052496,4.3505,89.9907,-0.069679,4.0715,5.4328,6.4323,-30.5779,0.008044,-1.5332,0.10639,4.2742e-07,0.0255,0,87.4756,0.20034,0.98101,482.6139,1449.1013
19.9499,10115.8861,43.5134,239.6799,9.3933,-1.4833,0.041503,3.6267,89.9901,-0.019143,4.0607,5.4915,-7.3652,-26.6328,0.0083747,-1.5551,0.11047,4.276e-07,0.025511,0,87.6237,0.20013,0.95903,482.6126,1449.0809
19.9503,10115.8861,43.5134,239.6799,9.3933,-1.4833,0.041503,3.6267,89.9901,-0.019143,4.0607,5.4915,-7.3652,-26.6328,0.0083747,-1.5551,0.11047,4.276e-07,0.025511,0,87.6237,0.20017,0.95731,482.6126,1449.0809
19.9503,10115.8861,43.5134,239.6799,9.3933,-1.4833,0.041503,3.6267,89.9901,-0.019143,4.0607,5.4915,-7.3652,-26.6328,0.0083747,-1.5551,0.11047,4.276e-07,0.025511,0,87.6237,0.20017,0.95731,482.6126,1449.0809
19.9583,10116.2486,43.5003,239.6799,9.3809,-1.4793,0.071725,2.8928,89.99,0.033528,4.05,5.5431,-7.2942,-26.5592,0.0086797,-1.525,0.1122,4.2778e-07,0.025522,0,87.7717,0.19995,0.93284,482.6113,1449.0605
19.9626,10116.2486,43.5003,239.6799,9.3809,-1.4793,0.071725,2.8928,89.99,0.033528,4.05,5.5431,-7.2942,-26.5592,0.0086797,-1.525,0.1122,4.2778e-07,0.025522,0,87.7717,0.20045,0.92457,482.6113,1449.0605
19.9626,10116.2486,43.5003,239.6799,9.3809,-1.4793,0.071725,2.8928,89.99,0.033528,4.05,5.5431,-7.2942,-26.5592,0.0086797,-1.525,0.1122,4.2778e-07,0.025522,0,87.7717,0.20045,0.92457,482.6113,1449.0605
19.9666,10116.6111,43.4869,239.6801,9.3686,-1.4753,0.095831,2.1734,89.9903,0.087196,4.0393,5.5896,-6.8975,-26.6126,0.0089579,-1.494,0.10634,4.2795e-07,0.025532,0,87.9198,0.1998,0.90462,482.61,1449.0401
19.9705,10116.6111,43.4869,239.6801,9.3686,-1.4753,0.095831,2.1734,89.9903,0.087196,4.0393,5.5896,-6.8975,-26.6126,0.0089579,-1.494,0.10634,4.2795e-07,0.025532,0,87.9198,0.20025,0.90636,482.61,1449.0401
19.9749,10116.9734,43.4731,239.6806,9.3563,-1.4712,0.11394,1.4683,89.991,0.13819,4.0288,5.6181,-6.9656,-26.6654,0.0091925,-1.4614,0.088734,4.2812e-07,0.025543,0,88.0679,0.1997,0.87534,482.6087,1449.0198
19.9833,10117.3356,43.4591,239.6813,9.3441,-1.4669,0.12618,0.77748,89.9921,0.18081,4.0183,5.6182,-7.7521,-26.7188,0.0093833,-1.4283,0.065453,4.2828e-07,0.025553,0,88.2161,0.19965,0.8454,482.6075,1448.9994
19.9916,10117.6977,43.4447,239.6822,9.3319,-1.4625,0.13266,0.10058,89.9936,0.21231,4.0079,5.6052,-8.8883,-26.7694,0.0095311,-1.3955,0.039732,4.2843e-07,0.025564,0,88.3642,0.19966,0.815,482.6062,1448.979
19.9999,10118.0597,43.4299,239.6834,9.3197,-1.458,0.1335,-0.56264,89.9954,0.23152,3.9976,5.5871,-10.1781,-26.8154,0.0096387,-1.3632,0.013455,4.2857e-07,0.025575,0,88.5124,0.19972,0.78422,482.6049,1448.9587
20.0083,10118.4216,43.4149,239.6849,9.3076,-1.4534,0.12881,-1.2125,89.9973,0.23815,3.9874,5.5685,-11.5071,-26.856,0.0096659,-1.3318,-0.011705,4.287e-07,0.025585,0,88.1567,0.19983,0.75312,482.6036,1448.9383
20.0166,10118.7833,43.3991,239.6852,9.2955,-1.4487,0.1187,-1.8493,89.9993,0.23275,3.9773,5.3402,-12.7737,-26.8874,0.0096588,-1.3015,-0.034599,4.2882e-07,0.025596,0,87.8012,0.19986,0.8192,482.6023,1448.918
20.0249,10119.1449,43.3827,239.6849,9.2834,-1.444,0.10329,-2.4734,90.0013,0.21641,3.9672,5.1202,-13.908,-26.9117,0.0096396,-1.2724,-0.054549,4.2893e-07,0.025607,0,87.4459,0.19981,0.89437,482.601,1448.8977
20.0333,10119.5063,43.3658,239.6839,9.2714,-1.4393,0.08268,-3.0851,90.0031,0.19055,3.9573,4.91,-14.8687,-26.9298,0.009721,-1.2445,-0.071214,4.2903e-07,0.025617,0,87.3442,0.19966,0.97298,482.5997,1448.8774
20.0416,10119.8676,43.3486,239.6836,9.2594,-1.4345,0.056971,-3.6848,90.0047,0.15676,3.9475,4.914,-15.635,-26.948,0.0098721,-1.2178,-0.084532,4.2912e-07,0.025628,0,87.4922,0.19952,0.95915,482.5984,1448.857
20.0499,10120.2288,43.3312,239.6835,9.2474,-1.4297,0.026265,-4.2727,90.006,0.11664,3.9377,4.9255,-16.2029,-26.9649,0.010098,-0.098964,-0.094635,4.2921e-07,0.025638,0,87.6402,0.19938,0.93647,482.5971,1448.8367
20.0583,10120.5898,43.3134,239.6837,9.2355,-1.4248,-0.0093405,-4.3272,90.0069,0.071765,3.928,4.9442,-6.6762,-29.7267,0.010347,1.4226,-0.10168,4.2929e-07,0.025649,0,87.7882,0.19925,0.91009,482.5959,1448.8164
20.0666,10120.9507,43.2954,239.6842,9.2237,-1.4199,-0.0454,-3.6557,90.0075,0.023486,3.9184,4.9712,6.6716,-33.5126,0.010604,1.5554,-0.10598,4.2937e-07,0.02566,0,87.9363,0.19913,0.88184,482.5946,1448.7962
20.0749,10121.3114,43.2771,239.6848,9.2119,-1.4149,-0.075864,-2.9212,90.0077,-0.027015,3.9089,5.0055,7.5877,-33.8273,0.01083,1.5254,-0.10804,4.2946e-07,0.02567,0,88.0844,0.19901,0.85261,482.5933,1448.7759
20.0785,10121.3114,43.2771,239.6848,9.2119,-1.4149,-0.075864,-2.9212,90.0077,-0.027015,3.9089,5.0055,7.5877,-33.8273,0.01083,1.5254,-0.10804,4.2946e-07,0.02567,0,88.0844,0.1994,0.87108,482.5933,1448.7759
20.0785,10121.3114,43.2771,239.6848,9.2119,-1.4149,-0.075864,-2.9212,90.0077,-0.027015,3.9089,5.0055,7.5877,-33.8273,0.01083,1.5254,-0.10804,4.2946e-07,0.02567,0,88.0844,0.1994,0.87108,482.5933,1448.7759
20.0833,10121.672,43.2584,239.6858,9.2001,-1.4098,-0.10021,-2.2011,90.0075,-0.078665,3.8994,5.0462,7.1664,-33.7316,0.011028,1.4946,-0.10297,4.2955e-07,0.025681,0,88.2325,0.1989,0.82278,482.592,1448.7556
20.088,10121.672,43.2584,239.6858,9.2001,-1.4098,-0.10021,-2.2011,90.0075,-0.078665,3.8994,5.0462,7.1664,-33.7316,0.011028,1.4946,-0.10297,4.2955e-07,0.025681,0,88.2325,0.19942,0.85767,482.592,1448.7556
20.0916,10122.0324,43.2395,239.6869,9.1883,-1.4047,-0.11855,-1.4953,90.0069,-0.12802,3.89,5.1056,7.183,-33.6309,0.011195,1.4623,-0.086872,4.2964e-07,0.025692,0,88.3807,0.19881,0.79245,482.5907,1448.7354
20.0999,10122.3926,43.2203,239.6883,9.1766,-1.3995,-0.13101,-0.80377,90.0058,-0.16973,3.8808,5.1935,7.8766,-33.5235,0.011308,1.4294,-0.064858,4.2975e-07,0.025702,0,88.0251,0.19875,0.76172,482.5894,1448.7151
20.1083,10122.7527,43.2005,239.6893,9.165,-1.3941,-0.13771,-0.1262,90.0044,-0.20094,3.8716,5.181,8.9359,-33.4102,0.011366,1.3968,-0.04026,4.2986e-07,0.025713,0,87.6695,0.19867,0.78364,482.5882,1448.6949
20.1166,10123.1126,43.1802,239.6893,9.1534,-1.3888,-0.13876,0.53766,90.0027,-0.22039,3.8625,5.0803,10.1587,-33.2925,0.011392,1.3647,-0.01498,4.2998e-07,0.025724,0,87.3142,0.19854,0.85452,482.5869,1448.6746
20.1249,10123.4724,43.1593,239.6887,9.1418,-1.3833,-0.13428,1.1881,90.0009,-0.22775,3.8535,4.984,11.4296,-33.1721,0.011422,1.3334,0.009354,4.3012e-07,0.025734,0,86.9591,0.19837,0.93135,482.5856,1448.6544
20.1333,10123.8319,43.1378,239.6875,9.1303,-1.3778,-0.12438,1.8255,89.999,-0.22348,3.8447,4.8878,12.6496,-33.0519,0.011523,1.3032,0.031597,4.3026e-07,0.025745,0,87.1069,0.19816,1,482.5843,1448.6342
20.1344,10123.8319,43.1378,239.6875,9.1303,-1.3778,-0.12438,1.8255,89.999,-0.22348,3.8447,4.8878,12.6496,-33.0519,0.011523,1.3032,0.031597,4.3026e-07,0.025745,0,87.1069,0.19828,1,482.5843,1448.6342
20.1344,10123.8319,43.1378,239.6875,9.1303,-1.3778,-0.12438,1.8255,89.999,-0.22348,3.8447,4.8878,12.6496,-33.0519,0.011523,1.3032,0.031597,4.3026e-07,0.025745,0,87.1069,0.19828,1,482.5843,1448.6342
20.1416,10124.1913,43.1163,239.6869,9.1188,-1.3722,-0.10916,2.4501,89.9971,-0.20857,3.8359,4.9907,13.749,-32.9361,0.011662,1.2741,0.051062,4.3042e-07,0.025755,0,87.2548,0.19801,0.99659,482.583,1448.614
20.1488,10124.1913,43.1163,239.6869,9.1188,-1.3722,-0.10916,2.4501,89.9971,-0.20857,3.8359,4.9907,13.749,-32.9361,0.011662,1.2741,0.051062,4.3042e-07,0.025755,0,87.2548,0.19875,0.95594,482.583,1448.614
20.1499,10124.5505,43.0944,239.6866,9.1074,-1.3666,-0.088747,3.0623,89.9954,-0.18438,3.8272,5.0865,14.686,-32.823,0.011835,1.2462,0.067399,4.3059e-07,0.025766,0,87.4027,0.1979,0.9742,482.5818,1448.5938
20.1557,10124.5505,43.0944,239.6866,9.1074,-1.3666,-0.088747,3.0623,89.9954,-0.18438,3.8272,5.0865,14.686,-32.823,0.011835,1.2462,0.067399,4.3059e-07,0.025766,0,87.4027,0.19849,0.94948,482.5818,1448.5938
20.1583,10124.9096,43.0723,239.6865,9.096,-1.3608,-0.063228,3.6624,89.9938,-0.15241,3.8185,5.1745,15.4392,-32.7125,0.011995,1.2196,0.080514,4.3076e-07,0.025777,0,87.5507,0.19783,0.94764,482.5805,1448.5736
20.1666,10125.2684,43.0499,239.6867,9.0847,-1.355,-0.032708,4.2508,89.9926,-0.11422,3.81,5.2542,16.0026,-32.6019,0.012159,0.13828,0.090538,4.3094e-07,0.025787,0,87.6986,0.19777,0.91934,482.5792,1448.5535
20.1747,10125.2684,43.0499,239.6867,9.0847,-1.355,-0.032708,4.2508,89.9926,-0.11422,3.81,5.2542,16.0026,-32.6019,0.012159,0.13828,0.090538,4.3094e-07,0.025787,0,87.6986,0.1986,0.91911,482.5792,1448.5535
20.1747,10125.2684,43.0499,239.6867,9.0847,-1.355,-0.032708,4.2508,89.9926,-0.11422,3.81,5.2542,16.0026,-32.6019,0.012159,0.13828,0.090538,4.3094e-07,0.025787,0,87.6986,0.1986,0.91911,482.5792,1448.5535
20.1749,10125.6271,43.0272,239.6871,9.0734,-1.3491,0.0027145,4.3236,89.9916,-0.071293,3.8015,5.3246,6.8123,-29.8649,0.012333,-1.3388,0.097607,4.3113e-07,0.025798,0,87.8467,0.19771,0.89051,482.5779,1448.5333
20.1752,10125.6271,43.0272,239.6871,9.0734,-1.3491,0.0027145,4.3236,89.9916,-0.071293,3.8015,5.3246,6.8123,-29.8649,0.012333,-1.3388,0.097607,4.3113e-07,0.025798,0,87.8467,0.19774,0.89118,482.5779,1448.5333
20.1756,10125.6271,43.0272,239.6871,9.0734,-1.3491,0.0027145,4.3236,89.9916,-0.071293,3.8015,5.3246,6.8123,-29.8649,0.012333,-1.3388,0.097607,4.3113e-07,0.025798,0,87.8467,0.19778,0.89249,482.5779,1448.5333
20.1766,10125.6271,43.0272,239.6871,9.0734,-1.3491,0.0027145,4.3236,89.9916,-0.071293,3.8015,5.3246,6.8123,-29.8649,0.012333,-1.3388,0.097607,4.3113e-07,0.025798,0,87.8467,0.19788,0.89492,482.5779,1448.5333
20.1785,10125.6271,43.0272,239.6871,9.0734,-1.3491,0.0027145,4.3236,89.9916,-0.071293,3.8015,5.3246,6.8123,-29.8649,0.012333,-1.3388,0.097607,4.3113e-07,0.025798,0,87.8467,0.19808,0.89916,482.5779,1448.5333
20.1824,10125.6271,43.0272,239.6871,9.0734,-1.3491,0.0027145,4.3236,89.9916,-0.071293,3.8015,5.3246,6.8123,-29.8649,0.012333,-1.3388,0.097607,4.3113e-07,0.025798,0,87.8467,0.19847,0.90559,482.5779,1448.5333
20.1833,10125.9855,43.0043,239.6877,9.0622,-1.3432,0.038744,3.6917,89.991,-0.024959,3.7931,5.3869,-6.1407,-26.1546,0.012508,-1.5561,0.10202,4.3131e-07,0.025809,0,87.9947,0.19763,0.86118,482.5766,1448.5131
20.1877,10125.9855,43.0043,239.6877,9.0622,-1.3432,0.038744,3.6917,89.991,-0.024959,3.7931,5.3869,-6.1407,-26.1546,0.012508,-1.5561,0.10202,4.3131e-07,0.025809,0,87.9947,0.19808,0.88187,482.5766,1448.5131
20.1916,10126.3438,42.9812,239.6886,9.051,-1.3373,0.069507,2.9564,89.9908,0.02364,3.7848,5.4429,-7.8244,-25.5948,0.012663,-1.5262,0.10424,4.315e-07,0.025819,0,88.1428,0.19754,0.83147,482.5754,1448.493
20.1944,10126.3438,42.9812,239.6886,9.051,-1.3373,0.069507,2.9564,89.9908,0.02364,3.7848,5.4429,-7.8244,-25.5948,0.012663,-1.5262,0.10424,4.315e-07,0.025819,0,88.1428,0.19782,0.85303,482.5754,1448.493
20.1944,10126.3438,42.9812,239.6886,9.051,-1.3373,0.069507,2.9564,89.9908,0.02364,3.7848,5.4429,-7.8244,-25.5948,0.012663,-1.5262,0.10424,4.315e-07,0.025819,0,88.1428,0.19782,0.85303,482.5754,1448.493
20.1999,10126.7019,42.9578,239.6897,9.0399,-1.3313,0.094143,2.2355,89.991,0.07346,3.7766,5.4942,-7.3999,-25.6505,0.012803,-1.4954,0.099711,4.3168e-07,0.02583,0,88.2909,0.19742,0.80141,482.5741,1448.4729
20.2054,10126.7019,42.9578,239.6897,9.0399,-1.3313,0.094143,2.2355,89.991,0.07346,3.7766,5.4942,-7.3999,-25.6505,0.012803,-1.4954,0.099711,4.3168e-07,0.02583,0,88.2909,0.19798,0.85146,482.5741,1448.4729
20.2076,10126.7019,42.9578,239.6897,9.0399,-1.3313,0.094143,2.2355,89.991,0.07346,3.7766,5.4942,-7.3999,-25.6505,0.012803,-1.4954,0.099711,4.3168e-07,0.02583,0,88.2909,0.19819,0.86443,482.5741,1448.4729
20.2076,10126.7019,42.9578,239.6897,9.0399,-1.3313,0.094143,2.2355,89.991,0.07346,3.7766,5.4942,-7.3999,-25.6505,0.012803,-1.4954,0.099711,4.3168e-07,0.02583,0,88.2909,0.19819,0.86443,482.5741,1448.4729
20.2083,10127.0598,42.9342,239.6911,9.0288,-1.3253,0.11277,1.529,89.9916,0.12123,3.7685,5.5293,-7.3892,-25.7058,0.012926,-1.4633,0.084762,4.3185e-07,0.025841,0,88.2032,0.19731,0.77096,482.5728,1448.4528
20.209,10127.0598,42.9342,239.6911,9.0288,-1.3253,0.11277,1.529,89.9916,0.12123,3.7685,5.5293,-7.3892,-25.7058,0.012926,-1.4633,0.084762,4.3185e-07,0.025841,0,88.2032,0.19738,0.78097,482.5728,1448.4528
20.2104,10127.0598,42.9342,239.6911,9.0288,-1.3253,0.11277,1.529,89.9916,0.12123,3.7685,5.5293,-7.3892,-25.7058,0.012926,-1.4633,0.084762,4.3185e-07,0.025841,0,88.2032,0.19752,0.79901,482.5728,1448.4528
20.2132,10127.0598,42.9342,239.6911,9.0288,-1.3253,0.11277,1.529,89.9916,0.12123,3.7685,5.5293,-7.3892,-25.7058,0.012926,-1.4633,0.084762,4.3185e-07,0.025841,0,88.2032,0.19779,0.82837,482.5728,1448.4528
20.2166,10127.4174,42.9103,239.6927,9.0178,-1.3193,0.12551,0.83663,89.9926,0.16192,3.7605,5.5392,-8.0162,-25.7624,0.012986,-1.4307,0.063806,4.3202e-07,0.025851,0,87.8476,0.19721,0.74016,482.5715,1448.4327
20.2249,10127.7749,42.8857,239.6933,9.0068,-1.3131,0.13248,0.15831,89.994,0.19261,3.7525,5.3229,-9.0131,-25.8151,0.013019,-1.3982,0.040181,4.3218e-07,0.025862,0,87.4922,0.19704,0.80589,482.5703,1448.4126
20.2333,10128.1322,42.8607,239.6931,8.9958,-1.307,0.1338,-0.50628,89.9956,0.21201,3.7447,5.1028,-10.1772,-25.8641,0.013031,-1.3662,0.015787,4.3232e-07,0.025872,0,87.137,0.19683,0.88059,482.569,1448.3925
20.2416,10128.4893,42.8352,239.6923,8.985,-1.3008,0.12958,-1.1574,89.9973,0.21975,3.737,4.8836,-11.3934,-25.9085,0.013118,-1.3351,-0.0077785,4.3246e-07,0.025883,0,86.7822,0.19658,0.95867,482.5677,1448.3724
20.2499,10128.8461,42.8095,239.6922,8.9741,-1.2944,0.11994,-1.7955,89.9992,0.21622,3.7293,4.8717,-12.5645,-25.9533,0.013235,-1.3049,-0.029395,4.3259e-07,0.025894,0,86.9301,0.19639,0.94482,482.5664,1448.3524
20.2583,10129.2027,42.7837,239.6923,8.9634,-1.288,0.10498,-2.4207,90.001,0.20236,3.7218,4.8648,-13.6227,-25.995,0.013382,-1.2759,-0.048374,4.3271e-07,0.025904,0,87.078,0.19627,0.92196,482.5652,1448.3323
20.2666,10129.5592,42.7576,239.6927,8.9526,-1.2816,0.084805,-3.0335,90.0027,0.17945,3.7143,4.8646,-14.5259,-26.0332,0.013503,-1.2481,-0.06436,4.3281e-07,0.025915,0,87.226,0.19619,0.895,482.5639,1448.3123
20.2749,10129.9154,42.7313,239.6933,8.942,-1.275,0.059525,-3.6342,90.0042,0.14892,3.7069,4.8723,-15.2525,-26.0648,0.013617,-1.2214,-0.077256,4.3292e-07,0.025926,0,87.374,0.19614,0.86615,482.5626,1448.2923
20.2833,10130.2714,42.7048,239.6942,8.9314,-1.2684,0.02924,-4.2232,90.0054,0.11226,3.6996,4.8875,-15.7963,-26.0906,0.013728,-0.11651,-0.087157,4.3301e-07,0.025936,0,87.5221,0.19609,0.83649,482.5614,1448.2723
20.2914,10130.2714,42.7048,239.6942,8.9314,-1.2684,0.02924,-4.2232,90.0054,0.11226,3.6996,4.8875,-15.7963,-26.0906,0.013728,-0.11651,-0.087157,4.3301e-07,0.025936,0,87.5221,0.19685,0.88428,482.5614,1448.2723
20.2914,10130.2714,42.7048,239.6942,8.9314,-1.2684,0.02924,-4.2232,90.0054,0.11226,3.6996,4.8875,-15.7963,-26.0906,0.013728,-0.11651,-0.087157,4.3301e-07,0.025936,0,87.5221,0.19685,0.88428,482.5614,1448.2723
20.2916,10130.6271,42.678,239.6953,8.9208,-1.2618,-0.0059519,-4.2852,90.0063,0.070929,3.6924,4.9098,-6.3834,-28.8223,0.013856,1.3223,-0.094201,4.331e-07,0.025947,0,87.6701,0.19603,0.80675,482.5601,1448.2523
20.2918,10130.6271,42.678,239.6953,8.9208,-1.2618,-0.0059519,-4.2852,90.0063,0.070929,3.6924,4.9098,-6.3834,-28.8223,0.013856,1.3223,-0.094201,4.331e-07,0.025947,0,87.6701,0.19605,0.80901,482.5601,1448.2523
20.2922,10130.6271,42.678,239.6953,8.9208,-1.2618,-0.0059519,-4.2852,90.0063,0.070929,3.6924,4.9098,-6.3834,-28.8223,0.013856,1.3223,-0.094201,4.331e-07,0.025947,0,87.6701,0.19609,0.81341,482.5601,1448.2523
20.293,10130.6271,42.678,239.6953,8.9208,-1.2618,-0.0059519,-4.2852,90.0063,0.070929,3.6924,4.9098,-6.3834,-28.8223,0.013856,1.3223,-0.094201,4.331e-07,0.025947,0,87.6701,0.19616,0.82169,482.5601,1448.2523
20.2946,10130.6271,42.678,239.6953,8.9208,-1.2618,-0.0059519,-4.2852,90.0063,0.070929,3.6924,4.9098,-6.3834,-28.8223,0.013856,1.3223,-0.094201,4.331e-07,0.025947,0,87.6701,0.19631,0.83643,482.5601,1448.2523
20.2977,10130.6271,42.678,239.6953,8.9208,-1.2618,-0.0059519,-4.2852,90.0063,0.070929,3.6924,4.9098,-6.3834,-28.8223,0.013856,1.3223,-0.094201,4.331e-07,0.025947,0,87.6701,0.1966,0.85977,482.5601,1448.2523
20.2999,10130.9827,42.6511,239.6967,8.9103,-1.2552,-0.041661,-3.6608,90.0069,0.026197,3.6852,4.9399,6.2169,-32.4046,0.013991,1.5543,-0.09866,4.3319e-07,0.025958,0,87.8182,0.19594,0.7767,482.5588,1448.2323
20.3083,10131.338,42.6239,239.6983,8.8998,-1.2485,-0.072168,-2.926,90.0072,-0.020812,3.6782,4.9768,8.0247,-32.9715,0.014068,1.5244,-0.10099,4.3328e-07,0.025968,0,87.4627,0.19582,0.74632,482.5576,1448.2123
20.3106,10131.338,42.6239,239.6983,8.8998,-1.2485,-0.072168,-2.926,90.0072,-0.020812,3.6782,4.9768,8.0247,-32.9715,0.014068,1.5244,-0.10099,4.3328e-07,0.025968,0,87.4627,0.19604,0.7832,482.5576,1448.2123
20.3106,10131.338,42.6239,239.6983,8.8998,-1.2485,-0.072168,-2.926,90.0072,-0.020812,3.6782,4.9768,8.0247,-32.9715,0.014068,1.5244,-0.10099,4.3328e-07,0.025968,0,87.4627,0.19604,0.7832,482.5576,1448.2123
20.3166,10131.693,42.5962,239.6987,8.8895,-1.2419,-0.096551,-2.2056,90.007,-0.069085,3.6712,4.8088,7.5896,-32.8784,0.014127,1.4937,-0.096639,4.3338e-07,0.025979,0,87.1074,0.19558,0.8121,482.5563,1448.1924
20.3226,10131.693,42.5962,239.6987,8.8895,-1.2419,-0.096551,-2.2056,90.007,-0.069085,3.6712,4.8088,7.5896,-32.8784,0.014127,1.4937,-0.096639,4.3338e-07,0.025979,0,87.1074,0.19612,0.86154,482.5563,1448.1924
20.3236,10131.693,42.5962,239.6987,8.8895,-1.2419,-0.096551,-2.2056,90.007,-0.069085,3.6712,4.8088,7.5896,-32.8784,0.014127,1.4937,-0.096639,4.3338e-07,0.025979,0,87.1074,0.19621,0.86731,482.5563,1448.1924
20.3236,10131.693,42.5962,239.6987,8.8895,-1.2419,-0.096551,-2.2056,90.007,-0.069085,3.6712,4.8088,7.5896,-32.8784,0.014127,1.4937,-0.096639,4.3338e-07,0.025979,0,87.1074,0.19621,0.86731,482.5563,1448.1924
20.3249,10132.0479,42.568,239.6986,8.8791,-1.2353,-0.11493,-1.4995,90.0064,-0.11539,3.6644,4.6602,7.5654,-32.7807,0.014174,1.4618,-0.082289,4.3348e-07,0.025989,0,86.7524,0.19525,0.88672,482.555,1448.1724
20.3263,10132.0479,42.568,239.6986,8.8791,-1.2353,-0.11493,-1.4995,90.0064,-0.11539,3.6644,4.6602,7.5654,-32.7807,0.014174,1.4618,-0.082289,4.3348e-07,0.025989,0,86.7524,0.19537,0.89125,482.555,1448.1724
20.329,10132.0479,42.568,239.6986,8.8791,-1.2353,-0.11493,-1.4995,90.0064,-0.11539,3.6644,4.6602,7.5654,-32.7807,0.014174,1.4618,-0.082289,4.3348e-07,0.025989,0,86.7524,0.19562,0.8987,482.555,1448.1724
20.3333,10132.4025,42.5393,239.6978,8.8688,-1.2286,-0.12743,-0.80768,90.0054,-0.15489,3.6576,4.5393,8.155,-32.6775,0.014303,1.4293,-0.062052,4.3359e-07,0.026,0,86.8472,0.19486,0.96463,482.5538,1448.1525
20.3416,10132.7569,42.5106,239.6976,8.8586,-1.2219,-0.13416,-0.12982,90.0042,-0.18474,3.6509,4.6375,9.1086,-32.5764,0.014464,1.397,-0.039189,4.3371e-07,0.026011,0,86.995,0.19455,0.95104,482.5525,1448.1326
20.3499,10133.111,42.4816,239.6977,8.8484,-1.215,-0.13524,0.5343,90.0026,-0.20367,3.6444,4.7426,10.2284,-32.4759,0.014644,1.3652,-0.015558,4.3384e-07,0.026021,0,87.1429,0.19432,0.92842,482.5513,1448.1127
20.3583,10133.4649,42.4525,239.6981,8.8383,-1.208,-0.13079,1.185,90.0009,-0.21129,3.6379,4.85,11.4014,-32.3759,0.014779,1.3342,0.007299,4.3398e-07,0.026032,0,87.2908,0.19418,0.90168,482.55,1448.0928
20.3666,10133.8186,42.4232,239.6987,8.8283,-1.2009,-0.12091,1.8225,89.9992,-0.20799,3.6315,4.9563,12.534,-32.2733,0.014874,1.3042,0.028289,4.3413e-07,0.026043,0,87.4388,0.19413,0.87303,482.5487,1448.0729
20.3749,10134.172,42.3937,239.6995,8.8183,-1.1937,-0.10572,2.4473,89.9974,-0.19465,3.6251,5.0585,13.5597,-32.1689,0.014928,1.2753,0.046741,4.3429e-07,0.026053,0,87.5868,0.19412,0.84341,482.5475,1448.0531
20.3833,10134.5251,42.364,239.7006,8.8083,-1.1865,-0.085329,3.0597,89.9958,-0.17251,3.6189,5.1549,14.4374,-32.0627,0.014955,1.2476,0.062304,4.3446e-07,0.026064,0,87.7349,0.19414,0.81327,482.5462,1448.0332
20.3916,10134.878,42.3341,239.7019,8.7985,-1.1793,-0.059832,3.6599,89.9944,-0.14295,3.6127,5.2445,15.1457,-31.9555,0.014976,1.221,0.074881,4.3464e-07,0.026075,0,87.8829,0.19414,0.78276,482.545,1448.0134
20.3999,10135.2307,42.3041,239.7035,8.7886,-1.172,-0.029334,4.2483,89.9932,-0.10741,3.6067,5.3264,15.6785,-31.8486,0.014981,0.050298,0.084563,4.3482e-07,0.026085,0,87.5275,0.19412,0.75213,482.5437,1447.9936
20.4083,10135.5831,42.2737,239.7044,8.7789,-1.1648,0.0060684,4.2785,89.9923,-0.067288,3.6007,5.2648,5.6566,-28.8913,0.014999,-1.3552,0.091477,4.3501e-07,0.026096,0,87.1722,0.19398,0.78318,482.5424,1447.9738
20.4166,10135.9352,42.2428,239.7046,8.7692,-1.1576,0.041722,3.638,89.9917,-0.023826,3.5948,5.1213,-6.6584,-25.3622,0.015036,-1.5528,0.095894,4.3519e-07,0.026106,0,86.8171,0.19372,0.85453,482.5412,1447.954
20.4249,10136.2871,42.2115,239.704,8.7595,-1.1505,0.072038,2.9036,89.9915,0.021886,3.589,4.9737,-8.1654,-24.8543,0.015118,-1.523,0.098246,4.3538e-07,0.026117,0,86.4624,0.19334,0.93124,482.5399,1447.9342
20.427,10136.2871,42.2115,239.704,8.7595,-1.1505,0.072038,2.9036,89.9915,0.021886,3.589,4.9737,-8.1654,-24.8543,0.015118,-1.523,0.098246,4.3538e-07,0.026117,0,86.4624,0.1935,0.9302,482.5399,1447.9342
20.427,10136.2871,42.2115,239.704,8.7595,-1.1505,0.072038,2.9036,89.9915,0.021886,3.589,4.9737,-8.1654,-24.8543,0.015118,-1.523,0.098246,4.3538e-07,0.026117,0,86.4624,0.1935,0.9302,482.5399,1447.9342
20.4333,10136.6388,42.1799,239.7032,8.75,-1.1434,0.096234,2.1836,89.9917,0.068863,3.5833,4.8668,-7.7358,-24.9159,0.015278,-1.4923,0.093817,4.3556e-07,0.026128,0,86.6101,0.19289,0.98979,482.5387,1447.9145
20.4395,10136.6388,42.1799,239.7032,8.75,-1.1434,0.096234,2.1836,89.9917,0.068863,3.5833,4.8668,-7.7358,-24.9159,0.015278,-1.4923,0.093817,4.3556e-07,0.026128,0,86.6101,0.19339,0.96049,482.5387,1447.9145
20.4398,10136.6388,42.1799,239.7032,8.75,-1.1434,0.096234,2.1836,89.9917,0.068863,3.5833,4.8668,-7.7358,-24.9159,0.015278,-1.4923,0.093817,4.3556e-07,0.026128,0,86.6101,0.19341,0.95946,482.5387,1447.9145
20.4398,10136.6388,42.1799,239.7032,8.75,-1.1434,0.096234,2.1836,89.9917,0.068863,3.5833,4.8668,-7.7358,-24.9159,0.015278,-1.4923,0.093817,4.3556e-07,0.026128,0,86.6101,0.19341,0.95946,482.5387,1447.9145
20.4416,10136.9901,42.1481,239.7029,8.7405,-1.1362,0.11443,1.4779,89.9923,0.11383,3.5777,4.9014,-7.722,-24.9824,0.015478,-1.4604,0.079627,4.3573e-07,0.026138,0,86.7578,0.19249,0.97502,482.5374,1447.8947
20.4434,10136.9901,42.1481,239.7029,8.7405,-1.1362,0.11443,1.4779,89.9923,0.11383,3.5777,4.9014,-7.722,-24.9824,0.015478,-1.4604,0.079627,4.3573e-07,0.026138,0,86.7578,0.19263,0.96729,482.5374,1447.8947
20.4469,10136.9901,42.1481,239.7029,8.7405,-1.1362,0.11443,1.4779,89.9923,0.11383,3.5777,4.9014,-7.722,-24.9824,0.015478,-1.4604,0.079627,4.3573e-07,0.026138,0,86.7578,0.1929,0.95544,482.5374,1447.8947
20.4499,10137.3412,42.1163,239.7028,8.731,-1.1289,0.12675,0.78637,89.9932,0.15206,3.5722,4.9119,-8.3058,-25.0531,0.015686,-1.428,0.05985,4.359e-07,0.026149,0,86.9057,0.19216,0.95215,482.5362,1447.875
20.4583,10137.6921,42.0842,239.703,8.7216,-1.1215,0.1333,0.10888,89.9945,0.18085,3.5668,4.9091,-9.234,-25.1238,0.015852,-1.3959,0.037563,4.3606e-07,0.02616,0,87.0535,0.19193,0.92555,482.5349,1447.8553
20.4666,10138.0426,42.0521,239.7034,8.7123,-1.114,0.13421,-0.55488,89.996,0.19899,3.5615,4.901,-10.32,-25.1901,0.015971,-1.3642,0.014558,4.3621e-07,0.02617,0,87.2014,0.19179,0.89719,482.5337,1447.8356
20.4749,10138.3929,42.0197,239.7041,8.703,-1.1063,0.12958,-1.2052,89.9976,0.20612,3.5562,4.8919,-11.4547,-25.2506,0.016035,-1.3334,-0.0076675,4.3634e-07,0.026181,0,87.3493,0.19173,0.86792,482.5324,1447.8159
20.4833,10138.7429,41.9873,239.705,8.6938,-1.0986,0.11954,-1.8424,89.9994,0.20263,3.551,4.8857,-12.5475,-25.3041,0.016055,-1.3035,-0.028065,4.3647e-07,0.026192,0,87.4973,0.19172,0.83812,482.5312,1447.7963
20.4916,10139.0927,41.9547,239.7062,8.6846,-1.0909,0.10419,-2.4668,90.001,0.18938,3.5459,4.8847,-13.5344,-25.3505,0.016044,-1.2748,-0.045989,4.3659e-07,0.026202,0,87.6453,0.19173,0.80797,482.5299,1447.7766
20.4999,10139.4422,41.922,239.7076,8.6756,-1.0831,0.083629,-3.0788,90.0026,0.16758,3.5409,4.8904,-14.3764,-25.3901,0.016019,-1.2471,-0.061105,4.367e-07,0.026213,0,87.7933,0.19174,0.77754,482.5287,1447.757
20.5083,10139.7914,41.8891,239.7092,8.6665,-1.0754,0.057972,-3.6787,90.004,0.13856,3.536,4.9034,-15.0528,-25.424,0.015964,-1.2206,-0.073324,4.368e-07,0.026223,0,87.438,0.19173,0.74685,482.5275,1447.7373
20.5166,10140.1403,41.8558,239.71,8.6576,-1.0677,0.027317,-4.2667,90.0052,0.10374,3.5312,4.7509,-15.5581,-25.4507,0.015919,0.060682,-0.082734,4.369e-07,0.026234,0,87.0828,0.19159,0.7949,482.5262,1447.7177
20.5249,10140.489,41.8222,239.71,8.6487,-1.06,-0.0082385,-4.2437,90.006,0.064453,3.5265,4.5697,-4.5166,-28.6271,0.015914,1.4391,-0.089459,4.3699e-07,0.026245,0,86.7279,0.19133,0.86754,482.525,1447.6982
20.5333,10140.8374,41.7881,239.7094,8.6399,-1.0524,-0.043602,-3.563,90.0066,0.021909,3.5218,4.3975,7.5567,-32.0626,0.01602,1.5494,-0.093774,4.3709e-07,0.026255,0,86.3734,0.19094,0.94457,482.5237,1447.6786
20.5416,10141.1855,41.7541,239.7095,8.6311,-1.0448,-0.073293,-2.8299,90.0068,-0.022832,3.5173,4.4342,8.2715,-32.3338,0.016179,1.5196,-0.096097,4.3718e-07,0.026266,0,86.5211,0.19056,0.93105,482.5225,1447.659
20.5436,10141.1855,41.7541,239.7095,8.6311,-1.0448,-0.073293,-2.8299,90.0068,-0.022832,3.5173,4.4342,8.2715,-32.3338,0.016179,1.5196,-0.096097,4.3718e-07,0.026266,0,86.5211,0.1907,0.93083,482.5225,1447.659
20.5436,10141.1855,41.7541,239.7095,8.6311,-1.0448,-0.073293,-2.8299,90.0068,-0.022832,3.5173,4.4342,8.2715,-32.3338,0.016179,1.5196,-0.096097,4.3718e-07,0.026266,0,86.5211,0.1907,0.93083,482.5225,1447.659
20.5499,10141.5333,41.7199,239.7098,8.6224,-1.0372,-0.096875,-2.1113,90.0066,-0.068813,3.5128,4.476,7.8402,-32.256,0.016375,1.4889,-0.091316,4.3728e-07,0.026277,0,86.669,0.1902,0.90873,482.5212,1447.6395
20.5562,10141.5333,41.7199,239.7098,8.6224,-1.0372,-0.096875,-2.1113,90.0066,-0.068813,3.5128,4.476,7.8402,-32.256,0.016375,1.4889,-0.091316,4.3728e-07,0.026277,0,86.669,0.19062,0.91884,482.5212,1447.6395
20.5564,10141.5333,41.7199,239.7098,8.6224,-1.0372,-0.096875,-2.1113,90.0066,-0.068813,3.5128,4.476,7.8402,-32.256,0.016375,1.4889,-0.091316,4.3728e-07,0.026277,0,86.669,0.19063,0.91901,482.5212,1447.6395
20.5564,10141.5333,41.7199,239.7098,8.6224,-1.0372,-0.096875,-2.1113,90.0066,-0.068813,3.5128,4.476,7.8402,-32.256,0.016375,1.4889,-0.091316,4.3728e-07,0.026277,0,86.669,0.19063,0.91901,482.5212,1447.6395
20.5583,10141.8808,41.6856,239.7103,8.6138,-1.0295,-0.11447,-1.4069,90.006,-0.1126,3.5084,4.5359,7.8461,-32.1767,0.016545,1.457,-0.076881,4.3738e-07,0.026287,0,86.8168,0.18988,0.88235,482.52,1447.62
20.5601,10141.8808,41.6856,239.7103,8.6138,-1.0295,-0.11447,-1.4069,90.006,-0.1126,3.5084,4.5359,7.8461,-32.1767,0.016545,1.457,-0.076881,4.3738e-07,0.026287,0,86.8168,0.19001,0.89052,482.52,1447.62
20.5638,10141.8808,41.6856,239.7103,8.6138,-1.0295,-0.11447,-1.4069,90.006,-0.1126,3.5084,4.5359,7.8461,-32.1767,0.016545,1.457,-0.076881,4.3738e-07,0.026287,0,86.8168,0.19026,0.90298,482.52,1447.62
20.5666,10142.228,41.6512,239.7111,8.6052,-1.0217,-0.12619,-0.71674,90.0051,-0.14953,3.5041,4.6208,8.4447,-32.0915,0.016682,1.4248,-0.057307,4.375e-07,0.026298,0,86.9648,0.18964,0.85405,482.5188,1447.6005
20.5749,10142.575,41.6168,239.7122,8.5967,-1.0138,-0.13217,-0.040548,90.0038,-0.17711,3.4999,4.7194,9.3619,-32.0021,0.016775,1.3928,-0.035414,4.3762e-07,0.026309,0,87.1127,0.18947,0.82472,482.5175,1447.581
20.5833,10142.9216,41.5822,239.7134,8.5883,-1.0058,-0.1325,0.62193,90.0024,-0.19421,3.4958,4.8247,10.4265,-31.9091,0.016823,1.3613,-0.012908,4.3775e-07,0.026319,0,87.2607,0.18937,0.7948,482.5163,1447.5615
20.5916,10143.268,41.5475,239.715,8.5799,-0.99777,-0.12732,1.271,90.0007,-0.20055,3.4917,4.9323,11.5349,-31.8131,0.01683,1.3306,0.0087642,4.3789e-07,0.02633,0,87.4087,0.18933,0.76448,482.5151,1447.542
20.5999,10143.6141,41.5127,239.7167,8.5716,-0.98969,-0.11673,1.907,89.9991,-0.19652,3.4878,5.0385,12.5991,-31.7148,0.01676,1.301,0.028605,4.3804e-07,0.026341,0,87.0534,0.18932,0.73385,482.5138,1447.5226
20.6083,10143.9599,41.4774,239.7174,8.5634,-0.98161,-0.10084,2.5302,89.9974,-0.183,3.4839,4.9318,13.5584,-31.6122,0.016663,1.2724,0.046006,4.382e-07,0.026351,0,86.6983,0.18921,0.79844,482.5126,1447.5032
20.6097,10143.9599,41.4774,239.7174,8.5634,-0.98161,-0.10084,2.5302,89.9974,-0.183,3.4839,4.9318,13.5584,-31.6122,0.016663,1.2724,0.046006,4.382e-07,0.026351,0,86.6983,0.1893,0.81633,482.5126,1447.5032
20.6097,10143.9599,41.4774,239.7174,8.5634,-0.98161,-0.10084,2.5302,89.9974,-0.183,3.4839,4.9318,13.5584,-31.6122,0.016663,1.2724,0.046006,4.382e-07,0.026351,0,86.6983,0.1893,0.81633,482.5126,1447.5032
20.6166,10144.3054,41.4418,239.7174,8.5552,-0.97355,-0.079753,3.1409,89.9959,-0.16116,3.4801,4.8215,14.3755,-31.5082,0.016563,1.2448,0.060655,4.3837e-07,0.026362,0,86.3436,0.18902,0.87195,482.5114,1447.4838
20.6167,10144.3054,41.4418,239.7174,8.5552,-0.97355,-0.079753,3.1409,89.9959,-0.16116,3.4801,4.8215,14.3755,-31.5082,0.016563,1.2448,0.060655,4.3837e-07,0.026362,0,86.3436,0.18903,0.87242,482.5114,1447.4838
20.6167,10144.3054,41.4418,239.7174,8.5552,-0.97355,-0.079753,3.1409,89.9959,-0.16116,3.4801,4.8215,14.3755,-31.5082,0.016563,1.2448,0.060655,4.3837e-07,0.026362,0,86.3436,0.18903,0.87242,482.5114,1447.4838
20.6235,10144.3054,41.4418,239.7174,8.5552,-0.97355,-0.079753,3.1409,89.9959,-0.16116,3.4801,4.8215,14.3755,-31.5082,0.016563,1.2448,0.060655,4.3837e-07,0.026362,0,86.3436,0.18944,0.9012,482.5114,1447.4838
20.6249,10144.6506,41.4059,239.7168,8.5471,-0.96555,-0.053579,3.7396,89.9946,-0.13234,3.4764,4.7065,15.0314,-31.4044,0.016571,1.1521,0.072476,4.3855e-07,0.026372,0,85.9891,0.18873,0.94878,482.5101,1447.4644
20.6318,10144.6506,41.4059,239.7168,8.5471,-0.96555,-0.053579,3.7396,89.9946,-0.13234,3.4764,4.7065,15.0314,-31.4044,0.016571,1.1521,0.072476,4.3855e-07,0.026372,0,85.9891,0.18913,0.93997,482.5101,1447.4644
20.6333,10144.9955,41.37,239.7168,8.5391,-0.95755,-0.022416,4.2948,89.9934,-0.097879,3.4728,4.7853,14.9193,-31.1421,0.016654,-0.19297,0.08155,4.3873e-07,0.026383,0,86.1369,0.18843,0.93535,482.5089,1447.445
20.6404,10144.9955,41.37,239.7168,8.5391,-0.95755,-0.022416,4.2948,89.9934,-0.097879,3.4728,4.7853,14.9193,-31.1421,0.016654,-0.19297,0.08155,4.3873e-07,0.026383,0,86.1369,0.18885,0.93344,482.5089,1447.445
20.6416,10145.3401,41.3341,239.7171,8.5311,-0.94955,0.013373,4.2084,89.9926,-0.059112,3.4693,4.8555,3.2788,-27.7665,0.016817,-1.5495,0.088034,4.3891e-07,0.026394,0,86.2846,0.18814,0.9134,482.5077,1447.4256
20.6478,10145.3401,41.3341,239.7171,8.5311,-0.94955,0.013373,4.2084,89.9926,-0.059112,3.4693,4.8555,3.2788,-27.7665,0.016817,-1.5495,0.088034,4.3891e-07,0.026394,0,86.2846,0.18849,0.92191,482.5077,1447.4256
20.6499,10145.6844,41.298,239.7176,8.5232,-0.94152,0.048443,3.4749,89.9921,-0.017195,3.4659,4.9184,-8.6195,-24.3806,0.01698,-1.5455,0.092193,4.391e-07,0.026404,0,86.4325,0.18786,0.88747,482.5065,1447.4063
20.6583,10146.0284,41.2619,239.7184,8.5154,-0.93346,0.0774,2.7435,89.992,0.026841,3.4625,4.9759,-8.3158,-24.3943,0.017125,-1.5157,0.094149,4.3928e-07,0.026415,0,86.5803,0.18759,0.85965,482.5052,1447.387
20.6603,10146.0284,41.2619,239.7184,8.5154,-0.93346,0.0774,2.7435,89.992,0.026841,3.4625,4.9759,-8.3158,-24.3943,0.017125,-1.5157,0.094149,4.3928e-07,0.026415,0,86.5803,0.18771,0.8733,482.5052,1447.387
20.6603,10146.0284,41.2619,239.7184,8.5154,-0.93346,0.0774,2.7435,89.992,0.026841,3.4625,4.9759,-8.3158,-24.3943,0.017125,-1.5157,0.094149,4.3928e-07,0.026415,0,86.5803,0.18771,0.8733,482.5052,1447.387
20.6666,10146.3721,41.2258,239.7194,8.5076,-0.92537,0.10026,2.0264,89.9922,0.071927,3.4592,5.0287,-7.9143,-24.4698,0.017238,-1.485,0.088741,4.3946e-07,0.026426,0,86.7282,0.18735,0.83083,482.504,1447.3677
20.6728,10146.3721,41.2258,239.7194,8.5076,-0.92537,0.10026,2.0264,89.9922,0.071927,3.4592,5.0287,-7.9143,-24.4698,0.017238,-1.485,0.088741,4.3946e-07,0.026426,0,86.7282,0.18769,0.87791,482.504,1447.3677
20.6731,10146.3721,41.2258,239.7194,8.5076,-0.92537,0.10026,2.0264,89.9922,0.071927,3.4592,5.0287,-7.9143,-24.4698,0.017238,-1.485,0.088741,4.3946e-07,0.026426,0,86.7282,0.18771,0.87941,482.504,1447.3677
20.6731,10146.3721,41.2258,239.7194,8.5076,-0.92537,0.10026,2.0264,89.9922,0.071927,3.4592,5.0287,-7.9143,-24.4698,0.017238,-1.485,0.088741,4.3946e-07,0.026426,0,86.7282,0.18771,0.87941,482.504,1447.3677
20.6749,10146.7155,41.1895,239.7206,8.4999,-0.91725,0.11715,1.3237,89.9928,0.11451,3.456,5.0638,-7.9642,-24.5443,0.01732,-1.4531,0.073778,4.3963e-07,0.026436,0,86.8762,0.18714,0.80137,482.5028,1447.3484
20.6767,10146.7155,41.1895,239.7206,8.4999,-0.91725,0.11715,1.3237,89.9928,0.11451,3.456,5.0638,-7.9642,-24.5443,0.01732,-1.4531,0.073778,4.3963e-07,0.026436,0,86.8762,0.18723,0.82292,482.5028,1447.3484
20.6803,10146.7155,41.1895,239.7206,8.4999,-0.91725,0.11715,1.3237,89.9928,0.11451,3.456,5.0638,-7.9642,-24.5443,0.01732,-1.4531,0.073778,4.3963e-07,0.026436,0,86.8762,0.18743,0.85598,482.5028,1447.3484
20.6833,10147.0586,41.1532,239.7221,8.4923,-0.90908,0.12818,0.6351,89.9938,0.14996,3.4529,5.076,-8.5993,-24.6187,0.017369,-1.421,0.05421,4.3979e-07,0.026447,0,87.0241,0.18696,0.77148,482.5016,1447.3291
20.6916,10147.4013,41.1168,239.7238,8.4847,-0.90086,0.13347,-0.039538,89.995,0.17606,3.4499,5.0775,-9.5191,-24.6904,0.017345,-1.3891,0.032581,4.3994e-07,0.026458,0,86.6689,0.18683,0.7412,482.5003,1447.3099
20.6999,10147.7438,41.08,239.7245,8.4772,-0.89262,0.13314,-0.70048,89.9965,0.19181,3.4469,4.8784,-10.5691,-24.7554,0.017281,-1.3578,0.010488,4.4009e-07,0.026468,0,86.314,0.18665,0.80035,482.4991,1447.2906
20.7083,10148.086,41.0429,239.7245,8.4698,-0.88436,0.1273,-1.348,89.9981,0.19698,3.4441,4.6691,-11.6525,-24.8146,0.017193,-1.3273,-0.010673,4.4022e-07,0.026479,0,85.9593,0.18643,0.87309,482.4979,1447.2714
20.7166,10148.4279,41.0055,239.7239,8.4624,-0.8761,0.11607,-1.9825,89.9997,0.19202,3.4413,4.4649,-12.6843,-24.8683,0.017177,-1.2977,-0.029964,4.4035e-07,0.02649,0,86.0242,0.18615,0.94945,482.4967,1447.2522
20.7249,10148.7694,40.9682,239.7239,8.4551,-0.86782,0.09955,-2.6042,90.0013,0.17782,3.4387,4.4665,-13.6077,-24.9214,0.017199,-1.2693,-0.046824,4.4046e-07,0.0265,0,86.1719,0.18591,0.93584,482.4955,1447.233
20.7312,10148.7694,40.9682,239.7239,8.4551,-0.86782,0.09955,-2.6042,90.0013,0.17782,3.4387,4.4665,-13.6077,-24.9214,0.017199,-1.2693,-0.046824,4.4046e-07,0.0265,0,86.1719,0.18622,0.93456,482.4955,1447.233
20.7312,10148.7694,40.9682,239.7239,8.4551,-0.86782,0.09955,-2.6042,90.0013,0.17782,3.4387,4.4665,-13.6077,-24.9214,0.017199,-1.2693,-0.046824,4.4046e-07,0.0265,0,86.1719,0.18622,0.93456,482.4955,1447.233
20.7333,10149.1107,40.9309,239.7242,8.4479,-0.85951,0.077848,-3.2136,90.0028,0.15556,3.4361,4.4741,-14.3885,-24.9718,0.017262,-1.2419,-0.060973,4.4057e-07,0.026511,0,86.3196,0.18571,0.91345,482.4943,1447.2139
20.7353,10149.1107,40.9309,239.7242,8.4479,-0.85951,0.077848,-3.2136,90.0028,0.15556,3.4361,4.4741,-14.3885,-24.9718,0.017262,-1.2419,-0.060973,4.4057e-07,0.026511,0,86.3196,0.1858,0.9171,482.4943,1447.2139
20.7354,10149.1107,40.9309,239.7242,8.4479,-0.85951,0.077848,-3.2136,90.0028,0.15556,3.4361,4.4741,-14.3885,-24.9718,0.017262,-1.2419,-0.060973,4.4057e-07,0.026511,0,86.3196,0.1858,0.91721,482.4943,1447.2139
20.7354,10149.1107,40.9309,239.7242,8.4479,-0.85951,0.077848,-3.2136,90.0028,0.15556,3.4361,4.4741,-14.3885,-24.9718,0.017262,-1.2419,-0.060973,4.4057e-07,0.026511,0,86.3196,0.1858,0.91721,482.4943,1447.2139
20.7394,10149.1107,40.9309,239.7242,8.4479,-0.85951,0.077848,-3.2136,90.0028,0.15556,3.4361,4.4741,-14.3885,-24.9718,0.017262,-1.2419,-0.060973,4.4057e-07,0.026511,0,86.3196,0.18599,0.92265,482.4943,1447.2139
20.7416,10149.4516,40.8935,239.7248,8.4408,-0.85117,0.051069,-3.8108,90.0041,0.12655,3.4335,4.4884,-15.0096,-25.0193,0.017321,-0.93643,-0.072355,4.4067e-07,0.026521,0,86.4674,0.18552,0.88708,482.493,1447.1947
20.7427,10149.4516,40.8935,239.7248,8.4408,-0.85117,0.051069,-3.8108,90.0041,0.12655,3.4335,4.4884,-15.0096,-25.0193,0.017321,-0.93643,-0.072355,4.4067e-07,0.026521,0,86.4674,0.18557,0.89193,482.493,1447.1947
20.7427,10149.4516,40.8935,239.7248,8.4408,-0.85117,0.051069,-3.8108,90.0041,0.12655,3.4335,4.4884,-15.0096,-25.0193,0.017321,-0.93643,-0.072355,4.4067e-07,0.026521,0,86.4674,0.18557,0.89193,482.493,1447.1947
20.7489,10149.4516,40.8935,239.7248,8.4408,-0.85117,0.051069,-3.8108,90.0041,0.12655,3.4335,4.4884,-15.0096,-25.0193,0.017321,-0.93643,-0.072355,4.4067e-07,0.026521,0,86.4674,0.18586,0.91128,482.493,1447.1947
20.7499,10149.7922,40.856,239.7255,8.4337,-0.84282,0.019313,-4.263,90.0052,0.092104,3.4311,4.5093,-12.9363,-25.7629,0.017393,0.39547,-0.081044,4.4076e-07,0.026532,0,86.6152,0.18535,0.85916,482.4918,1447.1756
20.7549,10149.7922,40.856,239.7255,8.4337,-0.84282,0.019313,-4.263,90.0052,0.092104,3.4311,4.5093,-12.9363,-25.7629,0.017393,0.39547,-0.081044,4.4076e-07,0.026532,0,86.6152,0.18558,0.88845,482.4918,1447.1756
20.7583,10150.1325,40.8185,239.7265,8.4267,-0.83447,-0.016212,-4.0798,90.0059,0.053516,3.4287,4.5366,-1.3943,-29.0865,0.017474,1.5695,-0.08723,4.4085e-07,0.026543,0,86.763,0.18518,0.83058,482.4906,1447.1565
20.7666,10150.4725,40.781,239.7278,8.4197,-0.82613,-0.05021,-3.3366,90.0064,0.01191,3.4264,4.5706,8.8597,-32.0276,0.017549,1.5397,-0.091184,4.4095e-07,0.026553,0,86.9109,0.18499,0.80149,482.4894,1447.1374
20.7749,10150.8122,40.7435,239.7292,8.4128,-0.8178,-0.078014,-2.6078,90.0065,-0.031703,3.4242,4.6107,8.329,-31.9568,0.017605,1.5098,-0.092105,4.4104e-07,0.026564,0,87.0589,0.18479,0.77201,482.4882,1447.1183
20.7774,10150.8122,40.7435,239.7292,8.4128,-0.8178,-0.078014,-2.6078,90.0065,-0.031703,3.4242,4.6107,8.329,-31.9568,0.017605,1.5098,-0.092105,4.4104e-07,0.026564,0,87.0589,0.1849,0.80699,482.4882,1447.1183
20.7774,10150.8122,40.7435,239.7292,8.4128,-0.8178,-0.078014,-2.6078,90.0065,-0.031703,3.4242,4.6107,8.329,-31.9568,0.017605,1.5098,-0.092105,4.4104e-07,0.026564,0,87.0589,0.1849,0.80699,482.4882,1447.1183
20.7833,10151.1516,40.7059,239.731,8.406,-0.80949,-0.099746,-1.8934,90.0062,-0.075855,3.4221,4.659,7.988,-31.883,0.017611,1.479,-0.085451,4.4114e-07,0.026575,0,86.7037,0.18459,0.74223,482.487,1447.0992
20.7891,10151.1516,40.7059,239.731,8.406,-0.80949,-0.099746,-1.8934,90.0062,-0.075855,3.4221,4.659,7.988,-31.883,0.017611,1.479,-0.085451,4.4114e-07,0.026575,0,86.7037,0.18483,0.82701,482.487,1447.0992
20.7902,10151.1516,40.7059,239.731,8.406,-0.80949,-0.099746,-1.8934,90.0062,-0.075855,3.4221,4.659,7.988,-31.883,0.017611,1.479,-0.085451,4.4114e-07,0.026575,0,86.7037,0.18487,0.83743,482.487,1447.0992
20.7902,10151.1516,40.7059,239.731,8.406,-0.80949,-0.099746,-1.8934,90.0062,-0.075855,3.4221,4.659,7.988,-31.883,0.017611,1.479,-0.085451,4.4114e-07,0.026575,0,86.7037,0.18487,0.83743,482.487,1447.0992
20.7916,10151.4906,40.6681,239.7319,8.3993,-0.80118,-0.11552,-1.1932,90.0056,-0.11688,3.42,4.5732,8.1128,-31.8026,0.017583,1.4472,-0.069976,4.4125e-07,0.026585,0,86.3488,0.18432,0.78236,482.4858,1447.0802
20.793,10151.4906,40.6681,239.7319,8.3993,-0.80118,-0.11552,-1.1932,90.0056,-0.11688,3.42,4.5732,8.1128,-31.8026,0.017583,1.4472,-0.069976,4.4125e-07,0.026585,0,86.3488,0.18437,0.8021,482.4858,1447.0802
20.7958,10151.4906,40.6681,239.7319,8.3993,-0.80118,-0.11552,-1.1932,90.0056,-0.11688,3.42,4.5732,8.1128,-31.8026,0.017583,1.4472,-0.069976,4.4125e-07,0.026585,0,86.3488,0.18448,0.83417,482.4858,1447.0802
20.7999,10151.8294,40.6299,239.7321,8.3926,-0.79288,-0.12547,-0.50711,90.0046,-0.15053,3.4181,4.4582,8.7797,-31.7159,0.017537,1.4151,-0.050351,4.4136e-07,0.026596,0,85.9942,0.18399,0.85333,482.4846,1447.0612
20.8083,10152.1678,40.5915,239.7317,8.386,-0.78457,-0.12969,0.16503,90.0034,-0.17479,3.4162,4.3563,9.705,-31.6259,0.017551,1.3834,-0.028938,4.4148e-07,0.026607,0,85.6399,0.18362,0.92894,482.4834,1447.0422
20.8166,10152.5059,40.5532,239.7319,8.3795,-0.77622,-0.12832,0.82352,90.0019,-0.18879,3.4144,4.4516,10.7452,-31.5384,0.017595,1.3522,-0.0072648,4.4162e-07,0.026617,0,85.7875,0.18331,0.91902,482.4822,1447.0232
20.8249,10152.8437,40.5148,239.7323,8.3731,-0.7678,-0.12145,1.4687,90.0003,-0.19241,3.4127,4.5565,11.8077,-31.4522,0.017659,1.3219,0.013358,4.4176e-07,0.026628,0,85.9352,0.18308,0.89696,482.481,1447.0042
20.8332,10153.1812,40.4765,239.733,8.3667,-0.75932,-0.10922,2.1008,89.9987,-0.18614,3.4111,4.659,12.8127,-31.367,0.017691,1.2926,0.032062,4.4191e-07,0.026639,0,86.083,0.18291,0.87075,482.4798,1446.9852
20.8416,10153.5183,40.4381,239.7339,8.3603,-0.75079,-0.091709,2.7202,89.9972,-0.17092,3.4095,4.7572,13.7074,-31.2805,0.017699,1.2644,0.048334,4.4207e-07,0.026649,0,86.2308,0.1828,0.84263,482.4785,1446.9663
20.8499,10153.8551,40.3997,239.735,8.3541,-0.74224,-0.069041,3.3273,89.9957,-0.1479,3.408,4.8498,14.4604,-31.1929,0.017685,1.2373,0.061928,4.4223e-07,0.02666,0,86.3786,0.1827,0.81355,482.4773,1446.9474
20.8549,10153.8551,40.3997,239.735,8.3541,-0.74224,-0.069041,3.3273,89.9957,-0.1479,3.408,4.8498,14.4604,-31.1929,0.017685,1.2373,0.061928,4.4223e-07,0.02666,0,86.3786,0.18287,0.86116,482.4773,1446.9474
20.8549,10153.8551,40.3997,239.735,8.3541,-0.74224,-0.069041,3.3273,89.9957,-0.1479,3.408,4.8498,14.4604,-31.1929,0.017685,1.2373,0.061928,4.4223e-07,0.02666,0,86.3786,0.18287,0.86116,482.4773,1446.9474
20.8582,10154.1916,40.3614,239.7364,8.3479,-0.73371,-0.041314,3.9223,89.9945,-0.11839,3.4066,4.9359,15.0566,-31.1046,0.017669,0.69282,0.072813,4.4241e-07,0.02667,0,86.5265,0.18261,0.78399,482.4762,1446.9285
20.861,10154.1916,40.3614,239.7364,8.3479,-0.73371,-0.041314,3.9223,89.9945,-0.11839,3.4066,4.9359,15.0566,-31.1046,0.017669,0.69282,0.072813,4.4241e-07,0.02667,0,86.5265,0.1827,0.81982,482.4762,1446.9285
20.861,10154.1916,40.3614,239.7364,8.3479,-0.73371,-0.041314,3.9223,89.9945,-0.11839,3.4066,4.9359,15.0566,-31.1046,0.017669,0.69282,0.072813,4.4241e-07,0.02667,0,86.5265,0.1827,0.81982,482.4762,1446.9285
20.8643,10154.1916,40.3614,239.7364,8.3479,-0.73371,-0.041314,3.9223,89.9945,-0.11839,3.4066,4.9359,15.0566,-31.1046,0.017669,0.69282,0.072813,4.4241e-07,0.02667,0,86.5265,0.1828,0.85212,482.4762,1446.9285
20.8666,10154.5278,40.323,239.738,8.3418,-0.7252,-0.0086288,4.2582,89.9935,-0.083678,3.4053,5.0143,10.7911,-29.7263,0.017666,-0.6293,0.081084,4.4258e-07,0.026681,0,86.6744,0.18249,0.75439,482.475,1446.9096
20.8722,10154.5278,40.323,239.738,8.3418,-0.7252,-0.0086288,4.2582,89.9935,-0.083678,3.4053,5.0143,10.7911,-29.7263,0.017666,-0.6293,0.081084,4.4258e-07,0.026681,0,86.6744,0.18267,0.83126,482.475,1446.9096
20.8749,10154.8637,40.2847,239.7399,8.3358,-0.71673,0.026856,3.9633,89.9928,-0.045003,3.404,5.0854,-0.6902,-26.4183,0.01764,-1.5647,0.086895,4.4276e-07,0.026692,0,86.3194,0.18235,0.72469,482.4738,1446.8908
20.8832,10155.1992,40.246,239.7407,8.3298,-0.70833,0.059883,3.2222,89.9924,-0.0034846,3.4028,4.9434,-8.8123,-24.084,0.017609,-1.535,0.090604,4.4294e-07,0.026702,0,85.9645,0.18207,0.7893,482.4726,1446.8719
20.8916,10155.5344,40.2071,239.7408,8.3239,-0.69998,0.086734,2.4956,89.9924,0.03991,3.4017,4.7986,-8.3053,-24.1605,0.017575,-1.5049,0.090353,4.4312e-07,0.026713,0,85.6101,0.18169,0.86266,482.4714,1446.8531
20.8946,10155.5344,40.2071,239.7408,8.3239,-0.69998,0.086734,2.4956,89.9924,0.03991,3.4017,4.7986,-8.3053,-24.1605,0.017575,-1.5049,0.090353,4.4312e-07,0.026713,0,85.6101,0.18178,0.88105,482.4714,1446.8531
20.8946,10155.5344,40.2071,239.7408,8.3239,-0.69998,0.086734,2.4956,89.9924,0.03991,3.4017,4.7986,-8.3053,-24.1605,0.017575,-1.5049,0.090353,4.4312e-07,0.026713,0,85.6101,0.18178,0.88105,482.4714,1446.8531
20.8999,10155.8693,40.1679,239.7403,8.3181,-0.69169,0.10753,1.7834,89.9927,0.083264,3.4007,4.6466,-8.0425,-24.2355,0.017627,-1.4739,0.082216,4.4329e-07,0.026724,0,85.256,0.18123,0.93928,482.4702,1446.8343
20.9052,10155.8693,40.1679,239.7403,8.3181,-0.69169,0.10753,1.7834,89.9927,0.083264,3.4007,4.6466,-8.0425,-24.2355,0.017627,-1.4739,0.082216,4.4329e-07,0.026724,0,85.256,0.18137,0.9372,482.4702,1446.8343
20.9075,10155.8693,40.1679,239.7403,8.3181,-0.69169,0.10753,1.7834,89.9927,0.083264,3.4007,4.6466,-8.0425,-24.2355,0.017627,-1.4739,0.082216,4.4329e-07,0.026724,0,85.256,0.18143,0.93664,482.4702,1446.8343
20.9075,10155.8693,40.1679,239.7403,8.3181,-0.69169,0.10753,1.7834,89.9927,0.083264,3.4007,4.6466,-8.0425,-24.2355,0.017627,-1.4739,0.082216,4.4329e-07,0.026724,0,85.256,0.18143,0.93664,482.4702,1446.8343
20.9082,10156.2039,40.1289,239.7404,8.3124,-0.68338,0.12239,1.0853,89.9934,0.12277,3.3998,4.675,-8.2629,-24.3164,0.017716,-1.442,0.066176,4.4345e-07,0.026734,0,85.4036,0.18081,0.92624,482.469,1446.8155
20.909,10156.2039,40.1289,239.7404,8.3124,-0.68338,0.12239,1.0853,89.9934,0.12277,3.3998,4.675,-8.2629,-24.3164,0.017716,-1.442,0.066176,4.4345e-07,0.026734,0,85.4036,0.18083,0.92682,482.469,1446.8155
20.9105,10156.2039,40.1289,239.7404,8.3124,-0.68338,0.12239,1.0853,89.9934,0.12277,3.3998,4.675,-8.2629,-24.3164,0.017716,-1.442,0.066176,4.4345e-07,0.026734,0,85.4036,0.18087,0.92787,482.469,1446.8155
20.9134,10156.2039,40.1289,239.7404,8.3124,-0.68338,0.12239,1.0853,89.9934,0.12277,3.3998,4.675,-8.2629,-24.3164,0.017716,-1.442,0.066176,4.4345e-07,0.026734,0,85.4036,0.18094,0.9296,482.469,1446.8155
20.9166,10156.5381,40.0899,239.7408,8.3067,-0.67501,0.13144,0.40138,89.9945,0.15461,3.3989,4.684,-8.968,-24.4001,0.017829,-1.4101,0.046411,4.436e-07,0.026745,0,85.5512,0.18046,0.90435,482.4678,1446.7967
20.9249,10156.8721,40.0509,239.7414,8.3011,-0.66656,0.13478,-0.26867,89.9957,0.17698,3.3981,4.6841,-9.9044,-24.4838,0.017904,-1.3785,0.025123,4.4375e-07,0.026756,0,85.6989,0.18019,0.8784,482.4666,1446.778
20.9332,10157.2057,40.0119,239.7422,8.2955,-0.65803,0.13254,-0.9251,89.9972,0.18915,3.3974,4.6813,-10.9384,-24.5626,0.01794,-1.3475,0.0037892,4.4388e-07,0.026766,0,85.8467,0.18002,0.85056,482.4654,1446.7593
20.9416,10157.5389,39.973,239.7433,8.29,-0.64944,0.12483,-1.5682,89.9988,0.19108,3.3968,4.679,-11.9803,-24.6356,0.017928,-1.3174,-0.016364,4.4401e-07,0.026777,0,85.9945,0.17991,0.82175,482.4642,1446.7405
20.9499,10157.8719,39.934,239.7447,8.2846,-0.64082,0.11176,-2.1984,90.0004,0.18335,3.3962,4.6805,-12.9555,-24.7018,0.017878,-1.2883,-0.034535,4.4412e-07,0.026788,0,86.1423,0.17985,0.79241,482.463,1446.7218
20.9582,10158.2045,39.8952,239.7462,8.2793,-0.6322,0.093444,-2.8159,90.0019,0.16691,3.3957,4.6875,-13.8155,-24.7611,0.017804,-1.2603,-0.050258,4.4423e-07,0.026798,0,86.2902,0.17981,0.7627,482.4619,1446.7032
20.9666,10158.5368,39.8563,239.748,8.2741,-0.62361,0.069979,-3.4211,90.0033,0.14293,3.3953,4.701,-14.5317,-24.8141,0.017677,-1.2333,-0.063327,4.4433e-07,0.026809,0,85.9352,0.17976,0.73272,482.4607,1446.6845
20.9747,10158.5368,39.8563,239.748,8.2741,-0.62361,0.069979,-3.4211,90.0033,0.14293,3.3953,4.701,-14.5317,-24.8141,0.017677,-1.2333,-0.063327,4.4433e-07,0.026809,0,85.9352,0.17991,0.84485,482.4607,1446.6845
20.9747,10158.5368,39.8563,239.748,8.2741,-0.62361,0.069979,-3.4211,90.0033,0.14293,3.3953,4.701,-14.5317,-24.8141,0.017677,-1.2333,-0.063327,4.4433e-07,0.026809,0,85.9352,0.17991,0.84485,482.4607,1446.6845
20.9749,10158.8688,39.8172,239.7487,8.2689,-0.61507,0.04147,-4.0143,90.0045,0.1127,3.3949,4.5156,-15.0915,-24.8588,0.017557,-0.45213,-0.073732,4.4442e-07,0.02682,0,85.5805,0.17958,0.79657,482.4595,1446.6659
20.9751,10158.8688,39.8172,239.7487,8.2689,-0.61507,0.04147,-4.0143,90.0045,0.1127,3.3949,4.5156,-15.0915,-24.8588,0.017557,-0.45213,-0.073732,4.4442e-07,0.02682,0,85.5805,0.17959,0.79898,482.4595,1446.6659
20.9754,10158.8688,39.8172,239.7487,8.2689,-0.61507,0.04147,-4.0143,90.0045,0.1127,3.3949,4.5156,-15.0915,-24.8588,0.017557,-0.45213,-0.073732,4.4442e-07,0.02682,0,85.5805,0.17959,0.80369,482.4595,1446.6659
20.9762,10158.8688,39.8172,239.7487,8.2689,-0.61507,0.04147,-4.0143,90.0045,0.1127,3.3949,4.5156,-15.0915,-24.8588,0.017557,-0.45213,-0.073732,4.4442e-07,0.02682,0,85.5805,0.17961,0.81261,482.4595,1446.6659
20.9776,10158.8688,39.8172,239.7487,8.2689,-0.61507,0.04147,-4.0143,90.0045,0.1127,3.3949,4.5156,-15.0915,-24.8588,0.017557,-0.45213,-0.073732,4.4442e-07,0.02682,0,85.5805,0.17963,0.82867,482.4595,1446.6659
20.9795,10158.8688,39.8172,239.7487,8.2689,-0.61507,0.04147,-4.0143,90.0045,0.1127,3.3949,4.5156,-15.0915,-24.8588,0.017557,-0.45213,-0.073732,4.4442e-07,0.02682,0,85.5805,0.17967,0.84694,482.4595,1446.6659
20.9795,10158.8688,39.8172,239.7487,8.2689,-0.61507,0.04147,-4.0143,90.0045,0.1127,3.3949,4.5156,-15.0915,-24.8588,0.017557,-0.45213,-0.073732,4.4442e-07,0.02682,0,85.5805,0.17967,0.84694,482.4595,1446.6659
20.9823,10158.8688,39.8172,239.7487,8.2689,-0.61507,0.04147,-4.0143,90.0045,0.1127,3.3949,4.5156,-15.0915,-24.8588,0.017557,-0.45213,-0.073732,4.4442e-07,0.02682,0,85.5805,0.17972,0.86848,482.4595,1446.6659
20.9832,10159.2004,39.7778,239.7488,8.2638,-0.60662,0.0080178,-4.2353,90.0054,0.077497,3.3947,4.3379,-8.6461,-26.7956,0.017469,0.86498,-0.081581,4.4451e-07,0.02683,0,85.2262,0.1793,0.86963,482.4583,1446.6473
20.987,10159.2004,39.7778,239.7488,8.2638,-0.60662,0.0080178,-4.2353,90.0054,0.077497,3.3947,4.3379,-8.6461,-26.7956,0.017469,0.86498,-0.081581,4.4451e-07,0.02683,0,85.2262,0.17936,0.88987,482.4583,1446.6473
20.9916,10159.5317,39.7383,239.7482,8.2587,-0.59825,-0.027276,-3.8279,90.0061,0.038515,3.3945,4.1687,2.8111,-30.0873,0.017502,1.5593,-0.087075,4.4459e-07,0.026841,0,85.3736,0.17889,0.94607,482.4571,1446.6287
20.9999,10159.8627,39.6989,239.7483,8.2537,-0.58992,-0.059174,-3.0894,90.0064,-0.0031639,3.3944,4.2039,8.7582,-31.8348,0.017589,1.5295,-0.090512,4.4468e-07,0.026852,0,85.5211,0.17849,0.93343,482.4559,1446.6101
21.0082,10160.1934,39.6596,239.7486,8.2488,-0.58158,-0.084919,-2.3653,90.0064,-0.046573,3.3943,4.2444,8.2639,-31.7734,0.017713,1.4994,-0.089081,4.4477e-07,0.026862,0,85.6687,0.1781,0.91202,482.4548,1446.5915
21.0119,10160.1934,39.6596,239.7486,8.2488,-0.58158,-0.084919,-2.3653,90.0064,-0.046573,3.3943,4.2444,8.2639,-31.7734,0.017713,1.4994,-0.089081,4.4477e-07,0.026862,0,85.6687,0.17815,0.91923,482.4548,1446.5915
21.0119,10160.1934,39.6596,239.7486,8.2488,-0.58158,-0.084919,-2.3653,90.0064,-0.046573,3.3943,4.2444,8.2639,-31.7734,0.017713,1.4994,-0.089081,4.4477e-07,0.026862,0,85.6687,0.17815,0.91923,482.4548,1446.5915
21.0166,10160.5237,39.6203,239.7492,8.244,-0.57322,-0.10463,-1.6556,90.006,-0.089359,3.3943,4.2973,8.0708,-31.7113,0.017813,1.4682,-0.079413,4.4487e-07,0.026873,0,85.8164,0.17776,0.88659,482.4536,1446.573
21.0213,10160.5237,39.6203,239.7492,8.244,-0.57322,-0.10463,-1.6556,90.006,-0.089359,3.3943,4.2973,8.0708,-31.7113,0.017813,1.4682,-0.079413,4.4487e-07,0.026873,0,85.8164,0.17782,0.90493,482.4536,1446.573
21.0249,10160.8537,39.5811,239.75,8.2392,-0.56481,-0.11843,-0.96001,90.0053,-0.12755,3.3944,4.3716,8.3839,-31.6439,0.017885,1.4363,-0.062722,4.4497e-07,0.026883,0,85.964,0.17748,0.85922,482.4524,1446.5544
21.0332,10161.1834,39.5419,239.751,8.2345,-0.55636,-0.12643,-0.27854,90.0042,-0.15774,3.3946,4.4642,9.1298,-31.5715,0.017915,1.4044,-0.042714,4.4508e-07,0.026894,0,86.1118,0.17726,0.83084,482.4512,1446.5359
21.0416,10161.5127,39.5028,239.7522,8.2299,-0.54786,-0.12875,0.38908,90.0029,-0.17834,3.3948,4.566,10.0837,-31.4952,0.017905,1.3729,-0.021444,4.452e-07,0.026905,0,86.2596,0.1771,0.80188,482.4501,1446.5174
21.0499,10161.8418,39.4638,239.7537,8.2254,-0.53932,-0.1255,1.0431,90.0014,-0.18874,3.3951,4.6718,11.1205,-31.4158,0.017855,1.3421,-0.00034881,4.4533e-07,0.026915,0,86.4074,0.177,0.77251,482.4489,1446.499
21.0582,10162.1705,39.4248,239.7555,8.2209,-0.53077,-0.11681,1.6839,89.9998,-0.18901,3.3954,4.7778,12.1529,-31.3339,0.017767,1.3122,0.019432,4.4547e-07,0.026926,0,86.1314,0.17694,0.74283,482.4477,1446.4805
21.0666,10162.4988,39.3858,239.7572,8.2165,-0.52222,-0.10278,2.3118,89.9982,-0.17978,3.3959,4.8448,13.1118,-31.2499,0.01762,1.2833,0.037155,4.4561e-07,0.026937,0,85.7765,0.17688,0.72949,482.4466,1446.4621
21.0749,10162.8269,39.3466,239.7579,8.2121,-0.51372,-0.083514,2.9271,89.9967,-0.16204,3.3964,4.7381,13.9517,-31.1625,0.01746,1.2555,0.052402,4.4577e-07,0.026947,0,85.422,0.17672,0.79486,482.4454,1446.4436
21.0832,10163.1546,39.3072,239.758,8.2078,-0.50529,-0.059121,3.5301,89.9954,-0.137,3.397,4.6275,14.647,-31.0745,0.017315,1.2287,0.065001,4.4593e-07,0.026958,0,85.0677,0.17647,0.868,482.4442,1446.4252
21.0916,10163.482,39.2676,239.7574,8.2036,-0.49694,-0.029704,4.1213,89.9943,-0.10591,3.3976,4.5123,15.187,-30.9875,0.017285,0.22701,0.074971,4.461e-07,0.026969,0,85.2151,0.17611,0.94402,482.4431,1446.4069
21.0981,10163.482,39.2676,239.7574,8.2036,-0.49694,-0.029704,4.1213,89.9943,-0.10591,3.3976,4.5123,15.187,-30.9875,0.017285,0.22701,0.074971,4.461e-07,0.026969,0,85.2151,0.17614,0.93982,482.4431,1446.4069
21.0981,10163.482,39.2676,239.7574,8.2036,-0.49694,-0.029704,4.1213,89.9943,-0.10591,3.3976,4.5123,15.187,-30.9875,0.017285,0.22701,0.074971,4.461e-07,0.026969,0,85.2151,0.17614,0.93982,482.4431,1446.4069
21.0999,10163.8091,39.2283,239.7575,8.1995,-0.48862,0.0046398,4.2348,89.9934,-0.070048,3.3984,4.5867,6.7171,-28.4785,0.017337,-1.0898,0.082432,4.4627e-07,0.026979,0,85.3626,0.17576,0.93162,482.4419,1446.3885
21.1017,10163.8091,39.2283,239.7575,8.1995,-0.48862,0.0046398,4.2348,89.9934,-0.070048,3.3984,4.5867,6.7171,-28.4785,0.017337,-1.0898,0.082432,4.4627e-07,0.026979,0,85.3626,0.17577,0.93225,482.4419,1446.3885
21.1053,10163.8091,39.2283,239.7575,8.1995,-0.48862,0.0046398,4.2348,89.9934,-0.070048,3.3984,4.5867,6.7171,-28.4785,0.017337,-1.0898,0.082432,4.4627e-07,0.026979,0,85.3626,0.17578,0.93327,482.4419,1446.3885
21.1082,10164.1358,39.189,239.7579,8.1955,-0.48033,0.039929,3.7201,89.9928,-0.030587,3.3991,4.6541,-4.7673,-25.2001,0.017452,-1.555,0.08761,4.4644e-07,0.02699,0,85.5101,0.17541,0.91051,482.4407,1446.3702
21.1166,10164.4622,39.1498,239.7584,8.1915,-0.47203,0.070929,2.9836,89.9925,0.011419,3.4,4.7155,-8.6645,-24.0575,0.01755,-1.5253,0.090797,4.4661e-07,0.027001,0,85.6577,0.17509,0.88541,482.4396,1446.3518
21.117,10164.4622,39.1498,239.7584,8.1915,-0.47203,0.070929,2.9836,89.9925,0.011419,3.4,4.7155,-8.6645,-24.0575,0.01755,-1.5253,0.090797,4.4661e-07,0.027001,0,85.6577,0.17509,0.88764,482.4396,1446.3518
21.117,10164.4622,39.1498,239.7584,8.1915,-0.47203,0.070929,2.9836,89.9925,0.011419,3.4,4.7155,-8.6645,-24.0575,0.01755,-1.5253,0.090797,4.4661e-07,0.027001,0,85.6577,0.17509,0.88764,482.4396,1446.3518
21.1249,10164.7883,39.1107,239.7592,8.1875,-0.46373,0.095792,2.2615,89.9926,0.055021,3.4009,4.7727,-8.1936,-24.1495,0.017627,-1.495,0.088251,4.4678e-07,0.027011,0,85.8054,0.17479,0.85842,482.4384,1446.3335
21.1293,10164.7883,39.1107,239.7592,8.1875,-0.46373,0.095792,2.2615,89.9926,0.055021,3.4009,4.7727,-8.1936,-24.1495,0.017627,-1.495,0.088251,4.4678e-07,0.027011,0,85.8054,0.17479,0.88614,482.4384,1446.3335
21.1293,10164.7883,39.1107,239.7592,8.1875,-0.46373,0.095792,2.2615,89.9926,0.055021,3.4009,4.7727,-8.1936,-24.1495,0.017627,-1.495,0.088251,4.4678e-07,0.027011,0,85.8054,0.17479,0.88614,482.4384,1446.3335
21.1332,10165.1141,39.0717,239.7602,8.1837,-0.45542,0.11464,1.5538,89.9931,0.09745,3.4019,4.8163,-8.0748,-24.24,0.01767,-1.4636,0.077089,4.4694e-07,0.027022,0,85.9531,0.17453,0.83044,482.4372,1446.3152
21.1372,10165.1141,39.0717,239.7602,8.1837,-0.45542,0.11464,1.5538,89.9931,0.09745,3.4019,4.8163,-8.0748,-24.24,0.01767,-1.4636,0.077089,4.4694e-07,0.027022,0,85.9531,0.17453,0.86457,482.4372,1446.3152
21.1416,10165.4395,39.0327,239.7615,8.1799,-0.44708,0.12759,0.86022,89.9939,0.13455,3.4029,4.8392,-8.4837,-24.3298,0.017678,-1.4317,0.059705,4.4709e-07,0.027033,0,86.1008,0.17431,0.80184,482.4361,1446.297
21.1499,10165.7646,38.9939,239.763,8.1762,-0.43873,0.13475,0.18072,89.995,0.16331,3.404,4.8474,-9.2752,-24.4175,0.017651,-1.3999,0.039383,4.4723e-07,0.027043,0,86.2486,0.17414,0.77279,482.4349,1446.2787
21.1582,10166.0894,38.9552,239.7647,8.1725,-0.43035,0.13626,-0.48497,89.9964,0.18231,3.4052,4.849,-10.2502,-24.5013,0.017592,-1.3685,0.018037,4.4736e-07,0.027054,0,86.1285,0.17402,0.7434,482.4338,1446.2605
21.1666,10166.4138,38.9165,239.7666,8.169,-0.42196,0.13222,-1.1371,89.9979,0.19106,3.4064,4.8486,-11.2923,-24.5804,0.017461,-1.3378,-0.002927,4.4749e-07,0.027065,0,85.7737,0.17393,0.71383,482.4326,1446.2423
21.1749,10166.738,38.8776,239.7675,8.1655,-0.41359,0.12274,-1.7761,89.9995,0.18974,3.4077,4.6451,-12.3162,-24.6512,0.0173,-1.308,-0.022439,4.476e-07,0.027075,0,85.4191,0.17378,0.7776,482.4315,1446.2241
21.1832,10167.0618,38.8386,239.7677,8.162,-0.40526,0.10794,-2.4021,90.0011,0.17904,3.4091,4.4477,-13.2569,-24.7157,0.017127,-1.2792,-0.039811,4.477e-07,0.027086,0,85.0649,0.17357,0.85005,482.4303,1446.2059
21.1916,10167.3853,38.7995,239.7673,8.1587,-0.39699,0.087925,-3.0156,90.0026,0.15999,3.4105,4.2582,-14.0724,-24.7745,0.017042,-1.2515,-0.054669,4.478e-07,0.027096,0,84.7112,0.17327,0.92576,482.4291,1446.1878
21.1999,10167.7085,38.7605,239.7676,8.1554,-0.38875,0.062795,-3.6169,90.0039,0.13381,3.4121,4.2726,-14.74,-24.8334,0.017014,-1.2249,-0.066876,4.4789e-07,0.027107,0,84.8587,0.173,0.91277,482.428,1446.1696
21.2082,10168.0313,38.7217,239.7681,8.1521,-0.38054,0.032655,-4.2063,90.005,0.10177,3.4136,4.2932,-15.2513,-24.8905,0.017049,-0.025408,-0.076474,4.4797e-07,0.027118,0,85.0062,0.17273,0.8912,482.4268,1446.1515
21.2166,10168.3538,38.683,239.7688,8.149,-0.37234,-0.0023974,-4.2236,90.0059,0.065123,3.4152,4.3191,-4.9632,-27.8944,0.017103,1.2957,-0.083604,4.4805e-07,0.027128,0,85.1537,0.17247,0.86611,482.4257,1446.1334
21.2249,10168.676,38.6444,239.7697,8.1459,-0.36416,-0.037594,-3.6107,90.0064,0.025029,3.4169,4.3513,6.5747,-31.217,0.017163,1.5508,-0.088502,4.4812e-07,0.027139,0,85.3014,0.17222,0.83925,482.4245,1446.1153
21.2332,10168.9979,38.606,239.7709,8.1429,-0.356,-0.067683,-2.8762,90.0066,-0.01747,3.4186,4.3895,8.5766,-31.8758,0.017198,1.5211,-0.091483,4.482e-07,0.02715,0,85.4491,0.17198,0.81145,482.4234,1446.0972
21.2343,10168.9979,38.606,239.7709,8.1429,-0.356,-0.067683,-2.8762,90.0066,-0.01747,3.4186,4.3895,8.5766,-31.8758,0.017198,1.5211,-0.091483,4.482e-07,0.02715,0,85.4491,0.17197,0.82386,482.4234,1446.0972
21.2343,10168.9979,38.606,239.7709,8.1429,-0.356,-0.067683,-2.8762,90.0066,-0.01747,3.4186,4.3895,8.5766,-31.8758,0.017198,1.5211,-0.091483,4.482e-07,0.02715,0,85.4491,0.17197,0.82386,482.4234,1446.0972
21.2416,10169.3194,38.5676,239.7723,8.1399,-0.34787,-0.091651,-2.1562,90.0065,-0.061454,3.4204,4.4331,8.1148,-31.8196,0.01721,1.4907,-0.08791,4.4828e-07,0.02716,0,85.5968,0.17175,0.78308,482.4223,1446.0792
21.2468,10169.3194,38.5676,239.7723,8.1399,-0.34787,-0.091651,-2.1562,90.0065,-0.061454,3.4204,4.4331,8.1148,-31.8196,0.01721,1.4907,-0.08791,4.4828e-07,0.02716,0,85.5968,0.17168,0.84476,482.4223,1446.0792
21.2468,10169.3194,38.5676,239.7723,8.1399,-0.34787,-0.091651,-2.1562,90.0065,-0.061454,3.4204,4.4331,8.1148,-31.8196,0.01721,1.4907,-0.08791,4.4828e-07,0.02716,0,85.5968,0.17168,0.84476,482.4223,1446.0792
21.2499,10169.6407,38.5294,239.7739,8.137,-0.33975,-0.10962,-1.4504,90.006,-0.10376,3.4223,4.4938,8.0567,-31.7585,0.017196,1.4591,-0.075313,4.4837e-07,0.027171,0,85.7445,0.17153,0.75429,482.4211,1446.0612
21.253,10169.6407,38.5294,239.7739,8.137,-0.33975,-0.10962,-1.4504,90.006,-0.10376,3.4223,4.4938,8.0567,-31.7585,0.017196,1.4591,-0.075313,4.4837e-07,0.027171,0,85.7445,0.17148,0.80255,482.4211,1446.0612
21.2582,10169.9616,38.4913,239.7758,8.1342,-0.33164,-0.12171,-0.75888,90.0051,-0.14002,3.4242,4.5779,8.5527,-31.6917,0.017115,1.4272,-0.057206,4.4847e-07,0.027182,0,85.3898,0.17133,0.72512,482.42,1446.0431
21.2666,10170.2822,38.4529,239.7766,8.1314,-0.32354,-0.12803,-0.081355,90.0039,-0.1676,3.4262,4.4725,9.3895,-31.6182,0.017002,1.3953,-0.036516,4.4857e-07,0.027192,0,85.0354,0.17108,0.78882,482.4188,1446.0252
21.2749,10170.6025,38.4145,239.7767,8.1288,-0.31547,-0.12871,0.58238,90.0025,-0.18522,3.4282,4.3764,10.3894,-31.5412,0.016867,1.364,-0.014999,4.4868e-07,0.027203,0,84.6814,0.17079,0.86112,482.4177,1446.0072
21.2832,10170.9224,38.376,239.7762,8.1261,-0.30741,-0.12385,1.2326,90.001,-0.1925,3.4304,4.285,11.4457,-31.4621,0.016801,1.3334,0.0059363,4.488e-07,0.027214,0,84.8287,0.17047,0.93661,482.4165,1445.9892
21.2916,10171.2421,38.3377,239.7764,8.1236,-0.29935,-0.11358,1.8697,89.9994,-0.18971,3.4325,4.3893,12.4728,-31.3866,0.016764,1.3037,0.025283,4.4894e-07,0.027224,0,84.9761,0.1702,0.92387,482.4154,1445.9713
21.2999,10171.5614,38.2995,239.7768,8.1211,-0.29128,-0.098003,2.4938,89.9978,-0.17761,3.4348,4.4897,13.4096,-31.3129,0.016753,1.2751,0.042407,4.4908e-07,0.027235,0,85.1235,0.16999,0.90247,482.4143,1445.9534
21.3019,10171.5614,38.2995,239.7768,8.1211,-0.29128,-0.098003,2.4938,89.9978,-0.17761,3.4348,4.4897,13.4096,-31.3129,0.016753,1.2751,0.042407,4.4908e-07,0.027235,0,85.1235,0.16995,0.90824,482.4143,1445.9534
21.3019,10171.5614,38.2995,239.7768,8.1211,-0.29128,-0.098003,2.4938,89.9978,-0.17761,3.4348,4.4897,13.4096,-31.3129,0.016753,1.2751,0.042407,4.4908e-07,0.027235,0,85.1235,0.16995,0.90824,482.4143,1445.9534
21.3022,10171.5614,38.2995,239.7768,8.1211,-0.29128,-0.098003,2.4938,89.9978,-0.17761,3.4348,4.4897,13.4096,-31.3129,0.016753,1.2751,0.042407,4.4908e-07,0.027235,0,85.1235,0.16994,0.90906,482.4143,1445.9534
21.3022,10171.5614,38.2995,239.7768,8.1211,-0.29128,-0.098003,2.4938,89.9978,-0.17761,3.4348,4.4897,13.4096,-31.3129,0.016753,1.2751,0.042407,4.4908e-07,0.027235,0,85.1235,0.16994,0.90906,482.4143,1445.9534
21.3025,10171.5614,38.2995,239.7768,8.1211,-0.29128,-0.098003,2.4938,89.9978,-0.17761,3.4348,4.4897,13.4096,-31.3129,0.016753,1.2751,0.042407,4.4908e-07,0.027235,0,85.1235,0.16993,0.90985,482.4143,1445.9534
21.3028,10171.5614,38.2995,239.7768,8.1211,-0.29128,-0.098003,2.4938,89.9978,-0.17761,3.4348,4.4897,13.4096,-31.3129,0.016753,1.2751,0.042407,4.4908e-07,0.027235,0,85.1235,0.16993,0.91063,482.4143,1445.9534
21.3034,10171.5614,38.2995,239.7768,8.1211,-0.29128,-0.098003,2.4938,89.9978,-0.17761,3.4348,4.4897,13.4096,-31.3129,0.016753,1.2751,0.042407,4.4908e-07,0.027235,0,85.1235,0.16991,0.9121,482.4143,1445.9534
21.3046,10171.5614,38.2995,239.7768,8.1211,-0.29128,-0.098003,2.4938,89.9978,-0.17761,3.4348,4.4897,13.4096,-31.3129,0.016753,1.2751,0.042407,4.4908e-07,0.027235,0,85.1235,0.16989,0.91479,482.4143,1445.9534
21.3071,10171.5614,38.2995,239.7768,8.1211,-0.29128,-0.098003,2.4938,89.9978,-0.17761,3.4348,4.4897,13.4096,-31.3129,0.016753,1.2751,0.042407,4.4908e-07,0.027235,0,85.1235,0.16984,0.9193,482.4143,1445.9534
21.3082,10171.8804,38.2615,239.7774,8.1187,-0.28319,-0.077221,3.1055,89.9963,-0.15728,3.4371,4.5846,14.2173,-31.2409,0.016722,1.2475,0.056972,4.4923e-07,0.027246,0,85.271,0.16981,0.87716,482.4131,1445.9355
21.314,10171.8804,38.2615,239.7774,8.1187,-0.28319,-0.077221,3.1055,89.9963,-0.15728,3.4371,4.5846,14.2173,-31.2409,0.016722,1.2475,0.056972,4.4923e-07,0.027246,0,85.271,0.16969,0.9025,482.4131,1445.9355
21.3166,10172.1991,38.2236,239.7782,8.1163,-0.27511,-0.051342,3.705,89.995,-0.12994,3.4394,4.6734,14.8753,-31.1682,0.016688,1.1642,0.068869,4.4938e-07,0.027256,0,85.4186,0.16967,0.85003,482.412,1445.9176
21.3249,10172.5175,38.1859,239.7793,8.1141,-0.26706,-0.020467,4.2656,89.9939,-0.096882,3.4418,4.7552,14.8608,-30.954,0.016653,-0.14697,0.078144,4.4954e-07,0.027267,0,85.5662,0.16952,0.82216,482.4109,1445.8997
21.3332,10172.8355,38.1483,239.7806,8.1118,-0.25906,0.01508,4.2007,89.9931,-0.059364,3.4442,4.8296,3.5391,-27.6829,0.016635,-1.4763,0.084996,4.497e-07,0.027278,0,85.7139,0.16937,0.79414,482.4097,1445.8818
21.3416,10173.1533,38.1109,239.7822,8.1097,-0.25111,0.050085,3.5016,89.9926,-0.018529,3.4467,4.8977,-8.0997,-24.3807,0.01662,-1.5466,0.089669,4.4987e-07,0.027288,0,85.8616,0.16919,0.76582,482.4086,1445.864
21.3499,10173.4707,38.0736,239.7839,8.1076,-0.24323,0.079265,2.7692,89.9925,0.024594,3.4492,4.9608,-8.4476,-24.2255,0.016582,-1.5169,0.092216,4.5003e-07,0.027299,0,85.59,0.16899,0.7372,482.4075,1445.8462
21.3516,10173.4707,38.0736,239.7839,8.1076,-0.24323,0.079265,2.7692,89.9925,0.024594,3.4492,4.9608,-8.4476,-24.2255,0.016582,-1.5169,0.092216,4.5003e-07,0.027299,0,85.59,0.16894,0.7678,482.4075,1445.8462
21.3516,10173.4707,38.0736,239.7839,8.1076,-0.24323,0.079265,2.7692,89.9925,0.024594,3.4492,4.9608,-8.4476,-24.2255,0.016582,-1.5169,0.092216,4.5003e-07,0.027299,0,85.59,0.16894,0.7678,482.4075,1445.8462
21.3582,10173.7878,38.0364,239.7855,8.1056,-0.2354,0.10234,2.0512,89.9927,0.06898,3.4518,4.9646,-8.0198,-24.3169,0.016501,-1.4864,0.087617,4.5018e-07,0.02731,0,85.2353,0.16875,0.73326,482.4063,1445.8284
21.3643,10173.7878,38.0364,239.7855,8.1056,-0.2354,0.10234,2.0512,89.9927,0.06898,3.4518,4.9646,-8.0198,-24.3169,0.016501,-1.4864,0.087617,4.5018e-07,0.02731,0,85.2353,0.16858,0.82402,482.4063,1445.8284
21.3643,10173.7878,38.0364,239.7855,8.1056,-0.2354,0.10234,2.0512,89.9927,0.06898,3.4518,4.9646,-8.0198,-24.3169,0.016501,-1.4864,0.087617,4.5018e-07,0.02731,0,85.2353,0.16858,0.82402,482.4063,1445.8284
21.3666,10174.1046,37.999,239.7862,8.1036,-0.22763,0.11943,1.3474,89.9932,0.11118,3.4545,4.8027,-8.03,-24.4061,0.016403,-1.4547,0.073656,4.5033e-07,0.02732,0,84.8811,0.16842,0.79946,482.4052,1445.8106
21.3689,10174.1046,37.999,239.7862,8.1036,-0.22763,0.11943,1.3474,89.9932,0.11118,3.4545,4.8027,-8.03,-24.4061,0.016403,-1.4547,0.073656,4.5033e-07,0.02732,0,84.8811,0.16836,0.82687,482.4052,1445.8106
21.3735,10174.1046,37.999,239.7862,8.1036,-0.22763,0.11943,1.3474,89.9932,0.11118,3.4545,4.8027,-8.03,-24.4061,0.016403,-1.4547,0.073656,4.5033e-07,0.02732,0,84.8811,0.16823,0.86606,482.4052,1445.8106
21.3749,10174.4211,37.9615,239.7863,8.1018,-0.2199,0.13066,0.65786,89.9942,0.14667,3.4572,4.6202,-8.6131,-24.4956,0.016305,-1.4226,0.054815,4.5047e-07,0.027331,0,84.5272,0.16804,0.87274,482.4041,1445.7929
21.3822,10174.4211,37.9615,239.7863,8.1018,-0.2199,0.13066,0.65786,89.9942,0.14667,3.4572,4.6202,-8.6131,-24.4956,0.016305,-1.4226,0.054815,4.5047e-07,0.027331,0,84.5272,0.16783,0.90438,482.4041,1445.7929
21.3832,10174.7373,37.9239,239.7857,8.0999,-0.21219,0.13614,-0.01767,89.9954,0.1731,3.46,4.4281,-9.4973,-24.584,0.016277,-1.3908,0.03372,4.506e-07,0.027342,0,84.6745,0.16763,0.94852,482.403,1445.7751
21.3884,10174.7373,37.9239,239.7857,8.0999,-0.21219,0.13614,-0.01767,89.9954,0.1731,3.46,4.4281,-9.4973,-24.584,0.016277,-1.3908,0.03372,4.506e-07,0.027342,0,84.6745,0.16748,0.94283,482.403,1445.7751
21.3916,10175.0532,37.8867,239.7857,8.0982,-0.20446,0.136,-0.67943,89.9968,0.18938,3.4629,4.4265,-10.5232,-24.6742,0.016275,-1.3595,0.011999,4.5072e-07,0.027352,0,84.8218,0.16731,0.93628,482.4018,1445.7574
21.3999,10175.3688,37.8495,239.786,8.0965,-0.19668,0.13034,-1.3277,89.9984,0.19521,3.4658,4.4237,-11.5921,-24.7625,0.016285,-1.329,-0.0089563,4.5084e-07,0.027363,0,84.9691,0.16706,0.91529,482.4007,1445.7397
21.4082,10175.684,37.8126,239.7865,8.0949,-0.18886,0.11927,-1.9629,90,0.19095,3.4687,4.4231,-12.6194,-24.8474,0.016257,-1.2994,-0.028188,4.5094e-07,0.027374,0,85.1166,0.16689,0.89034,482.3996,1445.722
21.4166,10175.999,37.7758,239.7873,8.0933,-0.18102,0.10291,-2.5852,90.0016,0.17742,3.4717,4.4274,-13.5469,-24.9254,0.016199,-1.2709,-0.045113,4.5103e-07,0.027384,0,85.2641,0.16678,0.86355,482.3985,1445.7043
21.422,10175.999,37.7758,239.7873,8.0933,-0.18102,0.10291,-2.5852,90.0016,0.17742,3.4717,4.4274,-13.5469,-24.9254,0.016199,-1.2709,-0.045113,4.5103e-07,0.027384,0,85.2641,0.1666,0.89354,482.3985,1445.7043
21.422,10175.999,37.7758,239.7873,8.0933,-0.18102,0.10291,-2.5852,90.0016,0.17742,3.4717,4.4274,-13.5469,-24.9254,0.016199,-1.2709,-0.045113,4.5103e-07,0.027384,0,85.2641,0.1666,0.89354,482.3985,1445.7043
21.4249,10176.3136,37.7391,239.7882,8.0918,-0.17319,0.081371,-3.1951,90.0031,0.15575,3.4747,4.4379,-14.3393,-24.9967,0.016113,-1.2435,-0.059426,4.5111e-07,0.027395,0,85.4116,0.1667,0.83587,482.3973,1445.6867
21.4264,10176.3136,37.7391,239.7882,8.0918,-0.17319,0.081371,-3.1951,90.0031,0.15575,3.4747,4.4379,-14.3393,-24.9967,0.016113,-1.2435,-0.059426,4.5111e-07,0.027395,0,85.4116,0.16665,0.84973,482.3973,1445.6867
21.4264,10176.3136,37.7391,239.7882,8.0918,-0.17319,0.081371,-3.1951,90.0031,0.15575,3.4747,4.4379,-14.3393,-24.9967,0.016113,-1.2435,-0.059426,4.5111e-07,0.027395,0,85.4116,0.16665,0.84973,482.3973,1445.6867
21.4293,10176.3136,37.7391,239.7882,8.0918,-0.17319,0.081371,-3.1951,90.0031,0.15575,3.4747,4.4379,-14.3393,-24.9967,0.016113,-1.2435,-0.059426,4.5111e-07,0.027395,0,85.4116,0.16655,0.87115,482.3973,1445.6867
21.4322,10176.3136,37.7391,239.7882,8.0918,-0.17319,0.081371,-3.1951,90.0031,0.15575,3.4747,4.4379,-14.3393,-24.9967,0.016113,-1.2435,-0.059426,4.5111e-07,0.027395,0,85.4116,0.16645,0.88722,482.3973,1445.6867
21.4332,10176.628,37.7027,239.7894,8.0904,-0.16539,0.054745,-3.7928,90.0044,0.12718,3.4778,4.4553,-14.9777,-25.0613,0.01602,-0.99167,-0.071049,4.5119e-07,0.027405,0,85.5592,0.16663,0.80765,482.3962,1445.669
21.4339,10176.628,37.7027,239.7894,8.0904,-0.16539,0.054745,-3.7928,90.0044,0.12718,3.4778,4.4553,-14.9777,-25.0613,0.01602,-0.99167,-0.071049,4.5119e-07,0.027405,0,85.5592,0.1666,0.81613,482.3962,1445.669
21.4339,10176.628,37.7027,239.7894,8.0904,-0.16539,0.054745,-3.7928,90.0044,0.12718,3.4778,4.4553,-14.9777,-25.0613,0.01602,-0.99167,-0.071049,4.5119e-07,0.027405,0,85.5592,0.1666,0.81613,482.3962,1445.669
21.4391,10176.628,37.7027,239.7894,8.0904,-0.16539,0.054745,-3.7928,90.0044,0.12718,3.4778,4.4553,-14.9777,-25.0613,0.01602,-0.99167,-0.071049,4.5119e-07,0.027405,0,85.5592,0.16642,0.86377,482.3962,1445.669
21.4416,10176.942,37.6664,239.7908,8.089,-0.15766,0.023139,-4.2711,90.0055,0.093016,3.4809,4.479,-13.412,-25.6867,0.015937,0.33461,-0.080043,4.5126e-07,0.027416,0,85.7069,0.16653,0.77937,482.3951,1445.6514
21.4499,10177.2557,37.6303,239.7925,8.0877,-0.15,-0.012454,-4.1168,90.0062,0.054517,3.4841,4.5087,-1.9371,-29.0119,0.01588,1.5714,-0.086644,4.5132e-07,0.027427,0,85.8546,0.1664,0.75108,482.394,1445.6338
21.4582,10177.5692,37.5943,239.7944,8.0865,-0.14242,-0.04676,-3.3723,90.0067,0.012822,3.4873,4.5443,8.8706,-32.127,0.01579,1.5417,-0.091087,4.5139e-07,0.027437,0,85.5,0.16623,0.72259,482.3929,1445.6162
21.4666,10177.8823,37.5582,239.7951,8.0853,-0.13494,-0.074863,-2.6424,90.0068,-0.031041,3.4906,4.3829,8.3197,-32.0715,0.015689,1.5119,-0.092724,4.5146e-07,0.027448,0,85.1457,0.16594,0.78651,482.3917,1445.5986
21.469,10177.8823,37.5582,239.7951,8.0853,-0.13494,-0.074863,-2.6424,90.0068,-0.031041,3.4906,4.3829,8.3197,-32.0715,0.015689,1.5119,-0.092724,4.5146e-07,0.027448,0,85.1457,0.16584,0.81796,482.3917,1445.5986
21.469,10177.8823,37.5582,239.7951,8.0853,-0.13494,-0.074863,-2.6424,90.0068,-0.031041,3.4906,4.3829,8.3197,-32.0715,0.015689,1.5119,-0.092724,4.5146e-07,0.027448,0,85.1457,0.16584,0.81796,482.3917,1445.5986
21.4749,10178.1951,37.5221,239.7953,8.0842,-0.12753,-0.096883,-1.9268,90.0066,-0.075715,3.494,4.2311,7.9443,-32.0132,0.015587,1.4812,-0.08678,4.5153e-07,0.027459,0,84.7919,0.16556,0.85899,482.3906,1445.5811
21.4808,10178.1951,37.5221,239.7953,8.0842,-0.12753,-0.096883,-1.9268,90.0066,-0.075715,3.494,4.2311,7.9443,-32.0132,0.015587,1.4812,-0.08678,4.5153e-07,0.027459,0,84.7919,0.16532,0.89226,482.3906,1445.5811
21.4819,10178.1951,37.5221,239.7953,8.0842,-0.12753,-0.096883,-1.9268,90.0066,-0.075715,3.494,4.2311,7.9443,-32.0132,0.015587,1.4812,-0.08678,4.5153e-07,0.027459,0,84.7919,0.16528,0.89637,482.3906,1445.5811
21.4819,10178.1951,37.5221,239.7953,8.0842,-0.12753,-0.096883,-1.9268,90.0066,-0.075715,3.494,4.2311,7.9443,-32.0132,0.015587,1.4812,-0.08678,4.5153e-07,0.027459,0,84.7919,0.16528,0.89637,482.3906,1445.5811
21.4832,10178.5077,37.4859,239.7948,8.0831,-0.12019,-0.11294,-1.2255,90.0059,-0.11754,3.4974,4.101,8.0348,-31.9508,0.015566,1.4493,-0.071625,4.5161e-07,0.027469,0,84.9391,0.16511,0.93454,482.3895,1445.5635
21.4846,10178.5077,37.4859,239.7948,8.0831,-0.12019,-0.11294,-1.2255,90.0059,-0.11754,3.4974,4.101,8.0348,-31.9508,0.015566,1.4493,-0.071625,4.5161e-07,0.027469,0,84.9391,0.16505,0.93446,482.3895,1445.5635
21.4873,10178.5077,37.4859,239.7948,8.0831,-0.12019,-0.11294,-1.2255,90.0059,-0.11754,3.4974,4.101,8.0348,-31.9508,0.015566,1.4493,-0.071625,4.5161e-07,0.027469,0,84.9391,0.16494,0.93435,482.3895,1445.5635
21.4916,10178.8199,37.45,239.795,8.0821,-0.11285,-0.12315,-0.53832,90.0049,-0.15207,3.5008,4.1898,8.6907,-31.8885,0.015579,1.4173,-0.052092,4.517e-07,0.02748,0,85.0864,0.16472,0.92232,482.3884,1445.546
21.4999,10179.1318,37.4142,239.7954,8.0812,-0.10548,-0.12764,0.13483,90.0037,-0.1772,3.5043,4.29,9.6187,-31.826,0.015612,1.3855,-0.030601,4.518e-07,0.027491,0,85.2338,0.16441,0.90145,482.3873,1445.5285
21.5082,10179.4435,37.3787,239.796,8.0803,-0.098057,-0.12651,0.79426,90.0022,-0.19198,3.5078,4.3954,10.6719,-31.7634,0.015606,1.3542,-0.008701,4.519e-07,0.027501,0,85.3812,0.16419,0.87662,482.3862,1445.511
21.5166,10179.7548,37.3433,239.7968,8.0795,-0.090593,-0.1199,1.4403,90.0006,-0.1962,3.5114,4.5027,11.756,-31.6979,0.015562,1.3238,0.012252,4.5202e-07,0.027512,0,85.5287,0.16405,0.84995,482.3851,1445.4936
21.5249,10180.0658,37.3081,239.7979,8.0788,-0.08311,-0.10789,2.0732,89.999,-0.19033,3.515,4.6082,12.7887,-31.6302,0.015476,1.2944,0.031355,4.5214e-07,0.027523,0,85.6762,0.16397,0.82235,482.384,1445.4761
21.5332,10180.3766,37.2731,239.7992,8.0781,-0.075641,-0.090616,2.6933,89.9974,-0.17525,3.5186,4.7097,13.7151,-31.5602,0.01536,1.2661,0.048066,4.5228e-07,0.027533,0,85.8238,0.16392,0.79423,482.3829,1445.4587
21.5416,10180.6871,37.2383,239.8007,8.0775,-0.068211,-0.068172,3.3011,89.9959,-0.15211,3.5223,4.8056,14.5019,-31.4888,0.015228,1.2388,0.062117,4.5242e-07,0.027544,0,85.9715,0.16388,0.76576,482.3818,1445.4412
21.5454,10180.6871,37.2383,239.8007,8.0775,-0.068211,-0.068172,3.3011,89.9959,-0.15211,3.5223,4.8056,14.5019,-31.4888,0.015228,1.2388,0.062117,4.5242e-07,0.027544,0,85.9715,0.16369,0.81904,482.3818,1445.4412
21.5454,10180.6871,37.2383,239.8007,8.0775,-0.068211,-0.068172,3.3011,89.9959,-0.15211,3.5223,4.8056,14.5019,-31.4888,0.015228,1.2388,0.062117,4.5242e-07,0.027544,0,85.9715,0.16369,0.81904,482.3818,1445.4412
21.5499,10180.9972,37.2037,239.8025,8.0769,-0.060847,-0.040663,3.8968,89.9946,-0.1222,3.5261,4.8951,15.1328,-31.4169,0.015104,0.79913,0.073456,4.5256e-07,0.027555,0,85.617,0.16381,0.73709,482.3807,1445.4238
21.5521,10180.9972,37.2037,239.8025,8.0769,-0.060847,-0.040663,3.8968,89.9946,-0.1222,3.5261,4.8951,15.1328,-31.4169,0.015104,0.79913,0.073456,4.5256e-07,0.027555,0,85.617,0.1637,0.77615,482.3807,1445.4238
21.5521,10180.9972,37.2037,239.8025,8.0769,-0.060847,-0.040663,3.8968,89.9946,-0.1222,3.5261,4.8951,15.1328,-31.4169,0.015104,0.79913,0.073456,4.5256e-07,0.027555,0,85.617,0.1637,0.77615,482.3807,1445.4238
21.5567,10180.9972,37.2037,239.8025,8.0769,-0.060847,-0.040663,3.8968,89.9946,-0.1222,3.5261,4.8951,15.1328,-31.4169,0.015104,0.79913,0.073456,4.5256e-07,0.027555,0,85.617,0.16348,0.8331,482.3807,1445.4238
21.5582,10181.3071,37.1694,239.8045,8.0764,-0.053562,-0.0081903,4.2833,89.9936,-0.086812,3.5299,4.977,11.851,-30.3165,0.01496,-0.54454,0.082191,4.5271e-07,0.027565,0,85.2624,0.16372,0.70847,482.3795,1445.4065
21.5644,10181.3071,37.1694,239.8045,8.0764,-0.053562,-0.0081903,4.2833,89.9936,-0.086812,3.5299,4.977,11.851,-30.3165,0.01496,-0.54454,0.082191,4.5271e-07,0.027565,0,85.2624,0.16341,0.81073,482.3795,1445.4065
21.5666,10181.6167,37.1348,239.8053,8.076,-0.046384,0.027504,4.0289,89.9929,-0.047211,3.5337,4.849,0.19917,-26.9683,0.014841,-1.5683,0.088499,4.5287e-07,0.027576,0,84.9082,0.16349,0.77248,482.3784,1445.3891
21.5749,10181.926,37.1003,239.8056,8.0756,-0.039316,0.061077,3.2861,89.9925,-0.0045581,3.5376,4.7169,-8.7031,-24.4307,0.014736,-1.5385,0.092718,4.5302e-07,0.027587,0,84.5544,0.16315,0.84507,482.3773,1445.3717
21.5832,10182.2351,37.0657,239.8052,8.0753,-0.032346,0.088461,2.5577,89.9925,0.040143,3.5415,4.5821,-8.1741,-24.5255,0.014721,-1.5086,0.093316,4.5317e-07,0.027597,0,84.2011,0.16271,0.92084,482.3762,1445.3544
21.5865,10182.2351,37.0657,239.8052,8.0753,-0.032346,0.088461,2.5577,89.9925,0.040143,3.5415,4.5821,-8.1741,-24.5255,0.014721,-1.5086,0.093316,4.5317e-07,0.027597,0,84.2011,0.16254,0.92419,482.3762,1445.3544
21.5865,10182.2351,37.0657,239.8052,8.0753,-0.032346,0.088461,2.5577,89.9925,0.040143,3.5415,4.5821,-8.1741,-24.5255,0.014721,-1.5086,0.093316,4.5317e-07,0.027597,0,84.2011,0.16254,0.92419,482.3762,1445.3544
21.5916,10182.5438,37.0314,239.8055,8.075,-0.025418,0.10978,1.8438,89.9928,0.085142,3.5455,4.6341,-7.8684,-24.624,0.014748,-1.4776,0.085843,4.5331e-07,0.027608,0,84.3484,0.16229,0.90891,482.3751,1445.3371
21.5966,10182.5438,37.0314,239.8055,8.075,-0.025418,0.10978,1.8438,89.9928,0.085142,3.5455,4.6341,-7.8684,-24.624,0.014748,-1.4776,0.085843,4.5331e-07,0.027608,0,84.3484,0.16203,0.91842,482.3751,1445.3371
21.5998,10182.5438,37.0314,239.8055,8.075,-0.025418,0.10978,1.8438,89.9928,0.085142,3.5455,4.6341,-7.8684,-24.624,0.014748,-1.4776,0.085843,4.5331e-07,0.027608,0,84.3484,0.16186,0.92239,482.3751,1445.3371
21.5998,10182.5438,37.0314,239.8055,8.075,-0.025418,0.10978,1.8438,89.9928,0.085142,3.5455,4.6341,-7.8684,-24.624,0.014748,-1.4776,0.085843,4.5331e-07,0.027608,0,84.3484,0.16186,0.92239,482.3751,1445.3371
21.5999,10182.8522,36.9973,239.806,8.0748,-0.018488,0.12514,1.1441,89.9935,0.12655,3.5495,4.6662,-8.057,-24.7258,0.014802,-1.4457,0.069797,4.5345e-07,0.027619,0,84.4958,0.16192,0.88829,482.374,1445.3198
21.6001,10182.8522,36.9973,239.806,8.0748,-0.018488,0.12514,1.1441,89.9935,0.12655,3.5495,4.6662,-8.057,-24.7258,0.014802,-1.4457,0.069797,4.5345e-07,0.027619,0,84.4958,0.16192,0.889,482.374,1445.3198
21.6004,10182.8522,36.9973,239.806,8.0748,-0.018488,0.12514,1.1441,89.9935,0.12655,3.5495,4.6662,-8.057,-24.7258,0.014802,-1.4457,0.069797,4.5345e-07,0.027619,0,84.4958,0.1619,0.89038,482.374,1445.3198
21.601,10182.8522,36.9973,239.806,8.0748,-0.018488,0.12514,1.1441,89.9935,0.12655,3.5495,4.6662,-8.057,-24.7258,0.014802,-1.4457,0.069797,4.5345e-07,0.027619,0,84.4958,0.16186,0.89301,482.374,1445.3198
21.6023,10182.8522,36.9973,239.806,8.0748,-0.018488,0.12514,1.1441,89.9935,0.12655,3.5495,4.6662,-8.057,-24.7258,0.014802,-1.4457,0.069797,4.5345e-07,0.027619,0,84.4958,0.1618,0.89779,482.374,1445.3198
21.6048,10182.8522,36.9973,239.806,8.0748,-0.018488,0.12514,1.1441,89.9935,0.12655,3.5495,4.6662,-8.057,-24.7258,0.014802,-1.4457,0.069797,4.5345e-07,0.027619,0,84.4958,0.16166,0.90573,482.374,1445.3198
21.6082,10183.1604,36.9634,239.8067,8.0747,-0.01152,0.13467,0.45855,89.9946,0.16022,3.5535,4.6773,-8.7707,-24.83,0.014824,-1.4136,0.04967,4.5357e-07,0.027629,0,84.6432,0.16164,0.8637,482.3729,1445.3025
21.6166,10183.4683,36.9297,239.8076,8.0746,-0.0045099,0.1385,-0.213,89.9959,0.18419,3.5576,4.6791,-9.7371,-24.9311,0.01481,-1.3818,0.027794,4.5369e-07,0.02764,0,84.7906,0.16144,0.83723,482.3718,1445.2852
21.6249,10183.7759,36.8963,239.8088,8.0746,0.0025354,0.13672,-0.87087,89.9974,0.19761,3.5617,4.6773,-10.8144,-25.0274,0.014747,-1.3506,0.0057086,4.538e-07,0.027651,0,84.9382,0.16132,0.80978,482.3708,1445.2679
21.6332,10184.0832,36.863,239.8101,8.0746,0.0095953,0.12946,-1.5153,89.9991,0.20038,3.5659,4.6757,-11.9094,-25.1174,0.014641,-1.3203,-0.015281,4.5389e-07,0.027661,0,85.0858,0.16126,0.7818,482.3697,1445.2507
21.6416,10184.3903,36.8299,239.8118,8.0747,0.016645,0.11684,-2.1467,90.0008,0.19302,3.5701,4.6776,-12.9426,-25.2006,0.014501,-1.2909,-0.034312,4.5398e-07,0.027672,0,85.2334,0.16124,0.75345,482.3686,1445.2335
21.6499,10184.6971,36.7971,239.8136,8.0748,0.023656,0.098946,-2.7654,90.0024,0.17648,3.5743,4.685,-13.8618,-25.277,0.014306,-1.2627,-0.050876,4.5405e-07,0.027683,0,84.879,0.16123,0.72483,482.3675,1445.2163
21.6582,10185.0036,36.7642,239.8146,8.0751,0.030589,0.075901,-3.3718,90.0038,0.15195,3.5786,4.531,-14.6358,-25.3449,0.014092,-1.2355,-0.064733,4.5412e-07,0.027693,0,84.5248,0.16113,0.77262,482.3664,1445.1991
21.6636,10185.0036,36.7642,239.8146,8.0751,0.030589,0.075901,-3.3718,90.0038,0.15195,3.5786,4.531,-14.6358,-25.3449,0.014092,-1.2355,-0.064733,4.5412e-07,0.027693,0,84.5248,0.16082,0.83798,482.3664,1445.1991
21.6636,10185.0036,36.7642,239.8146,8.0751,0.030589,0.075901,-3.3718,90.0038,0.15195,3.5786,4.531,-14.6358,-25.3449,0.014092,-1.2355,-0.064733,4.5412e-07,0.027693,0,84.5248,0.16082,0.83798,482.3664,1445.1991
21.6666,10185.3098,36.7313,239.8148,8.0753,0.037417,0.047803,-3.9661,90.0051,0.12073,3.5829,4.3517,-15.2499,-25.4063,0.013898,-0.66497,-0.075855,4.5418e-07,0.027704,0,84.1711,0.16093,0.84311,482.3653,1445.1819
21.6696,10185.3098,36.7313,239.8148,8.0753,0.037417,0.047803,-3.9661,90.0051,0.12073,3.5829,4.3517,-15.2499,-25.4063,0.013898,-0.66497,-0.075855,4.5418e-07,0.027704,0,84.1711,0.16075,0.866,482.3653,1445.1819
21.67,10185.3098,36.7313,239.8148,8.0753,0.037417,0.047803,-3.9661,90.0051,0.12073,3.5829,4.3517,-15.2499,-25.4063,0.013898,-0.66497,-0.075855,4.5418e-07,0.027704,0,84.1711,0.16073,0.86832,482.3653,1445.1819
21.67,10185.3098,36.7313,239.8148,8.0753,0.037417,0.047803,-3.9661,90.0051,0.12073,3.5829,4.3517,-15.2499,-25.4063,0.013898,-0.66497,-0.075855,4.5418e-07,0.027704,0,84.1711,0.16073,0.86832,482.3653,1445.1819
21.6749,10185.6158,36.6983,239.8145,8.0756,0.044131,0.014752,-4.2887,90.0061,0.084135,3.5873,4.1801,-10.763,-26.8306,0.013817,0.69727,-0.084369,4.5424e-07,0.027715,0,84.0831,0.16062,0.91807,482.3642,1445.1647
21.6799,10185.6158,36.6983,239.8145,8.0756,0.044131,0.014752,-4.2887,90.0061,0.084135,3.5873,4.1801,-10.763,-26.8306,0.013817,0.69727,-0.084369,4.5424e-07,0.027715,0,84.0831,0.16031,0.92336,482.3642,1445.1647
21.6832,10185.9214,36.6657,239.8148,8.076,0.050766,-0.020987,-3.9615,90.0068,0.043424,3.5917,4.2095,1.0681,-30.2547,0.013819,1.566,-0.090477,4.5429e-07,0.027725,0,84.2304,0.16029,0.9061,482.3631,1445.1476
21.6916,10186.2269,36.6333,239.8153,8.0765,0.057348,-0.053999,-3.2199,90.0072,-0.00023923,3.5961,4.2445,8.5691,-32.4574,0.01387,1.5362,-0.094514,4.5434e-07,0.027736,0,84.3777,0.15997,0.88576,482.362,1445.1304
21.6917,10186.2269,36.6333,239.8153,8.0765,0.057348,-0.053999,-3.2199,90.0072,-0.00023923,3.5961,4.2445,8.5691,-32.4574,0.01387,1.5362,-0.094514,4.5434e-07,0.027736,0,84.3777,0.15996,0.88617,482.362,1445.1304
21.6917,10186.2269,36.6333,239.8153,8.0765,0.057348,-0.053999,-3.2199,90.0072,-0.00023923,3.5961,4.2445,8.5691,-32.4574,0.01387,1.5362,-0.094514,4.5434e-07,0.027736,0,84.3777,0.15996,0.88617,482.362,1445.1304
21.6999,10186.532,36.6012,239.816,8.0769,0.063906,-0.080832,-2.4929,90.0072,-0.045851,3.6006,4.2849,8.0464,-32.4146,0.013905,1.5062,-0.09434,4.544e-07,0.027747,0,84.5251,0.15966,0.86156,482.3609,1445.1133
21.704,10186.532,36.6012,239.816,8.0769,0.063906,-0.080832,-2.4929,90.0072,-0.045851,3.6006,4.2849,8.0464,-32.4146,0.013905,1.5062,-0.09434,4.544e-07,0.027747,0,84.5251,0.15941,0.88492,482.3609,1445.1133
21.704,10186.532,36.6012,239.816,8.0769,0.063906,-0.080832,-2.4929,90.0072,-0.045851,3.6006,4.2849,8.0464,-32.4146,0.013905,1.5062,-0.09434,4.544e-07,0.027747,0,84.5251,0.15941,0.88492,482.3609,1445.1133
21.7082,10186.8369,36.5692,239.8169,8.0775,0.070449,-0.10161,-1.7801,90.0068,-0.091378,3.6051,4.3365,7.7847,-32.3684,0.01392,1.4751,-0.085663,4.5446e-07,0.027757,0,84.6725,0.15939,0.83554,482.3598,1445.0962
21.7125,10186.8369,36.5692,239.8169,8.0775,0.070449,-0.10161,-1.7801,90.0068,-0.091378,3.6051,4.3365,7.7847,-32.3684,0.01392,1.4751,-0.085663,4.5446e-07,0.027757,0,84.6725,0.15911,0.86908,482.3598,1445.0962
21.7166,10187.1415,36.5375,239.8181,8.0781,0.076988,-0.11644,-1.0817,90.006,-0.13272,3.6096,4.41,8.0451,-32.3168,0.013901,1.443,-0.06884,4.5453e-07,0.027768,0,84.82,0.15917,0.80851,482.3588,1445.0791
21.7249,10187.4458,36.506,239.8194,8.0787,0.083533,-0.12545,-0.39735,90.0049,-0.16594,3.6141,4.5048,8.8062,-32.2593,0.013847,1.4108,-0.048143,4.546e-07,0.027779,0,84.9676,0.15899,0.78087,482.3577,1445.0621
21.7332,10187.7499,36.4747,239.821,8.0794,0.090083,-0.12877,0.27301,90.0035,-0.18918,3.6187,4.61,9.8087,-32.1978,0.013758,1.379,-0.025844,4.5469e-07,0.027789,0,85.1152,0.15888,0.75282,482.3566,1445.045
21.7416,10188.0537,36.4437,239.8229,8.0802,0.096633,-0.12649,0.92968,90.002,-0.20165,3.6234,4.7201,10.9146,-32.1333,0.013601,1.3479,-0.0034874,4.5478e-07,0.0278,0,84.7608,0.15881,0.72445,482.3555,1445.028
21.7499,10188.3573,36.4126,239.8239,8.081,0.10315,-0.11874,1.573,90.0003,-0.20334,3.628,4.6673,12.0301,-32.0642,0.013401,1.3175,0.017657,4.5489e-07,0.027811,0,84.4067,0.15871,0.77056,482.3544,1445.0109
21.7582,10188.6606,36.3815,239.8241,8.0819,0.10961,-0.10563,2.2033,89.9986,-0.19481,3.6327,4.5759,13.0779,-31.9922,0.013183,1.2882,0.036747,4.55e-07,0.027821,0,84.0531,0.15855,0.84086,482.3533,1444.9939
21.7666,10188.9637,36.3504,239.8238,8.0828,0.11599,-0.087274,2.8209,89.997,-0.17707,3.6375,4.4818,14.0066,-31.9192,0.013039,1.26,0.053296,4.5512e-07,0.027832,0,83.9394,0.15831,0.91532,482.3523,1444.9769
21.7749,10189.2664,36.3196,239.8241,8.0838,0.12232,-0.063767,3.4261,89.9955,-0.15133,3.6423,4.5763,14.7867,-31.8505,0.012947,1.2329,0.067087,4.5525e-07,0.027843,0,84.0866,0.1581,0.9029,482.3512,1444.9599
21.7813,10189.2664,36.3196,239.8241,8.0838,0.12232,-0.063767,3.4261,89.9955,-0.15133,3.6423,4.5763,14.7867,-31.8505,0.012947,1.2329,0.067087,4.5525e-07,0.027843,0,84.0866,0.15764,0.91596,482.3512,1444.9599
21.7813,10189.2664,36.3196,239.8241,8.0838,0.12232,-0.063767,3.4261,89.9955,-0.15133,3.6423,4.5763,14.7867,-31.8505,0.012947,1.2329,0.067087,4.5525e-07,0.027843,0,84.0866,0.15764,0.91596,482.3512,1444.9599
21.7832,10189.569,36.2891,239.8246,8.0848,0.12859,-0.035217,4.0193,89.9942,-0.11892,3.6471,4.6636,15.4047,-31.7851,0.012918,0.57584,0.078108,4.5539e-07,0.027853,0,84.2339,0.15788,0.88211,482.3501,1444.943
21.7851,10189.569,36.2891,239.8246,8.0848,0.12859,-0.035217,4.0193,89.9942,-0.11892,3.6471,4.6636,15.4047,-31.7851,0.012918,0.57584,0.078108,4.5539e-07,0.027853,0,84.2339,0.15775,0.89047,482.3501,1444.943
21.7875,10189.569,36.2891,239.8246,8.0848,0.12859,-0.035217,4.0193,89.9942,-0.11892,3.6471,4.6636,15.4047,-31.7851,0.012918,0.57584,0.078108,4.5539e-07,0.027853,0,84.2339,0.15758,0.89874,482.3501,1444.943
21.7875,10189.569,36.2891,239.8246,8.0848,0.12859,-0.035217,4.0193,89.9942,-0.11892,3.6471,4.6636,15.4047,-31.7851,0.012918,0.57584,0.078108,4.5539e-07,0.027853,0,84.2339,0.15758,0.89874,482.3501,1444.943
21.7916,10189.8713,36.2588,239.8253,8.0859,0.13483,-0.0017224,4.2996,89.9932,-0.081185,3.6519,4.7425,10.1303,-30.1528,0.012907,-0.80691,0.086508,4.5553e-07,0.027864,0,84.3813,0.15768,0.85803,482.349,1444.926
21.7957,10189.8713,36.2588,239.8253,8.0859,0.13483,-0.0017224,4.2996,89.9932,-0.081185,3.6519,4.7425,10.1303,-30.1528,0.012907,-0.80691,0.086508,4.5553e-07,0.027864,0,84.3813,0.15738,0.88242,482.349,1444.926
21.7999,10190.1733,36.2287,239.8263,8.087,0.14102,0.034107,3.9202,89.9926,-0.039382,3.6567,4.8147,-1.8993,-26.7216,0.012915,-1.5648,0.092511,4.5567e-07,0.027875,0,84.5287,0.15748,0.83229,482.348,1444.9091
21.8082,10190.4751,36.1989,239.8274,8.0882,0.14716,0.066775,3.1793,89.9922,0.0053162,3.6616,4.881,-8.4103,-24.8603,0.012908,-1.535,0.096428,4.5581e-07,0.027885,0,84.6762,0.15728,0.80566,482.3469,1444.8921
21.8089,10190.4751,36.1989,239.8274,8.0882,0.14716,0.066775,3.1793,89.9922,0.0053162,3.6616,4.881,-8.4103,-24.8603,0.012908,-1.535,0.096428,4.5581e-07,0.027885,0,84.6762,0.15723,0.81328,482.3469,1444.8921
21.8089,10190.4751,36.1989,239.8274,8.0882,0.14716,0.066775,3.1793,89.9922,0.0053162,3.6616,4.881,-8.4103,-24.8603,0.012908,-1.535,0.096428,4.5581e-07,0.027885,0,84.6762,0.15723,0.81328,482.3469,1444.8921
21.8166,10190.7766,36.1694,239.8288,8.0895,0.15324,0.09327,2.453,89.9923,0.051895,3.6665,4.9427,-7.9028,-24.9652,0.012879,-1.5049,0.095707,4.5595e-07,0.027896,0,84.8237,0.15708,0.77848,482.3458,1444.8752
21.8213,10190.7766,36.1694,239.8288,8.0895,0.15324,0.09327,2.453,89.9923,0.051895,3.6665,4.9427,-7.9028,-24.9652,0.012879,-1.5049,0.095707,4.5595e-07,0.027896,0,84.8237,0.15672,0.83565,482.3458,1444.8752
21.8213,10190.7766,36.1694,239.8288,8.0895,0.15324,0.09327,2.453,89.9923,0.051895,3.6665,4.9427,-7.9028,-24.9652,0.012879,-1.5049,0.095707,4.5595e-07,0.027896,0,84.8237,0.15672,0.83565,482.3458,1444.8752
21.8249,10191.0779,36.14,239.8304,8.0908,0.15928,0.11371,1.741,89.9927,0.098115,3.6714,4.9935,-7.6804,-25.0681,0.012829,-1.4736,0.086093,4.5608e-07,0.027907,0,84.9713,0.15689,0.75092,482.3447,1444.8583
21.8285,10191.0779,36.14,239.8304,8.0908,0.15928,0.11371,1.741,89.9927,0.098115,3.6714,4.9935,-7.6804,-25.0681,0.012829,-1.4736,0.086093,4.5608e-07,0.027907,0,84.9713,0.15662,0.8045,482.3447,1444.8583
21.8332,10191.3789,36.1109,239.8323,8.0921,0.16529,0.12822,1.0432,89.9935,0.13969,3.6764,5.0228,-8.0021,-25.1709,0.012717,-1.4415,0.068588,4.562e-07,0.027917,0,84.617,0.15672,0.72294,482.3437,1444.8414
21.8416,10191.6797,36.0818,239.8331,8.0935,0.17127,0.13691,0.35968,89.9947,0.1728,3.6814,4.85,-8.8075,-25.2706,0.012572,-1.4092,0.047344,4.5631e-07,0.027928,0,84.263,0.1565,0.77831,482.3426,1444.8246
21.8499,10191.9803,36.0526,239.8333,8.0949,0.1772,0.13991,-0.30995,89.9961,0.19566,3.6864,4.6525,-9.8446,-25.3665,0.012403,-1.3773,0.024589,4.5641e-07,0.027939,0,83.9094,0.15625,0.84954,482.3415,1444.8077
21.8582,10192.2806,36.0235,239.8329,8.0964,0.18311,0.13733,-0.96589,89.9978,0.20753,3.6915,4.4541,-10.978,-25.4581,0.012294,-1.3461,0.0018877,4.565e-07,0.027949,0,84.0565,0.15597,0.92437,482.3405,1444.7909
21.8666,10192.5807,35.9947,239.8331,8.0979,0.189,0.12928,-1.6085,89.9995,0.20843,3.6966,4.4504,-12.113,-25.5493,0.012211,-1.3158,-0.019504,4.5659e-07,0.02796,0,84.2037,0.15576,0.91237,482.3394,1444.774
21.8749,10192.8805,35.9661,239.8335,8.0995,0.1949,0.11587,-2.238,90.0012,0.19899,3.7017,4.4501,-13.1733,-25.6373,0.01215,-1.2865,-0.038759,4.5666e-07,0.027971,0,84.3509,0.15561,0.89191,482.3383,1444.7572
21.8832,10193.1801,35.9378,239.8342,8.1012,0.2008,0.097225,-2.8549,90.0029,0.18025,3.7069,4.4553,-14.1085,-25.7215,0.012067,-1.2583,-0.055405,4.5672e-07,0.027981,0,84.4982,0.15551,0.86762,482.3372,1444.7404
21.8916,10193.4795,35.9098,239.835,8.1028,0.20667,0.073434,-3.4595,90.0044,0.15345,3.712,4.4674,-14.89,-25.799,0.011972,-1.2312,-0.069236,4.5677e-07,0.027992,0,84.6456,0.15543,0.84156,482.3362,1444.7236
21.8984,10193.4795,35.9098,239.835,8.1028,0.20667,0.073434,-3.4595,90.0044,0.15345,3.712,4.4674,-14.89,-25.799,0.011972,-1.2312,-0.069236,4.5677e-07,0.027992,0,84.6456,0.15488,0.88462,482.3362,1444.7236
21.8984,10193.4795,35.9098,239.835,8.1028,0.20667,0.073434,-3.4595,90.0044,0.15345,3.712,4.4674,-14.89,-25.799,0.011972,-1.2312,-0.069236,4.5677e-07,0.027992,0,84.6456,0.15488,0.88462,482.3362,1444.7236
21.8999,10193.7786,35.882,239.8361,8.1046,0.21249,0.044605,-4.052,90.0057,0.11997,3.7172,4.4868,-15.505,-25.8707,0.01188,-0.53416,-0.080255,4.5681e-07,0.028003,0,84.793,0.15536,0.81461,482.3351,1444.7068
21.9015,10193.7786,35.882,239.8361,8.1046,0.21249,0.044605,-4.052,90.0057,0.11997,3.7172,4.4868,-15.505,-25.8707,0.01188,-0.53416,-0.080255,4.5681e-07,0.028003,0,84.793,0.15523,0.8309,482.3351,1444.7068
21.9045,10193.7786,35.882,239.8361,8.1046,0.21249,0.044605,-4.052,90.0057,0.11997,3.7172,4.4868,-15.505,-25.8707,0.01188,-0.53416,-0.080255,4.5681e-07,0.028003,0,84.793,0.15498,0.85683,482.3351,1444.7068
21.9046,10193.7786,35.882,239.8361,8.1046,0.21249,0.044605,-4.052,90.0057,0.11997,3.7172,4.4868,-15.505,-25.8707,0.01188,-0.53416,-0.080255,4.5681e-07,0.028003,0,84.793,0.15497,0.85744,482.3351,1444.7068
21.9046,10193.7786,35.882,239.8361,8.1046,0.21249,0.044605,-4.052,90.0057,0.11997,3.7172,4.4868,-15.505,-25.8707,0.01188,-0.53416,-0.080255,4.5681e-07,0.028003,0,84.793,0.15497,0.85744,482.3351,1444.7068
21.9082,10194.0775,35.8545,239.8374,8.1064,0.21823,0.010838,-4.3125,90.0067,0.081141,3.7224,4.5118,-9.8645,-27.6223,0.011802,0.87085,-0.088623,4.5685e-07,0.028013,0,84.9405,0.15527,0.78771,482.334,1444.6901
21.9119,10194.0775,35.8545,239.8374,8.1064,0.21823,0.010838,-4.3125,90.0067,0.081141,3.7224,4.5118,-9.8645,-27.6223,0.011802,0.87085,-0.088623,4.5685e-07,0.028013,0,84.9405,0.15497,0.83039,482.334,1444.6901
21.9166,10194.3762,35.8272,239.8389,8.1082,0.2239,-0.0251,-3.9028,90.0073,0.038264,3.7276,4.5432,2.3649,-31.1593,0.011742,1.5646,-0.094584,4.5689e-07,0.028024,0,85.0881,0.15516,0.76054,482.333,1444.6733
21.9249,10194.6746,35.8001,239.8406,8.1101,0.22948,-0.057623,-3.1622,90.0077,-0.0074812,3.7328,4.5807,8.2897,-32.9249,0.011674,1.5348,-0.098439,4.5693e-07,0.028035,0,85.1395,0.15501,0.73308,482.3319,1444.6566
21.926,10194.6746,35.8001,239.8406,8.1101,0.22948,-0.057623,-3.1622,90.0077,-0.0074812,3.7328,4.5807,8.2897,-32.9249,0.011674,1.5348,-0.098439,4.5693e-07,0.028035,0,85.1395,0.15493,0.75234,482.3319,1444.6566
21.926,10194.6746,35.8001,239.8406,8.1101,0.22948,-0.057623,-3.1622,90.0077,-0.0074812,3.7328,4.5807,8.2897,-32.9249,0.011674,1.5348,-0.098439,4.5693e-07,0.028035,0,85.1395,0.15493,0.75234,482.3319,1444.6566
21.9332,10194.9729,35.7733,239.8424,8.112,0.23499,-0.083974,-2.4361,90.0076,-0.055068,3.7381,4.5991,7.7809,-32.8793,0.011561,1.5046,-0.09741,4.5697e-07,0.028045,0,84.7852,0.15484,0.71672,482.3309,1444.6399
21.9386,10194.9729,35.7733,239.8424,8.112,0.23499,-0.083974,-2.4361,90.0076,-0.055068,3.7381,4.5991,7.7809,-32.8793,0.011561,1.5046,-0.09741,4.5697e-07,0.028045,0,84.7852,0.15439,0.80312,482.3309,1444.6399
21.9386,10194.9729,35.7733,239.8424,8.112,0.23499,-0.083974,-2.4361,90.0076,-0.055068,3.7381,4.5991,7.7809,-32.8793,0.011561,1.5046,-0.09741,4.5697e-07,0.028045,0,84.7852,0.15439,0.80312,482.3309,1444.6399
21.9416,10195.2709,35.7465,239.8432,8.114,0.2404,-0.10428,-1.7244,90.0071,-0.10214,3.7434,4.4541,7.5739,-32.828,0.011432,1.4732,-0.087152,4.5702e-07,0.028056,0,84.4313,0.15456,0.7817,482.3298,1444.6232
21.9446,10195.2709,35.7465,239.8432,8.114,0.2404,-0.10428,-1.7244,90.0071,-0.10214,3.7434,4.4541,7.5739,-32.828,0.011432,1.4732,-0.087152,4.5702e-07,0.028056,0,84.4313,0.1543,0.81948,482.3298,1444.6232
21.9499,10195.5686,35.7196,239.8433,8.116,0.24575,-0.11865,-1.0269,90.0063,-0.14424,3.7487,4.335,7.9328,-32.7709,0.011299,1.4409,-0.069079,4.5707e-07,0.028067,0,84.0779,0.15422,0.8544,482.3287,1444.6065
21.9582,10195.8662,35.6927,239.8428,8.118,0.25105,-0.1272,-0.34365,90.0051,-0.17761,3.7541,4.2381,8.7723,-32.7095,0.011239,1.4086,-0.04733,4.5713e-07,0.028077,0,84.2249,0.15385,0.92987,482.3277,1444.5898
21.9666,10196.1635,35.6663,239.843,8.1201,0.25635,-0.13007,0.32566,90.0036,-0.20046,3.7594,4.3446,9.841,-32.6503,0.011205,1.3766,-0.024092,4.5721e-07,0.028088,0,84.372,0.15356,0.91839,482.3266,1444.5731
21.9749,10196.4606,35.6401,239.8433,8.1223,0.26169,-0.12735,0.9813,90.0019,-0.21208,3.7648,4.4551,11.0062,-32.5916,0.011185,1.3453,-0.00097373,4.5729e-07,0.028099,0,84.5192,0.15335,0.89831,482.3256,1444.5564
21.9832,10196.7575,35.6141,239.8439,8.1245,0.26706,-0.11918,1.6236,90.0002,-0.21253,3.7702,4.5657,12.1701,-32.533,0.011125,1.315,0.020764,4.5738e-07,0.028109,0,84.6665,0.15322,0.87432,482.3245,1444.5398
21.9916,10197.0542,35.5884,239.8447,8.1267,0.27244,-0.10565,2.2528,89.9984,-0.20246,3.7756,4.6734,13.2562,-32.472,0.011032,1.2856,0.040296,4.5748e-07,0.02812,0,84.8138,0.15317,0.84852,482.3234,1444.5231
21.9999,10197.3506,35.5629,239.8457,8.129,0.2778,-0.086872,2.8694,89.9967,-0.18295,3.7811,4.7762,14.214,-32.4093,0.010907,1.2574,0.057152,4.5759e-07,0.028131,0,84.9612,0.15315,0.82181,482.3224,1444.5065
22.0082,10197.6469,35.5377,239.8469,8.1313,0.28311,-0.062961,3.4737,89.9952,-0.15528,3.7865,4.8727,15.015,-32.345,0.010767,1.2303,0.071131,4.5771e-07,0.028141,0,85.1087,0.15314,0.79459,482.3213,1444.4899
22.015,10197.6469,35.5377,239.8469,8.1313,0.28311,-0.062961,3.4737,89.9952,-0.15528,3.7865,4.8727,15.015,-32.345,0.010767,1.2303,0.071131,4.5771e-07,0.028141,0,85.1087,0.15253,0.85939,482.3213,1444.4899
22.015,10197.6469,35.5377,239.8469,8.1313,0.28311,-0.062961,3.4737,89.9952,-0.15528,3.7865,4.8727,15.015,-32.345,0.010767,1.2303,0.071131,4.5771e-07,0.028141,0,85.1087,0.15253,0.85939,482.3213,1444.4899
22.0166,10197.9429,35.5128,239.8484,8.1337,0.28835,-0.034013,4.066,89.9939,-0.12083,3.792,4.9622,15.6467,-32.2801,0.010637,0.53895,0.082246,4.5783e-07,0.028152,0,85.2562,0.15311,0.76706,482.3203,1444.4733
22.0182,10197.9429,35.5128,239.8484,8.1337,0.28835,-0.034013,4.066,89.9939,-0.12083,3.792,4.9622,15.6467,-32.2801,0.010637,0.53895,0.082246,4.5783e-07,0.028152,0,85.2562,0.15297,0.79036,482.3203,1444.4733
22.0213,10197.9429,35.5128,239.8484,8.1337,0.28835,-0.034013,4.066,89.9939,-0.12083,3.792,4.9622,15.6467,-32.2801,0.010637,0.53895,0.082246,4.5783e-07,0.028152,0,85.2562,0.15268,0.82724,482.3203,1444.4733
22.0214,10197.9429,35.5128,239.8484,8.1337,0.28835,-0.034013,4.066,89.9939,-0.12083,3.792,4.9622,15.6467,-32.2801,0.010637,0.53895,0.082246,4.5783e-07,0.028152,0,85.2562,0.15267,0.8283,482.3203,1444.4733
22.0214,10197.9429,35.5128,239.8484,8.1337,0.28835,-0.034013,4.066,89.9939,-0.12083,3.792,4.9622,15.6467,-32.2801,0.010637,0.53895,0.082246,4.5783e-07,0.028152,0,85.2562,0.15267,0.8283,482.3203,1444.4733
22.0249,10198.2388,35.4882,239.85,8.1361,0.2935,-0.00012982,4.329,89.9929,-0.080997,3.7975,5.0432,10.0671,-30.5599,0.010531,-0.88988,0.090669,4.5796e-07,0.028163,0,85.4037,0.15305,0.73983,482.3192,1444.4567
22.0284,10198.2388,35.4882,239.85,8.1361,0.2935,-0.00012982,4.329,89.9929,-0.080997,3.7975,5.0432,10.0671,-30.5599,0.010531,-0.88988,0.090669,4.5796e-07,0.028163,0,85.4037,0.15273,0.79429,482.3192,1444.4567
22.0332,10198.5344,35.4638,239.8519,8.1386,0.29855,0.035945,3.9103,89.9922,-0.037082,3.803,5.1174,-2.3811,-27.0123,0.01041,-1.5654,0.096654,4.5809e-07,0.028173,0,85.0495,0.15295,0.71241,482.3182,1444.4401
22.0416,10198.8298,35.4394,239.8527,8.1411,0.30349,0.068531,3.1695,89.9919,0.0097087,3.8085,4.9848,-8.1483,-25.3526,0.010287,-1.5356,0.10051,4.5822e-07,0.028184,0,84.6956,0.15273,0.77646,482.3171,1444.4236
22.043,10198.8298,35.4394,239.8527,8.1411,0.30349,0.068531,3.1695,89.9919,0.0097087,3.8085,4.9848,-8.1483,-25.3526,0.010287,-1.5356,0.10051,4.5822e-07,0.028184,0,84.6956,0.1526,0.79577,482.3171,1444.4236
22.043,10198.8298,35.4394,239.8527,8.1411,0.30349,0.068531,3.1695,89.9919,0.0097087,3.8085,4.9848,-8.1483,-25.3526,0.010287,-1.5356,0.10051,4.5822e-07,0.028184,0,84.6956,0.1526,0.79577,482.3171,1444.4236
22.0499,10199.1251,35.4149,239.8529,8.1436,0.30832,0.094943,2.4432,89.992,0.058332,3.814,4.8495,-7.6467,-25.4537,0.010163,-1.5053,0.099419,4.5834e-07,0.028195,0,84.3422,0.1524,0.84899,482.3161,1444.407
22.0557,10199.1251,35.4149,239.8529,8.1436,0.30832,0.094943,2.4432,89.992,0.058332,3.814,4.8495,-7.6467,-25.4537,0.010163,-1.5053,0.099419,4.5834e-07,0.028195,0,84.3422,0.15186,0.88235,482.3161,1444.407
22.0557,10199.1251,35.4149,239.8529,8.1436,0.30832,0.094943,2.4432,89.992,0.058332,3.814,4.8495,-7.6467,-25.4537,0.010163,-1.5053,0.099419,4.5834e-07,0.028195,0,84.3422,0.15186,0.88235,482.3161,1444.407
22.0582,10199.4201,35.3905,239.8524,8.1462,0.31305,0.1153,1.7313,89.9925,0.1064,3.8196,4.7044,-7.4485,-25.5538,0.010124,-1.4739,0.08883,4.5846e-07,0.028205,0,84.3524,0.15199,0.92456,482.315,1444.3905
22.0608,10199.4201,35.3905,239.8524,8.1462,0.31305,0.1153,1.7313,89.9925,0.1064,3.8196,4.7044,-7.4485,-25.5538,0.010124,-1.4739,0.08883,4.5846e-07,0.028205,0,84.3524,0.15175,0.92473,482.315,1444.3905
22.0659,10199.4201,35.3905,239.8524,8.1462,0.31305,0.1153,1.7313,89.9925,0.1064,3.8196,4.7044,-7.4485,-25.5538,0.010124,-1.4739,0.08883,4.5846e-07,0.028205,0,84.3524,0.15127,0.925,482.315,1444.3905
22.0666,10199.7149,35.3665,239.8526,8.1488,0.31776,0.12973,1.0337,89.9934,0.14934,3.8252,4.7296,-7.8312,-25.6603,0.010119,-1.4415,0.070318,4.5857e-07,0.028216,0,84.4995,0.15164,0.9133,482.314,1444.3739
22.0701,10199.7149,35.3665,239.8526,8.1488,0.31776,0.12973,1.0337,89.9934,0.14934,3.8252,4.7296,-7.8312,-25.6603,0.010119,-1.4415,0.070318,4.5857e-07,0.028216,0,84.4995,0.1513,0.91692,482.314,1444.3739
22.0749,10200.0095,35.3428,239.853,8.1515,0.32249,0.13834,0.35023,89.9946,0.18331,3.8308,4.7353,-8.6995,-25.7693,0.010137,-1.409,0.048095,4.5867e-07,0.028227,0,84.6467,0.15135,0.89345,482.3129,1444.3574
22.0832,10200.3039,35.3193,239.8536,8.1541,0.32727,0.14126,-0.31923,89.9961,0.20654,3.8364,4.7323,-9.7978,-25.8778,0.010115,-1.377,0.024361,4.5875e-07,0.028237,0,84.794,0.15117,0.86968,482.3119,1444.3409
22.0916,10200.5982,35.2961,239.8544,8.1569,0.33208,0.1386,-0.975,89.9979,0.21829,3.842,4.7263,-10.9926,-25.9811,0.010051,-1.3456,0.00076318,4.5883e-07,0.028248,0,84.9413,0.15108,0.84406,482.3108,1444.3244
22.0999,10200.8922,35.2731,239.8554,8.1597,0.3369,0.13048,-1.6174,89.9997,0.21862,3.8477,4.7214,-12.1839,-26.0781,0.009939,-1.3151,-0.021407,4.589e-07,0.028259,0,85.0886,0.15106,0.8175,482.3098,1444.3079
22.1082,10201.1861,35.2504,239.8566,8.1625,0.34172,0.117,-2.2468,90.0015,0.20823,3.8533,4.7207,-13.2932,-26.1676,0.0097893,-1.2857,-0.041318,4.5896e-07,0.028269,0,85.2361,0.15109,0.79043,482.3087,1444.2914
22.1166,10201.4797,35.228,239.8581,8.1653,0.3465,0.098276,-2.8635,90.0032,0.1882,3.859,4.7263,-14.2699,-26.2498,0.0096162,-1.2574,-0.058492,4.59e-07,0.02828,0,85.3836,0.15114,0.76302,482.3077,1444.275
22.1232,10201.4797,35.228,239.8581,8.1653,0.3465,0.098276,-2.8635,90.0032,0.1882,3.859,4.7263,-14.2699,-26.2498,0.0096162,-1.2574,-0.058492,4.59e-07,0.02828,0,85.3836,0.15048,0.84147,482.3077,1444.275
22.1232,10201.4797,35.228,239.8581,8.1653,0.3465,0.098276,-2.8635,90.0032,0.1882,3.859,4.7263,-14.2699,-26.2498,0.0096162,-1.2574,-0.058492,4.59e-07,0.02828,0,85.3836,0.15048,0.84147,482.3077,1444.275
22.1249,10201.7732,35.2059,239.8598,8.1682,0.3512,0.074414,-3.4679,90.0048,0.15985,3.8646,4.739,-15.085,-26.3251,0.0094377,-1.2303,-0.072727,4.5904e-07,0.028291,0,85.3304,0.15117,0.73537,482.3066,1444.2585
22.1266,10201.7732,35.2059,239.8598,8.1682,0.3512,0.074414,-3.4679,90.0048,0.15985,3.8646,4.739,-15.085,-26.3251,0.0094377,-1.2303,-0.072727,4.5904e-07,0.028291,0,85.3304,0.15101,0.76422,482.3066,1444.2585
22.1299,10201.7732,35.2059,239.8598,8.1682,0.3512,0.074414,-3.4679,90.0048,0.15985,3.8646,4.739,-15.085,-26.3251,0.0094377,-1.2303,-0.072727,4.5904e-07,0.028291,0,85.3304,0.15068,0.80935,482.3066,1444.2585
22.1309,10201.7732,35.2059,239.8598,8.1682,0.3512,0.074414,-3.4679,90.0048,0.15985,3.8646,4.739,-15.085,-26.3251,0.0094377,-1.2303,-0.072727,4.5904e-07,0.028291,0,85.3304,0.15058,0.82058,482.3066,1444.2585
22.1309,10201.7732,35.2059,239.8598,8.1682,0.3512,0.074414,-3.4679,90.0048,0.15985,3.8646,4.739,-15.085,-26.3251,0.0094377,-1.2303,-0.072727,4.5904e-07,0.028291,0,85.3304,0.15058,0.82058,482.3066,1444.2585
22.1332,10202.0665,35.184,239.8617,8.1712,0.35582,0.045515,-4.0603,90.0061,0.1246,3.8703,4.7593,-15.7262,-26.3947,0.0092376,-0.59453,-0.084036,4.5907e-07,0.028301,0,84.9761,0.15118,0.70746,482.3056,1444.2421
22.1355,10202.0665,35.184,239.8617,8.1712,0.35582,0.045515,-4.0603,90.0061,0.1246,3.8703,4.7593,-15.7262,-26.3947,0.0092376,-0.59453,-0.084036,4.5907e-07,0.028301,0,84.9761,0.15095,0.75178,482.3056,1444.2421
22.1379,10202.0665,35.184,239.8617,8.1712,0.35582,0.045515,-4.0603,90.0061,0.1246,3.8703,4.7593,-15.7262,-26.3947,0.0092376,-0.59453,-0.084036,4.5907e-07,0.028301,0,84.9761,0.15071,0.78749,482.3056,1444.2421
22.1379,10202.0665,35.184,239.8617,8.1712,0.35582,0.045515,-4.0603,90.0061,0.1246,3.8703,4.7593,-15.7262,-26.3947,0.0092376,-0.59453,-0.084036,4.5907e-07,0.028301,0,84.9761,0.15071,0.78749,482.3056,1444.2421
22.1416,10202.3596,35.1621,239.8625,8.1742,0.36031,0.011678,-4.35,90.0072,0.083862,3.876,4.5844,-10.6603,-27.9887,0.0090629,0.85859,-0.092584,4.5909e-07,0.028312,0,84.6223,0.15105,0.7716,482.3045,1444.2256
22.1453,10202.3596,35.1621,239.8625,8.1742,0.36031,0.011678,-4.35,90.0072,0.083862,3.876,4.5844,-10.6603,-27.9887,0.0090629,0.85859,-0.092584,4.5909e-07,0.028312,0,84.6223,0.15068,0.81818,482.3045,1444.2256
22.1499,10202.6525,35.1402,239.8627,8.1772,0.36467,-0.024571,-3.9464,90.0079,0.038976,3.8817,4.418,1.9959,-31.6422,0.008926,1.5673,-0.098676,4.5912e-07,0.028323,0,84.2689,0.1508,0.84428,482.3035,1444.2092
22.1582,10202.9453,35.1183,239.8623,8.1802,0.36891,-0.057458,-3.2049,90.0082,-0.0088331,3.8874,4.2598,8.0513,-33.4429,0.0088891,1.5375,-0.10259,4.5914e-07,0.028333,0,84.0117,0.15043,0.92011,482.3025,1444.1928
22.1598,10202.9453,35.1183,239.8623,8.1802,0.36891,-0.057458,-3.2049,90.0082,-0.0088331,3.8874,4.2598,8.0513,-33.4429,0.0088891,1.5375,-0.10259,4.5914e-07,0.028333,0,84.0117,0.15027,0.92056,482.3025,1444.1928
22.1598,10202.9453,35.1183,239.8623,8.1802,0.36891,-0.057458,-3.2049,90.0082,-0.0088331,3.8874,4.2598,8.0513,-33.4429,0.0088891,1.5375,-0.10259,4.5914e-07,0.028333,0,84.0117,0.15027,0.92056,482.3025,1444.1928
22.1666,10203.2378,35.0969,239.8624,8.1833,0.37307,-0.084166,-2.4778,90.0081,-0.058497,3.8931,4.3007,7.5402,-33.4007,0.0088993,1.5073,-0.10173,4.5916e-07,0.028344,0,84.1588,0.15008,0.90919,482.3014,1444.1764
22.1726,10203.2378,35.0969,239.8624,8.1833,0.37307,-0.084166,-2.4778,90.0081,-0.058497,3.8931,4.3007,7.5402,-33.4007,0.0088993,1.5073,-0.10173,4.5916e-07,0.028344,0,84.1588,0.14946,0.91564,482.3014,1444.1764
22.1726,10203.2378,35.0969,239.8624,8.1833,0.37307,-0.084166,-2.4778,90.0081,-0.058497,3.8931,4.3007,7.5402,-33.4007,0.0088993,1.5073,-0.10173,4.5916e-07,0.028344,0,84.1588,0.14946,0.91564,482.3014,1444.1764
22.1749,10203.5302,35.0757,239.8628,8.1864,0.37721,-0.10481,-1.7652,90.0076,-0.10771,3.8989,4.3538,7.3241,-33.3584,0.0089426,1.4758,-0.091185,4.592e-07,0.028355,0,84.306,0.14976,0.88968,482.3004,1444.16
22.1772,10203.5302,35.0757,239.8628,8.1864,0.37721,-0.10481,-1.7652,90.0076,-0.10771,3.8989,4.3538,7.3241,-33.3584,0.0089426,1.4758,-0.091185,4.592e-07,0.028355,0,84.306,0.14952,0.89656,482.3004,1444.16
22.1818,10203.5302,35.0757,239.8628,8.1864,0.37721,-0.10481,-1.7652,90.0076,-0.10771,3.8989,4.3538,7.3241,-33.3584,0.0089426,1.4758,-0.091185,4.592e-07,0.028355,0,84.306,0.14905,0.90643,482.3004,1444.16
22.1832,10203.8224,35.0548,239.8634,8.1896,0.38136,-0.11952,-1.0669,90.0067,-0.1518,3.9046,4.4315,7.7019,-33.313,0.0089568,1.4433,-0.072393,4.5923e-07,0.028365,0,84.4532,0.1495,0.86623,482.2993,1444.1436
22.1907,10203.8224,35.0548,239.8634,8.1896,0.38136,-0.11952,-1.0669,90.0067,-0.1518,3.9046,4.4315,7.7019,-33.313,0.0089568,1.4433,-0.072393,4.5923e-07,0.028365,0,84.4532,0.14874,0.89614,482.2993,1444.1436
22.1916,10204.1144,35.0341,239.8642,8.1928,0.38554,-0.12841,-0.38272,90.0055,-0.18679,3.9104,4.5306,8.5864,-33.2619,0.0089376,1.4107,-0.049749,4.5928e-07,0.028376,0,84.6005,0.14932,0.8409,482.2983,1444.1272
22.1962,10204.1144,35.0341,239.8642,8.1928,0.38554,-0.12841,-0.38272,90.0055,-0.18679,3.9104,4.5306,8.5864,-33.2619,0.0089376,1.4107,-0.049749,4.5928e-07,0.028376,0,84.6005,0.14885,0.87125,482.2983,1444.1272
22.1999,10204.4063,35.0137,239.8653,8.196,0.38974,-0.1316,0.28742,90.0039,-0.21082,3.9161,4.6403,9.7107,-33.2069,0.0088713,1.3785,-0.025516,4.5934e-07,0.028387,0,84.7479,0.14923,0.81459,482.2973,1444.1109
22.2082,10204.698,34.9936,239.8665,8.1992,0.39396,-0.12921,0.94385,90.0021,-0.22313,3.9219,4.7547,10.9377,-33.1481,0.0087594,1.347,-0.0013851,4.594e-07,0.028397,0,84.8953,0.14921,0.7877,482.2962,1444.0945
22.2166,10204.9895,34.9738,239.868,8.2025,0.39817,-0.12134,1.5869,90.0003,-0.22375,3.9277,4.8698,12.1643,-33.0861,0.008608,1.3164,0.021313,4.5948e-07,0.028408,0,85.0428,0.14924,0.76045,482.2952,1444.0782
22.2249,10205.2809,34.9542,239.8697,8.2059,0.40235,-0.10812,2.2169,89.9984,-0.21339,3.9334,4.9819,13.3099,-33.0218,0.0084293,1.2869,0.041717,4.5957e-07,0.028419,0,85.1392,0.1493,0.7329,482.2941,1444.0618
22.2332,10205.5721,34.9349,239.8716,8.2092,0.40647,-0.089645,2.8343,89.9966,-0.19315,3.9392,5.0887,14.3218,-32.956,0.008195,1.2585,0.05933,4.5966e-07,0.028429,0,84.785,0.14936,0.70511,482.2931,1444.0455
22.238,10205.5721,34.9349,239.8716,8.2092,0.40647,-0.089645,2.8343,89.9966,-0.19315,3.9392,5.0887,14.3218,-32.956,0.008195,1.2585,0.05933,4.5966e-07,0.028429,0,84.785,0.14885,0.78714,482.2931,1444.0455
22.238,10205.5721,34.9349,239.8716,8.2092,0.40647,-0.089645,2.8343,89.9966,-0.19315,3.9392,5.0887,14.3218,-32.956,0.008195,1.2585,0.05933,4.5966e-07,0.028429,0,84.785,0.14885,0.78714,482.2931,1444.0455
22.2416,10205.8632,34.9156,239.8724,8.2126,0.4105,-0.066027,3.4393,89.995,-0.16437,3.945,4.988,15.1698,-32.8869,0.0079557,1.2313,0.073939,4.5977e-07,0.02844,0,84.4312,0.14931,0.76885,482.2921,1444.0292
22.2451,10205.8632,34.9156,239.8724,8.2126,0.4105,-0.066027,3.4393,89.995,-0.16437,3.945,4.988,15.1698,-32.8869,0.0079557,1.2313,0.073939,4.5977e-07,0.02844,0,84.4312,0.14893,0.81409,482.2921,1444.0292
22.2466,10205.8632,34.9156,239.8724,8.2126,0.4105,-0.066027,3.4393,89.995,-0.16437,3.945,4.988,15.1698,-32.8869,0.0079557,1.2313,0.073939,4.5977e-07,0.02844,0,84.4312,0.14878,0.82831,482.2921,1444.0292
22.2466,10205.8632,34.9156,239.8724,8.2126,0.4105,-0.066027,3.4393,89.995,-0.16437,3.945,4.988,15.1698,-32.8869,0.0079557,1.2313,0.073939,4.5977e-07,0.02844,0,84.4312,0.14878,0.82831,482.2921,1444.0292
22.2499,10206.154,34.8963,239.8726,8.2161,0.4144,-0.037366,4.0323,89.9937,-0.1285,3.9508,4.882,15.8406,-32.8175,0.0077453,0.70497,0.085553,4.5988e-07,0.028451,0,84.0778,0.14916,0.84096,482.291,1444.0129
22.2533,10206.154,34.8963,239.8726,8.2161,0.4144,-0.037366,4.0323,89.9937,-0.1285,3.9508,4.882,15.8406,-32.8175,0.0077453,0.70497,0.085553,4.5988e-07,0.028451,0,84.0778,0.1488,0.8636,482.291,1444.0129
22.254,10206.154,34.8963,239.8726,8.2161,0.4144,-0.037366,4.0323,89.9937,-0.1285,3.9508,4.882,15.8406,-32.8175,0.0077453,0.70497,0.085553,4.5988e-07,0.028451,0,84.0778,0.14872,0.86762,482.291,1444.0129
22.254,10206.154,34.8963,239.8726,8.2161,0.4144,-0.037366,4.0323,89.9937,-0.1285,3.9508,4.882,15.8406,-32.8175,0.0077453,0.70497,0.085553,4.5988e-07,0.028451,0,84.0778,0.14872,0.86762,482.291,1444.0129
22.2582,10206.4448,34.8771,239.8722,8.2195,0.41818,-0.0037639,4.3748,89.9926,-0.086985,3.9567,4.7691,11.7916,-31.5047,0.0076615,-0.77301,0.094321,4.5999e-07,0.028461,0,83.8192,0.14888,0.91681,482.29,1443.9966
22.2625,10206.4448,34.8771,239.8722,8.2195,0.41818,-0.0037639,4.3748,89.9926,-0.086985,3.9567,4.7691,11.7916,-31.5047,0.0076615,-0.77301,0.094321,4.5999e-07,0.028461,0,83.8192,0.14843,0.91823,482.29,1443.9966
22.2666,10206.7353,34.8582,239.8724,8.223,0.42186,0.032693,4.0123,89.9919,-0.041218,3.9625,4.8422,-1.0817,-27.8352,0.0076646,-1.5705,0.1006,4.6011e-07,0.028472,0,83.9663,0.1486,0.90607,482.289,1443.9803
22.2749,10207.0257,34.8396,239.8728,8.2265,0.42549,0.066128,3.2694,89.9915,0.0075638,3.9683,4.9088,-7.9395,-25.8791,0.0077167,-1.5406,0.10466,4.6023e-07,0.028483,0,84.1134,0.14832,0.88686,482.2879,1443.964
22.2766,10207.0257,34.8396,239.8728,8.2265,0.42549,0.066128,3.2694,89.9915,0.0075638,3.9683,4.9088,-7.9395,-25.8791,0.0077167,-1.5406,0.10466,4.6023e-07,0.028483,0,84.1134,0.14814,0.89209,482.2879,1443.964
22.2766,10207.0257,34.8396,239.8728,8.2265,0.42549,0.066128,3.2694,89.9915,0.0075638,3.9683,4.9088,-7.9395,-25.8791,0.0077167,-1.5406,0.10466,4.6023e-07,0.028483,0,84.1134,0.14814,0.89209,482.2879,1443.964
22.2832,10207.316,34.8213,239.8734,8.2301,0.42909,0.093373,2.541,89.9916,0.05826,3.9741,4.97,-7.427,-25.992,0.0077503,-1.5105,0.10436,4.6034e-07,0.028493,0,84.2607,0.14807,0.86375,482.2869,1443.9478
22.2894,10207.316,34.8213,239.8734,8.2301,0.42909,0.093373,2.541,89.9916,0.05826,3.9741,4.97,-7.427,-25.992,0.0077503,-1.5105,0.10436,4.6034e-07,0.028493,0,84.2607,0.14739,0.89016,482.2869,1443.9478
22.2894,10207.316,34.8213,239.8734,8.2301,0.42909,0.093373,2.541,89.9916,0.05826,3.9741,4.97,-7.427,-25.992,0.0077503,-1.5105,0.10436,4.6034e-07,0.028493,0,84.2607,0.14739,0.89016,482.2869,1443.9478
22.2916,10207.6061,34.8033,239.8742,8.2337,0.43267,0.11455,1.8271,89.9921,0.10877,3.98,5.0211,-7.1821,-26.1027,0.0077615,-1.479,0.094279,4.6045e-07,0.028504,0,84.408,0.14785,0.83876,482.2859,1443.9315
22.2937,10207.6061,34.8033,239.8742,8.2337,0.43267,0.11455,1.8271,89.9921,0.10877,3.98,5.0211,-7.1821,-26.1027,0.0077615,-1.479,0.094279,4.6045e-07,0.028504,0,84.408,0.14761,0.8546,482.2859,1443.9315
22.298,10207.6061,34.8033,239.8742,8.2337,0.43267,0.11455,1.8271,89.9921,0.10877,3.98,5.0211,-7.1821,-26.1027,0.0077615,-1.479,0.094279,4.6045e-07,0.028504,0,84.408,0.14714,0.87771,482.2859,1443.9315
22.2999,10207.896,34.7855,239.8752,8.2373,0.43625,0.12977,1.1275,89.993,0.15438,3.9858,5.0484,-7.5347,-26.2139,0.0077348,-1.4464,0.075396,4.6054e-07,0.028515,0,84.5553,0.14768,0.81278,482.2848,1443.9152
22.3082,10208.1858,34.7681,239.8764,8.241,0.43983,0.13917,0.44209,89.9943,0.19083,3.9916,5.0547,-8.4264,-26.3239,0.0076694,-1.4137,0.052409,4.6063e-07,0.028525,0,84.7027,0.14758,0.78618,482.2838,1443.899
22.3166,10208.4755,34.7509,239.8779,8.2446,0.44341,0.14285,-0.22927,89.9959,0.21616,3.9974,5.0515,-9.5719,-26.4302,0.007564,-1.3814,0.027681,4.6071e-07,0.028536,0,84.8502,0.14754,0.75917,482.2828,1443.8827
22.3249,10208.765,34.7339,239.8796,8.2483,0.447,0.14094,-0.88691,89.9977,0.22951,4.0033,5.0449,-10.8278,-26.5314,0.0074174,-1.3497,0.0029605,4.6077e-07,0.028547,0,84.9977,0.14756,0.73182,482.2817,1443.8665
22.3332,10209.0544,34.7173,239.8813,8.2521,0.45057,0.13355,-1.5311,89.9996,0.23089,4.0091,5.0198,-12.0879,-26.6262,0.0072001,-1.3189,-0.020365,4.6083e-07,0.028557,0,84.6436,0.14762,0.71298,482.2807,1443.8503
22.3416,10209.3436,34.7005,239.8821,8.2558,0.45408,0.12079,-2.1623,90.0015,0.22097,4.015,4.8176,-13.268,-26.712,0.0069544,-1.2892,-0.041382,4.6087e-07,0.028568,0,84.2899,0.1476,0.77755,482.2797,1443.8341
22.3499,10209.6327,34.6838,239.8822,8.2596,0.4575,0.10277,-2.7807,90.0033,0.20088,4.0208,4.6236,-14.3124,-26.7906,0.0067067,-1.2607,-0.059564,4.609e-07,0.028579,0,83.9366,0.14752,0.85008,482.2786,1443.8179
22.3522,10209.6327,34.6838,239.8822,8.2596,0.4575,0.10277,-2.7807,90.0033,0.20088,4.0208,4.6236,-14.3124,-26.7906,0.0067067,-1.2607,-0.059564,4.609e-07,0.028579,0,83.9366,0.14725,0.8642,482.2786,1443.8179
22.3522,10209.6327,34.6838,239.8822,8.2596,0.4575,0.10277,-2.7807,90.0033,0.20088,4.0208,4.6236,-14.3124,-26.7906,0.0067067,-1.2607,-0.059564,4.609e-07,0.028579,0,83.9366,0.14725,0.8642,482.2786,1443.8179
22.3582,10209.9217,34.6672,239.8816,8.2635,0.46082,0.079602,-3.3868,90.005,0.17196,4.0267,4.439,-15.1891,-26.8633,0.0065536,-1.2333,-0.074677,4.6093e-07,0.028589,0,84.0835,0.14734,0.92555,482.2776,1443.8017
22.3616,10209.9217,34.6672,239.8816,8.2635,0.46082,0.079602,-3.3868,90.005,0.17196,4.0267,4.439,-15.1891,-26.8633,0.0065536,-1.2333,-0.074677,4.6093e-07,0.028589,0,84.0835,0.14696,0.92357,482.2776,1443.8017
22.3616,10209.9217,34.6672,239.8816,8.2635,0.46082,0.079602,-3.3868,90.005,0.17196,4.0267,4.439,-15.1891,-26.8633,0.0065536,-1.2333,-0.074677,4.6093e-07,0.028589,0,84.0835,0.14696,0.92357,482.2776,1443.8017
22.3666,10210.2105,34.651,239.8817,8.2673,0.46407,0.051378,-3.9808,90.0064,0.13571,4.0326,4.455,-15.8838,-26.9357,0.0064754,-0.88159,-0.08672,4.6094e-07,0.0286,0,84.2306,0.14717,0.91443,482.2766,1443.7855
22.3697,10210.2105,34.651,239.8817,8.2673,0.46407,0.051378,-3.9808,90.0064,0.13571,4.0326,4.455,-15.8838,-26.9357,0.0064754,-0.88159,-0.08672,4.6094e-07,0.0286,0,84.2306,0.14681,0.9156,482.2766,1443.7855
22.3697,10210.2105,34.651,239.8817,8.2673,0.46407,0.051378,-3.9808,90.0064,0.13571,4.0326,4.455,-15.8838,-26.9357,0.0064754,-0.88159,-0.08672,4.6094e-07,0.0286,0,84.2306,0.14681,0.9156,482.2766,1443.7855
22.3749,10210.4992,34.635,239.882,8.2712,0.46725,0.018205,-4.4078,90.0076,0.093605,4.0384,4.4768,-13.4425,-27.8241,0.00647,0.62152,-0.095842,4.6095e-07,0.028611,0,84.3777,0.14699,0.89533,482.2755,1443.7693
22.3801,10210.4992,34.635,239.882,8.2712,0.46725,0.018205,-4.4078,90.0076,0.093605,4.0384,4.4768,-13.4425,-27.8241,0.00647,0.62152,-0.095842,4.6095e-07,0.028611,0,84.3777,0.1464,0.90484,482.2755,1443.7693
22.3832,10210.7878,34.6193,239.8826,8.2751,0.47038,-0.018527,-4.1177,90.0084,0.047065,4.0443,4.5049,-0.36787,-31.6104,0.0064896,1.5753,-0.1024,4.6096e-07,0.028621,0,84.5249,0.14682,0.87251,482.2745,1443.7531
22.3916,10211.0762,34.6039,239.8833,8.279,0.47347,-0.052841,-3.3728,90.0087,-0.0026221,4.0501,4.5393,7.8837,-34.0338,0.0065058,1.5454,-0.10666,4.6096e-07,0.028632,0,84.6722,0.14666,0.84792,482.2735,1443.737
22.3931,10211.0762,34.6039,239.8833,8.279,0.47347,-0.052841,-3.3728,90.0087,-0.0026221,4.0501,4.5393,7.8837,-34.0338,0.0065058,1.5454,-0.10666,4.6096e-07,0.028632,0,84.6722,0.14648,0.85798,482.2735,1443.737
22.3931,10211.0762,34.6039,239.8833,8.279,0.47347,-0.052841,-3.3728,90.0087,-0.0026221,4.0501,4.5393,7.8837,-34.0338,0.0065058,1.5454,-0.10666,4.6096e-07,0.028632,0,84.6722,0.14648,0.85798,482.2735,1443.737
22.3999,10211.3645,34.5888,239.8842,8.283,0.4765,-0.080948,-2.6424,90.0087,-0.05432,4.0559,4.5799,7.3518,-33.9958,0.0064957,1.5153,-0.10733,4.6097e-07,0.028643,0,84.8195,0.1465,0.8224,482.2725,1443.7208
22.4059,10211.3645,34.5888,239.8842,8.283,0.4765,-0.080948,-2.6424,90.0087,-0.05432,4.0559,4.5799,7.3518,-33.9958,0.0064957,1.5153,-0.10733,4.6097e-07,0.028643,0,84.8195,0.14581,0.86583,482.2725,1443.7208
22.4059,10211.3645,34.5888,239.8842,8.283,0.4765,-0.080948,-2.6424,90.0087,-0.05432,4.0559,4.5799,7.3518,-33.9958,0.0064957,1.5153,-0.10733,4.6097e-07,0.028643,0,84.8195,0.14581,0.86583,482.2725,1443.7208
22.4082,10211.6527,34.5739,239.8853,8.287,0.47949,-0.10297,-1.9264,90.0083,-0.10629,4.0618,4.6302,7.0432,-33.9539,0.0064596,1.4839,-0.098265,4.6099e-07,0.028653,0,84.9669,0.14636,0.79627,482.2714,1443.7046
22.4105,10211.6527,34.5739,239.8853,8.287,0.47949,-0.10297,-1.9264,90.0083,-0.10629,4.0618,4.6302,7.0432,-33.9539,0.0064596,1.4839,-0.098265,4.6099e-07,0.028653,0,84.9669,0.14609,0.82131,482.2714,1443.7046
22.4152,10211.6527,34.5739,239.8853,8.287,0.47949,-0.10297,-1.9264,90.0083,-0.10629,4.0618,4.6302,7.0432,-33.9539,0.0064596,1.4839,-0.098265,4.6099e-07,0.028653,0,84.9669,0.14556,0.85703,482.2714,1443.7046
22.4166,10211.9407,34.5594,239.8867,8.291,0.48244,-0.11902,-1.2247,90.0074,-0.15385,4.0676,4.7057,7.3308,-33.9057,0.0063948,1.4513,-0.07954,4.6101e-07,0.028664,0,85.1143,0.14624,0.7697,482.2704,1443.6885
22.4237,10211.9407,34.5594,239.8867,8.291,0.48244,-0.11902,-1.2247,90.0074,-0.15385,4.0676,4.7057,7.3308,-33.9057,0.0063948,1.4513,-0.07954,4.6101e-07,0.028664,0,85.1143,0.14542,0.84473,482.2704,1443.6885
22.4249,10212.2287,34.5451,239.8883,8.295,0.48539,-0.12923,-0.53733,90.0061,-0.19232,4.0734,4.8061,8.2111,-33.8511,0.0063022,1.4185,-0.056311,4.6104e-07,0.028675,0,85.2618,0.14617,0.74275,482.2694,1443.6724
22.4311,10212.2287,34.5451,239.8883,8.295,0.48539,-0.12923,-0.53733,90.0061,-0.19232,4.0734,4.8061,8.2111,-33.8511,0.0063022,1.4185,-0.056311,4.6104e-07,0.028675,0,85.2618,0.14545,0.82346,482.2694,1443.6724
22.4332,10212.5165,34.5311,239.8901,8.2991,0.48832,-0.1337,0.13599,90.0045,-0.21954,4.0792,4.9187,9.3708,-33.7927,0.0061385,1.3859,-0.031103,4.6108e-07,0.028685,0,84.9077,0.14614,0.71548,482.2684,1443.6562
22.4416,10212.8042,34.517,239.8908,8.3031,0.49122,-0.13257,0.79553,90.0027,-0.23455,4.0851,4.8366,10.6567,-33.7286,0.0059381,1.354,-0.0057256,4.6113e-07,0.028696,0,84.554,0.14607,0.77933,482.2673,1443.6401
22.4499,10213.0918,34.5029,239.8908,8.3072,0.49407,-0.12594,1.4416,90.0007,-0.23726,4.0909,4.7578,11.9588,-33.6614,0.0057146,1.323,0.018339,4.6119e-07,0.028707,0,84.2007,0.14597,0.8516,482.2663,1443.624
22.4582,10213.3792,34.4889,239.8903,8.3114,0.49687,-0.11393,2.0746,89.9987,-0.22832,4.0968,4.6783,13.1868,-33.5925,0.0055636,1.293,0.040111,4.6126e-07,0.028717,0,84.3477,0.14582,0.927,482.2653,1443.6079
22.4666,10213.6666,34.4753,239.8903,8.3155,0.49963,-0.096641,2.6947,89.9968,-0.20882,4.1026,4.7863,14.2813,-33.5277,0.0054526,1.2643,0.059019,4.6134e-07,0.028728,0,84.4947,0.14571,0.91595,482.2643,1443.5918
22.4749,10213.9538,34.462,239.8906,8.3197,0.50235,-0.074184,3.3025,89.9951,-0.18015,4.1085,4.8871,15.2075,-33.4653,0.0053844,1.2367,0.074798,4.6143e-07,0.028739,0,84.6418,0.14562,0.89642,482.2632,1443.5757
22.4764,10213.9538,34.462,239.8906,8.3197,0.50235,-0.074184,3.3025,89.9951,-0.18015,4.1085,4.8871,15.2075,-33.4653,0.0053844,1.2367,0.074798,4.6143e-07,0.028739,0,84.6418,0.14545,0.89918,482.2632,1443.5757
22.4764,10213.9538,34.462,239.8906,8.3197,0.50235,-0.074184,3.3025,89.9951,-0.18015,4.1085,4.8871,15.2075,-33.4653,0.0053844,1.2367,0.074798,4.6143e-07,0.028739,0,84.6418,0.14545,0.89918,482.2632,1443.5757
22.4832,10214.2409,34.449,239.8911,8.3239,0.50503,-0.046664,3.8982,89.9936,-0.14382,4.1143,4.9798,15.949,-33.4055,0.005323,1.1054,0.087423,4.6153e-07,0.028749,0,84.789,0.14555,0.87306,482.2622,1443.5596
22.4851,10214.2409,34.449,239.8911,8.3239,0.50503,-0.046664,3.8982,89.9936,-0.14382,4.1143,4.9798,15.949,-33.4055,0.005323,1.1054,0.087423,4.6153e-07,0.028749,0,84.789,0.14533,0.88048,482.2622,1443.5596
22.4851,10214.2409,34.449,239.8911,8.3239,0.50503,-0.046664,3.8982,89.9936,-0.14382,4.1143,4.9798,15.949,-33.4055,0.005323,1.1054,0.087423,4.6153e-07,0.028749,0,84.789,0.14533,0.88048,482.2622,1443.5596
22.4916,10214.528,34.4362,239.8918,8.3281,0.50766,-0.014178,4.4321,89.9924,-0.10135,4.1201,5.0637,15.5513,-33.0852,0.0052777,-0.39225,0.097052,4.6163e-07,0.02876,0,84.9363,0.14549,0.84837,482.2612,1443.5435
22.498,10214.528,34.4362,239.8918,8.3281,0.50766,-0.014178,4.4321,89.9924,-0.10135,4.1201,5.0637,15.5513,-33.0852,0.0052777,-0.39225,0.097052,4.6163e-07,0.02876,0,84.9363,0.14472,0.88085,482.2612,1443.5435
22.4999,10214.8149,34.4237,239.8927,8.3323,0.51023,0.022756,4.2517,89.9916,-0.054196,4.1259,5.1396,2.5556,-29.3649,0.0052539,-1.5812,0.10398,4.6173e-07,0.028771,0,85.0836,0.14542,0.82301,482.2602,1443.5274
22.5082,10215.1017,34.4115,239.8938,8.3366,0.51272,0.058187,3.5041,89.9911,-0.0037027,4.1317,5.209,-7.8161,-26.4295,0.0052269,-1.5512,0.10855,4.6184e-07,0.028781,0,85.231,0.14533,0.79717,482.2591,1443.5113
22.5095,10215.1017,34.4115,239.8938,8.3366,0.51272,0.058187,3.5041,89.9911,-0.0037027,4.1317,5.209,-7.8161,-26.4295,0.0052269,-1.5512,0.10855,4.6184e-07,0.028781,0,85.231,0.14518,0.81122,482.2591,1443.5113
22.5095,10215.1017,34.4115,239.8938,8.3366,0.51272,0.058187,3.5041,89.9911,-0.0037027,4.1317,5.209,-7.8161,-26.4295,0.0052269,-1.5512,0.10855,4.6184e-07,0.028781,0,85.231,0.14518,0.81122,482.2591,1443.5113
22.5166,10215.3884,34.3996,239.8952,8.3409,0.51514,0.087388,2.771,89.9911,0.048945,4.1374,5.273,-7.2724,-26.5391,0.0051824,-1.5213,0.11054,4.6194e-07,0.028792,0,85.3784,0.14522,0.77097,482.2581,1443.4953
22.5222,10215.3884,34.3996,239.8952,8.3409,0.51514,0.087388,2.771,89.9911,0.048945,4.1374,5.273,-7.2724,-26.5391,0.0051824,-1.5213,0.11054,4.6194e-07,0.028792,0,85.3784,0.14455,0.83351,482.2581,1443.4953
22.5222,10215.3884,34.3996,239.8952,8.3409,0.51514,0.087388,2.771,89.9911,0.048945,4.1374,5.273,-7.2724,-26.5391,0.0051824,-1.5213,0.11054,4.6194e-07,0.028792,0,85.3784,0.14455,0.83351,482.2581,1443.4953
22.5249,10215.675,34.3879,239.8967,8.3452,0.51749,0.11048,2.0524,89.9915,0.1025,4.1432,5.3312,-6.8886,-26.6456,0.0051231,-1.4901,0.1031,4.6204e-07,0.028803,0,85.5259,0.14511,0.7444,482.2571,1443.4792
22.5276,10215.675,34.3879,239.8967,8.3452,0.51749,0.11048,2.0524,89.9915,0.1025,4.1432,5.3312,-6.8886,-26.6456,0.0051231,-1.4901,0.1031,4.6204e-07,0.028803,0,85.5259,0.14479,0.78419,482.2571,1443.4792
22.5332,10215.9615,34.3766,239.8985,8.3495,0.5198,0.12758,1.3482,89.9923,0.15241,4.149,5.3665,-7.081,-26.7529,0.0050031,-1.4574,0.084808,4.6213e-07,0.028814,0,85.1718,0.14501,0.71747,482.2561,1443.4631
22.5416,10216.2479,34.3651,239.8991,8.3539,0.52206,0.13882,0.65833,89.9936,0.19345,4.1547,5.1752,-7.9362,-26.8584,0.004855,-1.4245,0.061461,4.622e-07,0.028824,0,84.8181,0.14485,0.7816,482.2551,1443.4471
22.5499,10216.5343,34.3537,239.8992,8.3582,0.52429,0.1443,-0.017466,89.9952,0.22317,4.1605,4.9741,-9.1029,-26.9611,0.0046858,-1.3917,0.035809,4.6227e-07,0.028835,0,84.4649,0.14466,0.8541,482.254,1443.431
22.5582,10216.8205,34.3424,239.8986,8.3626,0.52648,0.14416,-0.67941,89.9971,0.24045,4.1663,4.7701,-10.4141,-27.0599,0.0045808,-1.3595,0.0097333,4.6233e-07,0.028846,0,84.6118,0.14446,0.92968,482.253,1443.415
22.5666,10217.1066,34.3314,239.8986,8.367,0.52868,0.1385,-1.3278,89.9991,0.24511,4.1721,4.7585,-11.7557,-27.1585,0.004498,-1.3282,-0.015174,4.6237e-07,0.028856,0,84.7589,0.14433,0.91879,482.252,1443.399
22.5749,10217.3927,34.3207,239.8988,8.3714,0.53089,0.12743,-1.9631,90.0011,0.23769,4.1778,4.75,-13.031,-27.2537,0.0044328,-1.298,-0.037843,4.624e-07,0.028867,0,84.906,0.14427,0.89941,482.251,1443.3829
22.5832,10217.6787,34.3102,239.8993,8.3759,0.53311,0.11107,-2.5855,90.0031,0.21928,4.1836,4.7474,-14.175,-27.3444,0.0043383,-1.269,-0.057636,4.6243e-07,0.028878,0,85.0531,0.14428,0.87618,482.25,1443.3669
22.5916,10217.9645,34.3001,239.9,8.3803,0.53531,0.089528,-3.1954,90.0049,0.19127,4.1893,4.7523,-15.149,-27.4277,0.004228,-1.2411,-0.07424,4.6244e-07,0.028888,0,85.2004,0.14432,0.85117,482.2489,1443.3509
22.5999,10218.2503,34.2902,239.9008,8.3848,0.53745,0.062899,-3.7933,90.0065,0.1552,4.195,4.7654,-15.9337,-27.5042,0.0041124,-1.1661,-0.087602,4.6244e-07,0.028899,0,85.3477,0.14437,0.82527,482.2479,1443.3349
22.6002,10218.2503,34.2902,239.9008,8.3848,0.53745,0.062899,-3.7933,90.0065,0.1552,4.195,4.7654,-15.9337,-27.5042,0.0041124,-1.1661,-0.087602,4.6244e-07,0.028899,0,85.3477,0.14433,0.82812,482.2479,1443.3349
22.6002,10218.2503,34.2902,239.9008,8.3848,0.53745,0.062899,-3.7933,90.0065,0.1552,4.195,4.7654,-15.9337,-27.5042,0.0041124,-1.1661,-0.087602,4.6244e-07,0.028899,0,85.3477,0.14433,0.82812,482.2479,1443.3349
22.6082,10218.536,34.2806,239.9019,8.3893,0.53952,0.031289,-4.3562,90.0078,0.11263,4.2007,4.7859,-16.0865,-27.6963,0.0040085,0.084152,-0.097857,4.6243e-07,0.02891,0,85.495,0.1444,0.79922,482.2469,1443.3188
22.6166,10218.8217,34.2713,239.9032,8.3938,0.5415,-0.0050129,-4.323,90.0088,0.06506,4.2064,4.8131,-5.3777,-30.8387,0.0039352,1.5845,-0.10531,4.6242e-07,0.02892,0,85.6425,0.1444,0.77316,482.2459,1443.3028
22.6249,10219.1072,34.2623,239.9047,8.3983,0.54339,-0.041038,-3.5739,90.0093,0.013892,4.2121,4.8467,7.7789,-34.6235,0.0038772,1.5546,-0.1103,4.6241e-07,0.028931,0,85.79,0.14436,0.74687,482.2449,1443.2868
22.6257,10219.1072,34.2623,239.9047,8.3983,0.54339,-0.041038,-3.5739,90.0093,0.013892,4.2121,4.8467,7.7789,-34.6235,0.0038772,1.5546,-0.1103,4.6241e-07,0.028931,0,85.79,0.14426,0.75925,482.2449,1443.2868
22.6257,10219.1072,34.2623,239.9047,8.3983,0.54339,-0.041038,-3.5739,90.0093,0.013892,4.2121,4.8467,7.7789,-34.6235,0.0038772,1.5546,-0.1103,4.6241e-07,0.028931,0,85.79,0.14426,0.75925,482.2449,1443.2868
22.6332,10219.3927,34.2535,239.9064,8.4028,0.54518,-0.07082,-2.8395,90.0094,-0.039627,4.2177,4.8868,7.2029,-34.5814,0.0037702,1.5247,-0.11288,4.624e-07,0.028942,0,85.4359,0.14429,0.72032,482.2439,1443.2708
22.6383,10219.3927,34.2535,239.9064,8.4028,0.54518,-0.07082,-2.8395,90.0094,-0.039627,4.2177,4.8868,7.2029,-34.5814,0.0037702,1.5247,-0.11288,4.624e-07,0.028942,0,85.4359,0.14366,0.7963,482.2439,1443.2708
22.6383,10219.3927,34.2535,239.9064,8.4028,0.54518,-0.07082,-2.8395,90.0094,-0.039627,4.2177,4.8868,7.2029,-34.5814,0.0037702,1.5247,-0.11288,4.624e-07,0.028942,0,85.4359,0.14366,0.7963,482.2439,1443.2708
22.6416,10219.6781,34.2447,239.907,8.4074,0.54687,-0.094482,-2.1195,90.0091,-0.094337,4.2234,4.7333,6.7778,-34.5343,0.0036498,1.4938,-0.10719,4.624e-07,0.028952,0,85.0822,0.1441,0.78485,482.2428,1443.2548
22.6449,10219.6781,34.2447,239.907,8.4074,0.54687,-0.094482,-2.1195,90.0091,-0.094337,4.2234,4.7333,6.7778,-34.5343,0.0036498,1.4938,-0.10719,4.624e-07,0.028952,0,85.0822,0.14369,0.82048,482.2428,1443.2548
22.6499,10219.9634,34.2359,239.907,8.412,0.54849,-0.11214,-1.4138,90.0083,-0.14625,4.229,4.6032,6.8597,-34.4819,0.0035211,1.4611,-0.089434,4.624e-07,0.028963,0,84.729,0.14384,0.85768,482.2418,1443.2389
22.6582,10220.2487,34.2271,239.9064,8.4165,0.55005,-0.12393,-0.72255,90.0071,-0.18953,4.2347,4.5061,7.6803,-34.4229,0.0034683,1.428,-0.06602,4.6241e-07,0.028974,0,84.8759,0.14353,0.93353,482.2408,1443.2229
22.6666,10220.5339,34.2188,239.9064,8.4211,0.55161,-0.12995,-0.045405,90.0055,-0.22146,4.2403,4.6166,8.8501,-34.3654,0.0034443,1.3951,-0.040022,4.6243e-07,0.028984,0,85.023,0.1433,0.9229,482.2398,1443.2069
22.6749,10220.819,34.2106,239.9066,8.4257,0.55321,-0.13033,0.61786,90.0036,-0.24079,4.246,4.7339,10.1828,-34.3079,0.0034339,1.3628,-0.013348,4.6246e-07,0.028995,0,85.17,0.14317,0.90373,482.2388,1443.1909
22.6832,10221.1041,34.2028,239.907,8.4304,0.55486,-0.12518,1.2676,90.0016,-0.24719,4.2516,4.8534,11.5625,-34.2503,0.0033799,1.3313,0.012307,4.625e-07,0.029006,0,85.3172,0.14313,0.88066,482.2378,1443.1749
22.6916,10221.3891,34.1952,239.9076,8.435,0.55653,-0.11461,1.9041,89.9996,-0.24115,4.2572,4.9711,12.8862,-34.1898,0.0032876,1.3008,0.035779,4.6255e-07,0.029016,0,85.4644,0.14318,0.85579,482.2367,1443.159
22.6999,10221.674,34.1879,239.9084,8.4396,0.55819,-0.098747,2.5277,89.9976,-0.22373,4.2627,5.084,14.0831,-34.1272,0.0031573,1.2716,0.056372,4.6261e-07,0.029027,0,85.6117,0.14327,0.83001,482.2357,1443.143
22.7082,10221.9589,34.1809,239.9094,8.4443,0.55982,-0.077683,3.1388,89.9957,-0.19632,4.2683,5.1901,15.1106,-34.0625,0.0030056,1.2436,0.073728,4.6268e-07,0.029038,0,85.7591,0.14338,0.80373,482.2347,1443.127
22.7166,10221.9589,34.1809,239.9094,8.4443,0.55982,-0.077683,3.1388,89.9957,-0.19632,4.2683,5.1901,15.1106,-34.0625,0.0030056,1.2436,0.073728,4.6268e-07,0.029038,0,85.7591,0.14234,0.86492,482.2347,1443.127
22.7166,10221.9589,34.1809,239.9094,8.4443,0.55982,-0.077683,3.1388,89.9957,-0.19632,4.2683,5.1901,15.1106,-34.0625,0.0030056,1.2436,0.073728,4.6268e-07,0.029038,0,85.7591,0.14234,0.86492,482.2347,1443.127
22.7166,10222.2437,34.1741,239.9107,8.449,0.56137,-0.051526,3.7378,89.9941,-0.16048,4.2739,5.2884,15.9471,-33.9969,0.0028553,1.2041,0.087763,4.6276e-07,0.029048,0,85.9065,0.14348,0.77712,482.2337,1443.1111
22.7166,10222.2437,34.1741,239.9107,8.449,0.56137,-0.051526,3.7378,89.9941,-0.16048,4.2739,5.2884,15.9471,-33.9969,0.0028553,1.2041,0.087763,4.6276e-07,0.029048,0,85.9065,0.14348,0.77716,482.2337,1443.1111
22.7166,10222.2437,34.1741,239.9107,8.449,0.56137,-0.051526,3.7378,89.9941,-0.16048,4.2739,5.2884,15.9471,-33.9969,0.0028553,1.2041,0.087763,4.6276e-07,0.029048,0,85.9065,0.14348,0.77725,482.2337,1443.1111
22.7166,10222.2437,34.1741,239.9107,8.449,0.56137,-0.051526,3.7378,89.9941,-0.16048,4.2739,5.2884,15.9471,-33.9969,0.0028553,1.2041,0.087763,4.6276e-07,0.029048,0,85.9065,0.14348,0.77741,482.2337,1443.1111
22.7166,10222.2437,34.1741,239.9107,8.449,0.56137,-0.051526,3.7378,89.9941,-0.16048,4.2739,5.2884,15.9471,-33.9969,0.0028553,1.2041,0.087763,4.6276e-07,0.029048,0,85.9065,0.14347,0.77775,482.2337,1443.1111
22.7167,10222.2437,34.1741,239.9107,8.449,0.56137,-0.051526,3.7378,89.9941,-0.16048,4.2739,5.2884,15.9471,-33.9969,0.0028553,1.2041,0.087763,4.6276e-07,0.029048,0,85.9065,0.14347,0.77843,482.2337,1443.1111
22.7168,10222.2437,34.1741,239.9107,8.449,0.56137,-0.051526,3.7378,89.9941,-0.16048,4.2739,5.2884,15.9471,-33.9969,0.0028553,1.2041,0.087763,4.6276e-07,0.029048,0,85.9065,0.14345,0.77977,482.2337,1443.1111
22.717,10222.2437,34.1741,239.9107,8.449,0.56137,-0.051526,3.7378,89.9941,-0.16048,4.2739,5.2884,15.9471,-33.9969,0.0028553,1.2041,0.087763,4.6276e-07,0.029048,0,85.9065,0.14343,0.7824,482.2337,1443.1111
22.7174,10222.2437,34.1741,239.9107,8.449,0.56137,-0.051526,3.7378,89.9941,-0.16048,4.2739,5.2884,15.9471,-33.9969,0.0028553,1.2041,0.087763,4.6276e-07,0.029048,0,85.9065,0.14338,0.78752,482.2337,1443.1111
22.7182,10222.2437,34.1741,239.9107,8.449,0.56137,-0.051526,3.7378,89.9941,-0.16048,4.2739,5.2884,15.9471,-33.9969,0.0028553,1.2041,0.087763,4.6276e-07,0.029048,0,85.9065,0.14328,0.79715,482.2337,1443.1111
22.7198,10222.2437,34.1741,239.9107,8.449,0.56137,-0.051526,3.7378,89.9941,-0.16048,4.2739,5.2884,15.9471,-33.9969,0.0028553,1.2041,0.087763,4.6276e-07,0.029048,0,85.9065,0.14307,0.81423,482.2337,1443.1111
22.723,10222.2437,34.1741,239.9107,8.449,0.56137,-0.051526,3.7378,89.9941,-0.16048,4.2739,5.2884,15.9471,-33.9969,0.0028553,1.2041,0.087763,4.6276e-07,0.029048,0,85.9065,0.14267,0.84112,482.2337,1443.1111
22.7249,10222.5284,34.1676,239.9121,8.4537,0.56284,-0.020378,4.319,89.9927,-0.11782,4.2794,5.3778,16.4724,-33.9001,0.0027265,0.099378,0.098596,4.6284e-07,0.029059,0,86.054,0.14354,0.75055,482.2327,1443.0951
22.7332,10222.8131,34.1614,239.9138,8.4584,0.5642,0.015614,4.3735,89.9918,-0.069874,4.2849,5.4582,7.121,-31.1511,0.0026018,-1.4898,0.10653,4.6293e-07,0.02907,0,85.6999,0.14356,0.7241,482.2317,1443.0792
22.7416,10223.0978,34.1552,239.9145,8.4631,0.56544,0.05206,3.6698,89.9912,-0.018095,4.2904,5.3598,-6.8209,-27.2076,0.0024906,-1.5589,0.11188,4.6301e-07,0.02908,0,85.3462,0.14345,0.77578,482.2307,1443.0632
22.7422,10223.0978,34.1552,239.9145,8.4631,0.56544,0.05206,3.6698,89.9912,-0.018095,4.2904,5.3598,-6.8209,-27.2076,0.0024906,-1.5589,0.11188,4.6301e-07,0.02908,0,85.3462,0.14337,0.78385,482.2307,1443.0632
22.7422,10223.0978,34.1552,239.9145,8.4631,0.56544,0.05206,3.6698,89.9912,-0.018095,4.2904,5.3598,-6.8209,-27.2076,0.0024906,-1.5589,0.11188,4.6301e-07,0.02908,0,85.3462,0.14337,0.78385,482.2307,1443.0632
22.7499,10223.3824,34.149,239.9146,8.4678,0.56656,0.082642,2.9335,89.991,0.036215,4.2959,5.2283,-7.1287,-27.0635,0.00238,-1.529,0.11494,4.631e-07,0.029091,0,84.9929,0.14322,0.84777,482.2296,1443.0473
22.7548,10223.3824,34.149,239.9146,8.4678,0.56656,0.082642,2.9335,89.991,0.036215,4.2959,5.2283,-7.1287,-27.0635,0.00238,-1.529,0.11494,4.631e-07,0.029091,0,84.9929,0.14261,0.87186,482.2296,1443.0473
22.7548,10223.3824,34.149,239.9146,8.4678,0.56656,0.082642,2.9335,89.991,0.036215,4.2959,5.2283,-7.1287,-27.0635,0.00238,-1.529,0.11494,4.631e-07,0.029091,0,84.9929,0.14261,0.87186,482.2296,1443.0473
22.7582,10223.6669,34.1428,239.914,8.4725,0.56758,0.10709,2.2116,89.9913,0.091941,4.3014,5.0935,-6.6798,-27.1649,0.0023523,-1.4982,0.11037,4.6318e-07,0.029102,0,84.6402,0.1429,0.92358,482.2286,1443.0313
22.7617,10223.6669,34.1428,239.914,8.4725,0.56758,0.10709,2.2116,89.9913,0.091941,4.3014,5.0935,-6.6798,-27.1649,0.0023523,-1.4982,0.11037,4.6318e-07,0.029102,0,84.6402,0.14247,0.91977,482.2286,1443.0313
22.7666,10223.9514,34.137,239.9141,8.4773,0.56856,0.12552,1.5042,89.9921,0.14541,4.3068,5.1337,-6.6968,-27.2716,0.0023664,-1.4656,0.093389,4.6325e-07,0.029112,0,84.7872,0.14261,0.91295,482.2276,1443.0154
22.7749,10224.2359,34.1314,239.9143,8.482,0.56955,0.13805,0.81107,89.9933,0.19062,4.3123,5.1432,-7.4722,-27.3835,0.0024039,-1.4325,0.070031,4.6331e-07,0.029123,0,84.9344,0.14239,0.89387,482.2266,1442.9994
22.7832,10224.5203,34.1261,239.9148,8.4868,0.57059,0.14481,0.13213,89.9949,0.2245,4.3177,5.1373,-8.6391,-27.4964,0.0024038,-1.3994,0.043762,4.6336e-07,0.029134,0,85.0816,0.14227,0.87091,482.2256,1442.9835
22.7916,10224.8046,34.1211,239.9155,8.4916,0.57168,0.14591,-0.53289,89.9968,0.24564,4.3231,5.1249,-9.9871,-27.6048,0.0023603,-1.3669,0.016587,4.634e-07,0.029144,0,85.2288,0.14226,0.8461,482.2246,1442.9676
22.7999,10225.089,34.1163,239.9163,8.4963,0.57281,0.14147,-1.1843,89.9988,0.25361,4.3285,5.1112,-11.395,-27.7072,0.0022633,-1.3352,-0.0097226,4.6342e-07,0.029155,0,85.3761,0.14233,0.82035,482.2236,1442.9516
22.8082,10225.3732,34.1118,239.9174,8.5011,0.57394,0.1316,-1.8225,90.0009,0.24882,4.3339,5.1004,-12.7549,-27.802,0.0021211,-1.3045,-0.033917,4.6344e-07,0.029166,0,85.5235,0.14246,0.79407,482.2226,1442.9357
22.8166,10225.6575,34.1076,239.9187,8.5059,0.57505,0.11642,-2.4478,90.003,0.2323,4.3393,5.0956,-13.991,-27.8889,0.0019468,-1.2751,-0.05524,4.6344e-07,0.029176,0,85.671,0.14263,0.76745,482.2215,1442.9198
22.8249,10225.9417,34.1036,239.9202,8.5107,0.57611,0.096017,-3.0605,90.0049,0.20544,4.3446,5.0983,-15.0572,-27.9682,0.0017594,-1.2468,-0.07329,4.6343e-07,0.029187,0,85.5852,0.1428,0.74056,482.2205,1442.9039
22.8304,10225.9417,34.1036,239.9202,8.5107,0.57611,0.096017,-3.0605,90.0049,0.20544,4.3446,5.0983,-15.0572,-27.9682,0.0017594,-1.2468,-0.07329,4.6343e-07,0.029187,0,85.5852,0.1421,0.81177,482.2205,1442.9039
22.8304,10225.9417,34.1036,239.9202,8.5107,0.57611,0.096017,-3.0605,90.0049,0.20544,4.3446,5.0983,-15.0572,-27.9682,0.0017594,-1.2468,-0.07329,4.6343e-07,0.029187,0,85.5852,0.1421,0.81177,482.2205,1442.9039
22.8332,10226.2259,34.0999,239.922,8.5155,0.57708,0.070513,-3.6611,90.0066,0.1698,4.3499,5.1095,-15.9292,-28.0408,0.0015381,-1.2198,-0.087952,4.6341e-07,0.029198,0,85.2311,0.14294,0.71348,482.2195,1442.8879
22.8361,10226.2259,34.0999,239.922,8.5155,0.57708,0.070513,-3.6611,90.0066,0.1698,4.3499,5.1095,-15.9292,-28.0408,0.0015381,-1.2198,-0.087952,4.6341e-07,0.029198,0,85.2311,0.14258,0.76125,482.2195,1442.8879
22.8412,10226.2259,34.0999,239.922,8.5155,0.57708,0.070513,-3.6611,90.0066,0.1698,4.3499,5.1095,-15.9292,-28.0408,0.0015381,-1.2198,-0.087952,4.6341e-07,0.029198,0,85.2311,0.14192,0.82054,482.2195,1442.8879
22.8412,10226.2259,34.0999,239.922,8.5155,0.57708,0.070513,-3.6611,90.0066,0.1698,4.3499,5.1095,-15.9292,-28.0408,0.0015381,-1.2198,-0.087952,4.6341e-07,0.029198,0,85.2311,0.14192,0.82054,482.2195,1442.8879
22.8416,10226.51,34.0962,239.9226,8.5203,0.57794,0.040004,-4.2498,90.0081,0.12703,4.3552,4.9278,-16.5997,-28.1052,0.0013384,-0.35071,-0.099327,4.6338e-07,0.029209,0,84.8774,0.14294,0.77791,482.2185,1442.872
22.8419,10226.51,34.0962,239.9226,8.5203,0.57794,0.040004,-4.2498,90.0081,0.12703,4.3552,4.9278,-16.5997,-28.1052,0.0013384,-0.35071,-0.099327,4.6338e-07,0.029209,0,84.8774,0.1429,0.78209,482.2185,1442.872
22.8426,10226.51,34.0962,239.9226,8.5203,0.57794,0.040004,-4.2498,90.0081,0.12703,4.3552,4.9278,-16.5997,-28.1052,0.0013384,-0.35071,-0.099327,4.6338e-07,0.029209,0,84.8774,0.14281,0.79005,482.2185,1442.872
22.8439,10226.51,34.0962,239.9226,8.5203,0.57794,0.040004,-4.2498,90.0081,0.12703,4.3552,4.9278,-16.5997,-28.1052,0.0013384,-0.35071,-0.099327,4.6338e-07,0.029209,0,84.8774,0.14265,0.8045,482.2185,1442.872
22.8465,10226.51,34.0962,239.9226,8.5203,0.57794,0.040004,-4.2498,90.0081,0.12703,4.3552,4.9278,-16.5997,-28.1052,0.0013384,-0.35071,-0.099327,4.6338e-07,0.029209,0,84.8774,0.14231,0.82829,482.2185,1442.872
22.8489,10226.51,34.0962,239.9226,8.5203,0.57794,0.040004,-4.2498,90.0081,0.12703,4.3552,4.9278,-16.5997,-28.1052,0.0013384,-0.35071,-0.099327,4.6338e-07,0.029209,0,84.8774,0.14201,0.84522,482.2185,1442.872
22.8489,10226.51,34.0962,239.9226,8.5203,0.57794,0.040004,-4.2498,90.0081,0.12703,4.3552,4.9278,-16.5997,-28.1052,0.0013384,-0.35071,-0.099327,4.6338e-07,0.029209,0,84.8774,0.14201,0.84522,482.2185,1442.872
22.8499,10226.7942,34.0924,239.9226,8.5252,0.57866,0.0045886,-4.4244,90.0091,0.078725,4.3605,4.755,-9.4202,-30.2828,0.0011863,1.2632,-0.10767,4.6335e-07,0.029219,0,84.5242,0.14281,0.85129,482.2175,1442.8561
22.8509,10226.7942,34.0924,239.9226,8.5252,0.57866,0.0045886,-4.4244,90.0091,0.078725,4.3605,4.755,-9.4202,-30.2828,0.0011863,1.2632,-0.10767,4.6335e-07,0.029219,0,84.5242,0.14268,0.85674,482.2175,1442.8561
22.853,10226.7942,34.0924,239.9226,8.5252,0.57866,0.0045886,-4.4244,90.0091,0.078725,4.3605,4.755,-9.4202,-30.2828,0.0011863,1.2632,-0.10767,4.6335e-07,0.029219,0,84.5242,0.14242,0.86612,482.2175,1442.8561
22.857,10226.7942,34.0924,239.9226,8.5252,0.57866,0.0045886,-4.4244,90.0091,0.078725,4.3605,4.755,-9.4202,-30.2828,0.0011863,1.2632,-0.10767,4.6335e-07,0.029219,0,84.5242,0.14191,0.88003,482.2175,1442.8561
22.8582,10227.0782,34.0887,239.922,8.53,0.57924,-0.032282,-3.829,90.0098,0.026373,4.3658,4.591,4.712,-34.3419,0.0011633,1.5658,-0.11339,4.6332e-07,0.02923,0,84.4537,0.14256,0.92788,482.2165,1442.8402
22.8585,10227.0782,34.0887,239.922,8.53,0.57924,-0.032282,-3.829,90.0098,0.026373,4.3658,4.591,4.712,-34.3419,0.0011633,1.5658,-0.11339,4.6332e-07,0.02923,0,84.4537,0.14253,0.92739,482.2165,1442.8402
22.8585,10227.0782,34.0887,239.922,8.53,0.57924,-0.032282,-3.829,90.0098,0.026373,4.3658,4.591,4.712,-34.3419,0.0011633,1.5658,-0.11339,4.6332e-07,0.02923,0,84.4537,0.14253,0.92739,482.2165,1442.8402
22.8646,10227.0782,34.0887,239.922,8.53,0.57924,-0.032282,-3.829,90.0098,0.026373,4.3658,4.591,4.712,-34.3419,0.0011633,1.5658,-0.11339,4.6332e-07,0.02923,0,84.4537,0.14175,0.91863,482.2165,1442.8402
22.8666,10227.3623,34.0853,239.922,8.5348,0.57975,-0.064191,-3.0896,90.01,-0.028695,4.3711,4.6268,7.1079,-35.1315,0.0011953,1.5359,-0.11678,4.6329e-07,0.029241,0,84.6007,0.1423,0.91784,482.2155,1442.8243
22.871,10227.3623,34.0853,239.922,8.5348,0.57975,-0.064191,-3.0896,90.01,-0.028695,4.3711,4.6268,7.1079,-35.1315,0.0011953,1.5359,-0.11678,4.6329e-07,0.029241,0,84.6007,0.14174,0.91443,482.2155,1442.8243
22.871,10227.3623,34.0853,239.922,8.5348,0.57975,-0.064191,-3.0896,90.01,-0.028695,4.3711,4.6268,7.1079,-35.1315,0.0011953,1.5359,-0.11678,4.6329e-07,0.029241,0,84.6007,0.14174,0.91443,482.2155,1442.8243
22.8749,10227.6463,34.0822,239.9222,8.5397,0.58022,-0.089937,-2.3647,90.0098,-0.085341,4.3763,4.6686,6.6321,-35.0909,0.0012664,1.5052,-0.11368,4.6326e-07,0.029251,0,84.7478,0.14206,0.89923,482.2145,1442.8084
22.8788,10227.6463,34.0822,239.9222,8.5397,0.58022,-0.089937,-2.3647,90.0098,-0.085341,4.3763,4.6686,6.6321,-35.0909,0.0012664,1.5052,-0.11368,4.6326e-07,0.029251,0,84.7478,0.14156,0.90218,482.2145,1442.8084
22.8832,10227.9303,34.0794,239.9226,8.5445,0.58069,-0.10964,-1.6542,90.009,-0.14043,4.3815,4.7269,6.5553,-35.0488,0.0013122,1.4728,-0.098374,4.6323e-07,0.029262,0,84.895,0.14187,0.87667,482.2134,1442.7924
22.8916,10228.2143,34.0768,239.9232,8.5494,0.58119,-0.12343,-0.95808,90.0079,-0.18807,4.3867,4.8166,7.2255,-34.9994,0.0013258,1.4396,-0.075488,4.6322e-07,0.029273,0,85.0423,0.14175,0.85221,482.2124,1442.7765
22.8999,10228.4983,34.0744,239.924,8.5542,0.58171,-0.13141,-0.27617,90.0063,-0.2246,4.3919,4.9261,8.3617,-34.9444,0.0012931,1.4064,-0.049137,4.6321e-07,0.029283,0,85.1896,0.14171,0.82675,482.2114,1442.7606
22.9082,10228.7822,34.0723,239.925,8.5591,0.58226,-0.13371,0.39177,90.0044,-0.24836,4.397,5.0453,9.7141,-34.8849,0.0012125,1.3736,-0.021531,4.6322e-07,0.029294,0,85.337,0.14175,0.8007,482.2104,1442.7447
22.9166,10229.0661,34.0705,239.9262,8.564,0.58283,-0.13045,1.046,90.0024,-0.25872,4.4022,5.1686,11.1487,-34.8216,0.0010865,1.3416,0.0054779,4.6323e-07,0.029305,0,85.4844,0.14186,0.77424,482.2094,1442.7288
22.9249,10229.3501,34.0689,239.9277,8.5688,0.5834,-0.12173,1.687,90.0002,-0.25599,4.4073,5.2911,12.553,-34.7552,0.00092493,1.3107,0.030521,4.6326e-07,0.029315,0,85.6319,0.14202,0.74748,482.2084,1442.7129
22.9332,10229.634,34.0676,239.9293,8.5737,0.58393,-0.10767,2.315,89.9981,-0.24112,4.4124,5.4093,13.8436,-34.6867,0.00069775,1.2809,0.052748,4.633e-07,0.029326,0,85.2778,0.1422,0.72046,482.2074,1442.697
22.9416,10229.9179,34.0662,239.9299,8.5786,0.58438,-0.088382,2.9304,89.9961,-0.21546,4.4174,5.3202,14.9688,-34.6143,0.00045476,1.2524,0.071692,4.6335e-07,0.029337,0,84.9241,0.14228,0.78477,482.2064,1442.6811
22.9441,10229.9179,34.0662,239.9299,8.5786,0.58438,-0.088382,2.9304,89.9961,-0.21546,4.4174,5.3202,14.9688,-34.6143,0.00045476,1.2524,0.071692,4.6335e-07,0.029337,0,84.9241,0.14195,0.81187,482.2064,1442.6811
22.9441,10229.9179,34.0662,239.9299,8.5786,0.58438,-0.088382,2.9304,89.9961,-0.21546,4.4174,5.3202,14.9688,-34.6143,0.00045476,1.2524,0.071692,4.6335e-07,0.029337,0,84.9241,0.14195,0.81187,482.2064,1442.6811
22.9499,10230.2017,34.0648,239.9298,8.5834,0.58473,-0.063962,3.5336,89.9943,-0.18059,4.4225,5.2251,15.9,-34.5409,0.00022458,1.2251,0.087191,4.634e-07,0.029347,0,84.5709,0.14225,0.85759,482.2054,1442.6652
22.9549,10230.2017,34.0648,239.9298,8.5834,0.58473,-0.063962,3.5336,89.9943,-0.18059,4.4225,5.2251,15.9,-34.5409,0.00022458,1.2251,0.087191,4.634e-07,0.029347,0,84.5709,0.14161,0.87658,482.2054,1442.6652
22.9549,10230.2017,34.0648,239.9298,8.5834,0.58473,-0.063962,3.5336,89.9943,-0.18059,4.4225,5.2251,15.9,-34.5409,0.00022458,1.2251,0.087191,4.634e-07,0.029347,0,84.5709,0.14161,0.87658,482.2054,1442.6652
22.9582,10230.4856,34.0634,239.9291,8.5883,0.58495,-0.034515,4.1249,89.9928,-0.13819,4.4276,5.1233,16.6272,-34.4681,0.00012079,0.70333,0.09931,4.6347e-07,0.029358,0,84.7178,0.14211,0.93359,482.2043,1442.6493
22.9615,10230.4856,34.0634,239.9291,8.5883,0.58495,-0.034515,4.1249,89.9928,-0.13819,4.4276,5.1233,16.6272,-34.4681,0.00012079,0.70333,0.09931,4.6347e-07,0.029358,0,84.7178,0.14169,0.92585,482.2043,1442.6493
22.9634,10230.4856,34.0634,239.9291,8.5883,0.58495,-0.034515,4.1249,89.9928,-0.13819,4.4276,5.1233,16.6272,-34.4681,0.00012079,0.70333,0.09931,4.6347e-07,0.029358,0,84.7178,0.14145,0.92251,482.2043,1442.6493
22.9634,10230.4856,34.0634,239.9291,8.5883,0.58495,-0.034515,4.1249,89.9928,-0.13819,4.4276,5.1233,16.6272,-34.4681,0.00012079,0.70333,0.09931,4.6347e-07,0.029358,0,84.7178,0.14145,0.92251,482.2043,1442.6493
22.9666,10230.7695,34.0624,239.9291,8.5932,0.58509,-0.00014124,4.4679,89.9916,-0.08989,4.4326,5.2046,12.6513,-33.1691,0.00010939,-0.93329,0.10827,4.6353e-07,0.029369,0,84.8649,0.14196,0.92362,482.2033,1442.6334
22.9698,10230.7695,34.0624,239.9291,8.5932,0.58509,-0.00014124,4.4679,89.9916,-0.08989,4.4326,5.2046,12.6513,-33.1691,0.00010939,-0.93329,0.10827,4.6353e-07,0.029369,0,84.8649,0.14155,0.91888,482.2033,1442.6334
22.9749,10231.0533,34.0616,239.9292,8.5981,0.58517,0.037091,4.0301,89.9909,-0.037227,4.4376,5.2777,-1.6527,-29.1053,0.00018224,-1.5744,0.11452,4.636e-07,0.029379,0,85.012,0.14179,0.90523,482.2023,1442.6175
22.9832,10231.3371,34.0611,239.9295,8.603,0.58521,0.070676,3.2868,89.9906,0.018416,4.4426,5.3437,-7.0965,-27.5406,0.00024612,-1.5444,0.11833,4.6367e-07,0.02939,0,85.1592,0.14164,0.883,482.2013,1442.6016
22.987,10231.3371,34.0611,239.9295,8.603,0.58521,0.070676,3.2868,89.9906,0.018416,4.4426,5.3437,-7.0965,-27.5406,0.00024612,-1.5444,0.11833,4.6367e-07,0.02939,0,85.1592,0.14116,0.89026,482.2013,1442.6016
22.987,10231.3371,34.0611,239.9295,8.603,0.58521,0.070676,3.2868,89.9906,0.018416,4.4426,5.3437,-7.0965,-27.5406,0.00024612,-1.5444,0.11833,4.6367e-07,0.02939,0,85.1592,0.14116,0.89026,482.2013,1442.6016
22.9916,10231.621,34.0609,239.93,8.6079,0.58522,0.098065,2.558,89.9907,0.075839,4.4475,5.4041,-6.6004,-27.6511,0.00029166,-1.514,0.11738,4.6374e-07,0.029401,0,85.3064,0.14151,0.85891,482.2003,1442.5857
22.9962,10231.621,34.0609,239.93,8.6079,0.58522,0.098065,2.558,89.9907,0.075839,4.4475,5.4041,-6.6004,-27.6511,0.00029166,-1.514,0.11738,4.6374e-07,0.029401,0,85.3064,0.14092,0.87628,482.2003,1442.5857
22.9999,10231.9048,34.0608,239.9308,8.6128,0.58521,0.11938,1.8437,89.9913,0.13274,4.4524,5.4534,-6.3967,-27.7597,0.00030403,-1.4819,0.10471,4.6379e-07,0.029411,0,85.4537,0.14141,0.83382,482.1993,1442.5698
23.0082,10232.1887,34.0611,239.9317,8.6177,0.58521,0.13475,1.1437,89.9925,0.18347,4.4573,5.4743,-6.9083,-27.869,0.00027962,-1.4487,0.082734,4.6384e-07,0.029422,0,85.6011,0.14136,0.80809,482.1983,1442.5539
23.0166,10232.4725,34.0615,239.9329,8.6225,0.58521,0.14428,0.45806,89.994,0.22352,4.4622,5.4728,-7.9893,-27.9774,0.00021722,-1.4153,0.056511,4.6388e-07,0.029433,0,85.7485,0.14137,0.78193,482.1973,1442.538
23.0249,10232.7564,34.0622,239.9342,8.6274,0.58523,0.14809,-0.21356,89.9958,0.25085,4.467,5.4616,-9.3325,-28.0822,0.00011687,-1.3823,0.028543,4.639e-07,0.029443,0,85.896,0.14144,0.7554,482.1962,1442.5221
23.0332,10233.0402,34.0632,239.9358,8.6323,0.58526,0.14631,-0.87146,89.9979,0.26462,4.4718,5.4469,-10.7864,-28.1818,-4.877e-05,-1.35,0.00076844,4.6392e-07,0.029454,0,85.5419,0.14157,0.72855,482.1952,1442.5062
23.0416,10233.3241,34.0642,239.9367,8.6372,0.58527,0.13905,-1.5159,90.0001,0.26492,4.4766,5.299,-12.2332,-28.2732,-0.00026536,-1.3187,-0.02528,4.6392e-07,0.029465,0,85.1881,0.14168,0.76279,482.1942,1442.4903
23.0499,10233.6079,34.0651,239.9369,8.6421,0.58523,0.12642,-2.1474,90.0023,0.25259,4.4814,5.0908,-13.5796,-28.3563,-0.0005044,-1.2885,-0.048621,4.639e-07,0.029475,0,84.8347,0.14174,0.83294,482.1932,1442.4744
23.0582,10233.8918,34.066,239.9364,8.647,0.58511,0.10852,-2.7661,90.0045,0.22893,4.4862,4.8919,-14.7662,-28.4322,-0.00067657,-1.2596,-0.068698,4.6388e-07,0.029486,0,84.4817,0.14172,0.90801,482.1922,1442.4585
23.0666,10234.1757,34.0673,239.9364,8.6519,0.58492,0.085474,-3.3726,90.0064,0.19552,4.491,4.8865,-15.759,-28.5058,-0.00078635,-1.232,-0.085279,4.6384e-07,0.029497,0,84.6288,0.1417,0.90101,482.1912,1442.4426
23.0682,10234.1757,34.0673,239.9364,8.6519,0.58492,0.085474,-3.3726,90.0064,0.19552,4.491,4.8865,-15.759,-28.5058,-0.00078635,-1.232,-0.085279,4.6384e-07,0.029497,0,84.6288,0.14149,0.90145,482.1912,1442.4426
23.0682,10234.1757,34.0673,239.9364,8.6519,0.58492,0.085474,-3.3726,90.0064,0.19552,4.491,4.8865,-15.759,-28.5058,-0.00078635,-1.232,-0.085279,4.6384e-07,0.029497,0,84.6288,0.14149,0.90145,482.1912,1442.4426
23.0749,10234.4596,34.0689,239.9367,8.6568,0.58468,0.057369,-3.967,90.008,0.15405,4.4957,4.8989,-16.5439,-28.5767,-0.00082447,-1.058,-0.098386,4.638e-07,0.029508,0,84.776,0.14168,0.88197,482.1902,1442.4267
23.0775,10234.4596,34.0689,239.9367,8.6568,0.58468,0.057369,-3.967,90.008,0.15405,4.4957,4.8989,-16.5439,-28.5767,-0.00082447,-1.058,-0.098386,4.638e-07,0.029508,0,84.776,0.14135,0.88696,482.1902,1442.4267
23.0775,10234.4596,34.0689,239.9367,8.6568,0.58468,0.057369,-3.967,90.008,0.15405,4.4957,4.8989,-16.5439,-28.5767,-0.00082447,-1.058,-0.098386,4.638e-07,0.029508,0,84.776,0.14135,0.88696,482.1902,1442.4267
23.0832,10234.7435,34.0706,239.9372,8.6616,0.5844,0.024311,-4.4794,90.0093,0.10619,4.5004,4.9181,-15.783,-29.0161,-0.00083699,0.46743,-0.10823,4.6375e-07,0.029518,0,84.9233,0.14166,0.85953,482.1892,1442.4108
23.089,10234.7435,34.0706,239.9372,8.6616,0.5844,0.024311,-4.4794,90.0093,0.10619,4.5004,4.9181,-15.783,-29.0161,-0.00083699,0.46743,-0.10823,4.6375e-07,0.029518,0,84.9233,0.14093,0.87882,482.1892,1442.4108
23.0916,10235.0275,34.0726,239.9379,8.6665,0.58405,-0.013018,-4.2641,90.0102,0.053543,4.5051,4.9445,-2.5494,-32.8512,-0.00081222,1.5842,-0.11516,4.6369e-07,0.029529,0,85.0706,0.14163,0.83541,482.1882,1442.3949
23.0999,10235.3114,34.0749,239.9388,8.6714,0.58365,-0.048552,-3.5162,90.0106,-0.0024361,4.5097,4.9777,7.1603,-35.6777,-0.00079224,1.5542,-0.11956,4.6364e-07,0.02954,0,85.2179,0.14159,0.81038,482.1871,1442.379
23.1026,10235.3114,34.0749,239.9388,8.6714,0.58365,-0.048552,-3.5162,90.0106,-0.0024361,4.5097,4.9777,7.1603,-35.6777,-0.00079224,1.5542,-0.11956,4.6364e-07,0.02954,0,85.2179,0.14124,0.83238,482.1871,1442.379
23.1026,10235.3114,34.0749,239.9388,8.6714,0.58365,-0.048552,-3.5162,90.0106,-0.0024361,4.5097,4.9777,7.1603,-35.6777,-0.00079224,1.5542,-0.11956,4.6364e-07,0.02954,0,85.2179,0.14124,0.83238,482.1871,1442.379
23.1082,10235.5954,34.0774,239.9399,8.6763,0.5832,-0.077853,-2.7829,90.0106,-0.060477,4.5143,5.0178,6.6208,-35.6349,-0.00079247,1.524,-0.12096,4.6358e-07,0.02955,0,85.3653,0.14154,0.78481,482.1861,1442.3631
23.1139,10235.5954,34.0774,239.9399,8.6763,0.5832,-0.077853,-2.7829,90.0106,-0.060477,4.5143,5.0178,6.6208,-35.6349,-0.00079247,1.524,-0.12096,4.6358e-07,0.02955,0,85.3653,0.14082,0.83553,482.1861,1442.3631
23.116,10235.5954,34.0774,239.9399,8.6763,0.5832,-0.077853,-2.7829,90.0106,-0.060477,4.5143,5.0178,6.6208,-35.6349,-0.00079247,1.524,-0.12096,4.6358e-07,0.02955,0,85.3653,0.14056,0.84822,482.1861,1442.3631
23.116,10235.5954,34.0774,239.9399,8.6763,0.5832,-0.077853,-2.7829,90.0106,-0.060477,4.5143,5.0178,6.6208,-35.6349,-0.00079247,1.524,-0.12096,4.6358e-07,0.02955,0,85.3653,0.14056,0.84822,482.1861,1442.3631
23.1166,10235.8794,34.0801,239.9412,8.6811,0.58269,-0.10104,-2.0641,90.0101,-0.11913,4.5189,5.0662,6.2678,-35.5889,-0.00081321,1.4924,-0.11186,4.6354e-07,0.029561,0,85.5128,0.14149,0.75875,482.1851,1442.3472
23.1172,10235.8794,34.0801,239.9412,8.6811,0.58269,-0.10104,-2.0641,90.0101,-0.11913,4.5189,5.0662,6.2678,-35.5889,-0.00081321,1.4924,-0.11186,4.6354e-07,0.029561,0,85.5128,0.14142,0.76722,482.1851,1442.3472
23.1184,10235.8794,34.0801,239.9412,8.6811,0.58269,-0.10104,-2.0641,90.0101,-0.11913,4.5189,5.0662,6.2678,-35.5889,-0.00081321,1.4924,-0.11186,4.6354e-07,0.029561,0,85.5128,0.14126,0.7827,482.1851,1442.3472
23.1208,10235.8794,34.0801,239.9412,8.6811,0.58269,-0.10104,-2.0641,90.0101,-0.11913,4.5189,5.0662,6.2678,-35.5889,-0.00081321,1.4924,-0.11186,4.6354e-07,0.029561,0,85.5128,0.14095,0.80853,482.1851,1442.3472
23.1249,10236.1634,34.0831,239.9427,8.686,0.58216,-0.11824,-1.3597,90.0091,-0.17334,4.5234,5.1415,6.5572,-35.5364,-0.0008794,1.4593,-0.091274,4.6349e-07,0.029572,0,85.1588,0.14146,0.7323,482.1841,1442.3312
23.1332,10236.4474,34.0861,239.9438,8.6909,0.5816,-0.12958,-0.6696,90.0076,-0.21754,4.5279,5.1446,7.5505,-35.4756,-0.00099692,1.4258,-0.065409,4.6346e-07,0.029582,0,84.8049,0.14142,0.75192,482.1831,1442.3153
23.1416,10236.7315,34.0891,239.944,8.6957,0.58103,-0.13516,0.0063418,90.0058,-0.24919,4.5324,5.0633,8.8699,-35.409,-0.0011456,1.3925,-0.037179,4.6344e-07,0.029593,0,84.4513,0.14135,0.82099,482.1821,1442.2994
23.1499,10237.0156,34.092,239.9436,8.7006,0.58045,-0.1351,0.66845,90.0037,-0.26715,4.537,4.9909,10.3388,-35.3388,-0.0012966,1.3598,-0.0086376,4.6343e-07,0.029604,0,84.0983,0.14126,0.89578,482.1811,1442.2835
23.1582,10237.2997,34.0949,239.9426,8.7054,0.57984,-0.12953,1.3171,90.0015,-0.27127,4.5415,4.9251,11.8324,-35.2675,-0.0013888,1.328,0.018504,4.6343e-07,0.029614,0,84.2452,0.14115,0.97098,482.1801,1442.2676
23.1666,10237.5838,34.0982,239.9422,8.7103,0.57925,-0.11856,1.9525,89.9993,-0.26222,4.5459,5.0455,13.2468,-35.1992,-0.0014524,1.2975,0.043105,4.6344e-07,0.029625,0,84.3921,0.14112,0.96088,482.1791,1442.2517
23.1749,10237.868,34.1017,239.942,8.7151,0.57867,-0.10229,2.5751,89.9971,-0.24124,4.5503,5.1596,14.5126,-35.1325,-0.0014934,1.2681,0.064494,4.6346e-07,0.029636,0,84.5391,0.14114,0.9422,482.178,1442.2358
23.1832,10238.1522,34.1054,239.942,8.7199,0.57809,-0.080826,3.1854,89.9951,-0.20987,4.5547,5.2657,15.589,-35.0673,-0.0015544,1.2401,0.082353,4.635e-07,0.029646,0,84.6862,0.14121,0.91963,482.177,1442.2199
23.1899,10238.1522,34.1054,239.942,8.7199,0.57809,-0.080826,3.1854,89.9951,-0.20987,4.5547,5.2657,15.589,-35.0673,-0.0015544,1.2401,0.082353,4.635e-07,0.029646,0,84.6862,0.14037,0.91131,482.177,1442.2199
23.1899,10238.1522,34.1054,239.942,8.7199,0.57809,-0.080826,3.1854,89.9951,-0.20987,4.5547,5.2657,15.589,-35.0673,-0.0015544,1.2401,0.082353,4.635e-07,0.029646,0,84.6862,0.14037,0.91131,482.177,1442.2199
23.1916,10238.4364,34.1093,239.9422,8.7248,0.57748,-0.054282,3.7835,89.9933,-0.16983,4.5591,5.3632,16.4564,-35.0011,-0.0016137,1.1736,0.09664,4.6354e-07,0.029657,0,84.8334,0.1413,0.89526,482.176,1442.2039
23.1917,10238.4364,34.1093,239.9422,8.7248,0.57748,-0.054282,3.7835,89.9933,-0.16983,4.5591,5.3632,16.4564,-35.0011,-0.0016137,1.1736,0.09664,4.6354e-07,0.029657,0,84.8334,0.14128,0.89538,482.176,1442.2039
23.1917,10238.4364,34.1093,239.9422,8.7248,0.57748,-0.054282,3.7835,89.9933,-0.16983,4.5591,5.3632,16.4564,-35.0011,-0.0016137,1.1736,0.09664,4.6354e-07,0.029657,0,84.8334,0.14128,0.89538,482.176,1442.2039
23.1934,10238.4364,34.1093,239.9422,8.7248,0.57748,-0.054282,3.7835,89.9933,-0.16983,4.5591,5.3632,16.4564,-35.0011,-0.0016137,1.1736,0.09664,4.6354e-07,0.029657,0,84.8334,0.14106,0.89648,482.176,1442.2039
23.1951,10238.4364,34.1093,239.9422,8.7248,0.57748,-0.054282,3.7835,89.9933,-0.16983,4.5591,5.3632,16.4564,-35.0011,-0.0016137,1.1736,0.09664,4.6354e-07,0.029657,0,84.8334,0.14085,0.89741,482.176,1442.2039
23.1985,10238.4364,34.1093,239.9422,8.7248,0.57748,-0.054282,3.7835,89.9933,-0.16983,4.5591,5.3632,16.4564,-35.0011,-0.0016137,1.1736,0.09664,4.6354e-07,0.029657,0,84.8334,0.14042,0.89887,482.176,1442.2039
23.1999,10238.7206,34.1135,239.9426,8.7296,0.57682,-0.022753,4.351,89.9919,-0.12283,4.5634,5.451,16.7521,-34.8366,-0.0016661,0.056612,0.10752,4.6358e-07,0.029668,0,84.9806,0.14138,0.87039,482.175,1442.188
23.2068,10238.7206,34.1135,239.9426,8.7296,0.57682,-0.022753,4.351,89.9919,-0.12283,4.5634,5.451,16.7521,-34.8366,-0.0016661,0.056612,0.10752,4.6358e-07,0.029668,0,84.9806,0.14051,0.88633,482.175,1442.188
23.2082,10239.0049,34.1179,239.9432,8.7344,0.57609,0.013505,4.3859,89.9909,-0.07053,4.5677,5.5294,7.2912,-32.0559,-0.0016913,-1.5894,0.11532,4.6363e-07,0.029678,0,85.1279,0.14144,0.84537,482.174,1442.1721
23.2154,10239.0049,34.1179,239.9432,8.7344,0.57609,0.013505,4.3859,89.9909,-0.07053,4.5677,5.5294,7.2912,-32.0559,-0.0016913,-1.5894,0.11532,4.6363e-07,0.029678,0,85.1279,0.14054,0.87438,482.174,1442.1721
23.2166,10239.2893,34.1226,239.944,8.7392,0.57528,0.050055,3.6356,89.9903,-0.014458,4.572,5.6004,-7.1758,-27.9715,-0.0017043,-1.5594,0.12045,4.6369e-07,0.029689,0,85.2753,0.14147,0.82006,482.173,1442.1562
23.2182,10239.2893,34.1226,239.944,8.7392,0.57528,0.050055,3.6356,89.9903,-0.014458,4.572,5.6004,-7.1758,-27.9715,-0.0017043,-1.5594,0.12045,4.6369e-07,0.029689,0,85.2753,0.14126,0.83253,482.173,1442.1562
23.2182,10239.2893,34.1226,239.944,8.7392,0.57528,0.050055,3.6356,89.9903,-0.014458,4.572,5.6004,-7.1758,-27.9715,-0.0017043,-1.5594,0.12045,4.6369e-07,0.029689,0,85.2753,0.14126,0.83253,482.173,1442.1562
23.2241,10239.2893,34.1226,239.944,8.7392,0.57528,0.050055,3.6356,89.9903,-0.014458,4.572,5.6004,-7.1758,-27.9715,-0.0017043,-1.5594,0.12045,4.6369e-07,0.029689,0,85.2753,0.14051,0.86345,482.173,1442.1562
23.2249,10239.5737,34.1274,239.945,8.744,0.57439,0.080352,2.9,89.9902,0.04403,4.5762,5.6649,-6.5984,-28.0757,-0.0017291,-1.5294,0.12302,4.6374e-07,0.0297,0,85.4227,0.14146,0.79445,482.172,1442.1402
23.2288,10239.5737,34.1274,239.945,8.744,0.57439,0.080352,2.9,89.9902,0.04403,4.5762,5.6649,-6.5984,-28.0757,-0.0017291,-1.5294,0.12302,4.6374e-07,0.0297,0,85.4227,0.14097,0.82863,482.172,1442.1402
23.2312,10239.5737,34.1274,239.945,8.744,0.57439,0.080352,2.9,89.9902,0.04403,4.5762,5.6649,-6.5984,-28.0757,-0.0017291,-1.5294,0.12302,4.6374e-07,0.0297,0,85.4227,0.14067,0.84426,482.172,1442.1402
23.2312,10239.5737,34.1274,239.945,8.744,0.57439,0.080352,2.9,89.9902,0.04403,4.5762,5.6649,-6.5984,-28.0757,-0.0017291,-1.5294,0.12302,4.6374e-07,0.0297,0,85.4227,0.14067,0.84426,482.172,1442.1402
23.2332,10239.8581,34.1325,239.9463,8.7488,0.57344,0.10452,2.1788,89.9905,0.1037,4.5805,5.7237,-6.1794,-28.1773,-0.0017623,-1.4983,0.11739,4.6378e-07,0.02971,0,85.5702,0.14144,0.76848,482.1709,1442.1243
23.2353,10239.8581,34.1325,239.9463,8.7488,0.57344,0.10452,2.1788,89.9905,0.1037,4.5805,5.7237,-6.1794,-28.1773,-0.0017623,-1.4983,0.11739,4.6378e-07,0.02971,0,85.5702,0.14118,0.79318,482.1709,1442.1243
23.2394,10239.8581,34.1325,239.9463,8.7488,0.57344,0.10452,2.1788,89.9905,0.1037,4.5805,5.7237,-6.1794,-28.1773,-0.0017623,-1.4983,0.11739,4.6378e-07,0.02971,0,85.5702,0.14065,0.82962,482.1709,1442.1243
23.2416,10240.1425,34.1379,239.9477,8.7536,0.57244,0.12268,1.4721,89.9914,0.16059,4.5846,5.7626,-6.2609,-28.2793,-0.0018076,-1.4653,0.098229,4.6382e-07,0.029721,0,85.6112,0.14141,0.74216,482.1699,1442.1084
23.2499,10240.427,34.1434,239.9494,8.7584,0.57144,0.13494,0.77969,89.9927,0.20817,4.5888,5.7684,-7.1688,-28.3839,-0.0019129,-1.4318,0.072769,4.6384e-07,0.029732,0,85.2571,0.14142,0.71546,482.1689,1442.0924
23.2582,10240.7116,34.1488,239.9499,8.7632,0.57041,0.14144,0.10145,89.9945,0.24339,4.5929,5.5575,-8.4634,-28.4845,-0.0020489,-1.3983,0.044439,4.6386e-07,0.029743,0,84.9033,0.14138,0.78043,482.1679,1442.0765
23.2666,10240.9962,34.1542,239.9498,8.7679,0.56938,0.14229,-0.56291,89.9965,0.26486,4.597,5.3423,-9.9366,-28.5807,-0.0022106,-1.3654,0.015329,4.6386e-07,0.029753,0,84.55,0.14132,0.85385,482.1669,1442.0606
23.2749,10241.2808,34.1595,239.9491,8.7727,0.56833,0.13759,-1.2137,89.9987,0.27222,4.6012,5.1279,-11.4618,-28.6717,-0.0023074,-1.3334,-0.012686,4.6385e-07,0.029764,0,84.6303,0.14124,0.93038,482.1659,1442.0446
23.2832,10241.5655,34.1652,239.949,8.7774,0.56729,0.12748,-1.8513,90.001,0.26599,4.6052,5.1113,-12.925,-28.7614,-0.0023776,-1.3025,-0.03832,4.6383e-07,0.029775,0,84.7774,0.14124,0.91984,482.1649,1442.0287
23.2916,10241.8502,34.1711,239.9491,8.7822,0.56626,0.11205,-2.476,90.0032,0.24733,4.6093,5.1007,-14.2483,-28.8471,-0.0024224,-1.2729,-0.060802,4.638e-07,0.029785,0,84.9246,0.14129,0.90076,482.1639,1442.0127
23.2999,10242.135,34.1772,239.9494,8.7869,0.56524,0.09142,-3.0883,90.0053,0.21775,4.6133,5.098,-15.3847,-28.928,-0.0024877,-1.2445,-0.079736,4.6376e-07,0.029796,0,85.0718,0.14139,0.8778,482.1628,1441.9968
23.3041,10242.135,34.1772,239.9494,8.7869,0.56524,0.09142,-3.0883,90.0053,0.21775,4.6133,5.098,-15.3847,-28.928,-0.0024877,-1.2445,-0.079736,4.6376e-07,0.029796,0,85.0718,0.14087,0.88535,482.1628,1441.9968
23.3041,10242.135,34.1772,239.9494,8.7869,0.56524,0.09142,-3.0883,90.0053,0.21775,4.6133,5.098,-15.3847,-28.928,-0.0024877,-1.2445,-0.079736,4.6376e-07,0.029796,0,85.0718,0.14087,0.88535,482.1628,1441.9968
23.3082,10242.4198,34.1835,239.95,8.7916,0.56419,0.065684,-3.6884,90.0071,0.17898,4.6173,5.1044,-16.3102,-29.0015,-0.0025531,-1.2174,-0.095025,4.637e-07,0.029807,0,85.2191,0.14151,0.85307,482.1618,1441.9808
23.3124,10242.4198,34.1835,239.95,8.7916,0.56419,0.065684,-3.6884,90.0071,0.17898,4.6173,5.1044,-16.3102,-29.0015,-0.0025531,-1.2174,-0.095025,4.637e-07,0.029807,0,85.2191,0.14099,0.86902,482.1618,1441.9808
23.3157,10242.4198,34.1835,239.95,8.7916,0.56419,0.065684,-3.6884,90.0071,0.17898,4.6173,5.1044,-16.3102,-29.0015,-0.0025531,-1.2174,-0.095025,4.637e-07,0.029807,0,85.2191,0.14058,0.87764,482.1618,1441.9808
23.3157,10242.4198,34.1835,239.95,8.7916,0.56419,0.065684,-3.6884,90.0071,0.17898,4.6173,5.1044,-16.3102,-29.0015,-0.0025531,-1.2174,-0.095025,4.637e-07,0.029807,0,85.2191,0.14058,0.87764,482.1618,1441.9808
23.3166,10242.7047,34.1901,239.9507,8.7963,0.56309,0.034948,-4.2767,90.0086,0.13277,4.6212,5.1193,-17.0186,-29.0687,-0.0026104,-0.38666,-0.1068,4.6364e-07,0.029817,0,85.3665,0.14162,0.82769,482.1608,1441.9649
23.3174,10242.7047,34.1901,239.9507,8.7963,0.56309,0.034948,-4.2767,90.0086,0.13277,4.6212,5.1193,-17.0186,-29.0687,-0.0026104,-0.38666,-0.1068,4.6364e-07,0.029817,0,85.3665,0.14151,0.83369,482.1608,1441.9649
23.3192,10242.7047,34.1901,239.9507,8.7963,0.56309,0.034948,-4.2767,90.0086,0.13277,4.6212,5.1193,-17.0186,-29.0687,-0.0026104,-0.38666,-0.1068,4.6364e-07,0.029817,0,85.3665,0.1413,0.84423,482.1608,1441.9649
23.3227,10242.7047,34.1901,239.9507,8.7963,0.56309,0.034948,-4.2767,90.0086,0.13277,4.6212,5.1193,-17.0186,-29.0687,-0.0026104,-0.38666,-0.1068,4.6364e-07,0.029817,0,85.3665,0.14086,0.86052,482.1608,1441.9649
23.3241,10242.7047,34.1901,239.9507,8.7963,0.56309,0.034948,-4.2767,90.0086,0.13277,4.6212,5.1193,-17.0186,-29.0687,-0.0026104,-0.38666,-0.1068,4.6364e-07,0.029817,0,85.3665,0.14069,0.86557,482.1608,1441.9649
23.3241,10242.7047,34.1901,239.9507,8.7963,0.56309,0.034948,-4.2767,90.0086,0.13277,4.6212,5.1193,-17.0186,-29.0687,-0.0026104,-0.38666,-0.1068,4.6364e-07,0.029817,0,85.3665,0.14069,0.86557,482.1608,1441.9649
23.3249,10242.9897,34.1968,239.9516,8.801,0.56193,-0.00069141,-4.4692,90.0097,0.080821,4.6251,5.1416,-10.2115,-31.1522,-0.0026415,1.3162,-0.11532,4.6358e-07,0.029828,0,85.5139,0.14171,0.80228,482.1598,1441.9489
23.3257,10242.9897,34.1968,239.9516,8.801,0.56193,-0.00069141,-4.4692,90.0097,0.080821,4.6251,5.1416,-10.2115,-31.1522,-0.0026415,1.3162,-0.11532,4.6358e-07,0.029828,0,85.5139,0.1416,0.81007,482.1598,1441.9489
23.3274,10242.9897,34.1968,239.9516,8.801,0.56193,-0.00069141,-4.4692,90.0097,0.080821,4.6251,5.1416,-10.2115,-31.1522,-0.0026415,1.3162,-0.11532,4.6358e-07,0.029828,0,85.5139,0.14139,0.82383,482.1598,1441.9489
23.3308,10242.9897,34.1968,239.9516,8.801,0.56193,-0.00069141,-4.4692,90.0097,0.080821,4.6251,5.1416,-10.2115,-31.1522,-0.0026415,1.3162,-0.11532,4.6358e-07,0.029828,0,85.5139,0.14098,0.8453,482.1598,1441.9489
23.3332,10243.2747,34.2038,239.9528,8.8057,0.56068,-0.037935,-3.8494,90.0103,0.024742,4.629,5.1714,4.7163,-35.4353,-0.0026517,1.5683,-0.12108,4.6351e-07,0.029839,0,85.6613,0.14176,0.77659,482.1588,1441.933
23.3343,10243.2747,34.2038,239.9528,8.8057,0.56068,-0.037935,-3.8494,90.0103,0.024742,4.629,5.1714,4.7163,-35.4353,-0.0026517,1.5683,-0.12108,4.6351e-07,0.029839,0,85.6613,0.14163,0.78878,482.1588,1441.933
23.3343,10243.2747,34.2038,239.9528,8.8057,0.56068,-0.037935,-3.8494,90.0103,0.024742,4.629,5.1714,4.7163,-35.4353,-0.0026517,1.5683,-0.12108,4.6351e-07,0.029839,0,85.6613,0.14163,0.78878,482.1588,1441.933
23.3416,10243.5597,34.211,239.9541,8.8104,0.55936,-0.070013,-3.1096,90.0105,-0.034072,4.6328,5.2082,6.6522,-36.094,-0.0026695,1.5383,-0.12437,4.6344e-07,0.029849,0,85.8088,0.14177,0.7506,482.1578,1441.917
23.3471,10243.5597,34.211,239.9541,8.8104,0.55936,-0.070013,-3.1096,90.0105,-0.034072,4.6328,5.2082,6.6522,-36.094,-0.0026695,1.5383,-0.12437,4.6344e-07,0.029849,0,85.8088,0.14109,0.81303,482.1578,1441.917
23.3471,10243.5597,34.211,239.9541,8.8104,0.55936,-0.070013,-3.1096,90.0105,-0.034072,4.6328,5.2082,6.6522,-36.094,-0.0026695,1.5383,-0.12437,4.6344e-07,0.029849,0,85.8088,0.14109,0.81303,482.1578,1441.917
23.3499,10243.8449,34.2184,239.9557,8.8151,0.55797,-0.095927,-2.3843,90.0103,-0.094415,4.6366,5.2518,6.1821,-36.0448,-0.0027383,1.5076,-0.12101,4.6338e-07,0.02986,0,85.4547,0.14176,0.72428,482.1567,1441.901
23.3527,10243.8449,34.2184,239.9557,8.8151,0.55797,-0.095927,-2.3843,90.0103,-0.094415,4.6366,5.2518,6.1821,-36.0448,-0.0027383,1.5076,-0.12101,4.6338e-07,0.02986,0,85.4547,0.14141,0.7669,482.1567,1441.901
23.3582,10244.13,34.2256,239.9561,8.8197,0.55651,-0.1158,-1.6735,90.0095,-0.15307,4.6404,5.1109,6.1208,-35.9889,-0.0028279,1.4748,-0.10432,4.6333e-07,0.029871,0,85.1009,0.14165,0.78959,482.1557,1441.8851
23.3666,10244.4153,34.2328,239.956,8.8244,0.55501,-0.12974,-0.97709,90.0082,-0.20361,4.6442,5.0062,6.8741,-35.925,-0.0029324,1.4412,-0.079762,4.6328e-07,0.029881,0,84.7476,0.14149,0.86327,482.1547,1441.8691
23.3749,10244.7006,34.24,239.9551,8.829,0.55349,-0.13788,-0.29489,90.0065,-0.24223,4.648,4.924,8.1109,-35.8563,-0.0029643,1.4076,-0.0516,4.6325e-07,0.029892,0,84.8946,0.14129,0.94003,482.1537,1441.8531
23.3832,10244.986,34.2474,239.955,8.8337,0.552,-0.14034,0.37335,90.0045,-0.26719,4.6517,5.0459,9.5724,-35.7896,-0.002972,1.3745,-0.022175,4.6322e-07,0.029903,0,85.0417,0.1412,0.92969,482.1527,1441.8372
23.3916,10245.2714,34.2551,239.955,8.8383,0.55057,-0.13723,1.0279,90.0023,-0.27787,4.6554,5.1714,11.1167,-35.7232,-0.0029688,1.3421,0.0065444,4.6321e-07,0.029913,0,85.1889,0.14119,0.91074,482.1517,1441.8212
23.3999,10245.5569,34.263,239.9552,8.8429,0.54921,-0.12866,1.6692,89.9999,-0.27463,4.6591,5.2955,12.6239,-35.6568,-0.0030105,1.3109,0.033117,4.6321e-07,0.029924,0,85.3361,0.14129,0.88789,482.1506,1441.8052
23.4082,10245.8424,34.2711,239.9556,8.8475,0.54787,-0.11475,2.2976,89.9977,-0.25849,4.6627,5.415,14.0065,-35.5878,-0.0030876,1.2809,0.056648,4.6322e-07,0.029935,0,85.4834,0.14146,0.86322,482.1496,1441.7892
23.4166,10246.1281,34.2793,239.9563,8.852,0.54652,-0.095608,2.9134,89.9955,-0.23094,4.6663,5.5274,15.2101,-35.517,-0.0031963,1.2521,0.076652,4.6324e-07,0.029945,0,85.6307,0.14166,0.83766,482.1486,1441.7732
23.4173,10246.1281,34.2793,239.9563,8.852,0.54652,-0.095608,2.9134,89.9955,-0.23094,4.6663,5.5274,15.2101,-35.517,-0.0031963,1.2521,0.076652,4.6324e-07,0.029945,0,85.6307,0.14157,0.84181,482.1486,1441.7732
23.4173,10246.1281,34.2793,239.9563,8.852,0.54652,-0.095608,2.9134,89.9955,-0.23094,4.6663,5.5274,15.2101,-35.517,-0.0031963,1.2521,0.076652,4.6324e-07,0.029945,0,85.6307,0.14157,0.84181,482.1486,1441.7732
23.4249,10246.4137,34.2878,239.9571,8.8566,0.54514,-0.07133,3.517,89.9936,-0.19367,4.6699,5.6312,16.205,-35.4445,-0.0033159,1.2247,0.092967,4.6328e-07,0.029956,0,85.7781,0.14186,0.81159,482.1476,1441.7572
23.4287,10246.4137,34.2878,239.9571,8.8566,0.54514,-0.07133,3.517,89.9936,-0.19367,4.6699,5.6312,16.205,-35.4445,-0.0033159,1.2247,0.092967,4.6328e-07,0.029956,0,85.7781,0.1414,0.83883,482.1476,1441.7572
23.4287,10246.4137,34.2878,239.9571,8.8566,0.54514,-0.07133,3.517,89.9936,-0.19367,4.6699,5.6312,16.205,-35.4445,-0.0033159,1.2247,0.092967,4.6328e-07,0.029956,0,85.7781,0.1414,0.83883,482.1476,1441.7572
23.4332,10246.6995,34.2965,239.9582,8.8611,0.54368,-0.042022,4.1087,89.992,-0.14847,4.6734,5.7258,16.9812,-35.3717,-0.0034176,0.88408,0.10567,4.6332e-07,0.029967,0,85.9255,0.14204,0.78529,482.1466,1441.7412
23.4378,10246.6995,34.2965,239.9582,8.8611,0.54368,-0.042022,4.1087,89.992,-0.14847,4.6734,5.7258,16.9812,-35.3717,-0.0034176,0.88408,0.10567,4.6332e-07,0.029967,0,85.9255,0.14149,0.82578,482.1466,1441.7412
23.4378,10246.6995,34.2965,239.9582,8.8611,0.54368,-0.042022,4.1087,89.992,-0.14847,4.6734,5.7258,16.9812,-35.3717,-0.0034176,0.88408,0.10567,4.6332e-07,0.029967,0,85.9255,0.14148,0.82641,482.1466,1441.7412
23.4378,10246.6995,34.2965,239.9582,8.8611,0.54368,-0.042022,4.1087,89.992,-0.14847,4.6734,5.7258,16.9812,-35.3717,-0.0034176,0.88408,0.10567,4.6332e-07,0.029967,0,85.9255,0.14148,0.82641,482.1466,1441.7412
23.4416,10246.9854,34.3054,239.9594,8.8657,0.54215,-0.007783,4.5387,89.9907,-0.097079,4.6769,5.8098,14.6868,-34.5176,-0.0034889,-0.83691,0.11503,4.6336e-07,0.029977,0,86.073,0.14217,0.75933,482.1456,1441.7252
23.4453,10246.9854,34.3054,239.9594,8.8657,0.54215,-0.007783,4.5387,89.9907,-0.097079,4.6769,5.8098,14.6868,-34.5176,-0.0034889,-0.83691,0.11503,4.6336e-07,0.029977,0,86.073,0.14172,0.80198,482.1456,1441.7252
23.4499,10247.2713,34.3145,239.9609,8.8702,0.54052,0.030039,4.1477,89.9899,-0.041139,4.6803,5.8853,-0.35781,-30.2322,-0.0035474,-1.5807,0.12142,4.6341e-07,0.029988,0,85.7189,0.14225,0.73319,482.1445,1441.7092
23.45,10247.2713,34.3145,239.9609,8.8702,0.54052,0.030039,4.1477,89.9899,-0.041139,4.6803,5.8853,-0.35781,-30.2322,-0.0035474,-1.5807,0.12142,4.6341e-07,0.029988,0,85.7189,0.14224,0.73479,482.1445,1441.7092
23.45,10247.2713,34.3145,239.9609,8.8702,0.54052,0.030039,4.1477,89.9899,-0.041139,4.6803,5.8853,-0.35781,-30.2322,-0.0035474,-1.5807,0.12142,4.6341e-07,0.029988,0,85.7189,0.14224,0.73479,482.1445,1441.7092
23.4582,10247.5573,34.3235,239.9616,8.8747,0.53878,0.064604,3.4021,89.9896,0.017859,4.6838,5.806,-6.7249,-28.3972,-0.0036159,-1.5506,0.12528,4.6346e-07,0.029999,0,85.3651,0.14221,0.77399,482.1435,1441.6932
23.4625,10247.5573,34.3235,239.9616,8.8747,0.53878,0.064604,3.4021,89.9896,0.017859,4.6838,5.806,-6.7249,-28.3972,-0.0036159,-1.5506,0.12528,4.6346e-07,0.029999,0,85.3651,0.14169,0.8162,482.1435,1441.6932
23.4625,10247.5573,34.3235,239.9616,8.8747,0.53878,0.064604,3.4021,89.9896,0.017859,4.6838,5.806,-6.7249,-28.3972,-0.0036159,-1.5506,0.12528,4.6346e-07,0.029999,0,85.3651,0.14169,0.8162,482.1435,1441.6932
23.4666,10247.8433,34.3325,239.9616,8.8792,0.53695,0.092954,2.6711,89.9897,0.078665,4.6872,5.6677,-6.2247,-28.4941,-0.0036863,-1.5202,0.12514,4.635e-07,0.03001,0,85.0116,0.14205,0.84584,482.1425,1441.6772
23.4706,10247.8433,34.3325,239.9616,8.8792,0.53695,0.092954,2.6711,89.9897,0.078665,4.6872,5.6677,-6.2247,-28.4941,-0.0036863,-1.5202,0.12514,4.635e-07,0.03001,0,85.0116,0.14156,0.86236,482.1425,1441.6772
23.4749,10248.1295,34.3413,239.9609,8.8837,0.53504,0.11521,1.9546,89.9904,0.13935,4.6906,5.5221,-5.9701,-28.5896,-0.0036813,-1.488,0.11263,4.6354e-07,0.03002,0,84.6586,0.1418,0.92213,482.1415,1441.6611
23.4832,10248.4157,34.3505,239.9608,8.8882,0.53312,0.1315,1.2526,89.9915,0.19392,4.6939,5.5416,-6.4705,-28.6923,-0.0036355,-1.4545,0.089722,4.6357e-07,0.030031,0,84.8058,0.1416,0.91145,482.1405,1441.6451
23.4916,10248.702,34.3599,239.961,8.8926,0.53124,0.14194,0.56482,89.9932,0.23738,4.6973,5.5355,-7.6062,-28.7991,-0.0035687,-1.4207,0.062104,4.6359e-07,0.030042,0,84.953,0.14148,0.89236,482.1394,1441.6291
23.4999,10248.9883,34.3695,239.9613,8.8971,0.52944,0.14665,-0.10886,89.9951,0.26743,4.7006,5.5182,-9.0326,-28.9056,-0.003545,-1.3873,0.032488,4.636e-07,0.030052,0,85.1002,0.14148,0.86939,482.1384,1441.6131
23.5082,10249.2748,34.3792,239.9619,8.9015,0.52771,0.14574,-0.76879,89.9974,0.28313,4.7038,5.4968,-10.5848,-29.0068,-0.0035685,-1.3545,0.0029583,4.6359e-07,0.030063,0,85.2476,0.14158,0.84458,482.1374,1441.597
23.5166,10249.5613,34.3891,239.9627,8.9059,0.52604,0.13933,-1.4153,89.9997,0.2845,4.707,5.4765,-12.1364,-29.101,-0.003647,-1.3228,-0.024811,4.6357e-07,0.030074,0,85.395,0.14177,0.81885,482.1364,1441.581
23.5249,10249.8479,34.3992,239.9637,8.9103,0.52438,0.12754,-2.0487,90.0021,0.2724,4.7102,5.4614,-13.5859,-29.1869,-0.0037691,-1.2923,-0.049745,4.6354e-07,0.030084,0,85.5424,0.14202,0.79259,482.1354,1441.5649
23.5332,10250.1346,34.4096,239.9649,8.9147,0.52271,0.11047,-2.6695,90.0044,0.2482,4.7134,5.454,-14.8677,-29.2644,-0.0039188,-1.263,-0.071226,4.635e-07,0.030095,0,85.6899,0.14228,0.76599,482.1343,1441.5489
23.5416,10250.4214,34.4201,239.9663,8.9191,0.52098,0.088221,-3.2779,90.0064,0.21357,4.7165,5.4555,-15.9444,-29.3341,-0.004086,-1.2351,-0.088989,4.6344e-07,0.030106,0,85.4815,0.14254,0.73912,482.1333,1441.5328
23.5488,10250.4214,34.4201,239.9663,8.9191,0.52098,0.088221,-3.2779,90.0064,0.21357,4.7165,5.4555,-15.9444,-29.3341,-0.004086,-1.2351,-0.088989,4.6344e-07,0.030106,0,85.4815,0.14168,0.8184,482.1333,1441.5328
23.5488,10250.4214,34.4201,239.9663,8.9191,0.52098,0.088221,-3.2779,90.0064,0.21357,4.7165,5.4555,-15.9444,-29.3341,-0.004086,-1.2351,-0.088989,4.6344e-07,0.030106,0,85.4815,0.14168,0.8184,482.1333,1441.5328
23.5499,10250.7083,34.4307,239.9676,8.9234,0.51918,0.060906,-3.8743,90.0082,0.17032,4.7196,5.415,-16.7997,-29.3963,-0.004266,-1.115,-0.10304,4.6338e-07,0.030116,0,85.1275,0.14274,0.73548,482.1323,1441.5168
23.551,10250.7083,34.4307,239.9676,8.9234,0.51918,0.060906,-3.8743,90.0082,0.17032,4.7196,5.415,-16.7997,-29.3963,-0.004266,-1.115,-0.10304,4.6338e-07,0.030116,0,85.1275,0.1426,0.75234,482.1323,1441.5168
23.5512,10250.7083,34.4307,239.9676,8.9234,0.51918,0.060906,-3.8743,90.0082,0.17032,4.7196,5.415,-16.7997,-29.3963,-0.004266,-1.115,-0.10304,4.6338e-07,0.030116,0,85.1275,0.14258,0.75484,482.1323,1441.5168
23.5512,10250.7083,34.4307,239.9676,8.9234,0.51918,0.060906,-3.8743,90.0082,0.17032,4.7196,5.415,-16.7997,-29.3963,-0.004266,-1.115,-0.10304,4.6338e-07,0.030116,0,85.1275,0.14258,0.75484,482.1323,1441.5168
23.5535,10250.7083,34.4307,239.9676,8.9234,0.51918,0.060906,-3.8743,90.0082,0.17032,4.7196,5.415,-16.7997,-29.3963,-0.004266,-1.115,-0.10304,4.6338e-07,0.030116,0,85.1275,0.14231,0.78283,482.1323,1441.5168
23.5557,10250.7083,34.4307,239.9676,8.9234,0.51918,0.060906,-3.8743,90.0082,0.17032,4.7196,5.415,-16.7997,-29.3963,-0.004266,-1.115,-0.10304,4.6338e-07,0.030116,0,85.1275,0.14204,0.80516,482.1323,1441.5168
23.5582,10250.9953,34.4411,239.9679,8.9277,0.51726,0.02862,-4.4144,90.0096,0.12022,4.7227,5.2317,-16.5852,-29.6861,-0.0044166,0.15456,-0.11359,4.633e-07,0.030127,0,84.7737,0.14278,0.80322,482.1313,1441.5007
23.5653,10250.9953,34.4411,239.9679,8.9277,0.51726,0.02862,-4.4144,90.0096,0.12022,4.7227,5.2317,-16.5852,-29.6861,-0.0044166,0.15456,-0.11359,4.633e-07,0.030127,0,84.7737,0.14195,0.84845,482.1313,1441.5007
23.5666,10251.2823,34.4515,239.9675,8.9321,0.51522,-0.0081667,-4.3492,90.0106,0.064993,4.7258,5.0581,-5.7189,-32.8628,-0.0044985,1.5891,-0.12101,4.6323e-07,0.030138,0,84.4205,0.14269,0.8784,482.1302,1441.4846
23.5731,10251.2823,34.4515,239.9675,8.9321,0.51522,-0.0081667,-4.3492,90.0106,0.064993,4.7258,5.0581,-5.7189,-32.8628,-0.0044985,1.5891,-0.12101,4.6323e-07,0.030138,0,84.4205,0.14192,0.88548,482.1302,1441.4846
23.5749,10251.5695,34.4618,239.9665,8.9364,0.51307,-0.04441,-3.5996,90.0112,0.0061834,4.7288,4.8937,6.8432,-36.4703,-0.0044614,1.559,-0.1257,4.6315e-07,0.030148,0,84.5675,0.14248,0.95619,482.1292,1441.4685
23.5776,10251.5695,34.4618,239.9665,8.9364,0.51307,-0.04441,-3.5996,90.0112,0.0061834,4.7288,4.8937,6.8432,-36.4703,-0.0044614,1.559,-0.1257,4.6315e-07,0.030148,0,84.5675,0.14216,0.94158,482.1292,1441.4685
23.5776,10251.5695,34.4618,239.9665,8.9364,0.51307,-0.04441,-3.5996,90.0112,0.0061834,4.7288,4.8937,6.8432,-36.4703,-0.0044614,1.559,-0.1257,4.6315e-07,0.030148,0,84.5675,0.14216,0.94158,482.1292,1441.4685
23.5832,10251.8567,34.4724,239.9662,8.9407,0.51086,-0.074406,-2.8647,90.0112,-0.054837,4.7318,4.9306,6.2842,-36.421,-0.004371,1.5288,-0.1275,4.6307e-07,0.030159,0,84.7145,0.14227,0.94666,482.1282,1441.4525
23.5889,10251.8567,34.4724,239.9662,8.9407,0.51086,-0.074406,-2.8647,90.0112,-0.054837,4.7318,4.9306,6.2842,-36.421,-0.004371,1.5288,-0.1275,4.6307e-07,0.030159,0,84.7145,0.1416,0.92381,482.1282,1441.4525
23.5909,10251.8567,34.4724,239.9662,8.9407,0.51086,-0.074406,-2.8647,90.0112,-0.054837,4.7318,4.9306,6.2842,-36.421,-0.004371,1.5288,-0.1275,4.6307e-07,0.030159,0,84.7145,0.14136,0.91841,482.1282,1441.4525
23.5909,10251.8567,34.4724,239.9662,8.9407,0.51086,-0.074406,-2.8647,90.0112,-0.054837,4.7318,4.9306,6.2842,-36.421,-0.004371,1.5288,-0.1275,4.6307e-07,0.030159,0,84.7145,0.14136,0.91841,482.1282,1441.4525
23.5916,10252.144,34.4832,239.966,8.9449,0.50865,-0.098279,-2.1444,90.0108,-0.11667,4.7348,4.9749,5.9051,-36.3727,-0.0042448,1.4974,-0.11987,4.63e-07,0.03017,0,84.8617,0.14208,0.92841,482.1272,1441.4364
23.5922,10252.144,34.4832,239.966,8.9449,0.50865,-0.098279,-2.1444,90.0108,-0.11667,4.7348,4.9749,5.9051,-36.3727,-0.0042448,1.4974,-0.11987,4.63e-07,0.03017,0,84.8617,0.142,0.9262,482.1272,1441.4364
23.5936,10252.144,34.4832,239.966,8.9449,0.50865,-0.098279,-2.1444,90.0108,-0.11667,4.7348,4.9749,5.9051,-36.3727,-0.0042448,1.4974,-0.11987,4.63e-07,0.03017,0,84.8617,0.14185,0.9222,482.1272,1441.4364
23.5962,10252.144,34.4832,239.966,8.9449,0.50865,-0.098279,-2.1444,90.0108,-0.11667,4.7348,4.9749,5.9051,-36.3727,-0.0042448,1.4974,-0.11987,4.63e-07,0.03017,0,84.8617,0.14153,0.91563,482.1272,1441.4364
23.5999,10252.4314,34.4941,239.966,8.9492,0.50647,-0.11615,-1.4384,90.0098,-0.17477,4.7377,5.0431,6.1037,-36.3216,-0.0041514,1.4641,-0.099069,4.6294e-07,0.03018,0,85.0089,0.14196,0.90611,482.1262,1441.4203
23.6082,10252.7189,34.5052,239.9663,8.9534,0.50435,-0.12814,-0.74688,90.0083,-0.22276,4.7406,5.1453,7.1079,-36.2623,-0.004097,1.4303,-0.07222,4.6288e-07,0.030191,0,85.1561,0.14193,0.88188,482.1251,1441.4042
23.6166,10253.0065,34.5165,239.9667,8.9576,0.50229,-0.13436,-0.069446,90.0065,-0.25772,4.7434,5.2635,8.4852,-36.1978,-0.0040961,1.3966,-0.042654,4.6284e-07,0.030202,0,85.3034,0.14199,0.85663,482.1241,1441.3881
23.6249,10253.2942,34.528,239.9674,8.9618,0.50028,-0.13494,0.59415,90.0043,-0.27834,4.7463,5.3896,10.0334,-36.1287,-0.0041491,1.3636,-0.012529,4.628e-07,0.030213,0,85.4508,0.14214,0.83078,482.1231,1441.372
23.6332,10253.582,34.5396,239.9683,8.966,0.49831,-0.12999,1.2442,90.002,-0.28435,4.7491,5.518,11.6214,-36.0557,-0.004251,1.3314,0.016277,4.6278e-07,0.030223,0,85.5982,0.14236,0.80453,482.1221,1441.3559
23.6416,10253.8698,34.5514,239.9694,8.9702,0.49635,-0.11962,1.8812,89.9996,-0.27639,4.7518,5.6439,13.1353,-35.9796,-0.0043889,1.3005,0.042493,4.6277e-07,0.030234,0,85.7457,0.14263,0.77798,482.121,1441.3398
23.6499,10254.1578,34.5634,239.9707,8.9743,0.49436,-0.10394,2.5053,89.9973,-0.25571,4.7546,5.764,14.4976,-35.9015,-0.0045464,1.2708,0.065366,4.6277e-07,0.030245,0,85.8932,0.1429,0.75117,482.12,1441.3236
23.6582,10254.4459,34.5756,239.9722,8.9784,0.49233,-0.083065,3.117,89.9952,-0.22394,4.7573,5.8759,15.6625,-35.8225,-0.0047485,1.2425,0.084523,4.6278e-07,0.030255,0,85.5391,0.14317,0.72412,482.119,1441.3075
23.6622,10254.4459,34.5756,239.9722,8.9784,0.49233,-0.083065,3.117,89.9952,-0.22394,4.7573,5.8759,15.6625,-35.8225,-0.0047485,1.2425,0.084523,4.6278e-07,0.030255,0,85.5391,0.14271,0.77916,482.119,1441.3075
23.6622,10254.4459,34.5756,239.9722,8.9784,0.49233,-0.083065,3.117,89.9952,-0.22394,4.7573,5.8759,15.6625,-35.8225,-0.0047485,1.2425,0.084523,4.6278e-07,0.030255,0,85.5391,0.14271,0.77916,482.119,1441.3075
23.6666,10254.7341,34.5875,239.9726,8.9825,0.4902,-0.05709,3.7167,89.9933,-0.18286,4.7599,5.776,16.6072,-35.7408,-0.0049386,1.2141,0.099893,4.628e-07,0.030266,0,85.1853,0.14329,0.7893,482.118,1441.2914
23.6709,10254.7341,34.5875,239.9726,8.9825,0.4902,-0.05709,3.7167,89.9933,-0.18286,4.7599,5.776,16.6072,-35.7408,-0.0049386,1.2141,0.099893,4.628e-07,0.030266,0,85.1853,0.14279,0.82522,482.118,1441.2914
23.6742,10254.7341,34.5875,239.9726,8.9825,0.4902,-0.05709,3.7167,89.9933,-0.18286,4.7599,5.776,16.6072,-35.7408,-0.0049386,1.2141,0.099893,4.628e-07,0.030266,0,85.1853,0.14242,0.84364,482.118,1441.2914
23.6742,10254.7341,34.5875,239.9726,8.9825,0.4902,-0.05709,3.7167,89.9933,-0.18286,4.7599,5.776,16.6072,-35.7408,-0.0049386,1.2141,0.099893,4.628e-07,0.030266,0,85.1853,0.14242,0.84364,482.118,1441.2914
23.6749,10255.0224,34.5994,239.9724,8.9866,0.48796,-0.026117,4.3039,89.9918,-0.13431,4.7626,5.6678,17.315,-35.6565,-0.0050879,0.34141,0.11163,4.6283e-07,0.030277,0,84.8319,0.14329,0.86328,482.1169,1441.2752
23.6756,10255.0224,34.5994,239.9724,8.9866,0.48796,-0.026117,4.3039,89.9918,-0.13431,4.7626,5.6678,17.315,-35.6565,-0.0050879,0.34141,0.11163,4.6283e-07,0.030277,0,84.8319,0.14321,0.86521,482.1169,1441.2752
23.677,10255.0224,34.5994,239.9724,8.9866,0.48796,-0.026117,4.3039,89.9918,-0.13431,4.7626,5.6678,17.315,-35.6565,-0.0050879,0.34141,0.11163,4.6283e-07,0.030277,0,84.8319,0.14305,0.86869,482.1169,1441.2752
23.6799,10255.0224,34.5994,239.9724,8.9866,0.48796,-0.026117,4.3039,89.9918,-0.13431,4.7626,5.6678,17.315,-35.6565,-0.0050879,0.34141,0.11163,4.6283e-07,0.030277,0,84.8319,0.14272,0.87432,482.1169,1441.2752
23.6828,10255.0224,34.5994,239.9724,8.9866,0.48796,-0.026117,4.3039,89.9918,-0.13431,4.7626,5.6678,17.315,-35.6565,-0.0050879,0.34141,0.11163,4.6283e-07,0.030277,0,84.8319,0.14238,0.87864,482.1169,1441.2752
23.6828,10255.0224,34.5994,239.9724,8.9866,0.48796,-0.026117,4.3039,89.9918,-0.13431,4.7626,5.6678,17.315,-35.6565,-0.0050879,0.34141,0.11163,4.6283e-07,0.030277,0,84.8319,0.14238,0.87864,482.1169,1441.2752
23.6832,10255.3107,34.6112,239.9715,8.9907,0.48561,0.0097486,4.4754,89.9907,-0.080043,4.7652,5.5513,10.1268,-33.4704,-0.0050894,-1.4103,0.12003,4.6286e-07,0.030287,0,84.9789,0.14315,0.9409,482.1159,1441.2591
23.6837,10255.3107,34.6112,239.9715,8.9907,0.48561,0.0097486,4.4754,89.9907,-0.080043,4.7652,5.5513,10.1268,-33.4704,-0.0050894,-1.4103,0.12003,4.6286e-07,0.030287,0,84.9789,0.14311,0.93888,482.1159,1441.2591
23.6845,10255.3107,34.6112,239.9715,8.9907,0.48561,0.0097486,4.4754,89.9907,-0.080043,4.7652,5.5513,10.1268,-33.4704,-0.0050894,-1.4103,0.12003,4.6286e-07,0.030287,0,84.9789,0.14301,0.93511,482.1159,1441.2591
23.6862,10255.3107,34.6112,239.9715,8.9907,0.48561,0.0097486,4.4754,89.9907,-0.080043,4.7652,5.5513,10.1268,-33.4704,-0.0050894,-1.4103,0.12003,4.6286e-07,0.030287,0,84.9789,0.14282,0.92844,482.1159,1441.2591
23.6895,10255.3107,34.6112,239.9715,8.9907,0.48561,0.0097486,4.4754,89.9907,-0.080043,4.7652,5.5513,10.1268,-33.4704,-0.0050894,-1.4103,0.12003,4.6286e-07,0.030287,0,84.9789,0.14244,0.91803,482.1159,1441.2591
23.6916,10255.5992,34.6233,239.9712,8.9948,0.48318,0.047044,3.8112,89.99,-0.021708,4.7678,5.6215,-5.2598,-29.1137,-0.0049984,-1.5677,0.1256,4.6289e-07,0.030298,0,85.126,0.143,0.93113,482.1149,1441.243
23.6932,10255.5992,34.6233,239.9712,8.9948,0.48318,0.047044,3.8112,89.99,-0.021708,4.7678,5.6215,-5.2598,-29.1137,-0.0049984,-1.5677,0.1256,4.6289e-07,0.030298,0,85.126,0.14282,0.92526,482.1149,1441.243
23.6932,10255.5992,34.6233,239.9712,8.9948,0.48318,0.047044,3.8112,89.99,-0.021708,4.7678,5.6215,-5.2598,-29.1137,-0.0049984,-1.5677,0.1256,4.6289e-07,0.030298,0,85.126,0.14282,0.92526,482.1149,1441.243
23.6999,10255.8878,34.6355,239.9712,8.9988,0.48073,0.078803,3.0722,89.9899,0.039269,4.7704,5.6843,-6.3557,-28.7478,-0.0048636,-1.5377,0.12863,4.6292e-07,0.030309,0,85.2732,0.14285,0.91278,482.1138,1441.2268
23.7062,10255.8878,34.6355,239.9712,8.9988,0.48073,0.078803,3.0722,89.9899,0.039269,4.7704,5.6843,-6.3557,-28.7478,-0.0048636,-1.5377,0.12863,4.6292e-07,0.030309,0,85.2732,0.14213,0.90314,482.1138,1441.2268
23.7062,10255.8878,34.6355,239.9712,8.9988,0.48073,0.078803,3.0722,89.9899,0.039269,4.7704,5.6843,-6.3557,-28.7478,-0.0048636,-1.5377,0.12863,4.6292e-07,0.030309,0,85.2732,0.14213,0.90314,482.1138,1441.2268
23.7082,10256.1765,34.6479,239.9713,9.0028,0.47827,0.1044,2.3478,89.9902,0.10166,4.7729,5.7411,-5.9059,-28.8513,-0.0047501,-1.5068,0.1246,4.6295e-07,0.030319,0,85.4205,0.14273,0.89044,482.1128,1441.2106
23.7103,10256.1765,34.6479,239.9713,9.0028,0.47827,0.1044,2.3478,89.9902,0.10166,4.7729,5.7411,-5.9059,-28.8513,-0.0047501,-1.5068,0.1246,4.6295e-07,0.030319,0,85.4205,0.1425,0.89074,482.1128,1441.2106
23.7144,10256.1765,34.6479,239.9713,9.0028,0.47827,0.1044,2.3478,89.9902,0.10166,4.7729,5.7411,-5.9059,-28.8513,-0.0047501,-1.5068,0.1246,4.6295e-07,0.030319,0,85.4205,0.14203,0.89119,482.1128,1441.2106
23.7166,10256.4652,34.6605,239.9717,9.0068,0.47584,0.12397,1.6378,89.991,0.16206,4.7754,5.7809,-5.8884,-28.9539,-0.0046653,-1.4738,0.10647,4.6296e-07,0.03033,0,85.5678,0.14266,0.86617,482.1118,1441.1945
23.7249,10256.7541,34.6732,239.9723,9.0108,0.47346,0.13762,0.94221,89.9924,0.21364,4.7778,5.7864,-6.7308,-29.0586,-0.0046268,-1.44,0.080694,4.6297e-07,0.030341,0,85.7152,0.14267,0.84088,482.1108,1441.1783
23.7332,10257.0431,34.686,239.973,9.0148,0.47112,0.14547,0.26082,89.9942,0.25271,4.7802,5.7737,-8.0421,-29.161,-0.0046354,-1.4062,0.051411,4.6296e-07,0.030351,0,85.8626,0.14276,0.81496,482.1097,1441.1621
23.7416,10257.3322,34.699,239.974,9.0187,0.46883,0.14764,-0.40667,89.9963,0.27758,4.7826,5.7533,-9.5708,-29.2588,-0.0046935,-1.3729,0.020973,4.6295e-07,0.030362,0,86.01,0.14292,0.7886,482.1087,1441.146
23.7499,10257.6214,34.7122,239.9752,9.0226,0.46658,0.14425,-1.0606,89.9986,0.28769,4.785,5.731,-11.1743,-29.3503,-0.0047959,-1.3404,-0.0085992,4.6292e-07,0.030373,0,86.1576,0.14316,0.7619,482.1077,1441.1298
23.7582,10257.9108,34.7256,239.9766,9.0265,0.46435,0.13542,-1.7012,90.001,0.28345,4.7873,5.7116,-12.7298,-29.4346,-0.0049666,-1.3091,-0.035855,4.6287e-07,0.030383,0,85.8034,0.14344,0.73492,482.1066,1441.1136
23.7666,10258.2002,34.7388,239.9773,9.0304,0.46208,0.12124,-2.3289,90.0033,0.266,4.7896,5.5428,-14.1494,-29.5092,-0.005176,-1.279,-0.059905,4.6282e-07,0.030394,0,85.4495,0.14366,0.77869,482.1056,1441.0974
23.7749,10258.4897,34.7518,239.9771,9.0343,0.45975,0.10183,-2.9442,90.0056,0.23689,4.7919,5.3368,-15.3788,-29.5751,-0.0053909,-1.2502,-0.080272,4.6275e-07,0.030405,0,85.096,0.14379,0.85047,482.1046,1441.0812
23.7755,10258.4897,34.7518,239.9771,9.0343,0.45975,0.10183,-2.9442,90.0056,0.23689,4.7919,5.3368,-15.3788,-29.5751,-0.0053909,-1.2502,-0.080272,4.6275e-07,0.030405,0,85.096,0.14372,0.85284,482.1046,1441.0812
23.7755,10258.4897,34.7518,239.9771,9.0343,0.45975,0.10183,-2.9442,90.0056,0.23689,4.7919,5.3368,-15.3788,-29.5751,-0.0053909,-1.2502,-0.080272,4.6275e-07,0.030405,0,85.096,0.14372,0.85284,482.1046,1441.0812
23.7832,10258.7794,34.7648,239.9764,9.0381,0.45733,0.077297,-3.5472,90.0075,0.19788,4.7941,5.1422,-16.389,-29.6341,-0.0055078,-1.2228,-0.09681,4.6267e-07,0.030416,0,84.7429,0.1438,0.92671,482.1035,1441.065
23.7872,10258.7794,34.7648,239.9764,9.0381,0.45733,0.077297,-3.5472,90.0075,0.19788,4.7941,5.1422,-16.389,-29.6341,-0.0055078,-1.2228,-0.09681,4.6267e-07,0.030416,0,84.7429,0.14336,0.91462,482.1035,1441.065
23.7872,10258.7794,34.7648,239.9764,9.0381,0.45733,0.077297,-3.5472,90.0075,0.19788,4.7941,5.1422,-16.389,-29.6341,-0.0055078,-1.2228,-0.09681,4.6267e-07,0.030416,0,84.7429,0.14336,0.91462,482.1035,1441.065
23.7916,10259.0692,34.7781,239.9762,9.0419,0.45484,0.047737,-4.1385,90.0092,0.15084,4.7963,5.1531,-17.1709,-29.6922,-0.0055307,-0.86763,-0.10962,4.6258e-07,0.030426,0,84.8901,0.14381,0.91575,482.1025,1441.0487
23.7959,10259.0692,34.7781,239.9762,9.0419,0.45484,0.047737,-4.1385,90.0092,0.15084,4.7963,5.1531,-17.1709,-29.6922,-0.0055307,-0.86763,-0.10962,4.6258e-07,0.030426,0,84.8901,0.14333,0.90668,482.1025,1441.0487
23.7965,10259.0692,34.7781,239.9762,9.0419,0.45484,0.047737,-4.1385,90.0092,0.15084,4.7963,5.1531,-17.1709,-29.6922,-0.0055307,-0.86763,-0.10962,4.6258e-07,0.030426,0,84.8901,0.14326,0.90574,482.1025,1441.0487
23.7965,10259.0692,34.7781,239.9762,9.0419,0.45484,0.047737,-4.1385,90.0092,0.15084,4.7963,5.1531,-17.1709,-29.6922,-0.0055307,-0.86763,-0.10962,4.6258e-07,0.030426,0,84.8901,0.14326,0.90574,482.1025,1441.0487
23.7999,10259.359,34.7915,239.9763,9.0457,0.4523,0.01325,-4.5611,90.0104,0.097571,4.7985,5.171,-14.7445,-30.5759,-0.0054667,0.89763,-0.11898,4.6249e-07,0.030437,0,85.0373,0.14379,0.89708,482.1015,1441.0325
23.8033,10259.359,34.7915,239.9763,9.0457,0.4523,0.01325,-4.5611,90.0104,0.097571,4.7985,5.171,-14.7445,-30.5759,-0.0054667,0.89763,-0.11898,4.6249e-07,0.030437,0,85.0373,0.14342,0.89505,482.1015,1441.0325
23.8082,10259.649,34.805,239.9765,9.0495,0.44973,-0.024759,-4.1416,90.0112,0.03975,4.8007,5.1965,0.69576,-35.0081,-0.0053663,1.5813,-0.12529,4.6239e-07,0.030448,0,85.1846,0.14377,0.87465,482.1004,1441.0163
23.8088,10259.649,34.805,239.9765,9.0495,0.44973,-0.024759,-4.1416,90.0112,0.03975,4.8007,5.1965,0.69576,-35.0081,-0.0053663,1.5813,-0.12529,4.6239e-07,0.030448,0,85.1846,0.14371,0.87544,482.1004,1441.0163
23.8088,10259.649,34.805,239.9765,9.0495,0.44973,-0.024759,-4.1416,90.0112,0.03975,4.8007,5.1965,0.69576,-35.0081,-0.0053663,1.5813,-0.12529,4.6239e-07,0.030448,0,85.1846,0.14371,0.87544,482.1004,1441.0163
23.8166,10259.9391,34.8187,239.977,9.0533,0.44713,-0.059273,-3.3962,90.0116,-0.02109,4.8028,5.2293,6.5123,-36.7446,-0.0052707,1.5511,-0.129,4.6229e-07,0.030458,0,85.332,0.14375,0.85046,482.0994,1441
23.8214,10259.9391,34.8187,239.977,9.0533,0.44713,-0.059273,-3.3962,90.0116,-0.02109,4.8028,5.2293,6.5123,-36.7446,-0.0052707,1.5511,-0.129,4.6229e-07,0.030458,0,85.332,0.14322,0.86553,482.0994,1441
23.8214,10259.9391,34.8187,239.977,9.0533,0.44713,-0.059273,-3.3962,90.0116,-0.02109,4.8028,5.2293,6.5123,-36.7446,-0.0052707,1.5511,-0.129,4.6229e-07,0.030458,0,85.332,0.14322,0.86553,482.0994,1441
23.8249,10260.2293,34.8326,239.9777,9.057,0.44451,-0.087574,-2.6654,90.0114,-0.083675,4.8048,5.2693,6.013,-36.6944,-0.0052009,1.5207,-0.12854,4.622e-07,0.030469,0,85.4794,0.14373,0.8253,482.0984,1440.9838
23.8284,10260.2293,34.8326,239.9777,9.057,0.44451,-0.087574,-2.6654,90.0114,-0.083675,4.8048,5.2693,6.013,-36.6944,-0.0052009,1.5207,-0.12854,4.622e-07,0.030469,0,85.4794,0.14335,0.84426,482.0984,1440.9838
23.8332,10260.5196,34.8466,239.9786,9.0607,0.44187,-0.10979,-1.9492,90.0107,-0.14599,4.8069,5.3204,5.7717,-36.6402,-0.0051589,1.4883,-0.11509,4.6211e-07,0.03048,0,85.6269,0.14374,0.7995,482.0973,1440.9675
23.8416,10260.8101,34.8607,239.9796,9.0644,0.43925,-0.12603,-1.2473,90.0095,-0.20175,4.8089,5.4049,6.3242,-36.5781,-0.0051499,1.4546,-0.091249,4.6203e-07,0.03049,0,85.7744,0.14377,0.77322,482.0963,1440.9513
23.8499,10261.1007,34.875,239.9809,9.0681,0.43665,-0.13642,-0.5598,90.0078,-0.24595,4.8108,5.5163,7.5137,-36.5092,-0.0051741,1.4207,-0.062707,4.6196e-07,0.030501,0,85.9219,0.14386,0.74654,482.0953,1440.935
23.8582,10261.3913,34.8894,239.9825,9.0717,0.43408,-0.14109,0.11371,90.0058,-0.2763,4.8128,5.6383,8.9946,-36.4359,-0.0052765,1.387,-0.032207,4.6191e-07,0.030512,0,85.5677,0.14401,0.72046,482.0942,1440.9188
23.8666,10261.6821,34.9036,239.9829,9.0754,0.43153,-0.14014,0.77349,90.0035,-0.29186,4.8147,5.5646,10.6003,-36.3567,-0.0054238,1.3541,-0.0018864,4.6186e-07,0.030522,0,85.2138,0.14412,0.78597,482.0932,1440.9025
23.8749,10261.9731,34.9176,239.9826,9.079,0.42897,-0.1337,1.4199,90.001,-0.29272,4.8166,5.4933,12.201,-36.2738,-0.0055993,1.3223,0.026556,4.6183e-07,0.030533,0,84.8603,0.1442,0.86,482.0922,1440.8862
23.8832,10262.2641,34.9316,239.9817,9.0825,0.42639,-0.12186,2.0533,89.9986,-0.27979,4.8185,5.42,13.6935,-36.1891,-0.0057008,1.2916,0.052033,4.618e-07,0.030544,0,85.0074,0.14423,0.9372,482.0911,1440.8699
23.8916,10262.5553,34.9458,239.9815,9.0861,0.42379,-0.10475,2.6739,89.9963,-0.2545,4.8203,5.5358,15.0115,-36.1086,-0.0057581,1.2623,0.073929,4.618e-07,0.030554,0,85.1546,0.1443,0.92659,482.0901,1440.8536
23.8999,10262.8465,34.9601,239.9815,9.0897,0.42119,-0.08247,3.2823,89.9941,-0.21859,4.8221,5.6425,16.1177,-36.0309,-0.0057675,1.2344,0.091984,4.618e-07,0.030565,0,85.3018,0.14439,0.90737,482.089,1440.8373
23.9065,10262.8465,34.9601,239.9815,9.0897,0.42119,-0.08247,3.2823,89.9941,-0.21859,4.8221,5.6425,16.1177,-36.0309,-0.0057675,1.2344,0.091984,4.618e-07,0.030565,0,85.3018,0.14369,0.89791,482.089,1440.8373
23.9065,10262.8465,34.9601,239.9815,9.0897,0.42119,-0.08247,3.2823,89.9941,-0.21859,4.8221,5.6425,16.1177,-36.0309,-0.0057675,1.2344,0.091984,4.618e-07,0.030565,0,85.3018,0.14369,0.89791,482.089,1440.8373
23.9082,10263.1379,34.9746,239.9816,9.0932,0.41858,-0.055117,3.8787,89.9923,-0.17391,4.8239,5.7392,16.996,-35.9561,-0.0057658,1.1143,0.10622,4.6181e-07,0.030576,0,85.4491,0.1445,0.88423,482.088,1440.821
23.9096,10263.1379,34.9746,239.9816,9.0932,0.41858,-0.055117,3.8787,89.9923,-0.17391,4.8239,5.7392,16.996,-35.9561,-0.0057658,1.1143,0.10622,4.6181e-07,0.030576,0,85.4491,0.14436,0.88468,482.088,1440.821
23.9096,10263.1379,34.9746,239.9816,9.0932,0.41858,-0.055117,3.8787,89.9923,-0.17391,4.8239,5.7392,16.996,-35.9561,-0.0057658,1.1143,0.10622,4.6181e-07,0.030576,0,85.4491,0.14436,0.88468,482.088,1440.821
23.9113,10263.1379,34.9746,239.9816,9.0932,0.41858,-0.055117,3.8787,89.9923,-0.17391,4.8239,5.7392,16.996,-35.9561,-0.0057658,1.1143,0.10622,4.6181e-07,0.030576,0,85.4491,0.14418,0.88517,482.088,1440.821
23.913,10263.1379,34.9746,239.9816,9.0932,0.41858,-0.055117,3.8787,89.9923,-0.17391,4.8239,5.7392,16.996,-35.9561,-0.0057658,1.1143,0.10622,4.6181e-07,0.030576,0,85.4491,0.144,0.88558,482.088,1440.821
23.9166,10263.4294,34.9892,239.982,9.0967,0.41595,-0.022794,4.4189,89.9909,-0.12232,4.8257,5.8251,16.7988,-35.6495,-0.0057422,-0.14147,0.11686,4.6182e-07,0.030586,0,85.5965,0.14461,0.85983,482.087,1440.8047
23.9235,10263.4294,34.9892,239.982,9.0967,0.41595,-0.022794,4.4189,89.9909,-0.12232,4.8257,5.8251,16.7988,-35.6495,-0.0057422,-0.14147,0.11686,4.6182e-07,0.030586,0,85.5965,0.14388,0.87379,482.087,1440.8047
23.9249,10263.7211,35.0039,239.9826,9.1001,0.41327,0.01403,4.3603,89.9898,-0.065549,4.8273,5.9014,6.0622,-32.5169,-0.0056912,-1.5902,0.12426,4.6185e-07,0.030597,0,85.7438,0.1447,0.83478,482.0859,1440.7884
23.9317,10263.7211,35.0039,239.9826,9.1001,0.41327,0.01403,4.3603,89.9898,-0.065549,4.8273,5.9014,6.0622,-32.5169,-0.0056912,-1.5902,0.12426,4.6185e-07,0.030597,0,85.7438,0.14399,0.86075,482.0859,1440.7884
23.9332,10264.0128,35.0188,239.9834,9.1036,0.41054,0.050366,3.6106,89.9893,-0.0052033,4.829,5.9695,-6.6376,-28.9182,-0.0056364,-1.5601,0.12888,4.6187e-07,0.030608,0,85.8913,0.14477,0.80924,482.0849,1440.7721
23.9362,10264.0128,35.0188,239.9834,9.1036,0.41054,0.050366,3.6106,89.9893,-0.0052033,4.829,5.9695,-6.6376,-28.9182,-0.0056364,-1.5601,0.12888,4.6187e-07,0.030608,0,85.8913,0.14446,0.82921,482.0849,1440.7721
23.9362,10264.0128,35.0188,239.9834,9.1036,0.41054,0.050366,3.6106,89.9893,-0.0052033,4.829,5.9695,-6.6376,-28.9182,-0.0056364,-1.5601,0.12888,4.6187e-07,0.030608,0,85.8913,0.14446,0.82921,482.0849,1440.7721
23.9416,10264.3047,35.0338,239.9844,9.107,0.40777,0.080455,2.8756,89.9893,0.05733,4.8306,6.0311,-6.0889,-29.0151,-0.0056005,-1.5299,0.13055,4.6189e-07,0.030619,0,86.0388,0.14481,0.78334,482.0839,1440.7557
23.9469,10264.3047,35.0338,239.9844,9.107,0.40777,0.080455,2.8756,89.9893,0.05733,4.8306,6.0311,-6.0889,-29.0151,-0.0056005,-1.5299,0.13055,4.6189e-07,0.030619,0,86.0388,0.14425,0.82622,482.0839,1440.7557
23.9497,10264.3047,35.0338,239.9844,9.107,0.40777,0.080455,2.8756,89.9893,0.05733,4.8306,6.0311,-6.0889,-29.0151,-0.0056005,-1.5299,0.13055,4.6189e-07,0.030619,0,86.0388,0.14397,0.84072,482.0839,1440.7557
23.9497,10264.3047,35.0338,239.9844,9.107,0.40777,0.080455,2.8756,89.9893,0.05733,4.8306,6.0311,-6.0889,-29.0151,-0.0056005,-1.5299,0.13055,4.6189e-07,0.030619,0,86.0388,0.14397,0.84072,482.0839,1440.7557
23.9499,10264.5967,35.049,239.9856,9.1104,0.40495,0.10442,2.1552,89.9897,0.12062,4.8322,6.0861,-5.7222,-29.1092,-0.0055801,-1.4984,0.12267,4.619e-07,0.030629,0,86.1863,0.14485,0.75702,482.0828,1440.7394
23.9501,10264.5967,35.049,239.9856,9.1104,0.40495,0.10442,2.1552,89.9897,0.12062,4.8322,6.0861,-5.7222,-29.1092,-0.0055801,-1.4984,0.12267,4.619e-07,0.030629,0,86.1863,0.14482,0.75975,482.0828,1440.7394
23.9505,10264.5967,35.049,239.9856,9.1104,0.40495,0.10442,2.1552,89.9897,0.12062,4.8322,6.0861,-5.7222,-29.1092,-0.0055801,-1.4984,0.12267,4.619e-07,0.030629,0,86.1863,0.14478,0.76505,482.0828,1440.7394
23.9514,10264.5967,35.049,239.9856,9.1104,0.40495,0.10442,2.1552,89.9897,0.12062,4.8322,6.0861,-5.7222,-29.1092,-0.0055801,-1.4984,0.12267,4.619e-07,0.030629,0,86.1863,0.14469,0.77498,482.0828,1440.7394
23.9531,10264.5967,35.049,239.9856,9.1104,0.40495,0.10442,2.1552,89.9897,0.12062,4.8322,6.0861,-5.7222,-29.1092,-0.0055801,-1.4984,0.12267,4.619e-07,0.030629,0,86.1863,0.14451,0.79246,482.0828,1440.7394
23.9565,10264.5967,35.049,239.9856,9.1104,0.40495,0.10442,2.1552,89.9897,0.12062,4.8322,6.0861,-5.7222,-29.1092,-0.0055801,-1.4984,0.12267,4.619e-07,0.030629,0,86.1863,0.14416,0.81961,482.0828,1440.7394
23.9582,10264.8889,35.0642,239.987,9.1138,0.40213,0.12238,1.4491,89.9907,0.18006,4.8338,6.1178,-5.9384,-29.204,-0.0056229,-1.465,0.1013,4.6191e-07,0.03064,0,85.8321,0.14489,0.73032,482.0818,1440.723
23.9666,10265.1811,35.0792,239.9873,9.1172,0.39929,0.13445,0.75743,89.9922,0.22913,4.8353,5.9132,-6.9779,-29.2985,-0.0056985,-1.431,0.073761,4.619e-07,0.030651,0,85.4783,0.14487,0.79598,482.0807,1440.7067
23.9749,10265.4735,35.0941,239.9869,9.1205,0.39646,0.14077,0.07984,89.9942,0.26484,4.8369,5.6961,-8.3962,-29.3902,-0.0057981,-1.3972,0.043469,4.6189e-07,0.030661,0,85.1248,0.14482,0.87013,482.0797,1440.6903
23.9832,10265.766,35.1088,239.986,9.1238,0.39364,0.14143,-0.58393,89.9964,0.28586,4.8384,5.475,-9.9863,-29.478,-0.0058328,-1.364,0.012632,4.6186e-07,0.030672,0,85.2719,0.14475,0.94742,482.0786,1440.6739
23.9916,10266.0587,35.1238,239.9856,9.1271,0.39086,0.13657,-1.2342,89.9987,0.29193,4.8399,5.4493,-11.614,-29.5656,-0.0058446,-1.3317,-0.016831,4.6182e-07,0.030683,0,85.4191,0.14478,0.93688,482.0776,1440.6576
23.9999,10266.3514,35.1389,239.9855,9.1304,0.38814,0.12628,-1.8713,90.0012,0.28372,4.8413,5.4274,-13.1632,-29.6494,-0.0058393,-1.3007,-0.043623,4.6177e-07,0.030693,0,85.5663,0.14488,0.9177,482.0766,1440.6412
24.0082,10266.6443,35.1541,239.9856,9.1336,0.38547,0.11069,-2.4957,90.0035,0.26251,4.8427,5.4123,-14.5548,-29.7283,-0.0058674,-1.2709,-0.066977,4.6171e-07,0.030704,0,85.7136,0.14506,0.8946,482.0755,1440.6248
24.0166,10266.9373,35.1695,239.9859,9.1369,0.38281,0.089888,-3.1077,90.0057,0.22998,4.8441,5.4062,-15.7422,-29.799,-0.0059136,-1.2425,-0.086512,4.6163e-07,0.030715,0,85.8609,0.14528,0.86968,482.0745,1440.6084
24.0199,10266.9373,35.1695,239.9859,9.1369,0.38281,0.089888,-3.1077,90.0057,0.22998,4.8441,5.4062,-15.7422,-29.799,-0.0059136,-1.2425,-0.086512,4.6163e-07,0.030715,0,85.8609,0.14494,0.87431,482.0745,1440.6084
24.0199,10266.9373,35.1695,239.9859,9.1369,0.38281,0.089888,-3.1077,90.0057,0.22998,4.8441,5.4062,-15.7422,-29.799,-0.0059136,-1.2425,-0.086512,4.6163e-07,0.030715,0,85.8609,0.14494,0.87431,482.0745,1440.6084
24.0249,10267.2305,35.1849,239.9863,9.1401,0.38014,0.063991,-3.7076,90.0076,0.18797,4.8454,5.4099,-16.7023,-29.8621,-0.0059663,-1.2154,-0.10216,4.6155e-07,0.030725,0,86.0083,0.1455,0.84387,482.0734,1440.592
24.0299,10267.2305,35.1849,239.9863,9.1401,0.38014,0.063991,-3.7076,90.0076,0.18797,4.8454,5.4099,-16.7023,-29.8621,-0.0059663,-1.2154,-0.10216,4.6155e-07,0.030725,0,86.0083,0.14499,0.86037,482.0734,1440.592
24.032,10267.2305,35.1849,239.9863,9.1401,0.38014,0.063991,-3.7076,90.0076,0.18797,4.8454,5.4099,-16.7023,-29.8621,-0.0059663,-1.2154,-0.10216,4.6155e-07,0.030725,0,86.0083,0.14479,0.86508,482.0734,1440.592
24.032,10267.2305,35.1849,239.9863,9.1401,0.38014,0.063991,-3.7076,90.0076,0.18797,4.8454,5.4099,-16.7023,-29.8621,-0.0059663,-1.2154,-0.10216,4.6155e-07,0.030725,0,86.0083,0.14479,0.86508,482.0734,1440.592
24.0332,10267.5237,35.2005,239.9871,9.1433,0.37742,0.033095,-4.2957,90.0092,0.13836,4.8467,5.4226,-17.4307,-29.9185,-0.0060039,-0.40348,-0.11409,4.6146e-07,0.030736,0,86.1557,0.14569,0.81786,482.0724,1440.5756
24.0345,10267.5237,35.2005,239.9871,9.1433,0.37742,0.033095,-4.2957,90.0092,0.13836,4.8467,5.4226,-17.4307,-29.9185,-0.0060039,-0.40348,-0.11409,4.6146e-07,0.030736,0,86.1557,0.14557,0.82597,482.0724,1440.5756
24.0371,10267.5237,35.2005,239.9871,9.1433,0.37742,0.033095,-4.2957,90.0092,0.13836,4.8467,5.4226,-17.4307,-29.9185,-0.0060039,-0.40348,-0.11409,4.6146e-07,0.030736,0,86.1557,0.14531,0.83939,482.0724,1440.5756
24.0409,10267.5237,35.2005,239.9871,9.1433,0.37742,0.033095,-4.2957,90.0092,0.13836,4.8467,5.4226,-17.4307,-29.9185,-0.0060039,-0.40348,-0.11409,4.6146e-07,0.030736,0,86.1557,0.14493,0.85395,482.0724,1440.5756
24.0409,10267.5237,35.2005,239.9871,9.1433,0.37742,0.033095,-4.2957,90.0092,0.13836,4.8467,5.4226,-17.4307,-29.9185,-0.0060039,-0.40348,-0.11409,4.6146e-07,0.030736,0,86.1557,0.14493,0.85395,482.0724,1440.5756
24.0416,10267.8171,35.2162,239.988,9.1464,0.37463,-0.0027029,-4.4972,90.0104,0.082957,4.848,5.4432,-10.8034,-31.944,-0.0060082,1.3797,-0.12258,4.6136e-07,0.030747,0,86.3032,0.14585,0.79198,482.0713,1440.5592
24.0423,10267.8171,35.2162,239.988,9.1464,0.37463,-0.0027029,-4.4972,90.0104,0.082957,4.848,5.4432,-10.8034,-31.944,-0.0060082,1.3797,-0.12258,4.6136e-07,0.030747,0,86.3032,0.14578,0.79825,482.0713,1440.5592
24.0437,10267.8171,35.2162,239.988,9.1464,0.37463,-0.0027029,-4.4972,90.0104,0.082957,4.848,5.4432,-10.8034,-31.944,-0.0060082,1.3797,-0.12258,4.6136e-07,0.030747,0,86.3032,0.14564,0.80954,482.0713,1440.5592
24.0465,10267.8171,35.2162,239.988,9.1464,0.37463,-0.0027029,-4.4972,90.0104,0.082957,4.848,5.4432,-10.8034,-31.944,-0.0060082,1.3797,-0.12258,4.6136e-07,0.030747,0,86.3032,0.14537,0.82792,482.0713,1440.5592
24.0499,10268.1107,35.2321,239.9891,9.1495,0.37178,-0.040179,-3.8479,90.011,0.023435,4.8492,5.4718,4.8536,-36.4186,-0.005983,1.5698,-0.12816,4.6126e-07,0.030757,0,86.4507,0.14596,0.76587,482.0703,1440.5427
24.0517,10268.1107,35.2321,239.9891,9.1495,0.37178,-0.040179,-3.8479,90.011,0.023435,4.8492,5.4718,4.8536,-36.4186,-0.005983,1.5698,-0.12816,4.6126e-07,0.030757,0,86.4507,0.14579,0.7849,482.0703,1440.5427
24.0517,10268.1107,35.2321,239.9891,9.1495,0.37178,-0.040179,-3.8479,90.011,0.023435,4.8492,5.4718,4.8536,-36.4186,-0.005983,1.5698,-0.12816,4.6126e-07,0.030757,0,86.4507,0.14579,0.7849,482.0703,1440.5427
24.0582,10268.4043,35.248,239.9904,9.1526,0.36886,-0.072245,-3.1082,90.0112,-0.038748,4.8504,5.5077,6.2353,-36.9125,-0.0059945,1.5397,-0.13116,4.6116e-07,0.030768,0,86.0966,0.14603,0.73949,482.0692,1440.5263
24.0647,10268.4043,35.248,239.9904,9.1526,0.36886,-0.072245,-3.1082,90.0112,-0.038748,4.8504,5.5077,6.2353,-36.9125,-0.0059945,1.5397,-0.13116,4.6116e-07,0.030768,0,86.0966,0.14539,0.80806,482.0692,1440.5263
24.0647,10268.4043,35.248,239.9904,9.1526,0.36886,-0.072245,-3.1082,90.0112,-0.038748,4.8504,5.5077,6.2353,-36.9125,-0.0059945,1.5397,-0.13116,4.6116e-07,0.030768,0,86.0966,0.14539,0.80806,482.0692,1440.5263
24.0666,10268.6981,35.2638,239.9909,9.1557,0.36587,-0.098147,-2.3832,90.0109,-0.10234,4.8516,5.3965,5.7802,-36.8517,-0.0060287,1.5088,-0.12732,4.6107e-07,0.030779,0,85.7426,0.14599,0.78302,482.0682,1440.5099
24.0685,10268.6981,35.2638,239.9909,9.1557,0.36587,-0.098147,-2.3832,90.0109,-0.10234,4.8516,5.3965,5.7802,-36.8517,-0.0060287,1.5088,-0.12732,4.6107e-07,0.030779,0,85.7426,0.14581,0.80031,482.0682,1440.5099
24.0722,10268.6981,35.2638,239.9909,9.1557,0.36587,-0.098147,-2.3832,90.0109,-0.10234,4.8516,5.3965,5.7802,-36.8517,-0.0060287,1.5088,-0.12732,4.6107e-07,0.030779,0,85.7426,0.14544,0.82649,482.0682,1440.5099
24.0749,10268.9921,35.2794,239.9907,9.1588,0.36283,-0.11801,-1.6726,90.0101,-0.16403,4.8528,5.2551,5.7448,-36.7857,-0.0060736,1.4758,-0.10912,4.6098e-07,0.030789,0,85.389,0.14586,0.85544,482.0672,1440.4934
24.0832,10269.2861,35.2948,239.9899,9.1618,0.35977,-0.13194,-0.9764,90.0087,-0.21689,4.8539,5.1524,6.5869,-36.712,-0.006052,1.4418,-0.082945,4.6091e-07,0.0308,0,85.0359,0.14568,0.93225,482.0661,1440.477
24.0916,10269.5803,35.3105,239.9896,9.1648,0.35675,-0.14008,-0.29439,90.0069,-0.25705,4.855,5.2675,7.9191,-36.6382,-0.0059965,1.4079,-0.053135,4.6084e-07,0.030811,0,85.1831,0.14559,0.92133,482.0651,1440.4605
24.0999,10269.8746,35.3263,239.9896,9.1678,0.35382,-0.14254,0.37371,90.0047,-0.28276,4.8561,5.3922,9.4781,-36.5644,-0.0059287,1.3744,-0.022107,4.6079e-07,0.030822,0,85.3304,0.14559,0.90191,482.064,1440.444
24.1082,10270.1691,35.3421,239.9898,9.1708,0.35098,-0.13942,1.0282,90.0024,-0.29343,4.8571,5.5205,11.1172,-36.4901,-0.0059095,1.3418,0.0080721,4.6075e-07,0.030832,0,85.4777,0.14571,0.8786,482.063,1440.4276
24.1166,10270.4637,35.3581,239.9902,9.1737,0.34821,-0.13085,1.6695,89.9999,-0.28947,4.8582,5.6475,12.7105,-36.4126,-0.005935,1.3103,0.035905,4.6072e-07,0.030843,0,85.6251,0.14593,0.85348,482.0619,1440.4111
24.1249,10270.7584,35.3742,239.9908,9.1766,0.34548,-0.11694,2.2979,89.9975,-0.27201,4.8591,5.7693,14.1673,-36.3326,-0.006005,1.2801,0.060473,4.607e-07,0.030854,0,85.7725,0.1462,0.82745,482.0609,1440.3946
24.1332,10271.0532,35.3904,239.9916,9.1795,0.34275,-0.09779,2.9138,89.9953,-0.24265,4.8601,5.8835,15.4315,-36.2503,-0.0061017,1.2513,0.081284,4.607e-07,0.030864,0,85.92,0.14649,0.80091,482.0598,1440.3781
24.1416,10271.3482,35.4067,239.9927,9.1824,0.33999,-0.073509,3.5175,89.9932,-0.20319,4.861,5.9886,16.4731,-36.1668,-0.0062036,1.2238,0.098183,4.607e-07,0.030875,0,86.0675,0.14677,0.77403,482.0588,1440.3616
24.1449,10271.3482,35.4067,239.9927,9.1824,0.33999,-0.073509,3.5175,89.9932,-0.20319,4.861,5.9886,16.4731,-36.1668,-0.0062036,1.2238,0.098183,4.607e-07,0.030875,0,86.0675,0.14646,0.80475,482.0588,1440.3616
24.1449,10271.3482,35.4067,239.9927,9.1824,0.33999,-0.073509,3.5175,89.9932,-0.20319,4.861,5.9886,16.4731,-36.1668,-0.0062036,1.2238,0.098183,4.607e-07,0.030875,0,86.0675,0.14646,0.80475,482.0588,1440.3616
24.1499,10271.6433,35.4231,239.9939,9.1852,0.33716,-0.044196,4.1095,89.9916,-0.15553,4.8619,6.0838,17.2824,-36.0833,-0.0062854,0.96932,0.11127,4.6072e-07,0.030886,0,86.0635,0.14701,0.74699,482.0577,1440.3451
24.1544,10271.6433,35.4231,239.9939,9.1852,0.33716,-0.044196,4.1095,89.9916,-0.15553,4.8619,6.0838,17.2824,-36.0833,-0.0062854,0.96932,0.11127,4.6072e-07,0.030886,0,86.0635,0.14659,0.79563,482.0577,1440.3451
24.1544,10271.6433,35.4231,239.9939,9.1852,0.33716,-0.044196,4.1095,89.9916,-0.15553,4.8619,6.0838,17.2824,-36.0833,-0.0062854,0.96932,0.11127,4.6072e-07,0.030886,0,86.0635,0.14659,0.79563,482.0577,1440.3451
24.1582,10271.9386,35.4396,239.9952,9.188,0.33426,-0.0099506,4.5809,89.9903,-0.10152,4.8627,6.1382,15.7922,-35.433,-0.0063699,-0.80525,0.12082,4.6074e-07,0.030896,0,85.7093,0.14719,0.73376,482.0567,1440.3286
24.1621,10271.9386,35.4396,239.9952,9.188,0.33426,-0.0099506,4.5809,89.9903,-0.10152,4.8627,6.1382,15.7922,-35.433,-0.0063699,-0.80525,0.12082,4.6074e-07,0.030896,0,85.7093,0.14682,0.78125,482.0567,1440.3286
24.1666,10272.234,35.4558,239.9954,9.1908,0.33126,0.028223,4.2058,89.9894,-0.042859,4.8636,6.009,0.27553,-31.0007,-0.0064106,-1.5844,0.12722,4.6076e-07,0.030907,0,85.3554,0.1472,0.80128,482.0556,1440.312
24.1671,10272.234,35.4558,239.9954,9.1908,0.33126,0.028223,4.2058,89.9894,-0.042859,4.8636,6.009,0.27553,-31.0007,-0.0064106,-1.5844,0.12722,4.6076e-07,0.030907,0,85.3554,0.14716,0.8052,482.0556,1440.312
24.1671,10272.234,35.4558,239.9954,9.1908,0.33126,0.028223,4.2058,89.9894,-0.042859,4.8636,6.009,0.27553,-31.0007,-0.0064106,-1.5844,0.12722,4.6076e-07,0.030907,0,85.3554,0.14716,0.8052,482.0556,1440.312
24.1749,10272.5295,35.4719,239.995,9.1936,0.32816,0.063271,3.4591,89.9891,0.018872,4.8644,5.8738,-6.4088,-29.0666,-0.00643,-1.5542,0.13096,4.6078e-07,0.030918,0,85.002,0.14709,0.87666,482.0546,1440.2955
24.1797,10272.5295,35.4719,239.995,9.1936,0.32816,0.063271,3.4591,89.9891,0.018872,4.8644,5.8738,-6.4088,-29.0666,-0.00643,-1.5542,0.13096,4.6078e-07,0.030918,0,85.002,0.14664,0.87858,482.0546,1440.2955
24.1797,10272.5295,35.4719,239.995,9.1936,0.32816,0.063271,3.4591,89.9891,0.018872,4.8644,5.8738,-6.4088,-29.0666,-0.00643,-1.5542,0.13096,4.6078e-07,0.030918,0,85.002,0.14664,0.87858,482.0546,1440.2955
24.1832,10272.8252,35.4877,239.9939,9.1964,0.32498,0.092098,2.7272,89.9892,0.082375,4.8652,5.7344,-5.9127,-29.1549,-0.0063543,-1.5238,0.13105,4.608e-07,0.030928,0,85.1491,0.14685,0.95485,482.0535,1440.279
24.1868,10272.8252,35.4877,239.9939,9.1964,0.32498,0.092098,2.7272,89.9892,0.082375,4.8652,5.7344,-5.9127,-29.1549,-0.0063543,-1.5238,0.13105,4.608e-07,0.030928,0,85.1491,0.14653,0.93322,482.0535,1440.279
24.1916,10273.121,35.5039,239.9935,9.1991,0.32179,0.11482,2.0099,89.9899,0.14588,4.8659,5.7828,-5.6407,-29.2473,-0.00623,-1.4914,0.11819,4.6081e-07,0.030939,0,85.2962,0.14665,0.94486,482.0524,1440.2624
24.1999,10273.4169,35.52,239.9933,9.2018,0.31864,0.13157,1.3069,89.9911,0.20314,4.8666,5.7992,-6.1587,-29.3458,-0.0060802,-1.4576,0.094322,4.6082e-07,0.03095,0,85.4434,0.14651,0.92607,482.0514,1440.2459
24.2082,10273.713,35.5363,239.9932,9.2044,0.31559,0.14246,0.61828,89.9928,0.24882,4.8673,5.7885,-7.3497,-29.4477,-0.005973,-1.4236,0.065482,4.6081e-07,0.03096,0,85.5907,0.14648,0.90321,482.0503,1440.2293
24.2166,10274.0092,35.5527,239.9934,9.2071,0.31263,0.14762,-0.056332,89.9949,0.28051,4.868,5.7665,-8.8469,-29.546,-0.0059147,-1.3898,0.034536,4.6079e-07,0.030971,0,85.7381,0.14657,0.87842,482.0493,1440.2127
24.2249,10274.3055,35.5691,239.9938,9.2097,0.30977,0.14715,-0.71722,89.9972,0.29721,4.8686,5.7401,-10.4768,-29.6388,-0.0059191,-1.3567,0.0036676,4.6076e-07,0.030982,0,85.8854,0.14676,0.85263,482.0482,1440.1961
24.2332,10274.602,35.5857,239.9944,9.2123,0.30697,0.14117,-1.3647,89.9997,0.29895,4.8692,5.715,-12.1066,-29.7237,-0.0059795,-1.3247,-0.025358,4.6072e-07,0.030993,0,86.0329,0.14703,0.82628,482.0472,1440.1796
24.2416,10274.8986,35.6023,239.9953,9.2149,0.3042,0.1298,-1.9992,90.0022,0.28662,4.8698,5.6953,-13.6293,-29.8002,-0.0060835,-1.2939,-0.051407,4.6066e-07,0.031003,0,86.1804,0.14735,0.79956,482.0461,1440.163
24.2499,10275.1954,35.619,239.9963,9.2174,0.30143,0.11314,-2.621,90.0046,0.26166,4.8704,5.6836,-14.9759,-29.8681,-0.0062112,-1.2645,-0.07383,4.6059e-07,0.031014,0,86.3279,0.14768,0.77256,482.0451,1440.1464
24.2582,10275.4923,35.6359,239.9976,9.2199,0.29861,0.091297,-3.2305,90.0068,0.22583,4.8709,5.6812,-16.107,-29.9283,-0.0063561,-1.2364,-0.092348,4.605e-07,0.031025,0,85.9737,0.148,0.74532,482.044,1440.1298
24.2636,10275.4923,35.6359,239.9976,9.2199,0.29861,0.091297,-3.2305,90.0068,0.22583,4.8709,5.6812,-16.107,-29.9283,-0.0063561,-1.2364,-0.092348,4.605e-07,0.031025,0,85.9737,0.14752,0.80136,482.044,1440.1298
24.2636,10275.4923,35.6359,239.9976,9.2199,0.29861,0.091297,-3.2305,90.0068,0.22583,4.8709,5.6812,-16.107,-29.9283,-0.0063561,-1.2364,-0.092348,4.605e-07,0.031025,0,85.9737,0.14752,0.80136,482.044,1440.1298
24.2666,10275.7893,35.6527,239.9986,9.2224,0.29573,0.064377,-3.828,90.0086,0.18102,4.8714,5.6191,-17.0053,-29.9809,-0.0065074,-1.1437,-0.10697,4.6041e-07,0.031035,0,85.6196,0.14824,0.7496,482.0429,1440.1131
24.2673,10275.7893,35.6527,239.9986,9.2224,0.29573,0.064377,-3.828,90.0086,0.18102,4.8714,5.6191,-17.0053,-29.9809,-0.0065074,-1.1437,-0.10697,4.6041e-07,0.031035,0,85.6196,0.14817,0.75865,482.0429,1440.1131
24.2673,10275.7893,35.6527,239.9986,9.2224,0.29573,0.064377,-3.828,90.0086,0.18102,4.8714,5.6191,-17.0053,-29.9809,-0.0065074,-1.1437,-0.10697,4.6041e-07,0.031035,0,85.6196,0.14817,0.75865,482.0429,1440.1131
24.2703,10275.7893,35.6527,239.9986,9.2224,0.29573,0.064377,-3.828,90.0086,0.18102,4.8714,5.6191,-17.0053,-29.9809,-0.0065074,-1.1437,-0.10697,4.6041e-07,0.031035,0,85.6196,0.14791,0.78996,482.0429,1440.1131
24.2733,10275.7893,35.6527,239.9986,9.2224,0.29573,0.064377,-3.828,90.0086,0.18102,4.8714,5.6191,-17.0053,-29.9809,-0.0065074,-1.1437,-0.10697,4.6041e-07,0.031035,0,85.6196,0.14764,0.81319,482.0429,1440.1131
24.2749,10276.0865,35.6692,239.9987,9.2249,0.29276,0.032477,-4.3824,90.0101,0.12912,4.8718,5.4312,-17.0726,-30.1921,-0.0066239,-0.02441,-0.1179,4.6031e-07,0.031046,0,85.2658,0.14832,0.81853,482.0419,1440.0965
24.2832,10276.3838,35.6856,239.9981,9.2274,0.28967,-0.0040427,-4.4032,90.0112,0.071901,4.8723,5.2533,-7.5938,-32.9816,-0.0066634,1.5923,-0.1255,4.602e-07,0.031057,0,84.9124,0.14826,0.89456,482.0408,1440.0799
24.2916,10276.6812,35.7018,239.9968,9.2298,0.28649,-0.040736,-3.6527,90.0118,0.011015,4.8727,5.0851,6.6076,-37.0355,-0.0065763,1.5622,-0.13025,4.6009e-07,0.031067,0,85.0595,0.14808,0.97306,482.0398,1440.0632
24.2943,10276.6812,35.7018,239.9968,9.2298,0.28649,-0.040736,-3.6527,90.0118,0.011015,4.8727,5.0851,6.6076,-37.0355,-0.0065763,1.5622,-0.13025,4.6009e-07,0.031067,0,85.0595,0.14784,0.95111,482.0398,1440.0632
24.2943,10276.6812,35.7018,239.9968,9.2298,0.28649,-0.040736,-3.6527,90.0118,0.011015,4.8727,5.0851,6.6076,-37.0355,-0.0065763,1.5622,-0.13025,4.6009e-07,0.031067,0,85.0595,0.14784,0.95111,482.0398,1440.0632
24.2999,10276.9788,35.7182,239.9962,9.2322,0.28328,-0.071175,-2.9169,90.0119,-0.052137,4.8731,5.1202,6.0412,-36.9775,-0.0064341,1.532,-0.13216,4.5999e-07,0.031078,0,85.2066,0.1479,0.96342,482.0387,1440.0466
24.3055,10276.9788,35.7182,239.9962,9.2322,0.28328,-0.071175,-2.9169,90.0119,-0.052137,4.8731,5.1202,6.0412,-36.9775,-0.0064341,1.532,-0.13216,4.5999e-07,0.031078,0,85.2066,0.14741,0.92808,482.0387,1440.0466
24.3077,10276.9788,35.7182,239.9962,9.2322,0.28328,-0.071175,-2.9169,90.0119,-0.052137,4.8731,5.1202,6.0412,-36.9775,-0.0064341,1.532,-0.13216,4.5999e-07,0.031078,0,85.2066,0.14722,0.91908,482.0387,1440.0466
24.3077,10276.9788,35.7182,239.9962,9.2322,0.28328,-0.071175,-2.9169,90.0119,-0.052137,4.8731,5.1202,6.0412,-36.9775,-0.0064341,1.532,-0.13216,4.5999e-07,0.031078,0,85.2066,0.14722,0.91908,482.0387,1440.0466
24.3082,10277.2765,35.7346,239.9958,9.2345,0.28008,-0.095483,-2.1958,90.0115,-0.11618,4.8735,5.1625,5.6523,-36.9207,-0.0062559,1.5006,-0.12528,4.5989e-07,0.031089,0,85.3538,0.14774,0.94495,482.0376,1440.0299
24.3088,10277.2765,35.7346,239.9958,9.2345,0.28008,-0.095483,-2.1958,90.0115,-0.11618,4.8735,5.1625,5.6523,-36.9207,-0.0062559,1.5006,-0.12528,4.5989e-07,0.031089,0,85.3538,0.14769,0.94135,482.0376,1440.0299
24.31,10277.2765,35.7346,239.9958,9.2345,0.28008,-0.095483,-2.1958,90.0115,-0.11618,4.8735,5.1625,5.6523,-36.9207,-0.0062559,1.5006,-0.12528,4.5989e-07,0.031089,0,85.3538,0.14759,0.93475,482.0376,1440.0299
24.3123,10277.2765,35.7346,239.9958,9.2345,0.28008,-0.095483,-2.1958,90.0115,-0.11618,4.8735,5.1625,5.6523,-36.9207,-0.0062559,1.5006,-0.12528,4.5989e-07,0.031089,0,85.3538,0.14739,0.92365,482.0376,1440.0299
24.3166,10277.5744,35.7512,239.9957,9.2369,0.27694,-0.11378,-1.489,90.0105,-0.17686,4.8738,5.2272,5.8015,-36.8615,-0.0061126,1.4672,-0.10414,4.5979e-07,0.031099,0,85.5011,0.14765,0.92238,482.0366,1440.0133
24.3249,10277.8724,35.7678,239.9957,9.2392,0.27387,-0.12619,-0.79661,90.009,-0.22729,4.8741,5.3285,6.8224,-36.7934,-0.0060111,1.4331,-0.0765,4.5971e-07,0.03111,0,85.6484,0.14766,0.89785,482.0355,1439.9966
24.3332,10278.1705,35.7845,239.9959,9.2415,0.27089,-0.13283,-0.11829,90.0071,-0.26432,4.8744,5.4471,8.2442,-36.7199,-0.0059654,1.3992,-0.045949,4.5963e-07,0.031121,0,85.7957,0.14776,0.87228,482.0345,1439.9799
24.3416,10278.4688,35.8013,239.9964,9.2438,0.26799,-0.13381,0.54621,90.0049,-0.28655,4.8746,5.574,9.8488,-36.6416,-0.0059763,1.3659,-0.014716,4.5957e-07,0.031131,0,85.9431,0.14795,0.84611,482.0334,1439.9633
24.3499,10278.7672,35.8181,239.997,9.246,0.26514,-0.12926,1.1972,90.0025,-0.29364,4.8749,5.7037,11.5007,-36.5592,-0.0060382,1.3335,0.015214,4.5951e-07,0.031142,0,86.0906,0.14821,0.81952,482.0323,1439.9466
24.3582,10279.0658,35.835,239.9979,9.2482,0.26232,-0.11929,1.8351,90.0001,-0.28624,4.8751,5.8309,13.0796,-36.4737,-0.006138,1.3024,0.042491,4.5947e-07,0.031153,0,86.2381,0.14852,0.79263,482.0313,1439.9299
24.3666,10279.3645,35.8521,239.999,9.2504,0.2595,-0.10399,2.4603,89.9977,-0.26561,4.8752,5.9521,14.5031,-36.3861,-0.0062588,1.2725,0.066309,4.5944e-07,0.031163,0,86.3856,0.14885,0.76547,482.0302,1439.9132
24.3749,10279.6633,35.8692,240.0003,9.2526,0.25666,-0.08349,3.073,89.9955,-0.23344,4.8753,6.0649,15.7224,-36.2975,-0.0064242,1.244,0.086269,4.5942e-07,0.031174,0,86.0314,0.14916,0.73807,482.0291,1439.8964
24.3775,10279.6633,35.8692,240.0003,9.2526,0.25666,-0.08349,3.073,89.9955,-0.23344,4.8753,6.0649,15.7224,-36.2975,-0.0064242,1.244,0.086269,4.5942e-07,0.031174,0,86.0314,0.14894,0.77028,482.0291,1439.8964
24.3775,10279.6633,35.8692,240.0003,9.2526,0.25666,-0.08349,3.073,89.9955,-0.23344,4.8753,6.0649,15.7224,-36.2975,-0.0064242,1.244,0.086269,4.5942e-07,0.031174,0,86.0314,0.14894,0.77028,482.0291,1439.8964
24.3832,10279.9623,35.886,240.0005,9.2548,0.25373,-0.057882,3.6737,89.9936,-0.19159,4.8755,5.9704,16.7128,-36.2065,-0.0065799,1.2168,0.10228,4.5941e-07,0.031185,0,85.6776,0.14933,0.80062,482.0281,1439.8797
24.389,10279.9623,35.886,240.0005,9.2548,0.25373,-0.057882,3.6737,89.9936,-0.19159,4.8755,5.9704,16.7128,-36.2065,-0.0065799,1.2168,0.10228,4.5941e-07,0.031185,0,85.6776,0.14885,0.83492,482.0281,1439.8797
24.3895,10279.9623,35.886,240.0005,9.2548,0.25373,-0.057882,3.6737,89.9936,-0.19159,4.8755,5.9704,16.7128,-36.2065,-0.0065799,1.2168,0.10228,4.5941e-07,0.031185,0,85.6776,0.14881,0.83718,482.0281,1439.8797
24.3895,10279.9623,35.886,240.0005,9.2548,0.25373,-0.057882,3.6737,89.9936,-0.19159,4.8755,5.9704,16.7128,-36.2065,-0.0065799,1.2168,0.10228,4.5941e-07,0.031185,0,85.6776,0.14881,0.83718,482.0281,1439.8797
24.3916,10280.2614,35.9026,240.0001,9.2569,0.25072,-0.027268,4.2626,89.992,-0.14198,4.8756,5.8606,17.4688,-36.116,-0.006694,0.52137,0.11451,4.5941e-07,0.031196,0,85.324,0.14936,0.87473,482.027,1439.863
24.3936,10280.2614,35.9026,240.0001,9.2569,0.25072,-0.027268,4.2626,89.992,-0.14198,4.8756,5.8606,17.4688,-36.116,-0.006694,0.52137,0.11451,4.5941e-07,0.031196,0,85.324,0.14919,0.87558,482.027,1439.863
24.3978,10280.2614,35.9026,240.0001,9.2569,0.25072,-0.027268,4.2626,89.992,-0.14198,4.8756,5.8606,17.4688,-36.116,-0.006694,0.52137,0.11451,4.5941e-07,0.031196,0,85.324,0.14885,0.87684,482.027,1439.863
24.3986,10280.2614,35.9026,240.0001,9.2569,0.25072,-0.027268,4.2626,89.992,-0.14198,4.8756,5.8606,17.4688,-36.116,-0.006694,0.52137,0.11451,4.5941e-07,0.031196,0,85.324,0.14879,0.87704,482.027,1439.863
24.3986,10280.2614,35.9026,240.0001,9.2569,0.25072,-0.027268,4.2626,89.992,-0.14198,4.8756,5.8606,17.4688,-36.116,-0.006694,0.52137,0.11451,4.5941e-07,0.031196,0,85.324,0.14879,0.87704,482.027,1439.863
24.3999,10280.5606,35.919,239.999,9.259,0.2476,0.0082532,4.5205,89.9908,-0.086431,4.8757,5.7419,11.92,-34.3618,-0.0066604,-1.2756,0.12323,4.5941e-07,0.031206,0,85.4712,0.14926,0.95275,482.0259,1439.8462
24.4012,10280.5606,35.919,239.999,9.259,0.2476,0.0082532,4.5205,89.9908,-0.086431,4.8757,5.7419,11.92,-34.3618,-0.0066604,-1.2756,0.12323,4.5941e-07,0.031206,0,85.4712,0.14915,0.94374,482.0259,1439.8462
24.4039,10280.5606,35.919,239.999,9.259,0.2476,0.0082532,4.5205,89.9908,-0.086431,4.8757,5.7419,11.92,-34.3618,-0.0066604,-1.2756,0.12323,4.5941e-07,0.031206,0,85.4712,0.14894,0.92892,482.0259,1439.8462
24.4082,10280.86,35.9356,239.9986,9.2611,0.24443,0.045924,3.921,89.9901,-0.02666,4.8757,5.8112,-3.8538,-29.8812,-0.0065272,-1.5729,0.12895,4.5941e-07,0.031217,0,85.6183,0.14915,0.94268,482.0249,1439.8295
24.4098,10280.86,35.9356,239.9986,9.2611,0.24443,0.045924,3.921,89.9901,-0.02666,4.8757,5.8112,-3.8538,-29.8812,-0.0065272,-1.5729,0.12895,4.5941e-07,0.031217,0,85.6183,0.14902,0.93343,482.0249,1439.8295
24.4098,10280.86,35.9356,239.9986,9.2611,0.24443,0.045924,3.921,89.9901,-0.02666,4.8757,5.8112,-3.8538,-29.8812,-0.0065272,-1.5729,0.12895,4.5941e-07,0.031217,0,85.6183,0.14902,0.93343,482.0249,1439.8295
24.4166,10281.1596,35.9523,239.9984,9.2631,0.24124,0.078599,3.1801,89.9898,0.035853,4.8757,5.8726,-6.2066,-29.1571,-0.0063471,-1.5428,0.13203,4.5941e-07,0.031228,0,85.7656,0.14902,0.92398,482.0238,1439.8128
24.4228,10281.1596,35.9523,239.9984,9.2631,0.24124,0.078599,3.1801,89.9898,0.035853,4.8757,5.8726,-6.2066,-29.1571,-0.0063471,-1.5428,0.13203,4.5941e-07,0.031228,0,85.7656,0.14852,0.90363,482.0238,1439.8128
24.4228,10281.1596,35.9523,239.9984,9.2631,0.24124,0.078599,3.1801,89.9898,0.035853,4.8757,5.8726,-6.2066,-29.1571,-0.0063471,-1.5428,0.13203,4.5941e-07,0.031228,0,85.7656,0.14852,0.90363,482.0238,1439.8128
24.4249,10281.4592,35.969,239.9983,9.2651,0.23808,0.1051,2.4537,89.9901,0.099829,4.8757,5.9276,-5.7502,-29.2524,-0.0061887,-1.512,0.1289,4.5941e-07,0.031238,0,85.9129,0.14894,0.90127,482.0227,1439.796
24.427,10281.4592,35.969,239.9983,9.2651,0.23808,0.1051,2.4537,89.9901,0.099829,4.8757,5.9276,-5.7502,-29.2524,-0.0061887,-1.512,0.1289,4.5941e-07,0.031238,0,85.9129,0.14877,0.89732,482.0227,1439.796
24.4311,10281.4592,35.969,239.9983,9.2651,0.23808,0.1051,2.4537,89.9901,0.099829,4.8757,5.9276,-5.7502,-29.2524,-0.0061887,-1.512,0.1289,4.5941e-07,0.031238,0,85.9129,0.14843,0.89149,482.0227,1439.796
24.4332,10281.7591,35.9858,239.9985,9.2671,0.23495,0.12555,1.7419,89.991,0.16227,4.8757,5.9678,-5.6738,-29.3465,-0.0060591,-1.479,0.11154,4.5939e-07,0.031249,0,86.0602,0.1489,0.87663,482.0217,1439.7792
24.4416,10282.059,36.0027,239.9989,9.2691,0.23189,0.14006,1.0444,89.9923,0.21628,4.8756,5.9734,-6.4655,-29.4428,-0.0059767,-1.4451,0.085607,4.5937e-07,0.03126,0,86.2076,0.14893,0.85094,482.0206,1439.7624
24.4499,10282.3591,36.0196,239.9995,9.271,0.2289,0.14877,0.36111,89.9941,0.25772,4.8755,5.9585,-7.7826,-29.5374,-0.0059423,-1.4111,0.055764,4.5933e-07,0.03127,0,86.3551,0.14905,0.82462,482.0195,1439.7457
24.4582,10282.6593,36.0366,240.0003,9.2729,0.22598,0.15178,-0.30827,89.9963,0.28471,4.8754,5.9349,-9.3415,-29.6274,-0.0059588,-1.3775,0.024539,4.5929e-07,0.031281,0,86.5026,0.14925,0.79785,482.0185,1439.7289
24.4666,10282.9597,36.0537,240.0014,9.2748,0.22311,0.14921,-0.96408,89.9986,0.29656,4.8752,5.9089,-10.989,-29.7113,-0.0060216,-1.3448,-0.0059615,4.5922e-07,0.031292,0,86.6501,0.14951,0.77073,482.0174,1439.7121
24.4749,10283.2602,36.0708,240.0026,9.2767,0.22029,0.14117,-1.6066,90.0011,0.29364,4.8751,5.8855,-12.5973,-29.788,-0.0061499,-1.3132,-0.034183,4.5915e-07,0.031302,0,86.296,0.14983,0.74333,482.0163,1439.6953
24.4832,10283.5609,36.0877,240.0032,9.2786,0.21746,0.12778,-2.2363,90.0036,0.27705,4.8749,5.7361,-14.072,-29.8551,-0.0063239,-1.2829,-0.059161,4.5906e-07,0.031313,0,85.942,0.15011,0.77592,482.0153,1439.6784
24.4916,10283.8617,36.1044,240.003,9.2804,0.21458,0.10915,-2.8535,90.0059,0.24836,4.8747,5.524,-15.3544,-29.9132,-0.0065071,-1.2539,-0.080373,4.5896e-07,0.031324,0,85.5883,0.15028,0.84708,482.0142,1439.6616
24.4999,10284.1626,36.1209,240.0022,9.2822,0.21163,0.08537,-3.4584,90.0079,0.20938,4.8745,5.3235,-16.4124,-29.9641,-0.0066109,-1.2263,-0.097637,4.5884e-07,0.031334,0,85.235,0.15035,0.92341,482.0131,1439.6448
24.5021,10284.1626,36.1209,240.0022,9.2822,0.21163,0.08537,-3.4584,90.0079,0.20938,4.8745,5.3235,-16.4124,-29.9641,-0.0066109,-1.2263,-0.097637,4.5884e-07,0.031334,0,85.235,0.15017,0.91432,482.0131,1439.6448
24.5021,10284.1626,36.1209,240.0022,9.2822,0.21163,0.08537,-3.4584,90.0079,0.20938,4.8745,5.3235,-16.4124,-29.9641,-0.0066109,-1.2263,-0.097637,4.5884e-07,0.031334,0,85.235,0.15017,0.91432,482.0131,1439.6448
24.5082,10284.4637,36.1375,240.0017,9.284,0.20862,0.056549,-4.0516,90.0097,0.16204,4.8742,5.2844,-17.2352,-30.013,-0.0066094,-1.0038,-0.11104,4.5872e-07,0.031345,0,85.3822,0.15037,0.93319,482.012,1439.628
24.5118,10284.4637,36.1375,240.0017,9.284,0.20862,0.056549,-4.0516,90.0097,0.16204,4.8742,5.2844,-17.2352,-30.013,-0.0066094,-1.0038,-0.11104,4.5872e-07,0.031345,0,85.3822,0.1501,0.91673,482.012,1439.628
24.5118,10284.4637,36.1375,240.0017,9.284,0.20862,0.056549,-4.0516,90.0097,0.16204,4.8742,5.2844,-17.2352,-30.013,-0.0066094,-1.0038,-0.11104,4.5872e-07,0.031345,0,85.3822,0.1501,0.91673,482.012,1439.628
24.5166,10284.7649,36.1542,240.0015,9.2857,0.20558,0.022786,-4.5395,90.011,0.1082,4.874,5.2992,-16.0484,-30.5541,-0.0065191,0.62516,-0.12086,4.5859e-07,0.031356,0,85.5294,0.15038,0.91629,482.011,1439.6111
24.5213,10284.7649,36.1542,240.0015,9.2857,0.20558,0.022786,-4.5395,90.011,0.1082,4.874,5.2992,-16.0484,-30.5541,-0.0065191,0.62516,-0.12086,4.5859e-07,0.031356,0,85.5294,0.15002,0.90202,482.011,1439.6111
24.5249,10285.0663,36.171,240.0015,9.2874,0.20253,-0.015043,-4.2505,90.0119,0.049594,4.8736,5.322,-1.875,-34.6332,-0.0063753,1.5862,-0.12746,4.5846e-07,0.031367,0,85.6768,0.15038,0.89446,482.0099,1439.5943
24.5251,10285.0663,36.171,240.0015,9.2874,0.20253,-0.015043,-4.2505,90.0119,0.049594,4.8736,5.322,-1.875,-34.6332,-0.0063753,1.5862,-0.12746,4.5846e-07,0.031367,0,85.6768,0.15037,0.89422,482.0099,1439.5943
24.5251,10285.0663,36.171,240.0015,9.2874,0.20253,-0.015043,-4.2505,90.0119,0.049594,4.8736,5.322,-1.875,-34.6332,-0.0063753,1.5862,-0.12746,4.5846e-07,0.031367,0,85.6768,0.15037,0.89422,482.0099,1439.5943
24.5332,10285.3678,36.1878,240.0017,9.2891,0.19946,-0.050464,-3.5031,90.0124,-0.012191,4.8733,5.3526,6.4371,-37.0551,-0.0062328,1.556,-0.13132,4.5832e-07,0.031377,0,85.8241,0.15038,0.87034,482.0088,1439.5774
24.5376,10285.3678,36.1878,240.0017,9.2891,0.19946,-0.050464,-3.5031,90.0124,-0.012191,4.8733,5.3526,6.4371,-37.0551,-0.0062328,1.556,-0.13132,4.5832e-07,0.031377,0,85.8241,0.15005,0.87321,482.0088,1439.5774
24.5376,10285.3678,36.1878,240.0017,9.2891,0.19946,-0.050464,-3.5031,90.0124,-0.012191,4.8733,5.3526,6.4371,-37.0551,-0.0062328,1.556,-0.13132,4.5832e-07,0.031377,0,85.8241,0.15005,0.87321,482.0088,1439.5774
24.5416,10285.6694,36.2046,240.0022,9.2908,0.19639,-0.079656,-2.7704,90.0122,-0.075822,4.8729,5.3904,5.9245,-36.9968,-0.0061154,1.5257,-0.13169,4.5819e-07,0.031388,0,85.9715,0.15039,0.84501,482.0077,1439.5605
24.5456,10285.6694,36.2046,240.0022,9.2908,0.19639,-0.079656,-2.7704,90.0122,-0.075822,4.8729,5.3904,5.9245,-36.9968,-0.0061154,1.5257,-0.13169,4.5819e-07,0.031388,0,85.9715,0.15009,0.85596,482.0077,1439.5605
24.5499,10285.9712,36.2215,240.0028,9.2924,0.19333,-0.10274,-2.0523,90.0116,-0.13961,4.8725,5.4378,5.6288,-36.9349,-0.0060273,1.4935,-0.12001,4.5806e-07,0.031399,0,86.119,0.15041,0.81895,482.0067,1439.5437
24.5582,10286.2731,36.2385,240.0036,9.2941,0.19029,-0.11985,-1.3486,90.0105,-0.19772,4.8721,5.5162,6.0698,-36.8656,-0.0059736,1.4598,-0.096592,4.5794e-07,0.031409,0,86.2665,0.15047,0.79237,482.0056,1439.5268
24.5666,10286.5751,36.2555,240.0047,9.2957,0.18729,-0.13108,-0.65913,90.0088,-0.24448,4.8717,5.6249,7.2293,-36.7887,-0.0059545,1.4257,-0.06789,4.5783e-07,0.03142,0,86.414,0.15057,0.76537,482.0045,1439.5099
24.5749,10286.8773,36.2726,240.006,9.2972,0.18435,-0.13658,0.01628,90.0068,-0.27734,4.8712,5.7477,8.7158,-36.7073,-0.0060152,1.3919,-0.036925,4.5773e-07,0.031431,0,86.0599,0.15074,0.738,482.0034,1439.493
24.5832,10287.1797,36.2893,240.0062,9.2988,0.18144,-0.13644,0.67798,90.0045,-0.2952,4.8707,5.6722,10.3457,-36.6196,-0.0061222,1.3588,-0.0058899,4.5764e-07,0.031441,0,85.706,0.15087,0.80365,482.0024,1439.4761
24.5916,10287.4822,36.3058,240.0057,9.3003,0.17853,-0.13079,1.3263,90.002,-0.29803,4.8703,5.5998,11.9859,-36.5283,-0.0062593,1.3267,0.023396,4.5756e-07,0.031452,0,85.3524,0.15097,0.87791,482.0013,1439.4592
24.5999,10287.7848,36.3221,240.0046,9.3018,0.17563,-0.11974,1.9616,89.9995,-0.28667,4.8698,5.5258,13.5258,-36.435,-0.0063222,1.2958,0.04975,4.575e-07,0.031463,0,85.4996,0.15101,0.95539,482.0002,1439.4422
24.6082,10288.0875,36.3385,240.0041,9.3033,0.17273,-0.10339,2.5841,89.9971,-0.26254,4.8693,5.6423,14.8934,-36.346,-0.0063416,1.2663,0.072492,4.5745e-07,0.031473,0,85.6468,0.1511,0.94448,481.9991,1439.4253
24.6166,10288.3904,36.355,240.0038,9.3047,0.16985,-0.081858,3.1944,89.9949,-0.2274,4.8687,5.7496,16.0474,-36.2598,-0.0063139,1.2381,0.091319,4.574e-07,0.031484,0,85.794,0.15122,0.92491,481.998,1439.4084
24.6214,10288.3904,36.355,240.0038,9.3047,0.16985,-0.081858,3.1944,89.9949,-0.2274,4.8687,5.7496,16.0474,-36.2598,-0.0063139,1.2381,0.091319,4.574e-07,0.031484,0,85.794,0.15087,0.9067,481.998,1439.4084
24.6214,10288.3904,36.355,240.0038,9.3047,0.16985,-0.081858,3.1944,89.9949,-0.2274,4.8687,5.7496,16.0474,-36.2598,-0.0063139,1.2381,0.091319,4.574e-07,0.031484,0,85.794,0.15087,0.9067,481.998,1439.4084
24.6249,10288.6934,36.3716,240.0038,9.3062,0.16698,-0.055238,3.7927,89.993,-0.18314,4.8681,5.8469,16.9691,-36.1765,-0.006279,1.1669,0.10622,4.5737e-07,0.031495,0,85.9413,0.15135,0.90138,481.997,1439.3914
24.6252,10288.6934,36.3716,240.0038,9.3062,0.16698,-0.055238,3.7927,89.993,-0.18314,4.8681,5.8469,16.9691,-36.1765,-0.006279,1.1669,0.10622,4.5737e-07,0.031495,0,85.9413,0.15133,0.90064,481.997,1439.3914
24.6252,10288.6934,36.3716,240.0038,9.3062,0.16698,-0.055238,3.7927,89.993,-0.18314,4.8681,5.8469,16.9691,-36.1765,-0.006279,1.1669,0.10622,4.5737e-07,0.031495,0,85.9413,0.15133,0.90064,481.997,1439.3914
24.6287,10288.6934,36.3716,240.0038,9.3062,0.16698,-0.055238,3.7927,89.993,-0.18314,4.8681,5.8469,16.9691,-36.1765,-0.006279,1.1669,0.10622,4.5737e-07,0.031495,0,85.9413,0.15108,0.89375,481.997,1439.3914
24.6322,10288.6934,36.3716,240.0038,9.3062,0.16698,-0.055238,3.7927,89.993,-0.18314,4.8681,5.8469,16.9691,-36.1765,-0.006279,1.1669,0.10622,4.5737e-07,0.031495,0,85.9413,0.15083,0.88889,481.997,1439.3914
24.6332,10288.9966,36.3882,240.004,9.3076,0.1641,-0.023633,4.3582,89.9915,-0.13166,4.8675,5.9333,17.2551,-35.9835,-0.0062229,0.12537,0.11741,4.5734e-07,0.031505,0,86.0887,0.15149,0.87648,481.9959,1439.3745
24.6382,10288.9966,36.3882,240.004,9.3076,0.1641,-0.023633,4.3582,89.9915,-0.13166,4.8675,5.9333,17.2551,-35.9835,-0.0062229,0.12537,0.11741,4.5734e-07,0.031505,0,86.0887,0.15113,0.87679,481.9959,1439.3745
24.6416,10289.2999,36.4049,240.0043,9.3089,0.1612,0.012685,4.4272,89.9904,-0.074757,4.8669,6.0093,8.4982,-33.3749,-0.0061407,-1.5932,0.12519,4.5732e-07,0.031516,0,86.2361,0.1516,0.85103,481.9948,1439.3575
24.6499,10289.6033,36.4216,240.0049,9.3103,0.15827,0.049579,3.6764,89.9898,-0.014088,4.8662,6.0768,-6.6228,-29.0933,-0.0060482,-1.5631,0.13009,4.573e-07,0.031527,0,86.3835,0.1517,0.8251,481.9937,1439.3405
24.6524,10289.6033,36.4216,240.0049,9.3103,0.15827,0.049579,3.6764,89.9898,-0.014088,4.8662,6.0768,-6.6228,-29.0933,-0.0060482,-1.5631,0.13009,4.573e-07,0.031527,0,86.3835,0.15152,0.83653,481.9937,1439.3405
24.6524,10289.6033,36.4216,240.0049,9.3103,0.15827,0.049579,3.6764,89.9898,-0.014088,4.8662,6.0768,-6.6228,-29.0933,-0.0060482,-1.5631,0.13009,4.573e-07,0.031527,0,86.3835,0.15152,0.83653,481.9937,1439.3405
24.6582,10289.9069,36.4383,240.0057,9.3116,0.1553,0.080215,2.9402,89.9897,0.04893,4.8655,6.1373,-6.0535,-29.1821,-0.0059755,-1.5329,0.1322,4.5728e-07,0.031538,0,86.531,0.15176,0.7988,481.9926,1439.3236
24.6641,10289.9069,36.4383,240.0057,9.3116,0.1553,0.080215,2.9402,89.9897,0.04893,4.8655,6.1373,-6.0535,-29.1821,-0.0059755,-1.5329,0.1322,4.5728e-07,0.031538,0,86.531,0.15136,0.83311,481.9926,1439.3236
24.6657,10289.9069,36.4383,240.0057,9.3116,0.1553,0.080215,2.9402,89.9897,0.04893,4.8655,6.1373,-6.0535,-29.1821,-0.0059755,-1.5329,0.1322,4.5728e-07,0.031538,0,86.531,0.15125,0.83953,481.9926,1439.3236
24.6657,10289.9069,36.4383,240.0057,9.3116,0.1553,0.080215,2.9402,89.9897,0.04893,4.8655,6.1373,-6.0535,-29.1821,-0.0059755,-1.5329,0.1322,4.5728e-07,0.031538,0,86.531,0.15125,0.83953,481.9926,1439.3236
24.6666,10290.2106,36.4551,240.0067,9.3129,0.15231,0.10472,2.2187,89.9901,0.11295,4.8648,6.1915,-5.6559,-29.268,-0.0059182,-1.5017,0.12605,4.5725e-07,0.031548,0,86.6785,0.15182,0.77209,481.9916,1439.3066
24.6675,10290.2106,36.4551,240.0067,9.3129,0.15231,0.10472,2.2187,89.9901,0.11295,4.8648,6.1915,-5.6559,-29.268,-0.0059182,-1.5017,0.12605,4.5725e-07,0.031548,0,86.6785,0.15176,0.78091,481.9916,1439.3066
24.6692,10290.2106,36.4551,240.0067,9.3129,0.15231,0.10472,2.2187,89.9901,0.11295,4.8648,6.1915,-5.6559,-29.268,-0.0059182,-1.5017,0.12605,4.5725e-07,0.031548,0,86.6785,0.15164,0.79635,481.9916,1439.3066
24.6728,10290.2106,36.4551,240.0067,9.3129,0.15231,0.10472,2.2187,89.9901,0.11295,4.8648,6.1915,-5.6559,-29.268,-0.0059182,-1.5017,0.12605,4.5725e-07,0.031548,0,86.6785,0.15139,0.82011,481.9916,1439.3066
24.6749,10290.5145,36.472,240.0079,9.3142,0.14932,0.12321,1.5115,89.991,0.17399,4.8641,6.2259,-5.7629,-29.3541,-0.0059105,-1.4683,0.10526,4.5721e-07,0.031559,0,86.3244,0.15188,0.74501,481.9905,1439.2896
24.6832,10290.8185,36.4886,240.0084,9.3155,0.14634,0.1358,0.81872,89.9925,0.22494,4.8633,6.0816,-6.7638,-29.4412,-0.0059459,-1.4343,0.077769,4.5716e-07,0.03157,0,85.9704,0.1519,0.7826,481.9894,1439.2726
24.6916,10291.1226,36.5049,240.0081,9.3167,0.14338,0.14262,0.13998,89.9944,0.26258,4.8626,5.8605,-8.1755,-29.5255,-0.0060086,-1.4004,0.047278,4.571e-07,0.03158,0,85.6167,0.15189,0.85445,481.9883,1439.2556
24.6999,10291.4269,36.521,240.0072,9.3179,0.14045,0.14379,-0.52496,89.9965,0.28545,4.8618,5.6349,-9.7741,-29.6058,-0.0060208,-1.3671,0.016019,4.5703e-07,0.031591,0,85.2635,0.15186,0.93111,481.9872,1439.2386
24.7082,10291.7313,36.5373,240.0069,9.3191,0.13758,0.13942,-1.1764,89.9989,0.29318,4.861,5.6069,-11.424,-29.6852,-0.0060065,-1.3346,-0.013995,4.5695e-07,0.031602,0,85.4107,0.15191,0.91951,481.9861,1439.2216
24.7166,10292.0359,36.5536,240.0069,9.3202,0.13478,0.12961,-1.8147,90.0014,0.28638,4.8602,5.5823,-13.0032,-29.7612,-0.0059756,-1.3034,-0.041389,4.5685e-07,0.031612,0,85.558,0.15205,0.89947,481.9851,1439.2045
24.7249,10292.3406,36.57,240.007,9.3214,0.13204,0.11449,-2.4403,90.0038,0.26632,4.8594,5.5645,-14.428,-29.8323,-0.0059771,-1.2735,-0.065341,4.5674e-07,0.031623,0,85.7054,0.15225,0.87559,481.984,1439.1875
24.7332,10292.6454,36.5863,240.0074,9.3225,0.12933,0.094155,-3.0535,90.006,0.23466,4.8585,5.5557,-15.6486,-29.8953,-0.0059962,-1.2449,-0.085436,4.5662e-07,0.031634,0,85.8528,0.15249,0.84993,481.9829,1439.1704
24.7354,10292.6454,36.5863,240.0074,9.3225,0.12933,0.094155,-3.0535,90.006,0.23466,4.8585,5.5557,-15.6486,-29.8953,-0.0059962,-1.2449,-0.085436,4.5662e-07,0.031634,0,85.8528,0.15235,0.8549,481.9829,1439.1704
24.7354,10292.6454,36.5863,240.0074,9.3225,0.12933,0.094155,-3.0535,90.006,0.23466,4.8585,5.5557,-15.6486,-29.8953,-0.0059962,-1.2449,-0.085436,4.5662e-07,0.031634,0,85.8528,0.15235,0.8549,481.9829,1439.1704
24.7416,10292.9503,36.6028,240.008,9.3236,0.12662,0.068709,-3.6546,90.0079,0.19326,4.8576,5.5568,-16.6395,-29.9508,-0.0060225,-1.2177,-0.10158,4.5649e-07,0.031644,0,86.0002,0.15273,0.82338,481.9818,1439.1534
24.7474,10292.9503,36.6028,240.008,9.3236,0.12662,0.068709,-3.6546,90.0079,0.19326,4.8576,5.5568,-16.6395,-29.9508,-0.0060225,-1.2177,-0.10158,4.5649e-07,0.031644,0,86.0002,0.15236,0.84616,481.9818,1439.1534
24.7474,10292.9503,36.6028,240.008,9.3236,0.12662,0.068709,-3.6546,90.0079,0.19326,4.8576,5.5568,-16.6395,-29.9508,-0.0060225,-1.2177,-0.10158,4.5649e-07,0.031644,0,86.0002,0.15236,0.84616,481.9818,1439.1534
24.7499,10293.2554,36.6192,240.0088,9.3246,0.12387,0.038255,-4.2439,90.0095,0.14404,4.8567,5.5672,-17.3949,-29.9994,-0.0060325,-0.58991,-0.11392,4.5635e-07,0.031655,0,86.1477,0.15296,0.79657,481.9807,1439.1363
24.7524,10293.2554,36.6192,240.0088,9.3246,0.12387,0.038255,-4.2439,90.0095,0.14404,4.8567,5.5672,-17.3949,-29.9994,-0.0060325,-0.58991,-0.11392,4.5635e-07,0.031655,0,86.1477,0.15279,0.81404,481.9807,1439.1363
24.7565,10293.2554,36.6192,240.0088,9.3246,0.12387,0.038255,-4.2439,90.0095,0.14404,4.8567,5.5672,-17.3949,-29.9994,-0.0060325,-0.58991,-0.11392,4.5635e-07,0.031655,0,86.1477,0.15253,0.83435,481.9807,1439.1363
24.7565,10293.2554,36.6192,240.0088,9.3246,0.12387,0.038255,-4.2439,90.0095,0.14404,4.8567,5.5672,-17.3949,-29.9994,-0.0060325,-0.58991,-0.11392,4.5635e-07,0.031655,0,86.1477,0.15253,0.83435,481.9807,1439.1363
24.7582,10293.5606,36.6358,240.0098,9.3257,0.12109,0.0028885,-4.5345,90.0107,0.088854,4.8558,5.5856,-12.463,-31.5545,-0.0060106,1.2044,-0.12273,4.5621e-07,0.031666,0,86.2953,0.15314,0.76994,481.9796,1439.1193
24.76,10293.5606,36.6358,240.0098,9.3257,0.12109,0.0028885,-4.5345,90.0107,0.088854,4.8558,5.5856,-12.463,-31.5545,-0.0060106,1.2044,-0.12273,4.5621e-07,0.031666,0,86.2953,0.15303,0.78647,481.9796,1439.1193
24.7634,10293.5606,36.6358,240.0098,9.3257,0.12109,0.0028885,-4.5345,90.0107,0.088854,4.8558,5.5856,-12.463,-31.5545,-0.0060106,1.2044,-0.12273,4.5621e-07,0.031666,0,86.2953,0.1528,0.81207,481.9796,1439.1193
24.7666,10293.866,36.6523,240.011,9.3267,0.11824,-0.034899,-3.9691,90.0115,0.029395,4.8548,5.6124,3.272,-36.047,-0.0059943,1.5748,-0.1285,4.5606e-07,0.031676,0,85.9411,0.15327,0.74309,481.9785,1439.1022
24.768,10293.866,36.6523,240.011,9.3267,0.11824,-0.034899,-3.9691,90.0115,0.029395,4.8548,5.6124,3.272,-36.047,-0.0059943,1.5748,-0.1285,4.5606e-07,0.031676,0,85.9411,0.15318,0.76003,481.9785,1439.1022
24.768,10293.866,36.6523,240.011,9.3267,0.11824,-0.034899,-3.9691,90.0115,0.029395,4.8548,5.6124,3.272,-36.047,-0.0059943,1.5748,-0.1285,4.5606e-07,0.031676,0,85.9411,0.15318,0.76003,481.9785,1439.1022
24.7749,10294.1715,36.6685,240.0112,9.3277,0.11532,-0.067975,-3.2273,90.0117,-0.032843,4.8538,5.4621,6.2745,-36.9816,-0.0059932,1.5447,-0.13161,4.5592e-07,0.031687,0,85.5872,0.15326,0.80012,481.9774,1439.0851
24.7809,10294.1715,36.6685,240.0112,9.3277,0.11532,-0.067975,-3.2273,90.0117,-0.032843,4.8538,5.4621,6.2745,-36.9816,-0.0059932,1.5447,-0.13161,4.5592e-07,0.031687,0,85.5872,0.15288,0.83305,481.9774,1439.0851
24.7809,10294.1715,36.6685,240.0112,9.3277,0.11532,-0.067975,-3.2273,90.0117,-0.032843,4.8538,5.4621,6.2745,-36.9816,-0.0059932,1.5447,-0.13161,4.5592e-07,0.031687,0,85.5872,0.15288,0.83305,481.9774,1439.0851
24.7832,10294.4771,36.6845,240.0108,9.3287,0.11234,-0.094869,-2.5001,90.0114,-0.096571,4.8529,5.3005,5.8082,-36.9118,-0.0059961,1.5139,-0.12892,4.5577e-07,0.031698,0,85.2336,0.15314,0.87414,481.9764,1439.068
24.7856,10294.4771,36.6845,240.0108,9.3287,0.11234,-0.094869,-2.5001,90.0114,-0.096571,4.8529,5.3005,5.8082,-36.9118,-0.0059961,1.5139,-0.12892,4.5577e-07,0.031698,0,85.2336,0.15299,0.87403,481.9764,1439.068
24.7903,10294.4771,36.6845,240.0108,9.3287,0.11234,-0.094869,-2.5001,90.0114,-0.096571,4.8529,5.3005,5.8082,-36.9118,-0.0059961,1.5139,-0.12892,4.5577e-07,0.031698,0,85.2336,0.15269,0.87388,481.9764,1439.068
24.7916,10294.7829,36.7002,240.0096,9.3296,0.10932,-0.1157,-1.7874,90.0106,-0.15898,4.8519,5.156,5.6989,-36.8384,-0.005916,1.481,-0.11223,4.5564e-07,0.031709,0,85.3808,0.15292,0.95182,481.9753,1439.0509
24.7977,10294.7829,36.7002,240.0096,9.3296,0.10932,-0.1157,-1.7874,90.0106,-0.15898,4.8519,5.156,5.6989,-36.8384,-0.005916,1.481,-0.11223,4.5564e-07,0.031709,0,85.3808,0.15254,0.91626,481.9753,1439.0509
24.7999,10295.0888,36.7161,240.0092,9.3305,0.10633,-0.1306,-1.089,90.0093,-0.21331,4.8509,5.2454,6.4448,-36.763,-0.0057977,1.4471,-0.086637,4.5551e-07,0.031719,0,85.528,0.15277,0.94097,481.9742,1439.0338
24.8082,10295.3949,36.7321,240.0089,9.3314,0.10343,-0.13967,-0.40488,90.0075,-0.25524,4.8498,5.3574,7.7375,-36.6856,-0.0056588,1.4131,-0.056999,4.554e-07,0.03173,0,85.6753,0.15271,0.92143,481.9731,1439.0167
24.8166,10295.701,36.748,240.0089,9.3323,0.10064,-0.14305,0.26536,90.0054,-0.28282,4.8488,5.4802,9.282,-36.6071,-0.0055685,1.3795,-0.025881,4.553e-07,0.031741,0,85.8226,0.15277,0.89789,481.972,1438.9996
24.8249,10296.0073,36.764,240.0091,9.3332,0.097964,-0.14084,0.92201,90.0031,-0.29533,4.8477,5.6076,10.9224,-36.5248,-0.0055285,1.3468,0.0045873,4.5521e-07,0.031751,0,85.97,0.15294,0.87245,481.9709,1438.9825
24.8332,10296.3137,36.7799,240.0094,9.334,0.095368,-0.13315,1.5654,90.0006,-0.29309,4.8466,5.7343,12.5295,-36.4393,-0.0055455,1.3151,0.032838,4.5513e-07,0.031762,0,86.1174,0.1532,0.84606,481.9698,1438.9654
24.8416,10296.6203,36.796,240.0101,9.3348,0.092819,-0.12011,2.1959,89.9982,-0.27718,4.8455,5.8562,14.0078,-36.3505,-0.0056058,1.2848,0.057884,4.5506e-07,0.031773,0,86.2648,0.15351,0.81914,481.9687,1438.9482
24.8499,10296.927,36.812,240.0109,9.3356,0.090279,-0.10181,2.8139,89.9958,-0.24914,4.8444,5.9707,15.2974,-36.2596,-0.0056916,1.2557,0.079185,4.5501e-07,0.031783,0,86.4123,0.15383,0.79187,481.9676,1438.9311
24.8582,10297.2338,36.8281,240.0119,9.3363,0.087714,-0.078359,3.4197,89.9938,-0.21078,4.8432,6.0761,16.3652,-36.1675,-0.0057804,1.2281,0.096552,4.5497e-07,0.031794,0,86.5598,0.15413,0.76433,481.9665,1438.9139
24.86,10297.2338,36.8281,240.0119,9.3363,0.087714,-0.078359,3.4197,89.9938,-0.21078,4.8432,6.0761,16.3652,-36.1675,-0.0057804,1.2281,0.096552,4.5497e-07,0.031794,0,86.5598,0.15403,0.78193,481.9665,1438.9139
24.86,10297.2338,36.8281,240.0119,9.3363,0.087714,-0.078359,3.4197,89.9938,-0.21078,4.8432,6.0761,16.3652,-36.1675,-0.0057804,1.2281,0.096552,4.5497e-07,0.031794,0,86.5598,0.15403,0.78193,481.9665,1438.9139
24.8666,10297.5408,36.8442,240.0132,9.3371,0.085097,-0.049861,4.0136,89.992,-0.16402,4.842,6.1717,17.1995,-36.0756,-0.0058834,1.0299,0.11006,4.5493e-07,0.031805,0,86.2057,0.15439,0.73656,481.9654,1438.8968
24.8697,10297.5408,36.8442,240.0132,9.3371,0.085097,-0.049861,4.0136,89.992,-0.16402,4.842,6.1717,17.1995,-36.0756,-0.0058834,1.0299,0.11006,4.5493e-07,0.031805,0,86.2057,0.15421,0.77308,481.9654,1438.8968
24.8697,10297.5408,36.8442,240.0132,9.3371,0.085097,-0.049861,4.0136,89.992,-0.16402,4.842,6.1717,17.1995,-36.0756,-0.0058834,1.0299,0.11006,4.5493e-07,0.031805,0,86.2057,0.15421,0.77308,481.9654,1438.8968
24.8749,10297.8479,36.86,240.0133,9.3378,0.082398,-0.016415,4.514,89.9906,-0.11072,4.8408,6.0504,16.2447,-35.5554,-0.0059582,-0.53345,0.11997,4.549e-07,0.031815,0,85.8518,0.15449,0.8028,481.9644,1438.8796
24.8801,10297.8479,36.86,240.0133,9.3378,0.082398,-0.016415,4.514,89.9906,-0.11072,4.8408,6.0504,16.2447,-35.5554,-0.0059582,-0.53345,0.11997,4.549e-07,0.031815,0,85.8518,0.15419,0.83092,481.9644,1438.8796
24.8832,10298.1551,36.8755,240.0128,9.3385,0.079603,0.021202,4.2688,89.9897,-0.052627,4.8396,5.9215,2.6696,-31.6392,-0.0059752,-1.5868,0.12664,4.5488e-07,0.031826,0,85.4983,0.15445,0.87783,481.9633,1438.8624
24.8916,10298.4625,36.8908,240.0117,9.3392,0.076723,0.056775,3.521,89.9893,0.0086918,4.8384,5.7864,-6.483,-29.0117,-0.0058758,-1.5566,0.13054,4.5486e-07,0.031837,0,85.6454,0.15427,0.95613,481.9622,1438.8452
24.8956,10298.4625,36.8908,240.0117,9.3392,0.076723,0.056775,3.521,89.9893,0.0086918,4.8384,5.7864,-6.483,-29.0117,-0.0058758,-1.5566,0.13054,4.5486e-07,0.031837,0,85.6454,0.15403,0.92849,481.9622,1438.8452
24.8956,10298.4625,36.8908,240.0117,9.3392,0.076723,0.056775,3.521,89.9893,0.0086918,4.8384,5.7864,-6.483,-29.0117,-0.0058758,-1.5566,0.13054,4.5486e-07,0.031837,0,85.6454,0.15403,0.92849,481.9622,1438.8452
24.8999,10298.77,36.9062,240.0112,9.3398,0.073819,0.086117,2.7881,89.9894,0.071887,4.8372,5.8426,-5.9734,-29.0979,-0.0057214,-1.5263,0.13109,4.5483e-07,0.031847,0,85.7926,0.15409,0.94572,481.9611,1438.828
24.9042,10298.77,36.9062,240.0112,9.3398,0.073819,0.086117,2.7881,89.9894,0.071887,4.8372,5.8426,-5.9734,-29.0979,-0.0057214,-1.5263,0.13109,4.5483e-07,0.031847,0,85.7926,0.15385,0.92036,481.9611,1438.828
24.9082,10299.0776,36.9216,240.0108,9.3404,0.070939,0.10935,2.0696,89.99,0.13534,4.836,5.8906,-5.67,-29.1858,-0.0055287,-1.4943,0.12011,4.548e-07,0.031858,0,85.9399,0.15394,0.92654,481.96,1438.8109
24.9166,10299.3853,36.9371,240.0107,9.341,0.068133,0.1266,1.3656,89.9911,0.19347,4.8347,5.9102,-6.0702,-29.2785,-0.0053706,-1.4606,0.09711,4.5475e-07,0.031869,0,86.0872,0.15387,0.90329,481.9589,1438.7936
24.9249,10299.6932,36.9525,240.0109,9.3416,0.065419,0.13798,0.67588,89.9927,0.24046,4.8334,5.9008,-7.2045,-29.3719,-0.0052528,-1.4265,0.068699,4.547e-07,0.03188,0,86.2345,0.15389,0.87808,481.9578,1438.7764
24.9332,10300.0012,36.968,240.0112,9.3422,0.062805,0.14361,0.0001559,89.9947,0.27371,4.8321,5.8788,-8.6722,-29.4621,-0.0051916,-1.3928,0.03796,4.5464e-07,0.03189,0,86.3819,0.15401,0.85183,481.9567,1438.7592
24.9416,10300.3093,36.9835,240.0117,9.3427,0.060281,0.14361,-0.66186,89.997,0.29207,4.8308,5.852,-10.286,-29.5465,-0.0051874,-1.3597,0.0070739,4.5457e-07,0.031901,0,86.5294,0.15422,0.82499,481.9556,1438.742
24.9499,10300.6176,36.999,240.0125,9.3432,0.057824,0.1381,-1.3105,89.9994,0.29548,4.8294,5.8259,-11.9135,-29.6237,-0.0052342,-1.3276,-0.022125,4.5448e-07,0.031912,0,86.6769,0.1545,0.79774,481.9545,1438.7248
24.9582,10300.926,37.0146,240.0135,9.3437,0.055404,0.12718,-1.9461,90.0019,0.28476,4.8281,5.8048,-13.4435,-29.6928,-0.0053183,-1.2967,-0.048441,4.5438e-07,0.031922,0,86.8244,0.15482,0.77019,481.9534,1438.7075
24.9666,10301.2345,37.0301,240.0147,9.3442,0.052989,0.11096,-2.569,90.0042,0.2613,4.8267,5.7914,-14.8032,-29.7538,-0.0054625,-1.2672,-0.07118,4.5426e-07,0.031933,0,86.4703,0.15516,0.74238,481.9523,1438.6903
24.9749,10301.5432,37.0453,240.0149,9.3446,0.05053,0.08955,-3.1797,90.0064,0.22684,4.8253,5.5986,-15.9504,-29.8049,-0.00562,-1.239,-0.090027,4.5414e-07,0.031944,0,86.1164,0.15537,0.80025,481.9512,1438.673
24.9796,10301.5432,37.0453,240.0149,9.3446,0.05053,0.08955,-3.1797,90.0064,0.22684,4.8253,5.5986,-15.9504,-29.8049,-0.00562,-1.239,-0.090027,4.5414e-07,0.031944,0,86.1164,0.15512,0.82665,481.9512,1438.673
24.9796,10301.5432,37.0453,240.0149,9.3446,0.05053,0.08955,-3.1797,90.0064,0.22684,4.8253,5.5986,-15.9504,-29.8049,-0.00562,-1.239,-0.090027,4.5414e-07,0.031944,0,86.1164,0.15512,0.82665,481.9512,1438.673
24.9832,10301.8519,37.0603,240.0145,9.3451,0.047998,0.063053,-3.7783,90.0083,0.18325,4.8239,5.4007,-16.8657,-29.8484,-0.0057514,-1.1737,-0.10496,4.54e-07,0.031954,0,85.7628,0.15547,0.87377,481.9501,1438.6558
24.9833,10301.8519,37.0603,240.0145,9.3451,0.047998,0.063053,-3.7783,90.0083,0.18325,4.8239,5.4007,-16.8657,-29.8484,-0.0057514,-1.1737,-0.10496,4.54e-07,0.031954,0,85.7628,0.15546,0.87375,481.9501,1438.6558
24.9833,10301.8519,37.0603,240.0145,9.3451,0.047998,0.063053,-3.7783,90.0083,0.18325,4.8239,5.4007,-16.8657,-29.8484,-0.0057514,-1.1737,-0.10496,4.54e-07,0.031954,0,85.7628,0.15546,0.87375,481.9501,1438.6558
24.987,10301.8519,37.0603,240.0145,9.3451,0.047998,0.063053,-3.7783,90.0083,0.18325,4.8239,5.4007,-16.8657,-29.8484,-0.0057514,-1.1737,-0.10496,4.54e-07,0.031954,0,85.7628,0.15526,0.873,481.9501,1438.6558
24.9907,10301.8519,37.0603,240.0145,9.3451,0.047998,0.063053,-3.7783,90.0083,0.18325,4.8239,5.4007,-16.8657,-29.8484,-0.0057514,-1.1737,-0.10496,4.54e-07,0.031954,0,85.7628,0.15506,0.87248,481.9501,1438.6558
24.9916,10302.1608,37.075,240.0133,9.3455,0.045379,0.031567,-4.3469,90.0098,0.13244,4.8225,5.2135,-17.1994,-29.9833,-0.0057487,-0.1668,-0.11619,4.5386e-07,0.031965,0,85.91,0.15542,0.95137,481.949,1438.6385
24.996,10302.1608,37.075,240.0133,9.3455,0.045379,0.031567,-4.3469,90.0098,0.13244,4.8225,5.2135,-17.1994,-29.9833,-0.0057487,-0.1668,-0.11619,4.5386e-07,0.031965,0,85.91,0.15518,0.92297,481.949,1438.6385
24.9999,10302.4698,37.0899,240.0128,9.3459,0.042712,-0.0046575,-4.4357,90.0109,0.076194,4.8211,5.2325,-8.7581,-32.4887,-0.0056352,1.5933,-0.12401,4.5372e-07,0.031976,0,86.0572,0.15536,0.9408,481.9479,1438.6212
25.0082,10302.779,37.1048,240.0126,9.3462,0.040027,-0.041622,-3.6847,90.0116,0.016169,4.8197,5.2592,6.7263,-36.9016,-0.0054422,1.5632,-0.12892,4.5357e-07,0.031986,0,86.2044,0.15528,0.92167,481.9468,1438.604
25.0105,10302.779,37.1048,240.0126,9.3462,0.040027,-0.041622,-3.6847,90.0116,0.016169,4.8197,5.2592,6.7263,-36.9016,-0.0054422,1.5632,-0.12892,4.5357e-07,0.031986,0,86.2044,0.15516,0.91162,481.9468,1438.604
25.0105,10302.779,37.1048,240.0126,9.3462,0.040027,-0.041622,-3.6847,90.0116,0.016169,4.8197,5.2592,6.7263,-36.9016,-0.0054422,1.5632,-0.12892,4.5357e-07,0.031986,0,86.2044,0.15516,0.91162,481.9468,1438.604
25.0166,10303.0883,37.1196,240.0125,9.3466,0.037359,-0.072328,-2.9485,90.0117,-0.04623,4.8182,5.293,6.1465,-36.8417,-0.0052682,1.533,-0.13109,4.5342e-07,0.031997,0,86.3518,0.15521,0.89857,481.9457,1438.5867
25.0226,10303.0883,37.1196,240.0125,9.3466,0.037359,-0.072328,-2.9485,90.0117,-0.04623,4.8182,5.293,6.1465,-36.8417,-0.0052682,1.533,-0.13109,4.5342e-07,0.031997,0,86.3518,0.15489,0.88658,481.9457,1438.5867
25.0237,10303.0883,37.1196,240.0125,9.3466,0.037359,-0.072328,-2.9485,90.0117,-0.04623,4.8182,5.293,6.1465,-36.8417,-0.0052682,1.533,-0.13109,4.5342e-07,0.031997,0,86.3518,0.15484,0.88515,481.9457,1438.5867
25.0237,10303.0883,37.1196,240.0125,9.3466,0.037359,-0.072328,-2.9485,90.0117,-0.04623,4.8182,5.293,6.1465,-36.8417,-0.0052682,1.533,-0.13109,4.5342e-07,0.031997,0,86.3518,0.15484,0.88515,481.9457,1438.5867
25.0249,10303.3976,37.1345,240.0126,9.3469,0.034718,-0.096899,-2.2269,90.0113,-0.10967,4.8167,5.3344,5.738,-36.7788,-0.0051149,1.5019,-0.12528,4.5328e-07,0.032008,0,86.4991,0.15517,0.87356,481.9446,1438.5694
25.0261,10303.3976,37.1345,240.0126,9.3469,0.034718,-0.096899,-2.2269,90.0113,-0.10967,4.8167,5.3344,5.738,-36.7788,-0.0051149,1.5019,-0.12528,4.5328e-07,0.032008,0,86.4991,0.15511,0.87339,481.9446,1438.5694
25.0286,10303.3976,37.1345,240.0126,9.3469,0.034718,-0.096899,-2.2269,90.0113,-0.10967,4.8167,5.3344,5.738,-36.7788,-0.0051149,1.5019,-0.12528,4.5328e-07,0.032008,0,86.4991,0.15498,0.87312,481.9446,1438.5694
25.0332,10303.7072,37.1494,240.013,9.3472,0.032121,-0.11546,-1.5196,90.0104,-0.1703,4.8152,5.3965,5.8192,-36.7107,-0.0050011,1.4685,-0.10479,4.5314e-07,0.032019,0,86.6465,0.15518,0.8475,481.9435,1438.5521
25.0416,10304.0168,37.1643,240.0136,9.3475,0.029584,-0.12812,-0.82669,90.009,-0.221,4.8137,5.4963,6.7972,-36.6334,-0.00493,1.4346,-0.077598,4.5302e-07,0.032029,0,86.794,0.15525,0.8208,481.9424,1438.5348
25.0499,10304.3266,37.1793,240.0144,9.3477,0.027116,-0.13501,-0.14782,90.0072,-0.25855,4.8122,5.6139,8.1887,-36.5506,-0.0049025,1.4008,-0.047394,4.529e-07,0.03204,0,86.9414,0.15539,0.79363,481.9413,1438.5175
25.0582,10304.6365,37.1942,240.0154,9.348,0.024716,-0.13624,0.51726,90.005,-0.28148,4.8106,5.74,9.7689,-36.4636,-0.0049181,1.3675,-0.016395,4.528e-07,0.032051,0,87.089,0.1556,0.76609,481.9402,1438.5001
25.0666,10304.9465,37.2092,240.0166,9.3482,0.022371,-0.13193,1.1689,90.0027,-0.28941,4.8091,5.869,11.4036,-36.3733,-0.0050162,1.3351,0.013393,4.5271e-07,0.032061,0,86.7348,0.15586,0.73823,481.9391,1438.4828
25.0749,10305.2566,37.2237,240.0167,9.3484,0.020038,-0.12219,1.8074,90.0002,-0.28292,4.8075,5.79,12.9708,-36.2779,-0.0051537,1.3039,0.040594,4.5263e-07,0.032072,0,86.381,0.15606,0.80376,481.938,1438.4655
25.0832,10305.5669,37.238,240.0162,9.3486,0.017687,-0.10713,2.4331,89.9979,-0.26327,4.806,5.7072,14.3868,-36.18,-0.0053053,1.274,0.064386,4.5256e-07,0.032083,0,86.0274,0.15619,0.87799,481.9369,1438.4481
25.0916,10305.8772,37.2521,240.0151,9.3487,0.015292,-0.086852,3.0465,89.9957,-0.2321,4.8044,5.6182,15.6014,-36.0814,-0.0053595,1.2454,0.084351,4.525e-07,0.032093,0,86.1746,0.15622,0.95549,481.9357,1438.4308
25.0939,10305.8772,37.2521,240.0151,9.3487,0.015292,-0.086852,3.0465,89.9957,-0.2321,4.8044,5.6182,15.6014,-36.0814,-0.0053595,1.2454,0.084351,4.525e-07,0.032093,0,86.1746,0.1561,0.93785,481.9357,1438.4308
25.0939,10305.8772,37.2521,240.0151,9.3487,0.015292,-0.086852,3.0465,89.9957,-0.2321,4.8044,5.6182,15.6014,-36.0814,-0.0053595,1.2454,0.084351,4.525e-07,0.032093,0,86.1746,0.1561,0.93785,481.9357,1438.4308
25.0999,10306.1877,37.2663,240.0145,9.3489,0.012878,-0.061464,3.6478,89.9938,-0.19128,4.8028,5.718,16.5892,-35.9886,-0.0053397,1.2182,0.10039,4.5245e-07,0.032104,0,86.3218,0.15626,0.94424,481.9346,1438.4134
25.1058,10306.1877,37.2663,240.0145,9.3489,0.012878,-0.061464,3.6478,89.9938,-0.19128,4.8028,5.718,16.5892,-35.9886,-0.0053397,1.2182,0.10039,4.5245e-07,0.032104,0,86.3218,0.15597,0.91163,481.9346,1438.4134
25.1058,10306.1877,37.2663,240.0145,9.3489,0.012878,-0.061464,3.6478,89.9938,-0.19128,4.8028,5.718,16.5892,-35.9886,-0.0053397,1.2182,0.10039,4.5245e-07,0.032104,0,86.3218,0.15597,0.91163,481.9346,1438.4134
25.1082,10306.4983,37.2805,240.0142,9.349,0.010455,-0.031066,4.2373,89.9922,-0.1427,4.8012,5.8069,17.3442,-35.9004,-0.0052385,0.58247,0.11266,4.5241e-07,0.032115,0,86.469,0.15629,0.92457,481.9335,1438.3961
25.1107,10306.4983,37.2805,240.0142,9.349,0.010455,-0.031066,4.2373,89.9922,-0.1427,4.8012,5.8069,17.3442,-35.9004,-0.0052385,0.58247,0.11266,4.5241e-07,0.032115,0,86.469,0.15617,0.91296,481.9335,1438.3961
25.1148,10306.4983,37.2805,240.0142,9.349,0.010455,-0.031066,4.2373,89.9922,-0.1427,4.8012,5.8069,17.3442,-35.9004,-0.0052385,0.58247,0.11266,4.5241e-07,0.032115,0,86.469,0.15597,0.89876,481.9335,1438.3961
25.1148,10306.4983,37.2805,240.0142,9.349,0.010455,-0.031066,4.2373,89.9922,-0.1427,4.8012,5.8069,17.3442,-35.9004,-0.0052385,0.58247,0.11266,4.5241e-07,0.032115,0,86.469,0.15597,0.89876,481.9335,1438.3961
25.1166,10306.8091,37.2947,240.0141,9.3491,0.0080364,0.0042447,4.5243,89.991,-0.088184,4.7996,5.8845,12.3385,-34.2995,-0.0051083,-1.1965,0.12142,4.5237e-07,0.032125,0,86.6163,0.15633,0.90146,481.9324,1438.3787
25.1183,10306.8091,37.2947,240.0141,9.3491,0.0080364,0.0042447,4.5243,89.991,-0.088184,4.7996,5.8845,12.3385,-34.2995,-0.0051083,-1.1965,0.12142,4.5237e-07,0.032125,0,86.6163,0.15624,0.89659,481.9324,1438.3787
25.1218,10306.8091,37.2947,240.0141,9.3491,0.0080364,0.0042447,4.5243,89.991,-0.088184,4.7996,5.8845,12.3385,-34.2995,-0.0051083,-1.1965,0.12142,4.5237e-07,0.032125,0,86.6163,0.15607,0.88908,481.9324,1438.3787
25.1249,10307.1199,37.3089,240.0142,9.3492,0.0056122,0.041947,3.9625,89.9902,-0.029433,4.798,5.953,-3.2665,-29.8611,-0.004952,-1.5742,0.12714,4.5233e-07,0.032136,0,86.7637,0.15636,0.87658,481.9313,1438.3613
25.1262,10307.1199,37.3089,240.0142,9.3492,0.0056122,0.041947,3.9625,89.9902,-0.029433,4.798,5.953,-3.2665,-29.8611,-0.004952,-1.5742,0.12714,4.5233e-07,0.032136,0,86.7637,0.15629,0.87592,481.9313,1438.3613
25.1262,10307.1199,37.3089,240.0142,9.3492,0.0056122,0.041947,3.9625,89.9902,-0.029433,4.798,5.953,-3.2665,-29.8611,-0.004952,-1.5742,0.12714,4.5233e-07,0.032136,0,86.7637,0.15629,0.87592,481.9313,1438.3613
25.1332,10307.4309,37.3231,240.0146,9.3492,0.0031852,0.074968,3.2209,89.99,0.032084,4.7963,6.0139,-6.3448,-28.9302,-0.0048197,-1.5441,0.13021,4.523e-07,0.032147,0,86.9111,0.15638,0.85076,481.9302,1438.344
25.139,10307.4309,37.3231,240.0146,9.3492,0.0031852,0.074968,3.2209,89.99,0.032084,4.7963,6.0139,-6.3448,-28.9302,-0.0048197,-1.5441,0.13021,4.523e-07,0.032147,0,86.9111,0.15611,0.85959,481.9302,1438.344
25.139,10307.4309,37.3231,240.0146,9.3492,0.0031852,0.074968,3.2209,89.99,0.032084,4.7963,6.0139,-6.3448,-28.9302,-0.0048197,-1.5441,0.13021,4.523e-07,0.032147,0,86.9111,0.15611,0.85959,481.9302,1438.344
25.1416,10307.742,37.3373,240.0151,9.3493,0.00075862,0.10181,2.4939,89.9903,0.095087,4.7946,6.069,-5.8856,-29.0157,-0.0047133,-1.5133,0.12749,4.5226e-07,0.032157,0,87.0585,0.15641,0.82433,481.9291,1438.3266
25.1441,10307.742,37.3373,240.0151,9.3493,0.00075862,0.10181,2.4939,89.9903,0.095087,4.7946,6.069,-5.8856,-29.0157,-0.0047133,-1.5133,0.12749,4.5226e-07,0.032157,0,87.0585,0.15629,0.83471,481.9291,1438.3266
25.1492,10307.742,37.3373,240.0151,9.3493,0.00075862,0.10181,2.4939,89.9903,0.095087,4.7946,6.069,-5.8856,-29.0157,-0.0047133,-1.5133,0.12749,4.5226e-07,0.032157,0,87.0585,0.15605,0.84899,481.9291,1438.3266
25.1499,10308.0532,37.3516,240.0158,9.3493,-0.0016561,0.12259,1.7814,89.9911,0.15677,4.7929,6.1104,-5.7813,-29.0996,-0.0046354,-1.4805,0.111,4.522e-07,0.032168,0,87.206,0.15645,0.79743,481.928,1438.3092
25.1534,10308.0532,37.3516,240.0158,9.3493,-0.0016561,0.12259,1.7814,89.9911,0.15677,4.7929,6.1104,-5.7813,-29.0996,-0.0046354,-1.4805,0.111,4.522e-07,0.032168,0,87.206,0.15629,0.81907,481.928,1438.3092
25.1582,10308.3645,37.3658,240.0168,9.3493,-0.0040365,0.13744,1.0832,89.9924,0.21048,4.7912,6.1182,-6.5169,-29.1856,-0.0045878,-1.4467,0.08569,4.5215e-07,0.032179,0,87.3535,0.15653,0.77013,481.9269,1438.2918
25.1666,10308.6759,37.3801,240.018,9.3493,-0.0063643,0.14646,0.39921,89.9941,0.25193,4.7895,6.1049,-7.793,-29.2709,-0.0046148,-1.4128,0.056376,4.5207e-07,0.03219,0,86.9994,0.15665,0.74243,481.9258,1438.2744
25.1749,10308.9875,37.3939,240.0181,9.3492,-0.0086525,0.14979,-0.27091,89.9962,0.27921,4.7878,5.8769,-9.3166,-29.3501,-0.0046855,-1.3793,0.025603,4.5199e-07,0.0322,0,86.6456,0.15674,0.80805,481.9247,1438.257
25.1832,10309.2992,37.4075,240.0175,9.3491,-0.01091,0.14753,-0.92746,89.9985,0.29159,4.7861,5.6482,-10.9336,-29.4233,-0.0047881,-1.3466,-0.0045228,4.5189e-07,0.032211,0,86.2921,0.1568,0.8823,481.9236,1438.2396
25.1916,10309.6109,37.4208,240.0163,9.3491,-0.013152,0.1398,-1.5708,90.001,0.2894,4.7844,5.4239,-12.5161,-29.49,-0.004822,-1.315,-0.03245,4.5178e-07,0.032222,0,86.4392,0.15682,0.95978,481.9224,1438.2221
25.1999,10309.9228,37.4342,240.0158,9.349,-0.015355,0.12671,-2.2012,90.0034,0.2737,4.7827,5.4039,-13.9698,-29.5551,-0.0048215,-1.2847,-0.057205,4.5166e-07,0.032232,0,86.5864,0.15691,0.94854,481.9213,1438.2047
25.2082,10310.2348,37.4477,240.0154,9.3489,-0.017519,0.10837,-2.8191,90.0057,0.24602,4.7809,5.3918,-15.2358,-29.6162,-0.0047846,-1.2557,-0.078255,4.5153e-07,0.032243,0,86.7336,0.15704,0.9286,481.9202,1438.1873
25.2166,10310.547,37.4611,240.0153,9.3487,-0.019649,0.084878,-3.4248,90.0077,0.20816,4.7792,5.3888,-16.2814,-29.6728,-0.004759,-1.2281,-0.095411,4.5138e-07,0.032254,0,86.8809,0.1572,0.90472,481.9191,1438.1698
25.2185,10310.547,37.4611,240.0153,9.3487,-0.019649,0.084878,-3.4248,90.0077,0.20816,4.7792,5.3888,-16.2814,-29.6728,-0.004759,-1.2281,-0.095411,4.5138e-07,0.032254,0,86.8809,0.15711,0.89869,481.9191,1438.1698
25.2185,10310.547,37.4611,240.0153,9.3487,-0.019649,0.084878,-3.4248,90.0077,0.20816,4.7792,5.3888,-16.2814,-29.6728,-0.004759,-1.2281,-0.095411,4.5138e-07,0.032254,0,86.8809,0.15711,0.89869,481.9191,1438.1698
25.2249,10310.8592,37.4746,240.0154,9.3486,-0.021774,0.056338,-4.0187,90.0094,0.162,4.7774,5.3957,-17.0951,-29.7223,-0.0047163,-1.0249,-0.10875,4.5122e-07,0.032264,0,87.0283,0.15736,0.87899,481.918,1438.1524
25.2281,10310.8592,37.4746,240.0154,9.3486,-0.021774,0.056338,-4.0187,90.0094,0.162,4.7774,5.3957,-17.0951,-29.7223,-0.0047163,-1.0249,-0.10875,4.5122e-07,0.032264,0,87.0283,0.15722,0.87656,481.918,1438.1524
25.2281,10310.8592,37.4746,240.0154,9.3486,-0.021774,0.056338,-4.0187,90.0094,0.162,4.7774,5.3957,-17.0951,-29.7223,-0.0047163,-1.0249,-0.10875,4.5122e-07,0.032264,0,87.0283,0.15722,0.87656,481.918,1438.1524
25.2332,10311.1715,37.488,240.0157,9.3484,-0.023912,0.02285,-4.5166,90.0108,0.1094,4.7756,5.4103,-16.0769,-30.2109,-0.0046613,0.55633,-0.11853,4.5106e-07,0.032275,0,87.1757,0.15752,0.85306,481.9169,1438.1349
25.2384,10311.1715,37.488,240.0157,9.3484,-0.023912,0.02285,-4.5166,90.0108,0.1094,4.7756,5.4103,-16.0769,-30.2109,-0.0046613,0.55633,-0.11853,4.5106e-07,0.032275,0,87.1757,0.15729,0.85984,481.9169,1438.1349
25.2416,10311.484,37.5015,240.0162,9.3482,-0.026081,-0.014788,-4.2603,90.0117,0.052064,4.7738,5.4335,-2.3358,-34.1614,-0.0045745,1.5861,-0.12509,4.5089e-07,0.032286,0,87.3231,0.15764,0.82672,481.9158,1438.1175
25.2499,10311.7966,37.515,240.0169,9.348,-0.028286,-0.05029,-3.5128,90.0121,-0.0084445,4.772,5.4646,6.5983,-36.7454,-0.0044894,1.5559,-0.12892,4.5072e-07,0.032296,0,87.4705,0.15772,0.80004,481.9147,1438.1
25.2538,10311.7966,37.515,240.0169,9.348,-0.028286,-0.05029,-3.5128,90.0121,-0.0084445,4.772,5.4646,6.5983,-36.7454,-0.0044894,1.5559,-0.12892,4.5072e-07,0.032296,0,87.4705,0.15756,0.82237,481.9147,1438.1
25.2538,10311.7966,37.515,240.0169,9.348,-0.028286,-0.05029,-3.5128,90.0121,-0.0084445,4.772,5.4646,6.5983,-36.7454,-0.0044894,1.5559,-0.12892,4.5072e-07,0.032296,0,87.4705,0.15756,0.82237,481.9147,1438.1
25.2582,10312.1092,37.5284,240.0178,9.3478,-0.030519,-0.079563,-2.78,90.0121,-0.070803,4.7701,5.503,6.0851,-36.6776,-0.0044167,1.5256,-0.12939,4.5056e-07,0.032307,0,87.618,0.15778,0.77304,481.9135,1438.0825
25.2627,10312.1092,37.5284,240.0178,9.3478,-0.030519,-0.079563,-2.78,90.0121,-0.070803,4.7701,5.503,6.0851,-36.6776,-0.0044167,1.5256,-0.12939,4.5056e-07,0.032307,0,87.618,0.15759,0.80741,481.9135,1438.0825
25.2666,10312.422,37.5419,240.019,9.3475,-0.032767,-0.10273,-2.0618,90.0115,-0.1334,4.7683,5.5505,5.7796,-36.607,-0.0043928,1.4936,-0.11838,4.5039e-07,0.032318,0,87.264,0.15782,0.74564,481.9124,1438.0651
25.2749,10312.7349,37.555,240.0193,9.3473,-0.035022,-0.11991,-1.358,90.0104,-0.19066,4.7664,5.4545,6.1773,-36.5278,-0.0044016,1.46,-0.095591,4.5024e-07,0.032329,0,86.9101,0.15779,0.7966,481.9113,1438.0476
25.2832,10313.0479,37.5679,240.0188,9.347,-0.037265,-0.13123,-0.66841,90.0088,-0.2369,4.7646,5.3577,7.2955,-36.4409,-0.0044311,1.426,-0.067507,4.501e-07,0.032339,0,86.5565,0.15771,0.86967,481.9102,1438.0301
25.2916,10313.3611,37.5804,240.0177,9.3467,-0.03948,-0.1368,0.0071614,90.0068,-0.26956,4.7628,5.2771,8.7415,-36.35,-0.0043971,1.3923,-0.037153,4.4996e-07,0.03235,0,86.2033,0.15759,0.94678,481.9091,1438.0126
25.2999,10313.6743,37.5931,240.0172,9.3464,-0.041622,-0.13674,0.66903,90.0046,-0.28753,4.7609,5.4018,10.3314,-36.2613,-0.0043372,1.3593,-0.0066814,4.4984e-07,0.032361,0,86.3506,0.15758,0.93522,481.908,1437.9951
25.3082,10313.9876,37.6058,240.017,9.346,-0.043673,-0.13116,1.3175,90.0022,-0.29076,4.759,5.5272,11.9347,-36.1734,-0.004264,1.3273,0.022106,4.4973e-07,0.032371,0,86.4978,0.15766,0.91505,481.9069,1437.9776
25.3166,10314.301,37.6185,240.0169,9.3457,-0.045631,-0.12018,1.953,89.9997,-0.28007,4.7572,5.6488,13.4418,-36.0862,-0.0042325,1.2965,0.048037,4.4963e-07,0.032382,0,86.6451,0.15782,0.89095,481.9057,1437.9601
25.3249,10314.6146,37.6312,240.0171,9.3453,-0.047532,-0.10391,2.5758,89.9974,-0.25684,4.7553,5.7638,14.7814,-35.9968,-0.0042304,1.267,0.07043,4.4955e-07,0.032393,0,86.7925,0.15804,0.86503,481.9046,1437.9425
25.3332,10314.9282,37.6438,240.0176,9.3449,-0.049409,-0.082445,3.1863,89.9953,-0.22278,4.7534,5.8704,15.9119,-35.9061,-0.0042529,1.2389,0.088979,4.4947e-07,0.032403,0,86.9399,0.15829,0.83821,481.9035,1437.925
25.3384,10314.9282,37.6438,240.0176,9.3449,-0.049409,-0.082445,3.1863,89.9953,-0.22278,4.7534,5.8704,15.9119,-35.9061,-0.0042529,1.2389,0.088979,4.4947e-07,0.032403,0,86.9399,0.15808,0.85058,481.9035,1437.925
25.3384,10314.9282,37.6438,240.0176,9.3449,-0.049409,-0.082445,3.1863,89.9953,-0.22278,4.7534,5.8704,15.9119,-35.9061,-0.0042529,1.2389,0.088979,4.4947e-07,0.032403,0,86.9399,0.15808,0.85058,481.9035,1437.925
25.3416,10315.242,37.6565,240.0182,9.3445,-0.051296,-0.055892,3.7848,89.9934,-0.17975,4.7515,5.9675,16.8145,-35.8143,-0.0042732,1.1722,0.10367,4.494e-07,0.032414,0,87.0873,0.15853,0.81088,481.9024,1437.9075
25.3418,10315.242,37.6565,240.0182,9.3445,-0.051296,-0.055892,3.7848,89.9934,-0.17975,4.7515,5.9675,16.8145,-35.8143,-0.0042732,1.1722,0.10367,4.494e-07,0.032414,0,87.0873,0.15852,0.81219,481.9024,1437.9075
25.3418,10315.242,37.6565,240.0182,9.3445,-0.051296,-0.055892,3.7848,89.9934,-0.17975,4.7515,5.9675,16.8145,-35.8143,-0.0042732,1.1722,0.10367,4.494e-07,0.032414,0,87.0873,0.15852,0.81219,481.9024,1437.9075
25.3449,10315.242,37.6565,240.0182,9.3445,-0.051296,-0.055892,3.7848,89.9934,-0.17975,4.7515,5.9675,16.8145,-35.8143,-0.0042732,1.1722,0.10367,4.494e-07,0.032414,0,87.0873,0.15839,0.82726,481.9024,1437.9075
25.348,10315.242,37.6565,240.0182,9.3445,-0.051296,-0.055892,3.7848,89.9934,-0.17975,4.7515,5.9675,16.8145,-35.8143,-0.0042732,1.1722,0.10367,4.494e-07,0.032414,0,87.0873,0.15827,0.83828,481.9024,1437.9075
25.3499,10315.5558,37.6692,240.019,9.3441,-0.053217,-0.024352,4.3526,89.9919,-0.12961,4.7495,6.0541,17.1253,-35.6236,-0.0042734,0.11455,0.1147,4.4934e-07,0.032425,0,87.2348,0.15873,0.78362,481.9013,1437.89
25.3582,10315.8698,37.6819,240.0201,9.3437,-0.055188,0.01192,4.4163,89.9908,-0.074152,4.7476,6.1304,8.2126,-32.9662,-0.0042328,-1.5921,0.12237,4.4929e-07,0.032435,0,86.8808,0.15888,0.75643,481.9001,1437.8724
25.3666,10316.1839,37.6946,240.0214,9.3432,-0.057212,0.048722,3.6658,89.9902,-0.014984,4.7456,6.195,-6.804,-28.7065,-0.0042097,-1.562,0.12716,4.4923e-07,0.032446,0,86.5267,0.15898,0.73036,481.899,1437.8549
25.3688,10316.1839,37.6946,240.0214,9.3432,-0.057212,0.048722,3.6658,89.9902,-0.014984,4.7456,6.195,-6.804,-28.7065,-0.0042097,-1.562,0.12716,4.4923e-07,0.032446,0,86.5267,0.15889,0.75726,481.899,1437.8549
25.3688,10316.1839,37.6946,240.0214,9.3432,-0.057212,0.048722,3.6658,89.9902,-0.014984,4.7456,6.195,-6.804,-28.7065,-0.0042097,-1.562,0.12716,4.4923e-07,0.032446,0,86.5267,0.15889,0.75726,481.899,1437.8549
25.3749,10316.498,37.7069,240.0215,9.3428,-0.059298,0.07927,2.93,89.9901,0.046507,4.7437,6.0494,-6.2383,-28.7854,-0.0042002,-1.5319,0.12925,4.4917e-07,0.032457,0,86.1728,0.15893,0.79673,481.8979,1437.8373
25.381,10316.498,37.7069,240.0215,9.3428,-0.059298,0.07927,2.93,89.9901,0.046507,4.7437,6.0494,-6.2383,-28.7854,-0.0042002,-1.5319,0.12925,4.4917e-07,0.032457,0,86.1728,0.1587,0.82874,481.8979,1437.8373
25.3819,10316.498,37.7069,240.0215,9.3428,-0.059298,0.07927,2.93,89.9901,0.046507,4.7437,6.0494,-6.2383,-28.7854,-0.0042002,-1.5319,0.12925,4.4917e-07,0.032457,0,86.1728,0.15866,0.83186,481.8979,1437.8373
25.3819,10316.498,37.7069,240.0215,9.3428,-0.059298,0.07927,2.93,89.9901,0.046507,4.7437,6.0494,-6.2383,-28.7854,-0.0042002,-1.5319,0.12925,4.4917e-07,0.032457,0,86.1728,0.15866,0.83186,481.8979,1437.8373
25.3832,10316.8123,37.7189,240.021,9.3423,-0.061435,0.10369,2.2087,89.9905,0.10902,4.7417,5.8997,-5.8391,-28.8615,-0.0041917,-1.5007,0.12315,4.4911e-07,0.032467,0,85.8193,0.15878,0.87161,481.8968,1437.8198
25.3846,10316.8123,37.7189,240.021,9.3423,-0.061435,0.10369,2.2087,89.9905,0.10902,4.7417,5.8997,-5.8391,-28.8615,-0.0041917,-1.5007,0.12315,4.4911e-07,0.032467,0,85.8193,0.15873,0.871,481.8968,1437.8198
25.3872,10316.8123,37.7189,240.021,9.3423,-0.061435,0.10369,2.2087,89.9905,0.10902,4.7417,5.8997,-5.8391,-28.8615,-0.0041917,-1.5007,0.12315,4.4911e-07,0.032467,0,85.8193,0.15862,0.87,481.8968,1437.8198
25.3916,10317.1267,37.7306,240.0199,9.3418,-0.063596,0.12209,1.5018,89.9914,0.16858,4.7398,5.7322,-5.9404,-28.9385,-0.0040964,-1.4674,0.10279,4.4904e-07,0.032478,0,85.7713,0.15854,0.9496,481.8957,1437.8022
25.3999,10317.4411,37.7424,240.0194,9.3413,-0.065703,0.13461,0.80928,89.9928,0.2183,4.7378,5.7286,-6.9119,-29.0243,-0.0039654,-1.4335,0.075919,4.4896e-07,0.032489,0,85.9185,0.15838,0.93853,481.8945,1437.7846
25.4082,10317.7557,37.7543,240.0191,9.3407,-0.067711,0.14135,0.13078,89.9946,0.25502,4.7359,5.7091,-8.2837,-29.1119,-0.0038156,-1.3998,0.046124,4.4887e-07,0.0325,0,86.0657,0.15832,0.91863,481.8934,1437.7671
25.4166,10318.0704,37.7661,240.019,9.3402,-0.069593,0.14244,-0.53395,89.9967,0.27733,4.7339,5.6829,-9.8376,-29.1983,-0.0037175,-1.3666,0.015593,4.4876e-07,0.03251,0,86.213,0.15838,0.89467,481.8923,1437.7495
25.4249,10318.3851,37.7779,240.0191,9.3396,-0.071364,0.13799,-1.1852,89.999,0.28488,4.7319,5.6558,-11.441,-29.278,-0.0036704,-1.3344,-0.01371,4.4865e-07,0.032521,0,86.3604,0.15855,0.86881,481.8912,1437.7319
25.4332,10318.7,37.7897,240.0195,9.339,-0.073054,0.12811,-1.8234,90.0014,0.27825,4.7299,5.6326,-12.9749,-29.3501,-0.003679,-1.3033,-0.040444,4.4852e-07,0.032532,0,86.5078,0.1588,0.842,481.8901,1437.7143
25.4416,10319.015,37.8015,240.0201,9.3384,-0.0747,0.11292,-2.4489,90.0037,0.2587,4.7279,5.6166,-14.3575,-29.4134,-0.0037277,-1.2735,-0.063807,4.4838e-07,0.032542,0,86.6552,0.15909,0.81466,481.8889,1437.6967
25.4499,10319.33,37.8133,240.0209,9.3378,-0.076339,0.092513,-3.0619,90.0059,0.22785,4.7259,5.6095,-15.5403,-29.4682,-0.0037973,-1.245,-0.083397,4.4822e-07,0.032553,0,86.8027,0.15938,0.78698,481.8878,1437.6791
25.4528,10319.33,37.8133,240.0209,9.3378,-0.076339,0.092513,-3.0619,90.0059,0.22785,4.7259,5.6095,-15.5403,-29.4682,-0.0037973,-1.245,-0.083397,4.4822e-07,0.032553,0,86.8027,0.15928,0.80697,481.8878,1437.6791
25.4528,10319.33,37.8133,240.0209,9.3378,-0.076339,0.092513,-3.0619,90.0059,0.22785,4.7259,5.6095,-15.5403,-29.4682,-0.0037973,-1.245,-0.083397,4.4822e-07,0.032553,0,86.8027,0.15928,0.80697,481.8878,1437.6791
25.4582,10319.6452,37.8251,240.022,9.3372,-0.078006,0.066997,-3.6629,90.0078,0.18754,4.7239,5.612,-16.4986,-29.5156,-0.0038609,-1.2179,-0.099122,4.4806e-07,0.032564,0,86.9502,0.15965,0.75905,481.8867,1437.6615
25.4637,10319.6452,37.8251,240.022,9.3372,-0.078006,0.066997,-3.6629,90.0078,0.18754,4.7239,5.612,-16.4986,-29.5156,-0.0038609,-1.2179,-0.099122,4.4806e-07,0.032564,0,86.9502,0.15946,0.80392,481.8867,1437.6615
25.4646,10319.6452,37.8251,240.022,9.3372,-0.078006,0.066997,-3.6629,90.0078,0.18754,4.7239,5.612,-16.4986,-29.5156,-0.0038609,-1.2179,-0.099122,4.4806e-07,0.032564,0,86.9502,0.15943,0.80944,481.8867,1437.6615
25.4646,10319.6452,37.8251,240.022,9.3372,-0.078006,0.066997,-3.6629,90.0078,0.18754,4.7239,5.612,-16.4986,-29.5156,-0.0038609,-1.2179,-0.099122,4.4806e-07,0.032564,0,86.9502,0.15943,0.80944,481.8867,1437.6615
25.4666,10319.9604,37.8369,240.0232,9.3365,-0.07972,0.036473,-4.2522,90.0094,0.13962,4.7218,5.6236,-17.2267,-29.557,-0.0039385,-0.51087,-0.11113,4.4789e-07,0.032574,0,86.5961,0.15987,0.73108,481.8856,1437.6439
25.4685,10319.9604,37.8369,240.0232,9.3365,-0.07972,0.036473,-4.2522,90.0094,0.13962,4.7218,5.6236,-17.2267,-29.557,-0.0039385,-0.51087,-0.11113,4.4789e-07,0.032574,0,86.5961,0.15981,0.75496,481.8856,1437.6439
25.4724,10319.9604,37.8369,240.0232,9.3365,-0.07972,0.036473,-4.2522,90.0094,0.13962,4.7218,5.6236,-17.2267,-29.557,-0.0039385,-0.51087,-0.11113,4.4789e-07,0.032574,0,86.5961,0.15967,0.79072,481.8856,1437.6439
25.4735,10319.9604,37.8369,240.0232,9.3365,-0.07972,0.036473,-4.2522,90.0094,0.13962,4.7218,5.6236,-17.2267,-29.557,-0.0039385,-0.51087,-0.11113,4.4789e-07,0.032574,0,86.5961,0.15963,0.79788,481.8856,1437.6439
25.4735,10319.9604,37.8369,240.0232,9.3365,-0.07972,0.036473,-4.2522,90.0094,0.13962,4.7218,5.6236,-17.2267,-29.557,-0.0039385,-0.51087,-0.11113,4.4789e-07,0.032574,0,86.5961,0.15963,0.79788,481.8856,1437.6439
25.4749,10320.2758,37.8483,240.0233,9.3359,-0.081515,0.0010382,-4.5048,90.0105,0.085902,4.7198,5.437,-11.5542,-31.3022,-0.0039796,1.2443,-0.11968,4.4772e-07,0.032585,0,86.2423,0.15993,0.79724,481.8844,1437.6263
25.4763,10320.2758,37.8483,240.0233,9.3359,-0.081515,0.0010382,-4.5048,90.0105,0.085902,4.7198,5.437,-11.5542,-31.3022,-0.0039796,1.2443,-0.11968,4.4772e-07,0.032585,0,86.2423,0.15988,0.80639,481.8844,1437.6263
25.4792,10320.2758,37.8483,240.0233,9.3359,-0.081515,0.0010382,-4.5048,90.0105,0.085902,4.7198,5.437,-11.5542,-31.3022,-0.0039796,1.2443,-0.11968,4.4772e-07,0.032585,0,86.2423,0.15978,0.82117,481.8844,1437.6263
25.4832,10320.5912,37.8594,240.0228,9.3352,-0.083396,-0.036502,-3.9201,90.0112,0.028053,4.7178,5.2606,3.8394,-35.6882,-0.0039759,1.572,-0.12524,4.4754e-07,0.032596,0,85.8888,0.15985,0.87216,481.8833,1437.6086
25.4844,10320.5912,37.8594,240.0228,9.3352,-0.083396,-0.036502,-3.9201,90.0112,0.028053,4.7178,5.2606,3.8394,-35.6882,-0.0039759,1.572,-0.12524,4.4754e-07,0.032596,0,85.8888,0.15981,0.87141,481.8833,1437.6086
25.4844,10320.5912,37.8594,240.0228,9.3352,-0.083396,-0.036502,-3.9201,90.0112,0.028053,4.7178,5.2606,3.8394,-35.6882,-0.0039759,1.572,-0.12524,4.4754e-07,0.032596,0,85.8888,0.15981,0.87141,481.8833,1437.6086
25.4916,10320.9068,37.8703,240.0217,9.3345,-0.08535,-0.069169,-3.1793,90.0115,-0.03249,4.7158,5.0938,6.4648,-36.5101,-0.0038686,1.5419,-0.1282,4.4736e-07,0.032606,0,85.8066,0.15964,0.95035,481.8822,1437.591
25.4972,10320.9068,37.8703,240.0217,9.3345,-0.08535,-0.069169,-3.1793,90.0115,-0.03249,4.7158,5.0938,6.4648,-36.5101,-0.0038686,1.5419,-0.1282,4.4736e-07,0.032606,0,85.8066,0.15944,0.91382,481.8822,1437.591
25.4972,10320.9068,37.8703,240.0217,9.3345,-0.08535,-0.069169,-3.1793,90.0115,-0.03249,4.7158,5.0938,6.4648,-36.5101,-0.0038686,1.5419,-0.1282,4.4736e-07,0.032606,0,85.8066,0.15944,0.91382,481.8822,1437.591
25.4999,10321.2224,37.8812,240.0211,9.3338,-0.087315,-0.095663,-2.4532,90.0112,-0.094473,4.7137,5.1327,6.0053,-36.4413,-0.0037074,1.5111,-0.12504,4.4719e-07,0.032617,0,85.9538,0.15944,0.93952,481.8811,1437.5734
25.5026,10321.2224,37.8812,240.0211,9.3338,-0.087315,-0.095663,-2.4532,90.0112,-0.094473,4.7137,5.1327,6.0053,-36.4413,-0.0037074,1.5111,-0.12504,4.4719e-07,0.032617,0,85.9538,0.15935,0.92237,481.8811,1437.5734
25.5082,10321.5381,37.8922,240.0208,9.3331,-0.089239,-0.11611,-1.7415,90.0104,-0.15494,4.7117,5.187,5.9216,-36.3724,-0.0035112,1.4783,-0.10831,4.4703e-07,0.032628,0,86.101,0.15927,0.91986,481.88,1437.5558
25.5166,10321.8539,37.9031,240.0207,9.3324,-0.091072,-0.13062,-1.0441,90.0091,-0.20732,4.7096,5.2758,6.6681,-36.2989,-0.0033525,1.4446,-0.083178,4.4687e-07,0.032639,0,86.2483,0.1592,0.89613,481.8788,1437.5381
25.5249,10322.1699,37.914,240.0209,9.3316,-0.0928,-0.13932,-0.36091,90.0074,-0.24754,4.7076,5.3866,7.9311,-36.2193,-0.0032357,1.4108,-0.054241,4.4673e-07,0.032649,0,86.3957,0.15922,0.87044,481.8777,1437.5205
25.5332,10322.4858,37.9249,240.0212,9.3309,-0.094422,-0.14233,0.30844,90.0053,-0.27378,4.7055,5.5078,9.4311,-36.1354,-0.0031776,1.3774,-0.023969,4.4659e-07,0.03266,0,86.543,0.15934,0.84372,481.8766,1437.5028
25.5416,10322.8019,37.9358,240.0218,9.3301,-0.095955,-0.13976,0.96424,90.0031,-0.28538,4.7035,5.6335,11.0184,-36.0472,-0.0031756,1.3449,0.0056011,4.4647e-07,0.032671,0,86.6905,0.15956,0.81642,481.8754,1437.4852
25.5499,10323.1181,37.9467,240.0226,9.3293,-0.097426,-0.13172,1.6068,90.0007,-0.28268,4.7014,5.7583,12.5692,-35.9555,-0.0032216,1.3135,0.032958,4.4636e-07,0.032681,0,86.8379,0.15983,0.78874,481.8743,1437.4675
25.5582,10323.4344,37.9576,240.0236,9.3285,-0.098866,-0.11833,2.2366,89.9983,-0.26675,4.6993,5.8782,13.9916,-35.8611,-0.0032993,1.2833,0.057164,4.4627e-07,0.032692,0,86.9854,0.16013,0.76075,481.8732,1437.4498
25.5666,10323.7507,37.9684,240.0248,9.3277,-0.10031,-0.099693,2.8538,89.9961,-0.23913,4.6972,5.9908,15.2286,-35.7653,-0.0034344,1.2545,0.077711,4.4618e-07,0.032703,0,86.6314,0.16043,0.73251,481.8721,1437.4322
25.5749,10324.0672,37.9789,240.0249,9.3269,-0.1018,-0.075912,3.4589,89.9941,-0.20157,4.6951,5.8884,16.249,-35.6663,-0.003573,1.227,0.094425,4.4611e-07,0.032713,0,86.2776,0.1606,0.79787,481.8709,1437.4145
25.5776,10324.0672,37.9789,240.0249,9.3269,-0.1018,-0.075912,3.4589,89.9941,-0.20157,4.6951,5.8884,16.249,-35.6663,-0.003573,1.227,0.094425,4.4611e-07,0.032713,0,86.2776,0.16051,0.81358,481.8709,1437.4145
25.5776,10324.0672,37.9789,240.0249,9.3269,-0.1018,-0.075912,3.4589,89.9941,-0.20157,4.6951,5.8884,16.249,-35.6663,-0.003573,1.227,0.094425,4.4611e-07,0.032713,0,86.2776,0.16051,0.81358,481.8709,1437.4145
25.5832,10324.3837,37.9891,240.0244,9.326,-0.10337,-0.047088,4.0521,89.9924,-0.15593,4.6931,5.7784,17.0421,-35.567,-0.0036733,1.0057,0.10739,4.4604e-07,0.032724,0,85.9241,0.16064,0.87198,481.8698,1437.3968
25.587,10324.3837,37.9891,240.0244,9.326,-0.10337,-0.047088,4.0521,89.9924,-0.15593,4.6931,5.7784,17.0421,-35.567,-0.0036733,1.0057,0.10739,4.4604e-07,0.032724,0,85.9241,0.16052,0.86953,481.8698,1437.3968
25.587,10324.3837,37.9891,240.0244,9.326,-0.10337,-0.047088,4.0521,89.9924,-0.15593,4.6931,5.7784,17.0421,-35.567,-0.0036733,1.0057,0.10739,4.4604e-07,0.032724,0,85.9241,0.16052,0.86953,481.8698,1437.3968
25.5916,10324.7003,37.999,240.0232,9.3252,-0.10502,-0.01332,4.5407,89.9911,-0.10404,4.691,5.6591,15.8418,-34.9846,-0.0036344,-0.68034,0.11686,4.4598e-07,0.032735,0,85.8507,0.16054,0.95006,481.8687,1437.3791
25.5961,10324.7003,37.999,240.0232,9.3252,-0.10502,-0.01332,4.5407,89.9911,-0.10404,4.691,5.6591,15.8418,-34.9846,-0.0036344,-0.68034,0.11686,4.4598e-07,0.032735,0,85.8507,0.16039,0.9188,481.8687,1437.3791
25.5999,10325.017,38.0091,240.0227,9.3243,-0.10671,0.024519,4.225,89.9903,-0.04757,4.6889,5.7292,1.1272,-30.7658,-0.0034859,-1.5842,0.12318,4.4592e-07,0.032745,0,85.9978,0.16042,0.93931,481.8676,1437.3614
25.6082,10325.3338,38.0191,240.0224,9.3234,-0.10841,0.059727,3.4783,89.9899,0.011957,4.6868,5.7907,-6.6875,-28.5176,-0.0032794,-1.554,0.12682,4.4587e-07,0.032756,0,86.1451,0.16029,0.91988,481.8664,1437.3437
25.6122,10325.3338,38.0191,240.0224,9.3234,-0.10841,0.059727,3.4783,89.9899,0.011957,4.6868,5.7907,-6.6875,-28.5176,-0.0032794,-1.554,0.12682,4.4587e-07,0.032756,0,86.1451,0.16017,0.9019,481.8664,1437.3437
25.6122,10325.3338,38.0191,240.0224,9.3234,-0.10841,0.059727,3.4783,89.9899,0.011957,4.6868,5.7907,-6.6875,-28.5176,-0.0032794,-1.554,0.12682,4.4587e-07,0.032756,0,86.1451,0.16017,0.9019,481.8664,1437.3437
25.6166,10325.6507,38.0291,240.0223,9.3225,-0.11008,0.088713,2.7463,89.99,0.073259,4.6847,5.8456,-6.191,-28.6058,-0.0030937,-1.5236,0.12709,4.4581e-07,0.032767,0,86.2924,0.16019,0.89639,481.8653,1437.326
25.6209,10325.6507,38.0291,240.0223,9.3225,-0.11008,0.088713,2.7463,89.99,0.073259,4.6847,5.8456,-6.191,-28.6058,-0.0030937,-1.5236,0.12709,4.4581e-07,0.032767,0,86.2924,0.16006,0.88532,481.8653,1437.326
25.6249,10325.9676,38.0391,240.0224,9.3216,-0.1117,0.1116,2.0287,89.9906,0.1347,4.6826,5.8928,-5.9028,-28.6915,-0.0029328,-1.4916,0.11542,4.4574e-07,0.032778,0,86.4397,0.16013,0.87097,481.8642,1437.3083
25.6332,10326.2847,38.0491,240.0227,9.3207,-0.11326,0.1285,1.3256,89.9917,0.19051,4.6805,5.911,-6.3427,-28.7786,-0.0028159,-1.458,0.092648,4.4566e-07,0.032788,0,86.5871,0.16012,0.8445,481.863,1437.2906
25.6416,10326.6018,38.059,240.0233,9.3198,-0.11475,0.13955,0.63672,89.9933,0.23531,4.6784,5.9025,-7.4615,-28.8656,-0.0027443,-1.4242,0.064884,4.4558e-07,0.032799,0,86.7345,0.16018,0.81739,481.8619,1437.2729
25.6499,10326.919,38.069,240.024,9.3188,-0.11616,0.14486,-0.038202,89.9952,0.26668,4.6762,5.8825,-8.8881,-28.9489,-0.0027196,-1.3906,0.034994,4.4548e-07,0.03281,0,86.8819,0.16033,0.78983,481.8608,1437.2552
25.6582,10327.2363,38.0789,240.025,9.3179,-0.1175,0.14454,-0.69944,89.9975,0.28361,4.6741,5.8582,-10.4487,-29.0269,-0.0027397,-1.3578,0.0050947,4.4537e-07,0.03282,0,87.0294,0.16053,0.7619,481.8597,1437.2375
25.6666,10327.5536,38.0889,240.0262,9.3169,-0.11879,0.13871,-1.3473,89.9998,0.28609,4.672,5.8347,-12.0147,-29.0983,-0.0028418,-1.326,-0.023075,4.4525e-07,0.032831,0,86.6754,0.1608,0.73367,481.8585,1437.2198
25.6749,10327.8711,38.0984,240.0263,9.3159,-0.12006,0.12748,-1.9822,90.0022,0.27494,4.6699,5.6103,-13.4806,-29.1597,-0.0029806,-1.2953,-0.048391,4.4512e-07,0.032842,0,86.3216,0.16098,0.79899,481.8574,1437.202
25.6832,10328.1886,38.1076,240.0258,9.3149,-0.12136,0.11096,-2.6045,90.0045,0.25156,4.6678,5.3956,-14.778,-29.2128,-0.0031296,-1.266,-0.070207,4.4497e-07,0.032852,0,85.9681,0.16109,0.87303,481.8563,1437.1843
25.6916,10328.5062,38.1166,240.0246,9.3139,-0.12271,0.089259,-3.2145,90.0066,0.21764,4.6657,5.1918,-15.8675,-29.259,-0.0031766,-1.238,-0.088236,4.4481e-07,0.032863,0,85.9293,0.16109,0.95035,481.8551,1437.1666
25.6977,10328.5062,38.1166,240.0246,9.3139,-0.12271,0.089259,-3.2145,90.0066,0.21764,4.6657,5.1918,-15.8675,-29.259,-0.0031766,-1.238,-0.088236,4.4481e-07,0.032863,0,85.9293,0.16092,0.91066,481.8551,1437.1666
25.6977,10328.5062,38.1166,240.0246,9.3139,-0.12271,0.089259,-3.2145,90.0066,0.21764,4.6657,5.1918,-15.8675,-29.259,-0.0031766,-1.238,-0.088236,4.4481e-07,0.032863,0,85.9293,0.16092,0.91066,481.8551,1437.1666
25.6999,10328.8239,38.1257,240.0241,9.3129,-0.12408,0.062472,-3.8125,90.0084,0.17501,4.6636,5.1962,-16.7315,-29.3047,-0.0031426,-1.1545,-0.10248,4.4464e-07,0.032874,0,86.0765,0.1611,0.93878,481.854,1437.1488
25.7005,10328.8239,38.1257,240.0241,9.3129,-0.12408,0.062472,-3.8125,90.0084,0.17501,4.6636,5.1962,-16.7315,-29.3047,-0.0031426,-1.1545,-0.10248,4.4464e-07,0.032874,0,86.0765,0.16108,0.93451,481.854,1437.1488
25.7005,10328.8239,38.1257,240.0241,9.3129,-0.12408,0.062472,-3.8125,90.0084,0.17501,4.6636,5.1962,-16.7315,-29.3047,-0.0031426,-1.1545,-0.10248,4.4464e-07,0.032874,0,86.0765,0.16108,0.93451,481.854,1437.1488
25.7027,10328.8239,38.1257,240.0241,9.3129,-0.12408,0.062472,-3.8125,90.0084,0.17501,4.6636,5.1962,-16.7315,-29.3047,-0.0031426,-1.1545,-0.10248,4.4464e-07,0.032874,0,86.0765,0.16102,0.9204,481.854,1437.1488
25.7049,10328.8239,38.1257,240.0241,9.3129,-0.12408,0.062472,-3.8125,90.0084,0.17501,4.6636,5.1962,-16.7315,-29.3047,-0.0031426,-1.1545,-0.10248,4.4464e-07,0.032874,0,86.0765,0.16096,0.9091,481.854,1437.1488
25.7082,10329.1416,38.1348,240.0238,9.3119,-0.12546,0.030702,-4.3717,90.0099,0.1255,4.6615,5.2085,-16.8549,-29.4915,-0.0030262,-0.0076599,-0.11314,4.4447e-07,0.032884,0,86.2237,0.1611,0.91896,481.8529,1437.1311
25.7166,10329.4594,38.1438,240.0237,9.3109,-0.12683,-0.0057286,-4.3842,90.0109,0.070843,4.6593,5.2283,-7.1095,-32.3516,-0.0028762,1.5903,-0.12052,4.4429e-07,0.032895,0,86.371,0.16109,0.89551,481.8517,1437.1133
25.7249,10329.7773,38.1529,240.0238,9.3098,-0.1282,-0.042263,-3.6343,90.0115,0.012617,4.6572,5.2561,6.9281,-36.3581,-0.0027146,1.5602,-0.12508,4.4411e-07,0.032906,0,86.5183,0.16109,0.87026,481.8506,1437.0956
25.7271,10329.7773,38.1529,240.0238,9.3098,-0.1282,-0.042263,-3.6343,90.0115,0.012617,4.6572,5.2561,6.9281,-36.3581,-0.0027146,1.5602,-0.12508,4.4411e-07,0.032906,0,86.5183,0.16103,0.869,481.8506,1437.0956
25.7271,10329.7773,38.1529,240.0238,9.3098,-0.1282,-0.042263,-3.6343,90.0115,0.012617,4.6572,5.2561,6.9281,-36.3581,-0.0027146,1.5602,-0.12508,4.4411e-07,0.032906,0,86.5183,0.16103,0.869,481.8506,1437.0956
25.7332,10330.0953,38.1619,240.0241,9.3088,-0.12957,-0.072549,-2.8992,90.0116,-0.047825,4.6551,5.2914,6.3684,-36.2933,-0.0025821,1.53,-0.12691,4.4393e-07,0.032916,0,86.6657,0.16109,0.84405,481.8495,1437.0778
25.7394,10330.0953,38.1619,240.0241,9.3088,-0.12957,-0.072549,-2.8992,90.0116,-0.047825,4.6551,5.2914,6.3684,-36.2933,-0.0025821,1.53,-0.12691,4.4393e-07,0.032916,0,86.6657,0.16092,0.85304,481.8495,1437.0778
25.7402,10330.0953,38.1619,240.0241,9.3088,-0.12957,-0.072549,-2.8992,90.0116,-0.047825,4.6551,5.2914,6.3684,-36.2933,-0.0025821,1.53,-0.12691,4.4393e-07,0.032916,0,86.6657,0.1609,0.85384,481.8495,1437.0778
25.7402,10330.0953,38.1619,240.0241,9.3088,-0.12957,-0.072549,-2.8992,90.0116,-0.047825,4.6551,5.2914,6.3684,-36.2933,-0.0025821,1.53,-0.12691,4.4393e-07,0.032916,0,86.6657,0.1609,0.85384,481.8495,1437.0778
25.7416,10330.4134,38.1709,240.0246,9.3077,-0.13092,-0.096709,-2.1786,90.0112,-0.10917,4.6529,5.3343,5.9785,-36.2251,-0.0024768,1.4988,-0.12017,4.4376e-07,0.032927,0,86.813,0.16109,0.8172,481.8483,1437.06
25.743,10330.4134,38.1709,240.0246,9.3077,-0.13092,-0.096709,-2.1786,90.0112,-0.10917,4.6529,5.3343,5.9785,-36.2251,-0.0024768,1.4988,-0.12017,4.4376e-07,0.032927,0,86.813,0.16105,0.82318,481.8483,1437.06
25.7457,10330.4134,38.1709,240.0246,9.3077,-0.13092,-0.096709,-2.1786,90.0112,-0.10917,4.6529,5.3343,5.9785,-36.2251,-0.0024768,1.4988,-0.12017,4.4376e-07,0.032927,0,86.813,0.16098,0.83291,481.8483,1437.06
25.7499,10330.7315,38.1799,240.0254,9.3066,-0.13225,-0.11486,-1.4723,90.0103,-0.16726,4.6508,5.3994,6.1142,-36.151,-0.0024025,1.4656,-0.099835,4.4359e-07,0.032938,0,86.9605,0.16112,0.78989,481.8472,1437.0423
25.7582,10331.0497,38.1889,240.0264,9.3055,-0.13354,-0.12713,-0.78035,90.0089,-0.21553,4.6486,5.4994,7.0818,-36.0688,-0.0023595,1.4318,-0.073286,4.4343e-07,0.032949,0,87.108,0.16119,0.76217,481.8461,1437.0245
25.7666,10331.368,38.1979,240.0276,9.3044,-0.13477,-0.13364,-0.10243,90.0071,-0.25097,4.6465,5.6159,8.4326,-35.9819,-0.0023919,1.3983,-0.043968,4.4328e-07,0.032959,0,86.754,0.16131,0.73408,481.8449,1437.0067
25.7749,10331.6863,38.2065,240.0277,9.3033,-0.13597,-0.13449,0.56175,90.005,-0.27224,4.6443,5.5342,9.9577,-35.889,-0.0024672,1.3652,-0.014025,4.4314e-07,0.03297,0,86.4002,0.16138,0.79946,481.8438,1436.989
25.7832,10332.0047,38.2148,240.0271,9.3022,-0.13714,-0.12981,1.2125,90.0028,-0.27903,4.6422,5.457,11.5269,-35.7924,-0.0025711,1.3331,0.014646,4.4301e-07,0.032981,0,86.0468,0.16142,0.8735,481.8427,1436.9712
25.7916,10332.3232,38.2228,240.0259,9.3011,-0.13831,-0.1197,1.8502,90.0004,-0.27197,4.6401,5.3793,13.0249,-35.6939,-0.002601,1.3022,0.04075,4.429e-07,0.032991,0,85.962,0.16141,0.95079,481.8415,1436.9534
25.7999,10332.6418,38.2309,240.0254,9.2999,-0.13944,-0.10429,2.4751,89.9982,-0.25229,4.638,5.4942,14.3729,-35.5997,-0.0025903,1.2725,0.063524,4.428e-07,0.033002,0,86.1092,0.16145,0.93921,481.8404,1436.9356
25.8082,10332.9604,38.239,240.0251,9.2988,-0.14054,-0.08366,3.0876,89.9961,-0.22161,4.6359,5.6008,15.5245,-35.5081,-0.0025364,1.2442,0.082585,4.427e-07,0.033013,0,86.2564,0.16152,0.91892,481.8393,1436.9178
25.8122,10332.9604,38.239,240.0251,9.2988,-0.14054,-0.08366,3.0876,89.9961,-0.22161,4.6359,5.6008,15.5245,-35.5081,-0.0025364,1.2442,0.082585,4.427e-07,0.033013,0,86.2564,0.16142,0.90058,481.8393,1436.9178
25.8122,10332.9604,38.239,240.0251,9.2988,-0.14054,-0.08366,3.0876,89.9961,-0.22161,4.6359,5.6008,15.5245,-35.5081,-0.0025364,1.2442,0.082585,4.427e-07,0.033013,0,86.2564,0.16142,0.90058,481.8393,1436.9178
25.8166,10333.2791,38.2471,240.0249,9.2976,-0.14162,-0.057929,3.6881,89.9942,-0.18172,4.6337,5.6978,16.4563,-35.4193,-0.002483,1.2172,0.097859,4.4262e-07,0.033023,0,86.4036,0.16162,0.89465,481.8381,1436.9
25.821,10333.2791,38.2471,240.0249,9.2976,-0.14162,-0.057929,3.6881,89.9942,-0.18172,4.6337,5.6978,16.4563,-35.4193,-0.002483,1.2172,0.097859,4.4262e-07,0.033023,0,86.4036,0.16151,0.88332,481.8381,1436.9
25.8239,10333.2791,38.2471,240.0249,9.2976,-0.14162,-0.057929,3.6881,89.9942,-0.18172,4.6337,5.6978,16.4563,-35.4193,-0.002483,1.2172,0.097859,4.4262e-07,0.033023,0,86.4036,0.16144,0.87805,481.8381,1436.9
25.8239,10333.2791,38.2471,240.0249,9.2976,-0.14162,-0.057929,3.6881,89.9942,-0.18172,4.6337,5.6978,16.4563,-35.4193,-0.002483,1.2172,0.097859,4.4262e-07,0.033023,0,86.4036,0.16144,0.87805,481.8381,1436.9
25.8249,10333.5979,38.2552,240.0251,9.2964,-0.14268,-0.027195,4.2769,89.9927,-0.13445,4.6316,5.7847,17.1636,-35.3309,-0.0024124,0.38548,0.10949,4.4254e-07,0.033034,0,86.5509,0.16173,0.86885,481.837,1436.8822
25.8259,10333.5979,38.2552,240.0251,9.2964,-0.14268,-0.027195,4.2769,89.9927,-0.13445,4.6316,5.7847,17.1636,-35.3309,-0.0024124,0.38548,0.10949,4.4254e-07,0.033034,0,86.5509,0.1617,0.86827,481.837,1436.8822
25.8279,10333.5979,38.2552,240.0251,9.2964,-0.14268,-0.027195,4.2769,89.9927,-0.13445,4.6316,5.7847,17.1636,-35.3309,-0.0024124,0.38548,0.10949,4.4254e-07,0.033034,0,86.5509,0.16165,0.86726,481.837,1436.8822
25.8318,10333.5979,38.2552,240.0251,9.2964,-0.14268,-0.027195,4.2769,89.9927,-0.13445,4.6316,5.7847,17.1636,-35.3309,-0.0024124,0.38548,0.10949,4.4254e-07,0.033034,0,86.5509,0.16155,0.86575,481.837,1436.8822
25.8324,10333.5979,38.2552,240.0251,9.2964,-0.14268,-0.027195,4.2769,89.9927,-0.13445,4.6316,5.7847,17.1636,-35.3309,-0.0024124,0.38548,0.10949,4.4254e-07,0.033034,0,86.5509,0.16153,0.86557,481.837,1436.8822
25.8324,10333.5979,38.2552,240.0251,9.2964,-0.14268,-0.027195,4.2769,89.9927,-0.13445,4.6316,5.7847,17.1636,-35.3309,-0.0024124,0.38548,0.10949,4.4254e-07,0.033034,0,86.5509,0.16153,0.86557,481.837,1436.8822
25.8332,10333.9167,38.2633,240.0254,9.2953,-0.14376,0.008446,4.4695,89.9916,-0.081572,4.6295,5.8613,10.3396,-33.2383,-0.002321,-1.3412,0.11775,4.4247e-07,0.033045,0,86.6983,0.16182,0.8426,481.8359,1436.8644
25.834,10333.9167,38.2633,240.0254,9.2953,-0.14376,0.008446,4.4695,89.9916,-0.081572,4.6295,5.8613,10.3396,-33.2383,-0.002321,-1.3412,0.11775,4.4247e-07,0.033045,0,86.6983,0.1618,0.84415,481.8359,1436.8644
25.8357,10333.9167,38.2633,240.0254,9.2953,-0.14376,0.008446,4.4695,89.9916,-0.081572,4.6295,5.8613,10.3396,-33.2383,-0.002321,-1.3412,0.11775,4.4247e-07,0.033045,0,86.6983,0.16176,0.84688,481.8359,1436.8644
25.8389,10333.9167,38.2633,240.0254,9.2953,-0.14376,0.008446,4.4695,89.9916,-0.081572,4.6295,5.8613,10.3396,-33.2383,-0.002321,-1.3412,0.11775,4.4247e-07,0.033045,0,86.6983,0.16167,0.85118,481.8359,1436.8644
25.8416,10334.2356,38.2714,240.0259,9.2941,-0.14486,0.045692,3.8384,89.9909,-0.024705,4.6273,5.929,-4.8205,-28.9278,-0.0022148,-1.5682,0.12308,4.4239e-07,0.033055,0,86.8457,0.16188,0.81589,481.8347,1436.8466
25.8428,10334.2356,38.2714,240.0259,9.2941,-0.14486,0.045692,3.8384,89.9909,-0.024705,4.6273,5.929,-4.8205,-28.9278,-0.0022148,-1.5682,0.12308,4.4239e-07,0.033055,0,86.8457,0.16185,0.82119,481.8347,1436.8466
25.8428,10334.2356,38.2714,240.0259,9.2941,-0.14486,0.045692,3.8384,89.9909,-0.024705,4.6273,5.929,-4.8205,-28.9278,-0.0022148,-1.5682,0.12308,4.4239e-07,0.033055,0,86.8457,0.16185,0.82119,481.8347,1436.8466
25.8499,10334.5545,38.2794,240.0267,9.2929,-0.14598,0.077678,3.0992,89.9907,0.034755,4.6252,5.9897,-6.5527,-28.3684,-0.0021254,-1.5381,0.12588,4.4232e-07,0.033066,0,86.9931,0.16192,0.7888,481.8336,1436.8288
25.8556,10334.5545,38.2794,240.0267,9.2929,-0.14598,0.077678,3.0992,89.9907,0.034755,4.6252,5.9897,-6.5527,-28.3684,-0.0021254,-1.5381,0.12588,4.4232e-07,0.033066,0,86.9931,0.16178,0.82042,481.8336,1436.8288
25.8556,10334.5545,38.2794,240.0267,9.2929,-0.14598,0.077678,3.0992,89.9907,0.034755,4.6252,5.9897,-6.5527,-28.3684,-0.0021254,-1.5381,0.12588,4.4232e-07,0.033066,0,86.9931,0.16178,0.82042,481.8336,1436.8288
25.8582,10334.8736,38.2875,240.0276,9.2917,-0.14712,0.1035,2.3747,89.991,0.095587,4.623,6.0447,-6.1087,-28.4488,-0.0020509,-1.5073,0.12199,4.4224e-07,0.033077,0,87.1122,0.16194,0.76134,481.8324,1436.811
25.8609,10334.8736,38.2875,240.0276,9.2917,-0.14712,0.1035,2.3747,89.991,0.095587,4.623,6.0447,-6.1087,-28.4488,-0.0020509,-1.5073,0.12199,4.4224e-07,0.033077,0,87.1122,0.16188,0.78457,481.8324,1436.811
25.8666,10335.1927,38.2955,240.0288,9.2905,-0.14826,0.12329,1.6645,89.9918,0.15455,4.6208,6.0837,-6.0742,-28.5287,-0.0020375,-1.4745,0.10464,4.4215e-07,0.033088,0,86.7582,0.16196,0.7335,481.8313,1436.7932
25.8749,10335.5118,38.3031,240.0289,9.2892,-0.14939,0.13716,0.96868,89.9931,0.20514,4.6187,5.884,-6.8613,-28.6084,-0.0020548,-1.4408,0.07957,4.4205e-07,0.033098,0,86.4045,0.16191,0.79905,481.8302,1436.7753
25.8832,10335.831,38.3104,240.0284,9.288,-0.15049,0.14524,0.28695,89.9948,0.24361,4.6166,5.6678,-8.1218,-28.6866,-0.0020939,-1.4072,0.051006,4.4194e-07,0.033109,0,86.051,0.16182,0.87322,481.829,1436.7575
25.8916,10336.1503,38.3175,240.0272,9.2868,-0.15157,0.14763,-0.38095,89.9968,0.26827,4.6145,5.4458,-9.599,-28.7615,-0.0020646,-1.374,0.021293,4.4182e-07,0.03312,0,85.9338,0.16171,0.95058,481.8279,1436.7397
25.8999,10336.4697,38.3246,240.0266,9.2855,-0.15256,0.14445,-1.0353,89.999,0.27858,4.6124,5.4203,-11.1507,-28.837,-0.0020124,-1.3417,-0.0075913,4.4169e-07,0.03313,0,86.081,0.16169,0.93904,481.8268,1436.7219
25.9082,10336.7891,38.3318,240.0263,9.2842,-0.15347,0.13583,-1.6765,90.0014,0.27493,4.6103,5.3972,-12.6571,-28.9092,-0.0019448,-1.3105,-0.034215,4.4154e-07,0.033141,0,86.2282,0.16176,0.91875,481.8256,1436.704
25.9166,10337.1085,38.3389,240.0262,9.283,-0.1543,0.12185,-2.3049,90.0037,0.25841,4.6082,5.3799,-14.0311,-28.9768,-0.0019159,-1.2805,-0.057698,4.4138e-07,0.033152,0,86.3754,0.16191,0.89449,481.8245,1436.6862
25.9249,10337.4281,38.346,240.0263,9.2817,-0.15508,0.10265,-2.9208,90.0058,0.23055,4.606,5.3711,-15.2193,-29.0362,-0.001911,-1.2519,-0.077569,4.4121e-07,0.033162,0,86.5227,0.1621,0.86839,481.8233,1436.6684
25.9259,10337.4281,38.346,240.0263,9.2817,-0.15508,0.10265,-2.9208,90.0058,0.23055,4.606,5.3711,-15.2193,-29.0362,-0.001911,-1.2519,-0.077569,4.4121e-07,0.033162,0,86.5227,0.16208,0.86776,481.8233,1436.6684
25.9259,10337.4281,38.346,240.0263,9.2817,-0.15508,0.10265,-2.9208,90.0058,0.23055,4.606,5.3711,-15.2193,-29.0362,-0.001911,-1.2519,-0.077569,4.4121e-07,0.033162,0,86.5227,0.16208,0.86776,481.8233,1436.6684
25.9332,10337.7476,38.3531,240.0266,9.2804,-0.15585,0.078308,-3.5245,90.0077,0.19309,4.6039,5.3716,-16.1928,-29.0881,-0.0019234,-1.2245,-0.093682,4.4103e-07,0.033173,0,86.6701,0.1623,0.84138,481.8222,1436.6505
25.9373,10337.7476,38.3531,240.0266,9.2804,-0.15585,0.078308,-3.5245,90.0077,0.19309,4.6039,5.3716,-16.1928,-29.0881,-0.0019234,-1.2245,-0.093682,4.4103e-07,0.033173,0,86.6701,0.16221,0.84798,481.8222,1436.6505
25.9373,10337.7476,38.3531,240.0266,9.2804,-0.15585,0.078308,-3.5245,90.0077,0.19309,4.6039,5.3716,-16.1928,-29.0881,-0.0019234,-1.2245,-0.093682,4.4103e-07,0.033173,0,86.6701,0.16221,0.84798,481.8222,1436.6505
25.9416,10338.0673,38.3603,240.0272,9.2791,-0.15663,0.048937,-4.1165,90.0093,0.14785,4.6018,5.3814,-16.9426,-29.1328,-0.001924,-0.84819,-0.10613,4.4084e-07,0.033184,0,86.8174,0.16249,0.81394,481.8211,1436.6327
25.9459,10338.0673,38.3603,240.0272,9.2791,-0.15663,0.048937,-4.1165,90.0093,0.14785,4.6018,5.3814,-16.9426,-29.1328,-0.001924,-0.84819,-0.10613,4.4084e-07,0.033184,0,86.8174,0.16239,0.83041,481.8211,1436.6327
25.9463,10338.0673,38.3603,240.0272,9.2791,-0.15663,0.048937,-4.1165,90.0093,0.14785,4.6018,5.3814,-16.9426,-29.1328,-0.001924,-0.84819,-0.10613,4.4084e-07,0.033184,0,86.8174,0.16238,0.83169,481.8211,1436.6327
25.9463,10338.0673,38.3603,240.0272,9.2791,-0.15663,0.048937,-4.1165,90.0093,0.14785,4.6018,5.3814,-16.9426,-29.1328,-0.001924,-0.84819,-0.10613,4.4084e-07,0.033184,0,86.8174,0.16238,0.83169,481.8211,1436.6327
25.9499,10338.387,38.3673,240.0279,9.2778,-0.15745,0.014633,-4.5298,90.0106,0.096607,4.5997,5.3989,-14.2974,-30.052,-0.0019012,0.86984,-0.11517,4.4064e-07,0.033194,0,86.9649,0.16264,0.78679,481.8199,1436.6148
25.9535,10338.387,38.3673,240.0279,9.2778,-0.15745,0.014633,-4.5298,90.0106,0.096607,4.5997,5.3989,-14.2974,-30.052,-0.0019012,0.86984,-0.11517,4.4064e-07,0.033194,0,86.9649,0.16256,0.80905,481.8199,1436.6148
25.9582,10338.7067,38.3744,240.0289,9.2765,-0.15832,-0.023115,-4.1234,90.0114,0.040997,4.5975,5.4246,0.72887,-34.3448,-0.0018405,1.5795,-0.12116,4.4044e-07,0.033205,0,86.9755,0.16274,0.75943,481.8188,1436.597
25.9583,10338.7067,38.3744,240.0289,9.2765,-0.15832,-0.023115,-4.1234,90.0114,0.040997,4.5975,5.4246,0.72887,-34.3448,-0.0018405,1.5795,-0.12116,4.4044e-07,0.033205,0,86.9755,0.16274,0.76014,481.8188,1436.597
25.9583,10338.7067,38.3744,240.0289,9.2765,-0.15832,-0.023115,-4.1234,90.0114,0.040997,4.5975,5.4246,0.72887,-34.3448,-0.0018405,1.5795,-0.12116,4.4044e-07,0.033205,0,86.9755,0.16274,0.76014,481.8188,1436.597
25.9666,10339.0265,38.3815,240.0301,9.2752,-0.15923,-0.057477,-3.3787,90.0117,-0.017518,4.5954,5.4579,6.7921,-36.1254,-0.0018201,1.5494,-0.12455,4.4024e-07,0.033216,0,86.6215,0.1628,0.7318,481.8176,1436.5791
25.9708,10339.0265,38.3815,240.0301,9.2752,-0.15923,-0.057477,-3.3787,90.0117,-0.017518,4.5954,5.4579,6.7921,-36.1254,-0.0018201,1.5494,-0.12455,4.4024e-07,0.033216,0,86.6215,0.1627,0.7755,481.8176,1436.5791
25.9708,10339.0265,38.3815,240.0301,9.2752,-0.15923,-0.057477,-3.3787,90.0117,-0.017518,4.5954,5.4579,6.7921,-36.1254,-0.0018201,1.5494,-0.12455,4.4024e-07,0.033216,0,86.6215,0.1627,0.7755,481.8176,1436.5791
25.9749,10339.3464,38.3882,240.0302,9.2739,-0.16019,-0.085632,-2.6486,90.0116,-0.077691,4.5933,5.2923,6.3043,-36.0522,-0.001813,1.5189,-0.12378,4.4005e-07,0.033227,0,86.2678,0.16272,0.79765,481.8165,1436.5613
25.979,10339.3464,38.3882,240.0302,9.2739,-0.16019,-0.085632,-2.6486,90.0116,-0.077691,4.5933,5.2923,6.3043,-36.0522,-0.001813,1.5189,-0.12378,4.4005e-07,0.033227,0,86.2678,0.16262,0.81856,481.8165,1436.5613
25.9832,10339.6663,38.3946,240.0296,9.2726,-0.1612,-0.1077,-1.933,90.0109,-0.1375,4.5912,5.1398,6.0742,-35.9754,-0.0018106,1.4867,-0.11075,4.3986e-07,0.033237,0,85.9145,0.16254,0.87205,481.8154,1436.5434
25.9916,10339.9863,38.4007,240.0284,9.2713,-0.16222,-0.12381,-1.2318,90.0098,-0.19103,4.5891,5.0206,6.5933,-35.8923,-0.0017248,1.4532,-0.087711,4.3967e-07,0.033248,0,85.8358,0.16229,0.9496,481.8142,1436.5255
25.9999,10340.3063,38.4069,240.0279,9.2699,-0.16317,-0.13408,-0.54477,90.0082,-0.23343,4.587,5.1258,7.7266,-35.8092,-0.0016052,1.4195,-0.060178,4.395e-07,0.033259,0,85.9829,0.16212,0.93822,481.8131,1436.5077
26.0082,10340.6264,38.4131,240.0275,9.2686,-0.16403,-0.13862,0.1283,90.0062,-0.26253,4.5849,5.2427,9.1389,-35.7258,-0.0014694,1.3861,-0.030811,4.3934e-07,0.033269,0,86.1301,0.16206,0.91804,481.8119,1436.4898
26.0166,10340.9466,38.4193,240.0274,9.2672,-0.16476,-0.13755,0.78774,90.0041,-0.27743,4.5828,5.3647,10.6688,-35.642,-0.0013844,1.3535,-0.0016557,4.3919e-07,0.03328,0,86.2773,0.16211,0.89383,481.8108,1436.4719
26.0249,10341.2667,38.4255,240.0275,9.2658,-0.16539,-0.13098,1.4339,90.0017,-0.27825,4.5808,5.4871,12.1921,-35.5549,-0.0013472,1.322,0.025656,4.3905e-07,0.033291,0,86.4246,0.16226,0.86774,481.8097,1436.454
26.0332,10341.587,38.4316,240.0278,9.2645,-0.16595,-0.11903,2.0671,89.9994,-0.26588,4.5787,5.6056,13.6094,-35.4651,-0.0013603,1.2916,0.050084,4.3892e-07,0.033301,0,86.572,0.16247,0.84071,481.8085,1436.4362
26.0416,10341.9073,38.4377,240.0284,9.2631,-0.16648,-0.10181,2.6876,89.9972,-0.2417,4.5766,5.7175,14.8577,-35.3727,-0.0014068,1.2625,0.07104,4.388e-07,0.033312,0,86.7193,0.16272,0.81316,481.8074,1436.4183
26.0499,10342.2276,38.4439,240.0291,9.2617,-0.16701,-0.079412,3.296,89.9952,-0.2074,4.5745,5.8212,15.9008,-35.2788,-0.0014674,1.2348,0.08828,4.387e-07,0.033323,0,86.8667,0.16297,0.78526,481.8062,1436.4004
26.0502,10342.2276,38.4439,240.0291,9.2617,-0.16701,-0.079412,3.296,89.9952,-0.2074,4.5745,5.8212,15.9008,-35.2788,-0.0014674,1.2348,0.08828,4.387e-07,0.033323,0,86.8667,0.16296,0.78777,481.8062,1436.4004
26.0502,10342.2276,38.4439,240.0291,9.2617,-0.16701,-0.079412,3.296,89.9952,-0.2074,4.5745,5.8212,15.9008,-35.2788,-0.0014674,1.2348,0.08828,4.387e-07,0.033323,0,86.8667,0.16296,0.78777,481.8062,1436.4004
26.0582,10342.548,38.45,240.0301,9.2603,-0.16757,-0.051945,3.8924,89.9935,-0.16477,4.5724,5.9157,16.7239,-35.1845,-0.0015115,1.1059,0.10183,4.386e-07,0.033333,0,86.9209,0.16318,0.75709,481.8051,1436.3825
26.0599,10342.548,38.45,240.0301,9.2603,-0.16757,-0.051945,3.8924,89.9935,-0.16477,4.5724,5.9157,16.7239,-35.1845,-0.0015115,1.1059,0.10183,4.386e-07,0.033333,0,86.9209,0.16314,0.77292,481.8051,1436.3825
26.0599,10342.548,38.45,240.0301,9.2603,-0.16757,-0.051945,3.8924,89.9935,-0.16477,4.5724,5.9157,16.7239,-35.1845,-0.0015115,1.1059,0.10183,4.386e-07,0.033333,0,86.9209,0.16314,0.77292,481.8051,1436.3825
26.0666,10342.8684,38.4562,240.0314,9.259,-0.16819,-0.019509,4.4283,89.9921,-0.11561,4.5703,5.9996,16.3989,-34.8367,-0.0015686,-0.26078,0.1119,4.3851e-07,0.033344,0,86.567,0.16334,0.72921,481.804,1436.3646
26.0732,10342.8684,38.4562,240.0314,9.259,-0.16819,-0.019509,4.4283,89.9921,-0.11561,4.5703,5.9996,16.3989,-34.8367,-0.0015686,-0.26078,0.1119,4.3851e-07,0.033344,0,86.567,0.1632,0.79179,481.804,1436.3646
26.0749,10343.1889,38.4619,240.0315,9.2576,-0.16888,0.017393,4.3125,89.9911,-0.061593,4.5683,5.8681,4.6213,-31.4066,-0.0015851,-1.5869,0.11883,4.3842e-07,0.033355,0,86.2133,0.16334,0.79504,481.8028,1436.3467
26.0832,10343.5095,38.4673,240.0309,9.2562,-0.16965,0.053331,3.564,89.9906,-0.0042222,4.5662,5.7304,-6.9867,-28.0936,-0.0015771,-1.5568,0.12298,4.3834e-07,0.033366,0,85.8599,0.16321,0.86959,481.8017,1436.3289
26.0858,10343.5095,38.4673,240.0309,9.2562,-0.16965,0.053331,3.564,89.9906,-0.0042222,4.5662,5.7304,-6.9867,-28.0936,-0.0015771,-1.5568,0.12298,4.3834e-07,0.033366,0,85.8599,0.16316,0.86704,481.8017,1436.3289
26.0858,10343.5095,38.4673,240.0309,9.2562,-0.16965,0.053331,3.564,89.9906,-0.0042222,4.5662,5.7304,-6.9867,-28.0936,-0.0015771,-1.5568,0.12298,4.3834e-07,0.033366,0,85.8599,0.16316,0.86704,481.8017,1436.3289
26.0916,10343.8301,38.4725,240.0297,9.2548,-0.17049,0.083031,2.8303,89.9906,0.055176,4.5642,5.5881,-6.4585,-28.1705,-0.0014714,-1.5266,0.12427,4.3825e-07,0.033376,0,85.6525,0.16296,0.94738,481.8005,1436.311
26.0973,10343.8301,38.4725,240.0297,9.2548,-0.17049,0.083031,2.8303,89.9906,0.055176,4.5642,5.5881,-6.4585,-28.1705,-0.0014714,-1.5266,0.12427,4.3825e-07,0.033376,0,85.6525,0.16284,0.90849,481.8005,1436.311
26.099,10343.8301,38.4725,240.0297,9.2548,-0.17049,0.083031,2.8303,89.9906,0.055176,4.5642,5.5881,-6.4585,-28.1705,-0.0014714,-1.5266,0.12427,4.3825e-07,0.033376,0,85.6525,0.16281,0.90082,481.8005,1436.311
26.099,10343.8301,38.4725,240.0297,9.2548,-0.17049,0.083031,2.8303,89.9906,0.055176,4.5642,5.5881,-6.4585,-28.1705,-0.0014714,-1.5266,0.12427,4.3825e-07,0.033376,0,85.6525,0.16281,0.90082,481.8005,1436.311
26.0999,10344.1507,38.4778,240.0292,9.2534,-0.17132,0.10662,2.1111,89.991,0.11522,4.5621,5.6376,-6.1068,-28.2513,-0.0013156,-1.4951,0.11587,4.3815e-07,0.033387,0,85.7997,0.16273,0.93626,481.7994,1436.2931
26.1008,10344.1507,38.4778,240.0292,9.2534,-0.17132,0.10662,2.1111,89.991,0.11522,4.5621,5.6376,-6.1068,-28.2513,-0.0013156,-1.4951,0.11587,4.3815e-07,0.033387,0,85.7997,0.16271,0.9298,481.7994,1436.2931
26.1025,10344.1507,38.4778,240.0292,9.2534,-0.17132,0.10662,2.1111,89.991,0.11522,4.5621,5.6376,-6.1068,-28.2513,-0.0013156,-1.4951,0.11587,4.3815e-07,0.033387,0,85.7997,0.16267,0.91844,481.7994,1436.2931
26.106,10344.1507,38.4778,240.0292,9.2534,-0.17132,0.10662,2.1111,89.991,0.11522,4.5621,5.6376,-6.1068,-28.2513,-0.0013156,-1.4951,0.11587,4.3815e-07,0.033387,0,85.7997,0.1626,0.9009,481.7994,1436.2931
26.1082,10344.4713,38.4831,240.0288,9.2519,-0.17211,0.12421,1.4062,89.992,0.17121,4.5601,5.6632,-6.3471,-28.3367,-0.0011295,-1.4619,0.095096,4.3805e-07,0.033398,0,85.9469,0.16255,0.91632,481.7982,1436.2752
26.1166,10344.7921,38.4883,240.0287,9.2505,-0.17279,0.13593,0.7156,89.9934,0.21718,4.558,5.6584,-7.3435,-28.4267,-0.00098298,-1.4282,0.068692,4.3793e-07,0.033408,0,86.0941,0.16246,0.89231,481.7971,1436.2573
26.1249,10345.1128,38.4936,240.0288,9.2491,-0.17336,0.14189,0.039009,89.9952,0.25038,4.556,5.6405,-8.6863,-28.5138,-0.00088066,-1.3948,0.039808,4.3781e-07,0.033419,0,86.2414,0.16248,0.86636,481.796,1436.2394
26.1332,10345.4336,38.4988,240.0291,9.2477,-0.17383,0.14222,-0.62387,89.9973,0.26964,4.5539,5.6173,-10.1845,-28.596,-0.00083791,-1.362,0.010539,4.3767e-07,0.03343,0,86.3887,0.1626,0.83941,481.7948,1436.2214
26.1416,10345.7545,38.504,240.0297,9.2462,-0.17422,0.13702,-1.2733,89.9996,0.27475,4.5519,5.5942,-11.7111,-28.671,-0.00084945,-1.3301,-0.017322,4.3752e-07,0.03344,0,86.536,0.1628,0.81188,481.7937,1436.2035
26.1499,10346.0753,38.5092,240.0304,9.2448,-0.17455,0.12641,-1.9098,90.0019,0.2664,4.5499,5.5755,-13.1572,-28.7381,-0.00090468,-1.2994,-0.042575,4.3736e-07,0.033451,0,86.6834,0.16306,0.78398,481.7925,1436.1856
26.1582,10346.3963,38.5144,240.0314,9.2433,-0.17487,0.11049,-2.5335,90.0041,0.24586,4.5478,5.5639,-14.4497,-28.7972,-0.00098576,-1.27,-0.064512,4.3719e-07,0.033462,0,86.8309,0.16333,0.7558,481.7914,1436.1677
26.1666,10346.7173,38.5196,240.0327,9.2419,-0.17521,0.089378,-3.1449,90.0061,0.21472,4.5458,5.5609,-15.5456,-28.8487,-0.0011174,-1.2419,-0.082795,4.3701e-07,0.033473,0,86.477,0.16358,0.72736,481.7902,1436.1498
26.1721,10346.7173,38.5196,240.0327,9.2419,-0.17521,0.089378,-3.1449,90.0061,0.21472,4.5458,5.5609,-15.5456,-28.8487,-0.0011174,-1.2419,-0.082795,4.3701e-07,0.033473,0,86.477,0.16347,0.78217,481.7902,1436.1498
26.1721,10346.7173,38.5196,240.0327,9.2419,-0.17521,0.089378,-3.1449,90.0061,0.21472,4.5458,5.5609,-15.5456,-28.8487,-0.0011174,-1.2419,-0.082795,4.3701e-07,0.033473,0,86.477,0.16347,0.78217,481.7902,1436.1498
26.1749,10347.0383,38.5244,240.0328,9.2404,-0.1756,0.06317,-3.7443,90.0079,0.17475,4.5438,5.3615,-16.4243,-28.8909,-0.0012401,-1.1967,-0.097375,4.3682e-07,0.033483,0,86.1233,0.1637,0.79243,481.7891,1436.1319
26.1777,10347.0383,38.5244,240.0328,9.2404,-0.1756,0.06317,-3.7443,90.0079,0.17475,4.5438,5.3615,-16.4243,-28.8909,-0.0012401,-1.1967,-0.097375,4.3682e-07,0.033483,0,86.1233,0.16364,0.80832,481.7891,1436.1319
26.1832,10347.3593,38.5289,240.0322,9.239,-0.17607,0.031968,-4.3232,90.0094,0.12775,4.5418,5.1724,-16.9156,-28.9735,-0.0013249,-0.18667,-0.10842,4.3662e-07,0.033494,0,85.77,0.16368,0.86651,481.788,1436.114
26.1916,10347.6804,38.5332,240.0311,9.2375,-0.17663,-0.0040587,-4.4208,90.0104,0.075418,4.5398,4.993,-8.435,-31.4788,-0.0012605,1.5104,-0.11619,4.3641e-07,0.033505,0,85.4704,0.16352,0.94426,481.7868,1436.096
26.1999,10348.0015,38.5376,240.0305,9.2361,-0.17722,-0.040898,-3.7086,90.0111,0.019334,4.5378,5.0199,6.4778,-35.7281,-0.0011074,1.5624,-0.12114,4.3621e-07,0.033515,0,85.6175,0.16335,0.93329,481.7857,1436.0781
26.2013,10348.0015,38.5376,240.0305,9.2361,-0.17722,-0.040898,-3.7086,90.0111,0.019334,4.5378,5.0199,6.4778,-35.7281,-0.0011074,1.5624,-0.12114,4.3621e-07,0.033515,0,85.6175,0.16333,0.92348,481.7857,1436.0781
26.2013,10348.0015,38.5376,240.0305,9.2361,-0.17722,-0.040898,-3.7086,90.0111,0.019334,4.5378,5.0199,6.4778,-35.7281,-0.0011074,1.5624,-0.12114,4.3621e-07,0.033515,0,85.6175,0.16333,0.92348,481.7857,1436.0781
26.2082,10348.3227,38.5419,240.0302,9.2346,-0.17781,-0.071803,-2.972,90.0112,-0.039161,4.5358,5.0537,6.6373,-35.8685,-0.0009103,1.5323,-0.12356,4.36e-07,0.033526,0,85.7647,0.16318,0.91357,481.7845,1436.0602
26.2141,10348.3227,38.5419,240.0302,9.2346,-0.17781,-0.071803,-2.972,90.0112,-0.039161,4.5358,5.0537,6.6373,-35.8685,-0.0009103,1.5323,-0.12356,4.36e-07,0.033526,0,85.7647,0.16307,0.88881,481.7845,1436.0602
26.2141,10348.3227,38.5419,240.0302,9.2346,-0.17781,-0.071803,-2.972,90.0112,-0.039161,4.5358,5.0537,6.6373,-35.8685,-0.0009103,1.5323,-0.12356,4.36e-07,0.033526,0,85.7647,0.16307,0.88881,481.7845,1436.0602
26.2166,10348.6439,38.5463,240.0301,9.2331,-0.17836,-0.096569,-2.2499,90.0109,-0.098849,4.5338,5.0939,6.2104,-35.8046,-0.00073547,1.5014,-0.11842,4.358e-07,0.033537,0,85.9119,0.16305,0.88981,481.7834,1436.0423
26.219,10348.6439,38.5463,240.0301,9.2331,-0.17836,-0.096569,-2.2499,90.0109,-0.098849,4.5338,5.0939,6.2104,-35.8046,-0.00073547,1.5014,-0.11842,4.358e-07,0.033537,0,85.9119,0.163,0.88286,481.7834,1436.0423
26.2239,10348.6439,38.5463,240.0301,9.2331,-0.17836,-0.096569,-2.2499,90.0109,-0.098849,4.5338,5.0939,6.2104,-35.8046,-0.00073547,1.5014,-0.11842,4.358e-07,0.033537,0,85.9119,0.16291,0.87316,481.7834,1436.0423
26.2249,10348.9651,38.5506,240.0302,9.2317,-0.17886,-0.11532,-1.5423,90.0101,-0.15607,4.5319,5.1539,6.2482,-35.7356,-0.00058996,1.4684,-0.099788,4.3561e-07,0.033547,0,86.0592,0.16297,0.8641,481.7822,1436.0243
26.2297,10348.9651,38.5506,240.0302,9.2317,-0.17886,-0.11532,-1.5423,90.0101,-0.15607,4.5319,5.1539,6.2482,-35.7356,-0.00058996,1.4684,-0.099788,4.3561e-07,0.033547,0,86.0592,0.16288,0.86167,481.7822,1436.0243
26.2332,10349.2864,38.5549,240.0305,9.2302,-0.17928,-0.12817,-0.84886,90.0088,-0.20429,4.5299,5.2486,7.1109,-35.6586,-0.00049098,1.4349,-0.074483,4.3542e-07,0.033558,0,86.2065,0.16296,0.83735,481.7811,1436.0064
26.2416,10349.6077,38.5592,240.0311,9.2287,-0.17963,-0.13524,-0.16953,90.0071,-0.2403,4.5279,5.3609,8.3852,-35.5758,-0.00043887,1.4014,-0.046168,4.3525e-07,0.033569,0,86.3538,0.16302,0.80998,481.7799,1435.9885
26.2499,10349.9291,38.5635,240.0318,9.2272,-0.17989,-0.13666,0.49603,90.0051,-0.26262,4.5259,5.4818,9.8483,-35.4888,-0.00043506,1.3685,-0.016997,4.3509e-07,0.033579,0,86.5012,0.16317,0.78217,481.7788,1435.9705
26.2582,10350.2504,38.5679,240.0328,9.2257,-0.1801,-0.13252,1.1481,90.0029,-0.27086,4.524,5.6057,11.3697,-35.3982,-0.0004756,1.3365,0.011119,4.3494e-07,0.03359,0,86.6486,0.16337,0.75402,481.7777,1435.9526
26.2666,10350.5719,38.5721,240.034,9.2242,-0.18027,-0.12296,1.7871,90.0006,-0.26551,4.522,5.7176,12.8331,-35.3049,-0.00059087,1.3056,0.036866,4.348e-07,0.033601,0,86.2947,0.1636,0.73018,481.7765,1435.9347
26.2749,10350.8933,38.576,240.0341,9.2227,-0.18045,-0.10806,2.4133,89.9984,-0.24773,4.5201,5.6287,14.1587,-35.2072,-0.00073357,1.2759,0.059445,4.3467e-07,0.033612,0,85.9411,0.16375,0.7956,481.7754,1435.9167
26.2832,10351.2148,38.5796,240.0335,9.2212,-0.18068,-0.087953,3.0271,89.9963,-0.21904,4.5182,5.5343,15.2977,-35.1079,-0.00087437,1.2475,0.078444,4.3455e-07,0.033622,0,85.5879,0.1638,0.86946,481.7742,1435.8988
26.2867,10351.2148,38.5796,240.0335,9.2212,-0.18068,-0.087953,3.0271,89.9963,-0.21904,4.5182,5.5343,15.2977,-35.1079,-0.00087437,1.2475,0.078444,4.3455e-07,0.033622,0,85.5879,0.16373,0.86543,481.7742,1435.8988
26.2867,10351.2148,38.5796,240.0335,9.2212,-0.18068,-0.087953,3.0271,89.9963,-0.21904,4.5182,5.5343,15.2977,-35.1079,-0.00087437,1.2475,0.078444,4.3455e-07,0.033622,0,85.5879,0.16373,0.86543,481.7742,1435.8988
26.2916,10351.5363,38.583,240.0323,9.2198,-0.18096,-0.062727,3.6288,89.9945,-0.18118,4.5163,5.433,16.2248,-35.009,-0.00090165,1.2204,0.093754,4.3444e-07,0.033633,0,85.692,0.16373,0.94648,481.7731,1435.8808
26.2964,10351.5363,38.583,240.0323,9.2198,-0.18096,-0.062727,3.6288,89.9945,-0.18118,4.5163,5.433,16.2248,-35.009,-0.00090165,1.2204,0.093754,4.3444e-07,0.033633,0,85.692,0.16365,0.91174,481.7731,1435.8808
26.298,10351.5363,38.583,240.0323,9.2198,-0.18096,-0.062727,3.6288,89.9945,-0.18118,4.5163,5.433,16.2248,-35.009,-0.00090165,1.2204,0.093754,4.3444e-07,0.033633,0,85.692,0.16362,0.90348,481.7731,1435.8808
26.298,10351.5363,38.583,240.0323,9.2198,-0.18096,-0.062727,3.6288,89.9945,-0.18118,4.5163,5.433,16.2248,-35.009,-0.00090165,1.2204,0.093754,4.3444e-07,0.033633,0,85.692,0.16362,0.90348,481.7731,1435.8808
26.2999,10351.8578,38.5864,240.0317,9.2183,-0.18127,-0.032487,4.2188,89.993,-0.13593,4.5143,5.5202,16.9334,-34.9167,-0.0008396,0.50911,0.1055,4.3434e-07,0.033644,0,85.8391,0.16367,0.93497,481.7719,1435.8629
26.3018,10351.8578,38.5864,240.0317,9.2183,-0.18127,-0.032487,4.2188,89.993,-0.13593,4.5143,5.5202,16.9334,-34.9167,-0.0008396,0.50911,0.1055,4.3434e-07,0.033644,0,85.8391,0.16364,0.92167,481.7719,1435.8629
26.3055,10351.8578,38.5864,240.0317,9.2183,-0.18127,-0.032487,4.2188,89.993,-0.13593,4.5143,5.5202,16.9334,-34.9167,-0.0008396,0.50911,0.1055,4.3434e-07,0.033644,0,85.8391,0.16357,0.90143,481.7719,1435.8629
26.3065,10351.8578,38.5864,240.0317,9.2183,-0.18127,-0.032487,4.2188,89.993,-0.13593,4.5143,5.5202,16.9334,-34.9167,-0.0008396,0.50911,0.1055,4.3434e-07,0.033644,0,85.8391,0.16355,0.89713,481.7719,1435.8629
26.3065,10351.8578,38.5864,240.0317,9.2183,-0.18127,-0.032487,4.2188,89.993,-0.13593,4.5143,5.5202,16.9334,-34.9167,-0.0008396,0.50911,0.1055,4.3434e-07,0.033644,0,85.8391,0.16355,0.89713,481.7719,1435.8629
26.3082,10352.1794,38.5899,240.0314,9.2168,-0.18159,0.002669,4.47,89.9919,-0.085011,4.5124,5.5965,11.2093,-33.1243,-0.00068851,-1.1801,0.11392,4.3424e-07,0.033654,0,85.9862,0.16359,0.91528,481.7708,1435.8449
26.31,10352.1794,38.5899,240.0314,9.2168,-0.18159,0.002669,4.47,89.9919,-0.085011,4.5124,5.5965,11.2093,-33.1243,-0.00068851,-1.1801,0.11392,4.3424e-07,0.033654,0,85.9862,0.16356,0.90585,481.7708,1435.8449
26.3135,10352.1794,38.5899,240.0314,9.2168,-0.18159,0.002669,4.47,89.9919,-0.085011,4.5124,5.5965,11.2093,-33.1243,-0.00068851,-1.1801,0.11392,4.3424e-07,0.033654,0,85.9862,0.1635,0.8913,481.7708,1435.8449
26.3166,10352.501,38.5934,240.0313,9.2153,-0.1819,0.039919,3.9154,89.9912,-0.030033,4.5105,5.6636,-3.5996,-28.9099,-0.00051675,-1.5705,0.11945,4.3414e-07,0.033665,0,86.1334,0.16352,0.89168,481.7696,1435.827
26.3171,10352.501,38.5934,240.0313,9.2153,-0.1819,0.039919,3.9154,89.9912,-0.030033,4.5105,5.6636,-3.5996,-28.9099,-0.00051675,-1.5705,0.11945,4.3414e-07,0.033665,0,86.1334,0.16351,0.88975,481.7696,1435.827
26.3171,10352.501,38.5934,240.0313,9.2153,-0.1819,0.039919,3.9154,89.9912,-0.030033,4.5105,5.6636,-3.5996,-28.9099,-0.00051675,-1.5705,0.11945,4.3414e-07,0.033665,0,86.1334,0.16351,0.88975,481.7696,1435.827
26.3249,10352.8226,38.5968,240.0313,9.2137,-0.1822,0.072546,3.1747,89.9909,0.027636,4.5086,5.7236,-6.8023,-27.9465,-0.00035949,-1.5404,0.12246,4.3405e-07,0.033676,0,86.2807,0.16346,0.86624,481.7685,1435.8091
26.3297,10352.8226,38.5968,240.0313,9.2137,-0.1822,0.072546,3.1747,89.9909,0.027636,4.5086,5.7236,-6.8023,-27.9465,-0.00035949,-1.5404,0.12246,4.3405e-07,0.033676,0,86.2807,0.16337,0.86253,481.7685,1435.8091
26.3297,10352.8226,38.5968,240.0313,9.2137,-0.1822,0.072546,3.1747,89.9909,0.027636,4.5086,5.7236,-6.8023,-27.9465,-0.00035949,-1.5404,0.12246,4.3405e-07,0.033676,0,86.2807,0.16337,0.86253,481.7685,1435.8091
26.3332,10353.1443,38.6002,240.0316,9.2122,-0.18249,0.099002,2.4487,89.9911,0.086782,4.5067,5.7781,-6.3447,-28.0317,-0.00023317,-1.5098,0.11958,4.3394e-07,0.033686,0,86.428,0.16341,0.83979,481.7674,1435.7911
26.3367,10353.1443,38.6002,240.0316,9.2122,-0.18249,0.099002,2.4487,89.9911,0.086782,4.5067,5.7781,-6.3447,-28.0317,-0.00023317,-1.5098,0.11958,4.3394e-07,0.033686,0,86.428,0.16335,0.8447,481.7674,1435.7911
26.3416,10353.466,38.6037,240.0321,9.2107,-0.18275,0.11941,1.7371,89.9919,0.14455,4.5048,5.8186,-6.2484,-28.115,-0.0001397,-1.4773,0.10405,4.3383e-07,0.033697,0,86.5753,0.16339,0.81271,481.7662,1435.7732
26.3499,10353.7877,38.6071,240.0329,9.2092,-0.18297,0.13388,1.0398,89.9931,0.19483,4.5029,5.8284,-6.9242,-28.1996,-8.2244e-05,-1.4438,0.080228,4.3371e-07,0.033708,0,86.7227,0.16341,0.78515,481.7651,1435.7552
26.3582,10354.1094,38.6105,240.0338,9.2077,-0.18313,0.14255,0.35659,89.9947,0.23361,4.501,5.8184,-8.108,-28.283,-5.9229e-05,-1.4104,0.052693,4.3359e-07,0.033718,0,86.8701,0.16348,0.75721,481.7639,1435.7372
26.3666,10354.4312,38.6139,240.035,9.2062,-0.18323,0.14552,-0.31274,89.9966,0.25908,4.4991,5.8001,-9.5221,-28.3628,-0.00011586,-1.3773,0.023812,4.3344e-07,0.033729,0,86.5162,0.16361,0.72892,481.7628,1435.7193
26.3749,10354.753,38.6169,240.0351,9.2047,-0.18331,0.14291,-0.96852,89.9988,0.27061,4.4973,5.5737,-11.0228,-28.4346,-0.00021585,-1.3451,-0.0044639,4.3329e-07,0.03374,0,86.1626,0.16369,0.79391,481.7616,1435.7013
26.3832,10355.0748,38.6197,240.0346,9.2032,-0.18337,0.13484,-1.6111,90.0011,0.26847,4.4954,5.3517,-12.4916,-28.4993,-0.00034204,-1.3139,-0.030671,4.3313e-07,0.033751,0,85.8094,0.16373,0.86756,481.7605,1435.6834
26.3916,10355.3966,38.6222,240.0334,9.2016,-0.18344,0.12142,-2.2408,90.0033,0.25368,4.4936,5.1374,-13.8397,-28.5571,-0.00038932,-1.2839,-0.053897,4.3295e-07,0.033761,0,85.5736,0.16371,0.94447,481.7593,1435.6654
26.3999,10355.7185,38.6248,240.0328,9.2001,-0.1835,0.10274,-2.858,90.0054,0.22768,4.4918,5.1291,-15.0114,-28.6136,-0.00038893,-1.2552,-0.073648,4.3276e-07,0.033772,0,85.7207,0.16373,0.93273,481.7582,1435.6475
26.4003,10355.7185,38.6248,240.0328,9.2001,-0.1835,0.10274,-2.858,90.0054,0.22768,4.4918,5.1291,-15.0114,-28.6136,-0.00038893,-1.2552,-0.073648,4.3276e-07,0.033772,0,85.7207,0.16372,0.92942,481.7582,1435.6475
26.4003,10355.7185,38.6248,240.0328,9.2001,-0.1835,0.10274,-2.858,90.0054,0.22768,4.4918,5.1291,-15.0114,-28.6136,-0.00038893,-1.2552,-0.073648,4.3276e-07,0.033772,0,85.7207,0.16372,0.92942,481.7582,1435.6475
26.4082,10356.0404,38.6274,240.0325,9.1986,-0.18354,0.078927,-3.463,90.0073,0.19213,4.49,5.1292,-15.9769,-28.6667,-0.00033695,-1.2278,-0.089749,4.3256e-07,0.033783,0,85.8678,0.16376,0.9123,481.757,1435.6295
26.4115,10356.0404,38.6274,240.0325,9.1986,-0.18354,0.078927,-3.463,90.0073,0.19213,4.49,5.1292,-15.9769,-28.6667,-0.00033695,-1.2278,-0.089749,4.3256e-07,0.033783,0,85.8678,0.1637,0.89649,481.757,1435.6295
26.4115,10356.0404,38.6274,240.0325,9.1986,-0.18354,0.078927,-3.463,90.0073,0.19213,4.49,5.1292,-15.9769,-28.6667,-0.00033695,-1.2278,-0.089749,4.3256e-07,0.033783,0,85.8678,0.1637,0.89649,481.757,1435.6295
26.4166,10356.3623,38.63,240.0324,9.1971,-0.18357,0.05007,-4.0561,90.0089,0.14882,4.4882,5.1382,-16.7254,-28.7165,-0.00027013,-0.95324,-0.10227,4.3235e-07,0.033793,0,86.015,0.1638,0.8879,481.7559,1435.6115
26.4205,10356.3623,38.63,240.0324,9.1971,-0.18357,0.05007,-4.0561,90.0089,0.14882,4.4882,5.1382,-16.7254,-28.7165,-0.00027013,-0.95324,-0.10227,4.3235e-07,0.033793,0,86.015,0.16374,0.87732,481.7559,1435.6115
26.4205,10356.3623,38.63,240.0324,9.1971,-0.18357,0.05007,-4.0561,90.0089,0.14882,4.4882,5.1382,-16.7254,-28.7165,-0.00027013,-0.95324,-0.10227,4.3235e-07,0.033793,0,86.015,0.16374,0.87732,481.7559,1435.6115
26.4249,10356.6842,38.6326,240.0325,9.1956,-0.1836,0.016269,-4.5191,90.0102,0.099467,4.4864,5.1544,-15.0078,-29.3851,-0.000183,0.72697,-0.11145,4.3213e-07,0.033804,0,86.1622,0.16385,0.86239,481.7547,1435.5936
26.4293,10356.6842,38.6326,240.0325,9.1956,-0.1836,0.016269,-4.5191,90.0102,0.099467,4.4864,5.1544,-15.0078,-29.3851,-0.000183,0.72697,-0.11145,4.3213e-07,0.033804,0,86.1622,0.16378,0.85988,481.7547,1435.5936
26.4332,10357.0061,38.6352,240.0328,9.194,-0.18364,-0.02139,-4.1806,90.011,0.045687,4.4846,5.1788,-0.33318,-33.5866,-7.3362e-05,1.581,-0.1176,4.3192e-07,0.033815,0,86.3095,0.16388,0.83604,481.7536,1435.5756
26.4416,10357.3281,38.6378,240.0333,9.1925,-0.1837,-0.056229,-3.4348,90.0114,-0.011075,4.4827,5.2108,7.0301,-35.7322,2.5412e-05,1.5509,-0.12119,4.317e-07,0.033825,0,86.4568,0.16389,0.80917,481.7524,1435.5576
26.445,10357.3281,38.6378,240.0333,9.1925,-0.1837,-0.056229,-3.4348,90.0114,-0.011075,4.4827,5.2108,7.0301,-35.7322,2.5412e-05,1.5509,-0.12119,4.317e-07,0.033825,0,86.4568,0.16384,0.82246,481.7524,1435.5576
26.445,10357.3281,38.6378,240.0333,9.1925,-0.1837,-0.056229,-3.4348,90.0114,-0.011075,4.4827,5.2108,7.0301,-35.7322,2.5412e-05,1.5509,-0.12119,4.317e-07,0.033825,0,86.4568,0.16384,0.82246,481.7524,1435.5576
26.4499,10357.6501,38.6404,240.0341,9.191,-0.18378,-0.084852,-2.7037,90.0113,-0.069594,4.4809,5.2498,6.5296,-35.665,0.0001045,1.5206,-0.12123,4.3148e-07,0.033836,0,86.6042,0.16389,0.7819,481.7513,1435.5397
26.4548,10357.6501,38.6404,240.0341,9.191,-0.18378,-0.084852,-2.7037,90.0113,-0.069594,4.4809,5.2498,6.5296,-35.665,0.0001045,1.5206,-0.12123,4.3148e-07,0.033836,0,86.6042,0.16381,0.80993,481.7513,1435.5397
26.4582,10357.9721,38.643,240.035,9.1895,-0.18387,-0.10738,-1.987,90.0107,-0.12815,4.4791,5.2984,6.249,-35.5945,0.00016337,1.4887,-0.10976,4.3127e-07,0.033847,0,86.6417,0.16388,0.75422,481.7502,1435.5217
26.4666,10358.2942,38.6456,240.0362,9.188,-0.18394,-0.12394,-1.2846,90.0096,-0.18118,4.4773,5.3658,6.6738,-35.5173,0.00015873,1.4554,-0.087872,4.3107e-07,0.033858,0,86.2879,0.16388,0.73107,481.749,1435.5037
26.4749,10358.6162,38.6477,240.0362,9.1864,-0.18399,-0.13465,-0.5965,90.0081,-0.22365,4.4756,5.2655,7.7365,-35.4314,0.00012234,1.4219,-0.061294,4.3088e-07,0.033868,0,85.9344,0.16382,0.79667,481.7479,1435.4858
26.4832,10358.9383,38.6497,240.0356,9.1849,-0.18403,-0.13962,0.077666,90.0063,-0.25328,4.4738,5.1799,9.0904,-35.341,6.408e-05,1.3886,-0.032732,4.307e-07,0.033879,0,85.5811,0.16372,0.87059,481.7467,1435.4678
26.4916,10359.2604,38.6513,240.0344,9.1834,-0.18403,-0.13897,0.73817,90.0041,-0.26911,4.4721,5.102,10.5708,-35.2479,7.2806e-05,1.3561,-0.0042043,4.3053e-07,0.03389,0,85.7282,0.16361,0.94757,481.7456,1435.4498
26.4999,10359.5825,38.6531,240.0338,9.1819,-0.18397,-0.13282,1.3853,90.0019,-0.27116,4.4704,5.2227,12.0553,-35.158,0.00010666,1.3245,0.022647,4.3037e-07,0.0339,0,85.8752,0.16358,0.93591,481.7444,1435.4319
26.5082,10359.9046,38.6548,240.0334,9.1804,-0.18384,-0.12127,2.0195,89.9996,-0.26025,4.4687,5.3394,13.4441,-35.0696,0.00016095,1.2942,0.046762,4.3022e-07,0.033911,0,86.0223,0.16362,0.91553,481.7433,1435.4139
26.5166,10360.2267,38.6566,240.0333,9.1788,-0.18365,-0.10444,2.641,89.9975,-0.23769,4.467,5.4494,14.6728,-34.9825,0.00018449,1.2651,0.067534,4.3009e-07,0.033922,0,86.1695,0.16372,0.89119,481.7421,1435.3959
26.5249,10360.5489,38.6584,240.0334,9.1773,-0.18343,-0.082436,3.2503,89.9955,-0.2051,4.4653,5.5515,15.7042,-34.894,0.00019243,1.2373,0.084697,4.2996e-07,0.033932,0,86.3167,0.16386,0.86502,481.741,1435.3779
26.5332,10360.5489,38.6584,240.0334,9.1773,-0.18343,-0.082436,3.2503,89.9955,-0.2051,4.4653,5.5515,15.7042,-34.894,0.00019243,1.2373,0.084697,4.2996e-07,0.033932,0,86.3167,0.16372,0.85888,481.741,1435.3779
26.5332,10360.5489,38.6584,240.0334,9.1773,-0.18343,-0.082436,3.2503,89.9955,-0.2051,4.4653,5.5515,15.7042,-34.894,0.00019243,1.2373,0.084697,4.2996e-07,0.033932,0,86.3167,0.16372,0.85888,481.741,1435.3779
26.5332,10360.871,38.6602,240.0337,9.1758,-0.1832,-0.05535,3.8476,89.9938,-0.16422,4.4635,5.6447,16.522,-34.805,0.00019745,1.1345,0.098253,4.2985e-07,0.033943,0,86.464,0.164,0.83793,481.7398,1435.36
26.5332,10360.871,38.6602,240.0337,9.1758,-0.1832,-0.05535,3.8476,89.9938,-0.16422,4.4635,5.6447,16.522,-34.805,0.00019745,1.1345,0.098253,4.2985e-07,0.033943,0,86.464,0.164,0.83794,481.7398,1435.36
26.5332,10360.871,38.6602,240.0337,9.1758,-0.1832,-0.05535,3.8476,89.9938,-0.16422,4.4635,5.6447,16.522,-34.805,0.00019745,1.1345,0.098253,4.2985e-07,0.033943,0,86.464,0.164,0.83796,481.7398,1435.36
26.5333,10360.871,38.6602,240.0337,9.1758,-0.1832,-0.05535,3.8476,89.9938,-0.16422,4.4635,5.6447,16.522,-34.805,0.00019745,1.1345,0.098253,4.2985e-07,0.033943,0,86.464,0.164,0.83799,481.7398,1435.36
26.5333,10360.871,38.6602,240.0337,9.1758,-0.1832,-0.05535,3.8476,89.9938,-0.16422,4.4635,5.6447,16.522,-34.805,0.00019745,1.1345,0.098253,4.2985e-07,0.033943,0,86.464,0.164,0.83806,481.7398,1435.36
26.5334,10360.871,38.6602,240.0337,9.1758,-0.1832,-0.05535,3.8476,89.9938,-0.16422,4.4635,5.6447,16.522,-34.805,0.00019745,1.1345,0.098253,4.2985e-07,0.033943,0,86.464,0.164,0.83819,481.7398,1435.36
26.5336,10360.871,38.6602,240.0337,9.1758,-0.1832,-0.05535,3.8476,89.9938,-0.16422,4.4635,5.6447,16.522,-34.805,0.00019745,1.1345,0.098253,4.2985e-07,0.033943,0,86.464,0.16399,0.83845,481.7398,1435.36
26.5339,10360.871,38.6602,240.0337,9.1758,-0.1832,-0.05535,3.8476,89.9938,-0.16422,4.4635,5.6447,16.522,-34.805,0.00019745,1.1345,0.098253,4.2985e-07,0.033943,0,86.464,0.16399,0.83896,481.7398,1435.36
26.5343,10360.871,38.6602,240.0337,9.1758,-0.1832,-0.05535,3.8476,89.9938,-0.16422,4.4635,5.6447,16.522,-34.805,0.00019745,1.1345,0.098253,4.2985e-07,0.033943,0,86.464,0.16398,0.83964,481.7398,1435.36
26.5343,10360.871,38.6602,240.0337,9.1758,-0.1832,-0.05535,3.8476,89.9938,-0.16422,4.4635,5.6447,16.522,-34.805,0.00019745,1.1345,0.098253,4.2985e-07,0.033943,0,86.464,0.16398,0.83964,481.7398,1435.36
26.535,10360.871,38.6602,240.0337,9.1758,-0.1832,-0.05535,3.8476,89.9938,-0.16422,4.4635,5.6447,16.522,-34.805,0.00019745,1.1345,0.098253,4.2985e-07,0.033943,0,86.464,0.16397,0.84056,481.7398,1435.36
26.5357,10360.871,38.6602,240.0337,9.1758,-0.1832,-0.05535,3.8476,89.9938,-0.16422,4.4635,5.6447,16.522,-34.805,0.00019745,1.1345,0.098253,4.2985e-07,0.033943,0,86.464,0.16396,0.84142,481.7398,1435.36
26.537,10360.871,38.6602,240.0337,9.1758,-0.1832,-0.05535,3.8476,89.9938,-0.16422,4.4635,5.6447,16.522,-34.805,0.00019745,1.1345,0.098253,4.2985e-07,0.033943,0,86.464,0.16394,0.84298,481.7398,1435.36
26.5397,10360.871,38.6602,240.0337,9.1758,-0.1832,-0.05535,3.8476,89.9938,-0.16422,4.4635,5.6447,16.522,-34.805,0.00019745,1.1345,0.098253,4.2985e-07,0.033943,0,86.464,0.16389,0.84553,481.7398,1435.36
26.5416,10361.1932,38.6619,240.0342,9.1743,-0.183,-0.023287,4.3968,89.9924,-0.11681,4.4618,5.7279,16.4341,-34.5264,0.00021528,-0.16162,0.1084,4.2974e-07,0.033954,0,86.6113,0.16412,0.81079,481.7387,1435.342
26.5488,10361.1932,38.6619,240.0342,9.1743,-0.183,-0.023287,4.3968,89.9924,-0.11681,4.4618,5.7279,16.4341,-34.5264,0.00021528,-0.16162,0.1084,4.2974e-07,0.033954,0,86.6113,0.164,0.83281,481.7387,1435.342
26.5499,10361.5154,38.6637,240.0349,9.1728,-0.18283,0.013352,4.328,89.9914,-0.064508,4.4601,5.8017,5.3016,-31.2776,0.00026571,-1.5867,0.11545,4.2963e-07,0.033964,0,86.7586,0.1642,0.78359,481.7375,1435.324
26.5555,10361.5154,38.6637,240.0349,9.1728,-0.18283,0.013352,4.328,89.9914,-0.064508,4.4601,5.8017,5.3016,-31.2776,0.00026571,-1.5867,0.11545,4.2963e-07,0.033964,0,86.7586,0.16411,0.81346,481.7375,1435.324
26.5582,10361.8376,38.6655,240.0359,9.1713,-0.18271,0.049419,3.5793,89.9909,-0.008794,4.4584,5.8674,-7.1967,-27.7229,0.00032897,-1.5567,0.11976,4.2953e-07,0.033975,0,86.7554,0.16424,0.75614,481.7364,1435.306
26.5602,10361.8376,38.6655,240.0359,9.1713,-0.18271,0.049419,3.5793,89.9909,-0.008794,4.4584,5.8674,-7.1967,-27.7229,0.00032897,-1.5567,0.11976,4.2953e-07,0.033975,0,86.7554,0.16421,0.7734,481.7364,1435.306
26.5602,10361.8376,38.6655,240.0359,9.1713,-0.18271,0.049419,3.5793,89.9909,-0.008794,4.4584,5.8674,-7.1967,-27.7229,0.00032897,-1.5567,0.11976,4.2953e-07,0.033975,0,86.7554,0.16421,0.7734,481.7364,1435.306
26.5666,10362.1598,38.6674,240.037,9.1697,-0.18263,0.079246,2.8452,89.9908,0.049026,4.4567,5.9266,-6.659,-27.805,0.00034057,-1.5266,0.12137,4.2942e-07,0.033986,0,86.4016,0.16425,0.7284,481.7352,1435.2881
26.5729,10362.1598,38.6674,240.037,9.1697,-0.18263,0.079246,2.8452,89.9908,0.049026,4.4567,5.9266,-6.659,-27.805,0.00034057,-1.5266,0.12137,4.2942e-07,0.033986,0,86.4016,0.16415,0.78663,481.7352,1435.2881
26.5732,10362.1598,38.6674,240.037,9.1697,-0.18263,0.079246,2.8452,89.9908,0.049026,4.4567,5.9266,-6.659,-27.805,0.00034057,-1.5266,0.12137,4.2942e-07,0.033986,0,86.4016,0.16414,0.78831,481.7352,1435.2881
26.5732,10362.1598,38.6674,240.037,9.1697,-0.18263,0.079246,2.8452,89.9908,0.049026,4.4567,5.9266,-6.659,-27.805,0.00034057,-1.5266,0.12137,4.2942e-07,0.033986,0,86.4016,0.16414,0.78831,481.7352,1435.2881
26.5749,10362.482,38.6688,240.0371,9.1682,-0.18259,0.10296,2.1257,89.9912,0.10765,4.4551,5.7745,-6.2877,-27.8822,0.00033619,-1.4953,0.11393,4.2931e-07,0.033997,0,86.0481,0.16413,0.79375,481.7341,1435.2701
26.5766,10362.482,38.6688,240.0371,9.1682,-0.18259,0.10296,2.1257,89.9912,0.10765,4.4551,5.7745,-6.2877,-27.8822,0.00033619,-1.4953,0.11393,4.2931e-07,0.033997,0,86.0481,0.1641,0.80289,481.7341,1435.2701
26.58,10362.482,38.6688,240.0371,9.1682,-0.18259,0.10296,2.1257,89.9912,0.10765,4.4551,5.7745,-6.2877,-27.8822,0.00033619,-1.4953,0.11393,4.2931e-07,0.033997,0,86.0481,0.16405,0.81708,481.7341,1435.2701
26.5832,10362.8043,38.6699,240.0365,9.1667,-0.18258,0.12067,1.4205,89.9921,0.16269,4.4534,5.6025,-6.4702,-27.9597,0.00032122,-1.4623,0.094053,4.2919e-07,0.034007,0,85.6949,0.16394,0.86767,481.7329,1435.2521
26.5916,10363.1265,38.6708,240.0353,9.1652,-0.18256,0.13251,0.72952,89.9935,0.20814,4.4518,5.4022,-7.4119,-28.0394,0.00038531,-1.4288,0.068477,4.2906e-07,0.034018,0,85.5628,0.16369,0.94473,481.7318,1435.2341
26.5999,10363.4488,38.6718,240.0347,9.1637,-0.18248,0.13859,0.052594,89.9952,0.24123,4.4502,5.3864,-8.7043,-28.123,0.00047908,-1.3955,0.040368,4.2892e-07,0.034029,0,85.7098,0.16354,0.93318,481.7306,1435.2162
26.6082,10363.7711,38.6728,240.0344,9.1622,-0.1823,0.13902,-0.6106,89.9972,0.26075,4.4486,5.3646,-10.1553,-28.2059,0.0005862,-1.3628,0.011778,4.2877e-07,0.034039,0,85.8569,0.16348,0.91286,481.7295,1435.1982
26.6166,10364.0933,38.6738,240.0342,9.1607,-0.18201,0.13394,-1.2604,89.9994,0.26647,4.447,5.3421,-11.6406,-28.2857,0.00064424,-1.331,-0.015518,4.286e-07,0.03405,0,86.0041,0.16354,0.88855,481.7283,1435.1802
26.6249,10364.4156,38.6748,240.0343,9.1592,-0.18164,0.12343,-1.8971,90.0016,0.259,4.4454,5.3237,-13.0522,-28.358,0.00065968,-1.3004,-0.040319,4.2843e-07,0.034061,0,86.1513,0.16367,0.86239,481.7272,1435.1622
26.6332,10364.7379,38.6758,240.0346,9.1577,-0.18121,0.10762,-2.5211,90.0038,0.23955,4.4438,5.3121,-14.3171,-28.4224,0.00063319,-1.271,-0.061915,4.2824e-07,0.034071,0,86.2985,0.16386,0.83529,481.726,1435.1442
26.6416,10365.0602,38.6769,240.0352,9.1562,-0.18078,0.086615,-3.1327,90.0058,0.20968,4.4422,5.309,-15.3923,-28.4786,0.00058314,-1.243,-0.07996,4.2805e-07,0.034082,0,86.4458,0.16407,0.80769,481.7249,1435.1263
26.6476,10365.0602,38.6769,240.0352,9.1562,-0.18078,0.086615,-3.1327,90.0058,0.20968,4.4422,5.309,-15.3923,-28.4786,0.00058314,-1.243,-0.07996,4.2805e-07,0.034082,0,86.4458,0.16397,0.82797,481.7249,1435.1263
26.6476,10365.0602,38.6769,240.0352,9.1562,-0.18078,0.086615,-3.1327,90.0058,0.20968,4.4422,5.309,-15.3923,-28.4786,0.00058314,-1.243,-0.07996,4.2805e-07,0.034082,0,86.4458,0.16397,0.82797,481.7249,1435.1263
26.6499,10365.3825,38.6779,240.0359,9.1547,-0.18037,0.060509,-3.7323,90.0075,0.17109,4.4406,5.3151,-16.2564,-28.5273,0.00053406,-1.2046,-0.094395,4.2784e-07,0.034093,0,86.5932,0.16425,0.77976,481.7238,1435.1083
26.6522,10365.3825,38.6779,240.0359,9.1547,-0.18037,0.060509,-3.7323,90.0075,0.17109,4.4406,5.3151,-16.2564,-28.5273,0.00053406,-1.2046,-0.094395,4.2784e-07,0.034093,0,86.5932,0.16422,0.79462,481.7238,1435.1083
26.6568,10365.3825,38.6779,240.0359,9.1547,-0.18037,0.060509,-3.7323,90.0075,0.17109,4.4406,5.3151,-16.2564,-28.5273,0.00053406,-1.2046,-0.094395,4.2784e-07,0.034093,0,86.5932,0.16414,0.8158,481.7238,1435.1083
26.6582,10365.7048,38.679,240.0369,9.1532,-0.18,0.029406,-4.3148,90.009,0.12555,4.439,5.3295,-16.8015,-28.599,0.00050347,-0.18321,-0.10537,4.2763e-07,0.034104,0,86.5383,0.1644,0.75185,481.7226,1435.0903
26.6654,10365.7048,38.679,240.0369,9.1532,-0.18,0.029406,-4.3148,90.009,0.12555,4.439,5.3295,-16.8015,-28.599,0.00050347,-0.18321,-0.10537,4.2763e-07,0.034104,0,86.5383,0.16429,0.80261,481.7226,1435.0903
26.6666,10366.0272,38.68,240.038,9.1517,-0.17969,-0.0065501,-4.4103,90.01,0.074705,4.4375,5.3314,-8.2132,-31.1385,0.00047485,1.4803,-0.11315,4.2741e-07,0.034114,0,86.1846,0.16449,0.73322,481.7215,1435.0723
26.6726,10366.0272,38.68,240.038,9.1517,-0.17969,-0.0065501,-4.4103,90.01,0.074705,4.4375,5.3314,-8.2132,-31.1385,0.00047485,1.4803,-0.11315,4.2741e-07,0.034114,0,86.1846,0.16439,0.78655,481.7215,1435.0723
26.6749,10366.3495,38.6806,240.038,9.1502,-0.17945,-0.043303,-3.7122,90.0106,0.020107,4.4359,5.1562,6.3942,-35.3004,0.00046835,1.5618,-0.11813,4.2719e-07,0.034125,0,85.8311,0.16442,0.79953,481.7203,1435.0543
26.676,10366.3495,38.6806,240.038,9.1502,-0.17945,-0.043303,-3.7122,90.0106,0.020107,4.4359,5.1562,6.3942,-35.3004,0.00046835,1.5618,-0.11813,4.2719e-07,0.034125,0,85.8311,0.1644,0.80476,481.7203,1435.0543
26.676,10366.3495,38.6806,240.038,9.1502,-0.17945,-0.043303,-3.7122,90.0106,0.020107,4.4359,5.1562,6.3942,-35.3004,0.00046835,1.5618,-0.11813,4.2719e-07,0.034125,0,85.8311,0.1644,0.80476,481.7203,1435.0543
26.6832,10366.6718,38.681,240.0373,9.1487,-0.17929,-0.074238,-2.9756,90.0108,-0.036921,4.4344,4.9902,6.82,-35.5078,0.00046927,1.5319,-0.12067,4.2698e-07,0.034136,0,85.478,0.16423,0.87396,481.7192,1435.0364
26.6887,10366.6718,38.681,240.0373,9.1487,-0.17929,-0.074238,-2.9756,90.0108,-0.036921,4.4344,4.9902,6.82,-35.5078,0.00046927,1.5319,-0.12067,4.2698e-07,0.034136,0,85.478,0.16414,0.86434,481.7192,1435.0364
26.6887,10366.6718,38.681,240.0373,9.1487,-0.17929,-0.074238,-2.9756,90.0108,-0.036921,4.4344,4.9902,6.82,-35.5078,0.00046927,1.5319,-0.12067,4.2698e-07,0.034136,0,85.478,0.16414,0.86434,481.7192,1435.0364
26.6916,10366.9942,38.6812,240.036,9.1472,-0.17918,-0.099034,-2.2534,90.0105,-0.095194,4.4329,4.8329,6.3866,-35.4347,0.00056408,1.5009,-0.11574,4.2677e-07,0.034146,0,85.625,0.16393,0.95131,481.718,1435.0184
26.6944,10366.9942,38.6812,240.036,9.1472,-0.17918,-0.099034,-2.2534,90.0105,-0.095194,4.4329,4.8329,6.3866,-35.4347,0.00056408,1.5009,-0.11574,4.2677e-07,0.034146,0,85.625,0.16389,0.92636,481.718,1435.0184
26.6999,10367.3165,38.6815,240.0354,9.1458,-0.17906,-0.11781,-1.5457,90.0097,-0.15111,4.4314,4.8923,6.4111,-35.3631,0.00070216,1.4682,-0.097802,4.2656e-07,0.034157,0,85.772,0.16368,0.94012,481.7169,1435.0004
26.7082,10367.6389,38.6817,240.035,9.1443,-0.17886,-0.13069,-0.85219,90.0084,-0.19836,4.4299,4.9846,7.232,-35.2878,0.00086442,1.4347,-0.073209,4.2637e-07,0.034168,0,85.9191,0.1635,0.92013,481.7157,1434.9824
26.7166,10367.9612,38.682,240.0348,9.1428,-0.17856,-0.13779,-0.17277,90.0068,-0.23374,4.4284,5.094,8.4631,-35.2107,0.00098355,1.4014,-0.045614,4.2618e-07,0.034178,0,86.0662,0.16343,0.89607,481.7146,1434.9644
26.7249,10368.2836,38.6823,240.0348,9.1413,-0.17815,-0.13923,0.49287,90.0048,-0.2558,4.4269,5.2119,9.8826,-35.1295,0.0010545,1.3687,-0.017146,4.2601e-07,0.034189,0,86.2134,0.16346,0.8701,481.7134,1434.9465
26.7332,10368.6059,38.6826,240.035,9.1398,-0.17764,-0.13513,1.145,90.0027,-0.2641,4.4254,5.333,11.3614,-35.0447,0.001067,1.3367,0.01034,4.2585e-07,0.0342,0,86.3606,0.16359,0.84315,481.7123,1434.9285
26.7416,10368.9283,38.6829,240.0355,9.1384,-0.17708,-0.12559,1.7841,90.0005,-0.25913,4.4239,5.4524,12.7867,-34.9564,0.0010303,1.3059,0.035539,4.257e-07,0.034211,0,86.5079,0.16379,0.81565,481.7111,1434.9105
26.7499,10369.2506,38.6832,240.0362,9.1369,-0.17649,-0.11072,2.4103,89.9983,-0.242,4.4225,5.5669,14.0791,-34.8655,0.00095882,1.2763,0.057664,4.2556e-07,0.034221,0,86.6552,0.16401,0.7878,481.71,1434.8925
26.7582,10369.573,38.6835,240.0371,9.1355,-0.1759,-0.090632,3.0242,89.9963,-0.21417,4.421,5.6741,15.1908,-34.773,0.00087258,1.248,0.076306,4.2543e-07,0.034232,0,86.8025,0.16424,0.75966,481.7088,1434.8745
26.7622,10369.573,38.6835,240.0371,9.1355,-0.1759,-0.090632,3.0242,89.9963,-0.21417,4.421,5.6741,15.1908,-34.773,0.00087258,1.248,0.076306,4.2543e-07,0.034232,0,86.8025,0.16417,0.78968,481.7088,1434.8745
26.7622,10369.573,38.6835,240.0371,9.1355,-0.1759,-0.090632,3.0242,89.9963,-0.21417,4.421,5.6741,15.1908,-34.773,0.00087258,1.248,0.076306,4.2543e-07,0.034232,0,86.8025,0.16417,0.78968,481.7088,1434.8745
26.7666,10369.8954,38.6838,240.0382,9.134,-0.17535,-0.065431,3.6259,89.9945,-0.17736,4.4196,5.7728,16.0965,-34.68,0.00075065,1.221,0.091354,4.2531e-07,0.034243,0,86.4488,0.16443,0.73132,481.7077,1434.8566
26.7709,10369.8954,38.6838,240.0382,9.134,-0.17535,-0.065431,3.6259,89.9945,-0.17736,4.4196,5.7728,16.0965,-34.68,0.00075065,1.221,0.091354,4.2531e-07,0.034243,0,86.4488,0.16436,0.7731,481.7077,1434.8566
26.7733,10369.8954,38.6838,240.0382,9.134,-0.17535,-0.065431,3.6259,89.9945,-0.17736,4.4196,5.7728,16.0965,-34.68,0.00075065,1.221,0.091354,4.2531e-07,0.034243,0,86.4488,0.16432,0.78963,481.7077,1434.8566
26.7733,10369.8954,38.6838,240.0382,9.134,-0.17535,-0.065431,3.6259,89.9945,-0.17736,4.4196,5.7728,16.0965,-34.68,0.00075065,1.221,0.091354,4.2531e-07,0.034243,0,86.4488,0.16432,0.78963,481.7077,1434.8566
26.7749,10370.2177,38.6838,240.0382,9.1325,-0.17488,-0.035215,4.2159,89.9931,-0.13327,4.4182,5.6573,16.7895,-34.585,0.00065095,0.47774,0.10292,4.252e-07,0.034253,0,86.0954,0.16448,0.79612,481.7065,1434.8386
26.7765,10370.2177,38.6838,240.0382,9.1325,-0.17488,-0.035215,4.2159,89.9931,-0.13327,4.4182,5.6573,16.7895,-34.585,0.00065095,0.47774,0.10292,4.252e-07,0.034253,0,86.0954,0.16445,0.80397,481.7065,1434.8386
26.7796,10370.2177,38.6838,240.0382,9.1325,-0.17488,-0.035215,4.2159,89.9931,-0.13327,4.4182,5.6573,16.7895,-34.585,0.00065095,0.47774,0.10292,4.252e-07,0.034253,0,86.0954,0.1644,0.81639,481.7065,1434.8386
26.7815,10370.2177,38.6838,240.0382,9.1325,-0.17488,-0.035215,4.2159,89.9931,-0.13327,4.4182,5.6573,16.7895,-34.585,0.00065095,0.47774,0.10292,4.252e-07,0.034253,0,86.0954,0.16437,0.82217,481.7065,1434.8386
26.7815,10370.2177,38.6838,240.0382,9.1325,-0.17488,-0.035215,4.2159,89.9931,-0.13327,4.4182,5.6573,16.7895,-34.585,0.00065095,0.47774,0.10292,4.252e-07,0.034253,0,86.0954,0.16437,0.82217,481.7065,1434.8386
26.7832,10370.5401,38.6835,240.0376,9.1311,-0.17448,-8.3034e-05,4.4519,89.9919,-0.083615,4.4167,5.5336,10.7641,-32.706,0.0005986,-1.1794,0.11124,4.2509e-07,0.034264,0,85.7423,0.16439,0.87009,481.7054,1434.8206
26.7849,10370.5401,38.6835,240.0376,9.1311,-0.17448,-8.3034e-05,4.4519,89.9919,-0.083615,4.4167,5.5336,10.7641,-32.706,0.0005986,-1.1794,0.11124,4.2509e-07,0.034264,0,85.7423,0.16436,0.86696,481.7054,1434.8206
26.7884,10370.5401,38.6835,240.0376,9.1311,-0.17448,-8.3034e-05,4.4519,89.9919,-0.083615,4.4167,5.5336,10.7641,-32.706,0.0005986,-1.1794,0.11124,4.2509e-07,0.034264,0,85.7423,0.1643,0.86208,481.7054,1434.8206
26.7916,10370.8624,38.683,240.0364,9.1297,-0.17418,0.037016,3.8973,89.9912,-0.029942,4.4154,5.4033,-3.7601,-28.5624,0.00068329,-1.5691,0.11673,4.2499e-07,0.034275,0,85.7282,0.16416,0.94737,481.7042,1434.8026
26.7919,10370.8624,38.683,240.0364,9.1297,-0.17418,0.037016,3.8973,89.9912,-0.029942,4.4154,5.4033,-3.7601,-28.5624,0.00068329,-1.5691,0.11673,4.2499e-07,0.034275,0,85.7282,0.16416,0.94432,481.7042,1434.8026
26.7919,10370.8624,38.683,240.0364,9.1297,-0.17418,0.037016,3.8973,89.9912,-0.029942,4.4154,5.4033,-3.7601,-28.5624,0.00068329,-1.5691,0.11673,4.2499e-07,0.034275,0,85.7282,0.16416,0.94432,481.7042,1434.8026
26.7999,10371.1848,38.6826,240.0357,9.1282,-0.1739,0.069493,3.157,89.991,0.026401,4.414,5.4634,-6.9592,-27.5978,0.00082633,-1.5391,0.11975,4.2488e-07,0.034285,0,85.8752,0.16394,0.93634,481.7031,1434.7846
26.8044,10371.1848,38.6826,240.0357,9.1282,-0.1739,0.069493,3.157,89.991,0.026401,4.414,5.4634,-6.9592,-27.5978,0.00082633,-1.5391,0.11975,4.2488e-07,0.034285,0,85.8752,0.16386,0.90548,481.7031,1434.7846
26.8044,10371.1848,38.6826,240.0357,9.1282,-0.1739,0.069493,3.157,89.991,0.026401,4.414,5.4634,-6.9592,-27.5978,0.00082633,-1.5391,0.11975,4.2488e-07,0.034285,0,85.8752,0.16386,0.90548,481.7031,1434.7846
26.8082,10371.5072,38.6822,240.0353,9.1268,-0.17362,0.095801,2.4313,89.9912,0.084226,4.4126,5.5174,-6.5012,-27.684,0.0010103,-1.5085,0.11683,4.2477e-07,0.034296,0,86.0223,0.16372,0.91653,481.7019,1434.7667
26.8121,10371.5072,38.6822,240.0353,9.1268,-0.17362,0.095801,2.4313,89.9912,0.084226,4.4126,5.5174,-6.5012,-27.684,0.0010103,-1.5085,0.11683,4.2477e-07,0.034296,0,86.0223,0.16366,0.89564,481.7019,1434.7667
26.8166,10371.8295,38.6819,240.0351,9.1253,-0.17328,0.11606,1.7201,89.9919,0.14066,4.4112,5.5568,-6.4077,-27.7724,0.0011661,-1.476,0.10161,4.2465e-07,0.034307,0,86.1694,0.16356,0.89272,481.7008,1434.7487
26.8249,10372.1518,38.6815,240.0352,9.1239,-0.17287,0.1304,1.0231,89.9931,0.18975,4.4098,5.5664,-7.0644,-27.8622,0.0012872,-1.4427,0.078318,4.2452e-07,0.034317,0,86.3165,0.16348,0.86698,481.6996,1434.7307
26.8332,10372.4742,38.6811,240.0354,9.1225,-0.17237,0.13892,0.34023,89.9947,0.2276,4.4085,5.5568,-8.2168,-27.9508,0.0013586,-1.4094,0.051395,4.2439e-07,0.034328,0,86.4637,0.16348,0.84021,481.6985,1434.7127
26.8416,10372.7965,38.6808,240.0359,9.1211,-0.17179,0.14176,-0.32877,89.9966,0.25244,4.4071,5.5391,-9.5941,-28.0348,0.0013787,-1.3765,0.023163,4.2424e-07,0.034339,0,86.611,0.16357,0.81282,481.6973,1434.6948
26.8499,10373.1189,38.6804,240.0366,9.1196,-0.17115,0.13902,-0.98423,89.9987,0.26365,4.4058,5.5191,-11.0558,-28.1127,0.00135,-1.3444,-0.0044764,4.2408e-07,0.03435,0,86.7583,0.16372,0.78503,481.6962,1434.6768
26.8582,10373.4412,38.6801,240.0375,9.1182,-0.17046,0.13082,-1.6265,90.0009,0.26151,4.4045,5.5014,-12.4864,-28.1836,0.0012825,-1.3134,-0.030096,4.2391e-07,0.03436,0,86.8977,0.16393,0.75692,481.695,1434.6588
26.8666,10373.7635,38.6798,240.0387,9.1168,-0.16976,0.11726,-2.2559,90.003,0.247,4.4031,5.4894,-13.7993,-28.247,0.0011459,-1.2835,-0.052808,4.2372e-07,0.034371,0,86.544,0.16415,0.72855,481.6939,1434.6408
26.8749,10374.0859,38.6792,240.0387,9.1154,-0.16909,0.098463,-2.8727,90.0051,0.22153,4.4019,5.2804,-14.9404,-28.3006,0.00099138,-1.2549,-0.072126,4.2353e-07,0.034382,0,86.1906,0.16427,0.79314,481.6927,1434.6229
26.8762,10374.0859,38.6792,240.0387,9.1154,-0.16909,0.098463,-2.8727,90.0051,0.22153,4.4019,5.2804,-14.9404,-28.3006,0.00099138,-1.2549,-0.072126,4.2353e-07,0.034382,0,86.1906,0.16425,0.79975,481.6927,1434.6229
26.8762,10374.0859,38.6792,240.0387,9.1154,-0.16909,0.098463,-2.8727,90.0051,0.22153,4.4019,5.2804,-14.9404,-28.3006,0.00099138,-1.2549,-0.072126,4.2353e-07,0.034382,0,86.1906,0.16425,0.79975,481.6927,1434.6229
26.8832,10374.4082,38.6783,240.0381,9.114,-0.16848,0.074523,-3.4774,90.007,0.18672,4.4006,5.0821,-15.8801,-28.3468,0.00084711,-1.2276,-0.087881,4.2332e-07,0.034392,0,85.8376,0.16428,0.86641,481.6916,1434.6049
26.8871,10374.4082,38.6783,240.0381,9.114,-0.16848,0.074523,-3.4774,90.007,0.18672,4.4006,5.0821,-15.8801,-28.3468,0.00084711,-1.2276,-0.087881,4.2332e-07,0.034392,0,85.8376,0.16422,0.86094,481.6916,1434.6049
26.8871,10374.4082,38.6783,240.0381,9.114,-0.16848,0.074523,-3.4774,90.007,0.18672,4.4006,5.0821,-15.8801,-28.3468,0.00084711,-1.2276,-0.087881,4.2332e-07,0.034392,0,85.8376,0.16422,0.86094,481.6916,1434.6049
26.8916,10374.7305,38.6771,240.0369,9.1126,-0.16795,0.045545,-4.0703,90.0085,0.14432,4.3993,4.8947,-16.6078,-28.3875,0.00083385,-0.86102,-0.10014,4.2311e-07,0.034403,0,85.5198,0.16416,0.94294,481.6904,1434.5869
26.8958,10374.7305,38.6771,240.0369,9.1126,-0.16795,0.045545,-4.0703,90.0085,0.14432,4.3993,4.8947,-16.6078,-28.3875,0.00083385,-0.86102,-0.10014,4.2311e-07,0.034403,0,85.5198,0.16409,0.91059,481.6904,1434.5869
26.8958,10374.7305,38.6771,240.0369,9.1126,-0.16795,0.045545,-4.0703,90.0085,0.14432,4.3993,4.8947,-16.6078,-28.3875,0.00083385,-0.86102,-0.10014,4.2311e-07,0.034403,0,85.5198,0.16409,0.91059,481.6904,1434.5869
26.8999,10375.0528,38.6761,240.0363,9.1112,-0.16746,0.011626,-4.4891,90.0097,0.095998,4.3981,4.9116,-14.0393,-29.2849,0.00091331,0.78893,-0.10913,4.2289e-07,0.034414,0,85.6668,0.16404,0.93185,481.6893,1434.5689
26.904,10375.0528,38.6761,240.0363,9.1112,-0.16746,0.011626,-4.4891,90.0097,0.095998,4.3981,4.9116,-14.0393,-29.2849,0.00091331,0.78893,-0.10913,4.2289e-07,0.034414,0,85.6668,0.16397,0.90449,481.6893,1434.5689
26.9082,10375.3751,38.6751,240.0359,9.1098,-0.16698,-0.025783,-4.1207,90.0105,0.043344,4.3968,4.936,0.37256,-33.4132,0.0010832,1.578,-0.11518,4.2267e-07,0.034424,0,85.8138,0.1639,0.91217,481.6882,1434.551
26.9166,10375.6974,38.6742,240.0358,9.1085,-0.1665,-0.060122,-3.3761,90.0109,-0.012247,4.3956,4.9673,7.1516,-35.4017,0.0012448,1.5479,-0.11872,4.2245e-07,0.034435,0,85.9609,0.16378,0.88858,481.687,1434.533
26.9199,10375.6974,38.6742,240.0358,9.1085,-0.1665,-0.060122,-3.3761,90.0109,-0.012247,4.3956,4.9673,7.1516,-35.4017,0.0012448,1.5479,-0.11872,4.2245e-07,0.034435,0,85.9609,0.16372,0.8777,481.687,1434.533
26.9199,10375.6974,38.6742,240.0358,9.1085,-0.1665,-0.060122,-3.3761,90.0109,-0.012247,4.3956,4.9673,7.1516,-35.4017,0.0012448,1.5479,-0.11872,4.2245e-07,0.034435,0,85.9609,0.16372,0.8777,481.687,1434.533
26.9249,10376.0197,38.6732,240.0358,9.1071,-0.166,-0.088256,-2.6461,90.0108,-0.069568,4.3943,5.0054,6.6551,-35.3401,0.0013869,1.5176,-0.11829,4.2224e-07,0.034446,0,86.1081,0.16367,0.86308,481.6859,1434.515
26.9299,10376.0197,38.6732,240.0358,9.1071,-0.166,-0.088256,-2.6461,90.0108,-0.069568,4.3943,5.0054,6.6551,-35.3401,0.0013869,1.5176,-0.11829,4.2224e-07,0.034446,0,86.1081,0.16359,0.85795,481.6859,1434.515
26.9332,10376.3419,38.6722,240.0361,9.1057,-0.16547,-0.11031,-1.9306,90.0102,-0.1267,4.3931,5.0543,6.4042,-35.2751,0.0014946,1.4857,-0.1065,4.2203e-07,0.034457,0,86.2553,0.1636,0.83657,481.6847,1434.497
26.9416,10376.6642,38.6713,240.0366,9.1043,-0.1649,-0.1264,-1.2294,90.0091,-0.17815,4.3919,5.1324,6.8483,-35.2026,0.0015643,1.4525,-0.084844,4.2182e-07,0.034467,0,86.4025,0.16356,0.80942,481.6836,1434.4791
26.9499,10376.9865,38.6704,240.0373,9.103,-0.16428,-0.13664,-0.54235,90.0077,-0.21915,4.3906,5.2361,7.8983,-35.1234,0.0015952,1.4191,-0.058722,4.2163e-07,0.034478,0,86.5498,0.16359,0.78182,481.6824,1434.4611
26.9582,10377.3087,38.6695,240.0382,9.1016,-0.16361,-0.14116,0.13074,90.0058,-0.24753,4.3894,5.352,9.2254,-35.0398,0.001588,1.3861,-0.030747,4.2145e-07,0.034489,0,86.6597,0.16367,0.75385,481.6813,1434.4431
26.9666,10377.6309,38.6687,240.0394,9.1003,-0.16288,-0.14007,0.79019,90.0038,-0.2624,4.3882,5.4734,10.6713,-34.9529,0.0015003,1.3537,-0.002878,4.2128e-07,0.034499,0,86.3061,0.16382,0.72555,481.6801,1434.4252
26.9749,10377.9532,38.6674,240.0395,9.0989,-0.16214,-0.13349,1.4363,90.0016,-0.26381,4.3871,5.3905,12.1168,-34.8606,0.0013724,1.3224,0.023304,4.2112e-07,0.03451,0,85.9527,0.1639,0.79015,481.679,1434.4072
26.9832,10378.2754,38.6659,240.0389,9.0976,-0.1614,-0.12152,2.0695,89.9994,-0.25258,4.3859,5.3062,13.4659,-34.7656,0.0012251,1.2922,0.046782,4.2097e-07,0.034521,0,85.5997,0.16393,0.8634,481.6778,1434.3892
26.9916,10378.5976,38.6642,240.0377,9.0962,-0.1607,-0.10427,2.6901,89.9973,-0.23001,4.3848,5.2175,14.6567,-34.6697,0.0011652,1.2633,0.066975,4.2084e-07,0.034531,0,85.3107,0.16388,0.9399,481.6767,1434.3713
26.9999,10378.9198,38.6627,240.0371,9.0949,-0.16001,-0.081853,3.2983,89.9954,-0.19769,4.3837,5.3182,15.6536,-34.5789,0.0011628,1.2356,0.083638,4.2071e-07,0.034542,0,85.4577,0.16385,0.92814,481.6755,1434.3533
27.0006,10378.9198,38.6627,240.0371,9.0949,-0.16001,-0.081853,3.2983,89.9954,-0.19769,4.3837,5.3182,15.6536,-34.5789,0.0011628,1.2356,0.083638,4.2071e-07,0.034542,0,85.4577,0.16384,0.92286,481.6755,1434.3533
27.0006,10378.9198,38.6627,240.0371,9.0949,-0.16001,-0.081853,3.2983,89.9954,-0.19769,4.3837,5.3182,15.6536,-34.5789,0.0011628,1.2356,0.083638,4.2071e-07,0.034542,0,85.4577,0.16384,0.92286,481.6755,1434.3533
27.0082,10379.242,38.6611,240.0368,9.0936,-0.15933,-0.054367,3.8947,89.9937,-0.15733,4.3826,5.4097,16.4418,-34.4918,0.00123,1.1057,0.096783,4.2059e-07,0.034553,0,85.6047,0.16382,0.90772,481.6744,1434.3353
27.01,10379.242,38.6611,240.0368,9.0936,-0.15933,-0.054367,3.8947,89.9937,-0.15733,4.3826,5.4097,16.4418,-34.4918,0.00123,1.1057,0.096783,4.2059e-07,0.034553,0,85.6047,0.16379,0.89832,481.6744,1434.3353
27.01,10379.242,38.6611,240.0368,9.0936,-0.15933,-0.054367,3.8947,89.9937,-0.15733,4.3826,5.4097,16.4418,-34.4918,0.00123,1.1057,0.096783,4.2059e-07,0.034553,0,85.6047,0.16379,0.89832,481.6744,1434.3353
27.0166,10379.5641,38.6596,240.0366,9.0923,-0.15863,-0.021912,4.43,89.9924,-0.11063,4.3815,5.4908,16.0823,-34.1513,0.0013139,-0.30951,0.10661,4.2048e-07,0.034564,0,85.7518,0.1638,0.88386,481.6732,1434.3174
27.0232,10379.5641,38.6596,240.0366,9.0923,-0.15863,-0.021912,4.43,89.9924,-0.11063,4.3815,5.4908,16.0823,-34.1513,0.0013139,-0.30951,0.10661,4.2048e-07,0.034564,0,85.7518,0.16369,0.86701,481.6732,1434.3174
27.0249,10379.8863,38.6581,240.0367,9.091,-0.15795,0.015004,4.2903,89.9915,-0.059191,4.3804,5.5628,3.8492,-30.6125,0.0014303,-1.5846,0.11341,4.2037e-07,0.034574,0,85.8989,0.16378,0.85843,481.6721,1434.2994
27.0332,10380.2084,38.6566,240.037,9.0897,-0.15728,0.050757,3.5424,89.991,-0.0044565,4.3793,5.627,-7.303,-27.4389,0.0015399,-1.5546,0.11757,4.2027e-07,0.034585,0,86.0461,0.16375,0.83211,481.6709,1434.2814
27.0353,10380.2084,38.6566,240.037,9.0897,-0.15728,0.050757,3.5424,89.991,-0.0044565,4.3793,5.627,-7.303,-27.4389,0.0015399,-1.5546,0.11757,4.2027e-07,0.034585,0,86.0461,0.16372,0.83519,481.6709,1434.2814
27.0353,10380.2084,38.6566,240.037,9.0897,-0.15728,0.050757,3.5424,89.991,-0.0044565,4.3793,5.627,-7.303,-27.4389,0.0015399,-1.5546,0.11757,4.2027e-07,0.034585,0,86.0461,0.16372,0.83519,481.6709,1434.2814
27.0416,10380.5306,38.6552,240.0375,9.0884,-0.15662,0.080276,2.8091,89.9909,0.052305,4.3782,5.6851,-6.7754,-27.5259,0.0016255,-1.5245,0.11896,4.2016e-07,0.034596,0,86.1934,0.16372,0.80523,481.6698,1434.2635
27.0478,10380.5306,38.6552,240.0375,9.0884,-0.15662,0.080276,2.8091,89.9909,0.052305,4.3782,5.6851,-6.7754,-27.5259,0.0016255,-1.5245,0.11896,4.2016e-07,0.034596,0,86.1934,0.16361,0.82533,481.6698,1434.2635
27.0483,10380.5306,38.6552,240.0375,9.0884,-0.15662,0.080276,2.8091,89.9909,0.052305,4.3782,5.6851,-6.7754,-27.5259,0.0016255,-1.5245,0.11896,4.2016e-07,0.034596,0,86.1934,0.1636,0.82636,481.6698,1434.2635
27.0483,10380.5306,38.6552,240.0375,9.0884,-0.15662,0.080276,2.8091,89.9909,0.052305,4.3782,5.6851,-6.7754,-27.5259,0.0016255,-1.5245,0.11896,4.2016e-07,0.034596,0,86.1934,0.1636,0.82636,481.6698,1434.2635
27.0499,10380.8527,38.6537,240.0383,9.0871,-0.15597,0.10369,2.0903,89.9914,0.10976,4.3771,5.7371,-6.4182,-27.6098,0.0016881,-1.4931,0.11078,4.2004e-07,0.034606,0,86.3406,0.16368,0.7779,481.6686,1434.2455
27.0515,10380.8527,38.6537,240.0383,9.0871,-0.15597,0.10369,2.0903,89.9914,0.10976,4.3771,5.7371,-6.4182,-27.6098,0.0016881,-1.4931,0.11078,4.2004e-07,0.034606,0,86.3406,0.16365,0.78821,481.6686,1434.2455
27.0547,10380.8527,38.6537,240.0383,9.0871,-0.15597,0.10369,2.0903,89.9914,0.10976,4.3771,5.7371,-6.4182,-27.6098,0.0016881,-1.4931,0.11078,4.2004e-07,0.034606,0,86.3406,0.1636,0.80451,481.6686,1434.2455
27.0582,10381.1748,38.6523,240.0392,9.0858,-0.1553,0.1211,1.3858,89.9923,0.16328,4.376,5.7659,-6.6458,-27.6941,0.0017191,-1.4601,0.090879,4.1992e-07,0.034617,0,86.366,0.16366,0.75017,481.6675,1434.2276
27.0666,10381.4969,38.6509,240.0402,9.0845,-0.15462,0.13265,0.69558,89.9937,0.20719,4.3749,5.7332,-7.5902,-27.7792,0.0016864,-1.4268,0.065612,4.1979e-07,0.034628,0,86.0124,0.16366,0.73714,481.6663,1434.2096
27.0749,10381.819,38.6491,240.0401,9.0832,-0.15391,0.13845,0.019345,89.9954,0.2389,4.3739,5.5168,-8.8649,-27.8597,0.0016194,-1.3936,0.037967,4.1965e-07,0.034638,0,85.6592,0.16361,0.80325,481.6652,1434.1916
27.0832,10382.141,38.6471,240.0394,9.0819,-0.15318,0.13861,-0.64318,89.9974,0.25726,4.3729,5.2974,-10.2886,-27.9355,0.0015331,-1.3611,0.0099576,4.195e-07,0.034649,0,85.3062,0.16353,0.87705,481.664,1434.1737
27.0916,10382.4631,38.6448,240.0381,9.0807,-0.15243,0.13325,-1.2923,89.9995,0.26209,4.3719,5.0798,-11.7392,-28.0062,0.001513,-1.3295,-0.016706,4.1933e-07,0.03466,0,85.4531,0.16342,0.95366,481.6629,1434.1557
27.0999,10382.7851,38.6427,240.0374,9.0794,-0.15165,0.12248,-1.9284,90.0017,0.25404,4.3709,5.0628,-13.113,-28.076,0.001523,-1.299,-0.040879,4.1916e-07,0.034671,0,85.6001,0.16339,0.94214,481.6618,1434.1378
27.1082,10383.1071,38.6406,240.0369,9.0782,-0.15081,0.10641,-2.5517,90.0038,0.23432,4.3699,5.0522,-14.3405,-28.142,0.0015608,-1.2698,-0.061888,4.1897e-07,0.034681,0,85.7471,0.1634,0.92191,481.6606,1434.1198
27.1166,10383.4291,38.6386,240.0367,9.0769,-0.14994,0.085148,-3.1627,90.0058,0.20446,4.369,5.0495,-15.3807,-28.2036,0.0015786,-1.2418,-0.079412,4.1877e-07,0.034692,0,85.8941,0.16347,0.89773,481.6595,1434.1019
27.1239,10383.4291,38.6386,240.0367,9.0769,-0.14994,0.085148,-3.1627,90.0058,0.20446,4.369,5.0495,-15.3807,-28.2036,0.0015786,-1.2418,-0.079412,4.1877e-07,0.034692,0,85.8941,0.16334,0.87204,481.6595,1434.1019
27.1239,10383.4291,38.6386,240.0367,9.0769,-0.14994,0.085148,-3.1627,90.0058,0.20446,4.369,5.0495,-15.3807,-28.2036,0.0015786,-1.2418,-0.079412,4.1877e-07,0.034692,0,85.8941,0.16334,0.87204,481.6595,1434.1019
27.1249,10383.7511,38.6365,240.0367,9.0757,-0.14905,0.058792,-3.7617,90.0075,0.16613,4.368,5.0557,-16.2138,-28.258,0.0015973,-1.1865,-0.093404,4.1857e-07,0.034703,0,86.0412,0.16355,0.87173,481.6583,1434.0839
27.1259,10383.7511,38.6365,240.0367,9.0757,-0.14905,0.058792,-3.7617,90.0075,0.16613,4.368,5.0557,-16.2138,-28.258,0.0015973,-1.1865,-0.093404,4.1857e-07,0.034703,0,86.0412,0.16353,0.86942,481.6583,1434.0839
27.128,10383.7511,38.6365,240.0367,9.0757,-0.14905,0.058792,-3.7617,90.0075,0.16613,4.368,5.0557,-16.2138,-28.258,0.0015973,-1.1865,-0.093404,4.1857e-07,0.034703,0,86.0412,0.1635,0.86547,481.6583,1434.0839
27.1321,10383.7511,38.6365,240.0367,9.0757,-0.14905,0.058792,-3.7617,90.0075,0.16613,4.368,5.0557,-16.2138,-28.258,0.0015973,-1.1865,-0.093404,4.1857e-07,0.034703,0,86.0412,0.16342,0.85962,481.6583,1434.0839
27.1332,10384.0731,38.6345,240.0369,9.0745,-0.14818,0.027445,-4.3353,90.0089,0.12106,4.367,5.07,-16.5772,-28.3786,0.0016218,-0.063578,-0.10402,4.1836e-07,0.034713,0,86.1884,0.16363,0.84515,481.6572,1434.066
27.1389,10384.0731,38.6345,240.0369,9.0745,-0.14818,0.027445,-4.3353,90.0089,0.12106,4.367,5.07,-16.5772,-28.3786,0.0016218,-0.063578,-0.10402,4.1836e-07,0.034713,0,86.1884,0.16353,0.84638,481.6572,1434.066
27.1416,10384.395,38.6326,240.0373,9.0732,-0.14734,-0.0086828,-4.3736,90.0099,0.070861,4.3661,5.0919,-7.0461,-31.1786,0.0016716,1.5751,-0.11154,4.1814e-07,0.034724,0,86.3356,0.16368,0.81844,481.656,1434.048
27.1499,10384.7169,38.6306,240.0379,9.072,-0.14654,-0.045129,-3.63,90.0105,0.01703,4.3651,5.1214,7.3523,-35.2866,0.0017325,1.558,-0.11632,4.1792e-07,0.034735,0,86.4828,0.1637,0.79142,481.6549,1434.0301
27.151,10384.7169,38.6306,240.0379,9.072,-0.14654,-0.045129,-3.63,90.0105,0.01703,4.3651,5.1214,7.3523,-35.2866,0.0017325,1.558,-0.11632,4.1792e-07,0.034735,0,86.4828,0.16368,0.79733,481.6549,1434.0301
27.151,10384.7169,38.6306,240.0379,9.072,-0.14654,-0.045129,-3.63,90.0105,0.01703,4.3651,5.1214,7.3523,-35.2866,0.0017325,1.558,-0.11632,4.1792e-07,0.034735,0,86.4828,0.16368,0.79733,481.6549,1434.0301
27.1582,10385.0389,38.6287,240.0387,9.0708,-0.14577,-0.075379,-2.895,90.0106,-0.039132,4.3642,5.1581,6.8951,-35.2537,0.0017809,1.528,-0.11864,4.1771e-07,0.034745,0,86.6301,0.16369,0.7641,481.6537,1434.0121
27.1637,10385.0389,38.6287,240.0387,9.0708,-0.14577,-0.075379,-2.895,90.0106,-0.039132,4.3642,5.1581,6.8951,-35.2537,0.0017809,1.528,-0.11864,4.1771e-07,0.034745,0,86.6301,0.16359,0.79905,481.6537,1434.0121
27.1637,10385.0389,38.6287,240.0387,9.0708,-0.14577,-0.075379,-2.895,90.0106,-0.039132,4.3642,5.1581,6.8951,-35.2537,0.0017809,1.528,-0.11864,4.1771e-07,0.034745,0,86.6301,0.16359,0.79905,481.6537,1434.0121
27.1666,10385.3608,38.6269,240.0398,9.0696,-0.14504,-0.099504,-2.1745,90.0103,-0.09643,4.3632,5.2016,6.4764,-35.1865,0.001776,1.4971,-0.11307,4.175e-07,0.034756,0,86.2765,0.16366,0.73644,481.6526,1433.9942
27.1694,10385.3608,38.6269,240.0398,9.0696,-0.14504,-0.099504,-2.1745,90.0103,-0.09643,4.3632,5.2016,6.4764,-35.1865,0.001776,1.4971,-0.11307,4.175e-07,0.034756,0,86.2765,0.16361,0.76364,481.6526,1433.9942
27.1749,10385.6826,38.6246,240.0397,9.0684,-0.14433,-0.11762,-1.4683,90.0095,-0.15105,4.3623,5.0615,6.5412,-35.1119,0.0017485,1.4643,-0.094566,4.1729e-07,0.034767,0,85.9233,0.16353,0.80127,481.6514,1433.9762
27.1832,10386.0045,38.6222,240.039,9.0672,-0.14363,-0.12986,-0.77631,90.0082,-0.19675,4.3614,4.9566,7.398,-35.0296,0.0017053,1.431,-0.070002,4.171e-07,0.034778,0,85.5704,0.16335,0.8746,481.6503,1433.9583
27.1916,10386.3263,38.6195,240.0377,9.066,-0.14292,-0.13633,-0.098397,90.0066,-0.23058,4.3606,4.8697,8.6286,-34.9433,0.0017364,1.3978,-0.042716,4.1691e-07,0.034788,0,85.7172,0.16313,0.95107,481.6491,1433.9404
27.1999,10386.6482,38.6169,240.0371,9.0648,-0.14214,-0.13715,0.56575,90.0047,-0.25123,4.3597,4.9869,10.0305,-34.8597,0.0017922,1.3652,-0.01472,4.1674e-07,0.034799,0,85.8642,0.16301,0.93953,481.648,1433.9224
27.2082,10386.9699,38.6144,240.0366,9.0637,-0.14128,-0.13243,1.2165,90.0026,-0.25836,4.3589,5.1063,11.4818,-34.7768,0.0018616,1.3335,0.012186,4.1658e-07,0.03481,0,86.0112,0.16297,0.91931,481.6468,1433.9045
27.2166,10387.2917,38.6119,240.0364,9.0625,-0.14033,-0.1223,1.8541,90.0004,-0.25249,4.358,5.2233,12.873,-34.6943,0.0018878,1.3028,0.036767,4.1643e-07,0.03482,0,86.1582,0.16303,0.89514,481.6457,1433.8865
27.2249,10387.6135,38.6094,240.0364,9.0613,-0.13933,-0.10685,2.4789,89.9983,-0.23476,4.3572,5.3352,14.129,-34.6095,0.0018814,1.2734,0.058282,4.1629e-07,0.034831,0,86.3053,0.16316,0.86915,481.6445,1433.8686
27.2332,10387.9352,38.607,240.0366,9.0602,-0.13831,-0.086189,3.0914,89.9963,-0.20663,4.3564,5.4398,15.2047,-34.5232,0.0018458,1.2453,0.076357,4.1616e-07,0.034842,0,86.4524,0.16331,0.84224,481.6434,1433.8507
27.2391,10387.9352,38.607,240.0366,9.0602,-0.13831,-0.086189,3.0914,89.9963,-0.20663,4.3564,5.4398,15.2047,-34.5232,0.0018458,1.2453,0.076357,4.1616e-07,0.034842,0,86.4524,0.1632,0.84451,481.6434,1433.8507
27.2391,10387.9352,38.607,240.0366,9.0602,-0.13831,-0.086189,3.0914,89.9963,-0.20663,4.3564,5.4398,15.2047,-34.5232,0.0018458,1.2453,0.076357,4.1616e-07,0.034842,0,86.4524,0.1632,0.84451,481.6434,1433.8507
27.2416,10388.2569,38.6046,240.037,9.059,-0.1373,-0.060428,3.6917,89.9946,-0.16978,4.3556,5.5362,16.0771,-34.4356,0.0018043,1.2184,0.090903,4.1604e-07,0.034852,0,86.5996,0.16346,0.81483,481.6423,1433.8327
27.244,10388.2569,38.6046,240.037,9.059,-0.1373,-0.060428,3.6917,89.9946,-0.16978,4.3556,5.5362,16.0771,-34.4356,0.0018043,1.2184,0.090903,4.1604e-07,0.034852,0,86.5996,0.16341,0.82189,481.6423,1433.8327
27.249,10388.2569,38.6046,240.037,9.059,-0.1373,-0.060428,3.6917,89.9946,-0.16978,4.3556,5.5362,16.0771,-34.4356,0.0018043,1.2184,0.090903,4.1604e-07,0.034852,0,86.5996,0.16332,0.83169,481.6423,1433.8327
27.2499,10388.5786,38.6023,240.0377,9.0579,-0.13632,-0.029664,4.2804,89.9932,-0.12591,4.3548,5.6232,16.7406,-34.3481,0.0017776,0.27379,0.10205,4.1592e-07,0.034863,0,86.7468,0.16358,0.78734,481.6411,1433.8148
27.2545,10388.5786,38.6023,240.0377,9.0579,-0.13632,-0.029664,4.2804,89.9932,-0.12591,4.3548,5.6232,16.7406,-34.3481,0.0017776,0.27379,0.10205,4.1592e-07,0.034863,0,86.7468,0.16349,0.80942,481.6411,1433.8148
27.2578,10388.5786,38.6023,240.0377,9.0579,-0.13632,-0.029664,4.2804,89.9932,-0.12591,4.3548,5.6232,16.7406,-34.3481,0.0017776,0.27379,0.10205,4.1592e-07,0.034863,0,86.7468,0.16343,0.81982,481.6411,1433.8148
27.2578,10388.5786,38.6023,240.0377,9.0579,-0.13632,-0.029664,4.2804,89.9932,-0.12591,4.3548,5.6232,16.7406,-34.3481,0.0017776,0.27379,0.10205,4.1592e-07,0.034863,0,86.7468,0.16343,0.81982,481.6411,1433.8148
27.2582,10388.9003,38.6,240.0385,9.0568,-0.1354,0.0060062,4.4189,89.9922,-0.076664,4.3539,5.7005,8.8614,-31.975,0.0017864,-1.361,0.11003,4.1581e-07,0.034874,0,86.8941,0.16365,0.76001,481.64,1433.7969
27.2586,10388.9003,38.6,240.0385,9.0568,-0.1354,0.0060062,4.4189,89.9922,-0.076664,4.3539,5.7005,8.8614,-31.975,0.0017864,-1.361,0.11003,4.1581e-07,0.034874,0,86.8941,0.16365,0.76344,481.64,1433.7969
27.2594,10388.9003,38.6,240.0385,9.0568,-0.1354,0.0060062,4.4189,89.9922,-0.076664,4.3539,5.7005,8.8614,-31.975,0.0017864,-1.361,0.11003,4.1581e-07,0.034874,0,86.8941,0.16363,0.76988,481.64,1433.7969
27.2611,10388.9003,38.6,240.0385,9.0568,-0.1354,0.0060062,4.4189,89.9922,-0.076664,4.3539,5.7005,8.8614,-31.975,0.0017864,-1.361,0.11003,4.1581e-07,0.034874,0,86.8941,0.1636,0.78129,481.64,1433.7969
27.2643,10388.9003,38.6,240.0385,9.0568,-0.1354,0.0060062,4.4189,89.9922,-0.076664,4.3539,5.7005,8.8614,-31.975,0.0017864,-1.361,0.11003,4.1581e-07,0.034874,0,86.8941,0.16354,0.79925,481.64,1433.7969
27.2666,10389.2219,38.5977,240.0396,9.0557,-0.13454,0.04283,3.7774,89.9915,-0.023557,4.3531,5.7695,-5.4812,-27.8958,0.001779,-1.5638,0.11526,4.157e-07,0.034885,0,86.5406,0.16368,0.73249,481.6388,1433.7789
27.2671,10389.2219,38.5977,240.0396,9.0557,-0.13454,0.04283,3.7774,89.9915,-0.023557,4.3531,5.7695,-5.4812,-27.8958,0.001779,-1.5638,0.11526,4.157e-07,0.034885,0,86.5406,0.16367,0.73885,481.6388,1433.7789
27.2671,10389.2219,38.5977,240.0396,9.0557,-0.13454,0.04283,3.7774,89.9915,-0.023557,4.3531,5.7695,-5.4812,-27.8958,0.001779,-1.5638,0.11526,4.157e-07,0.034885,0,86.5406,0.16367,0.73885,481.6388,1433.7789
27.2749,10389.5436,38.5951,240.0396,9.0546,-0.13375,0.074308,3.0395,89.9913,0.03209,4.3524,5.6278,-7.0005,-27.3961,0.0017621,-1.5338,0.1181,4.1559e-07,0.034895,0,86.1874,0.16357,0.79753,481.6377,1433.761
27.2797,10389.5436,38.5951,240.0396,9.0546,-0.13375,0.074308,3.0395,89.9913,0.03209,4.3524,5.6278,-7.0005,-27.3961,0.0017621,-1.5338,0.1181,4.1559e-07,0.034895,0,86.1874,0.16348,0.81587,481.6377,1433.761
27.2797,10389.5436,38.5951,240.0396,9.0546,-0.13375,0.074308,3.0395,89.9913,0.03209,4.3524,5.6278,-7.0005,-27.3961,0.0017621,-1.5338,0.1181,4.1559e-07,0.034895,0,86.1874,0.16348,0.81587,481.6377,1433.761
27.2832,10389.8652,38.5922,240.0389,9.0535,-0.13302,0.099638,2.3162,89.9916,0.089125,4.3516,5.4828,-6.555,-27.4755,0.0017444,-1.5031,0.11402,4.1548e-07,0.034906,0,85.8345,0.16335,0.87112,481.6365,1433.7431
27.2868,10389.8652,38.5922,240.0389,9.0535,-0.13302,0.099638,2.3162,89.9916,0.089125,4.3516,5.4828,-6.555,-27.4755,0.0017444,-1.5031,0.11402,4.1548e-07,0.034906,0,85.8345,0.16328,0.86359,481.6365,1433.7431
27.2916,10390.1868,38.5892,240.0376,9.0524,-0.13233,0.11894,1.6072,89.9923,0.14421,4.3509,5.3231,-6.5326,-27.555,0.0018137,-1.4705,0.097494,4.1535e-07,0.034917,0,85.827,0.16304,0.9478,481.6354,1433.7252
27.2999,10390.5083,38.5863,240.037,9.0513,-0.1316,0.13233,0.91247,89.9935,0.19131,4.3502,5.3296,-7.2706,-27.6426,0.0019192,-1.4373,0.073867,4.1522e-07,0.034927,0,85.9739,0.16281,0.93647,481.6342,1433.7072
27.3082,10390.8299,38.5834,240.0365,9.0502,-0.1308,0.13994,0.23184,89.9951,0.22701,4.3494,5.3187,-8.4444,-27.7324,0.0020451,-1.4041,0.047056,4.1508e-07,0.034938,0,86.1209,0.16265,0.91642,481.6331,1433.6893
27.3166,10391.1514,38.5805,240.0363,9.0491,-0.12989,0.14187,-0.43497,89.997,0.24975,4.3487,5.3004,-9.8163,-27.8212,0.0021238,-1.3713,0.019206,4.1493e-07,0.034949,0,86.2679,0.16262,0.89237,481.6319,1433.6714
27.3249,10391.4729,38.5777,240.0363,9.048,-0.12888,0.13824,-1.0883,89.9991,0.25905,4.348,5.2805,-11.2561,-27.9041,0.0021547,-1.3395,-0.0078407,4.1476e-07,0.034959,0,86.415,0.16268,0.86644,481.6308,1433.6535
27.3332,10391.7944,38.5749,240.0366,9.047,-0.1278,0.12917,-1.7284,90.0013,0.25528,4.3473,5.2634,-12.6521,-27.9798,0.0021322,-1.3087,-0.032756,4.1458e-07,0.03497,0,86.5621,0.16283,0.83957,481.6297,1433.6356
27.3416,10392.1158,38.5722,240.037,9.0459,-0.12669,0.11477,-2.3558,90.0034,0.23948,4.3467,5.2523,-13.9236,-28.0473,0.0020699,-1.2791,-0.054727,4.144e-07,0.034981,0,86.7093,0.16301,0.81218,481.6285,1433.6176
27.3499,10392.4372,38.5695,240.0377,9.0449,-0.12557,0.095139,-2.9706,90.0054,0.21307,4.346,5.2491,-15.0211,-28.1067,0.001985,-1.2507,-0.073322,4.142e-07,0.034992,0,86.8565,0.16321,0.78444,481.6274,1433.5997
27.3534,10392.4372,38.5695,240.0377,9.0449,-0.12557,0.095139,-2.9706,90.0054,0.21307,4.346,5.2491,-15.0211,-28.1067,0.001985,-1.2507,-0.073322,4.142e-07,0.034992,0,86.8565,0.16314,0.80257,481.6274,1433.5997
27.3534,10392.4372,38.5695,240.0377,9.0449,-0.12557,0.095139,-2.9706,90.0054,0.21307,4.346,5.2491,-15.0211,-28.1067,0.001985,-1.2507,-0.073322,4.142e-07,0.034992,0,86.8565,0.16314,0.80257,481.6274,1433.5997
27.3582,10392.7586,38.5668,240.0386,9.0438,-0.12449,0.070384,-3.5733,90.0072,0.17768,4.3453,5.2546,-15.9181,-28.159,0.0019005,-1.2236,-0.088407,4.1399e-07,0.035002,0,86.8527,0.16339,0.75646,481.6262,1433.5818
27.3631,10392.7586,38.5668,240.0386,9.0438,-0.12449,0.070384,-3.5733,90.0072,0.17768,4.3453,5.2546,-15.9181,-28.159,0.0019005,-1.2236,-0.088407,4.1399e-07,0.035002,0,86.8527,0.16329,0.79063,481.6262,1433.5818
27.3642,10392.7586,38.5668,240.0386,9.0438,-0.12449,0.070384,-3.5733,90.0072,0.17768,4.3453,5.2546,-15.9181,-28.159,0.0019005,-1.2236,-0.088407,4.1399e-07,0.035002,0,86.8527,0.16327,0.79626,481.6262,1433.5818
27.3642,10392.7586,38.5668,240.0386,9.0438,-0.12449,0.070384,-3.5733,90.0072,0.17768,4.3453,5.2546,-15.9181,-28.159,0.0019005,-1.2236,-0.088407,4.1399e-07,0.035002,0,86.8527,0.16327,0.79626,481.6262,1433.5818
27.3666,10393.08,38.5642,240.0397,9.0428,-0.12346,0.040607,-4.1643,90.0086,0.13501,4.3447,5.2687,-16.6066,-28.2053,0.001799,-0.58081,-0.10008,4.1377e-07,0.035013,0,86.4993,0.16352,0.72832,481.6251,1433.5639
27.369,10393.08,38.5642,240.0397,9.0428,-0.12346,0.040607,-4.1643,90.0086,0.13501,4.3447,5.2687,-16.6066,-28.2053,0.001799,-0.58081,-0.10008,4.1377e-07,0.035013,0,86.4993,0.16348,0.7532,481.6251,1433.5639
27.3724,10393.08,38.5642,240.0397,9.0428,-0.12346,0.040607,-4.1643,90.0086,0.13501,4.3447,5.2687,-16.6066,-28.2053,0.001799,-0.58081,-0.10008,4.1377e-07,0.035013,0,86.4993,0.16341,0.77969,481.6251,1433.5639
27.3724,10393.08,38.5642,240.0397,9.0428,-0.12346,0.040607,-4.1643,90.0086,0.13501,4.3447,5.2687,-16.6066,-28.2053,0.001799,-0.58081,-0.10008,4.1377e-07,0.035013,0,86.4993,0.16341,0.77969,481.6251,1433.5639
27.3749,10393.4014,38.5612,240.0397,9.0418,-0.12252,0.0059044,-4.4492,90.0098,0.086706,4.344,5.0859,-11.4961,-29.7941,0.0017288,1.05,-0.10854,4.1355e-07,0.035024,0,86.1461,0.16351,0.79333,481.6239,1433.546
27.3774,10393.4014,38.5612,240.0397,9.0418,-0.12252,0.0059044,-4.4492,90.0098,0.086706,4.344,5.0859,-11.4961,-29.7941,0.0017288,1.05,-0.10854,4.1355e-07,0.035024,0,86.1461,0.16346,0.80477,481.6239,1433.546
27.3824,10393.4014,38.5612,240.0397,9.0418,-0.12252,0.0059044,-4.4492,90.0098,0.086706,4.344,5.0859,-11.4961,-29.7941,0.0017288,1.05,-0.10854,4.1355e-07,0.035024,0,86.1461,0.16336,0.82056,481.6239,1433.546
27.3832,10393.7227,38.5581,240.039,9.0408,-0.12167,-0.031172,-3.9561,90.0105,0.034315,4.3434,4.9129,2.7743,-33.8717,0.0017016,1.5709,-0.11421,4.1333e-07,0.035034,0,85.7932,0.16336,0.86701,481.6228,1433.5281
27.3871,10393.7227,38.5581,240.039,9.0408,-0.12167,-0.031172,-3.9561,90.0105,0.034315,4.3434,4.9129,2.7743,-33.8717,0.0017016,1.5709,-0.11421,4.1333e-07,0.035034,0,85.7932,0.16328,0.85987,481.6228,1433.5281
27.3916,10394.044,38.5547,240.0378,9.0398,-0.1209,-0.064139,-3.2147,90.0108,-0.020828,4.3428,4.7489,7.144,-35.1807,0.0017777,1.5409,-0.11743,4.131e-07,0.035045,0,85.533,0.16308,0.9439,481.6216,1433.5102
27.3954,10394.044,38.5547,240.0378,9.0398,-0.1209,-0.064139,-3.2147,90.0108,-0.020828,4.3428,4.7489,7.144,-35.1807,0.0017777,1.5409,-0.11743,4.131e-07,0.035045,0,85.533,0.163,0.91244,481.6216,1433.5102
27.3954,10394.044,38.5547,240.0378,9.0398,-0.1209,-0.064139,-3.2147,90.0108,-0.020828,4.3428,4.7489,7.144,-35.1807,0.0017777,1.5409,-0.11743,4.131e-07,0.035045,0,85.533,0.163,0.91244,481.6216,1433.5102
27.3999,10394.3653,38.5515,240.0371,9.0388,-0.12015,-0.090928,-2.4879,90.0106,-0.077544,4.3422,4.788,6.6682,-35.1166,0.0019051,1.5104,-0.11532,4.1289e-07,0.035056,0,85.6799,0.16282,0.9328,481.6205,1433.4923
27.4044,10394.3653,38.5515,240.0371,9.0388,-0.12015,-0.090928,-2.4879,90.0106,-0.077544,4.3422,4.788,6.6682,-35.1166,0.0019051,1.5104,-0.11532,4.1289e-07,0.035056,0,85.6799,0.16273,0.90137,481.6205,1433.4923
27.4082,10394.6865,38.5483,240.0367,9.0378,-0.11937,-0.11166,-1.7755,90.01,-0.13325,4.3416,4.8406,6.5216,-35.0525,0.0020671,1.4782,-0.10146,4.1267e-07,0.035066,0,85.8269,0.16259,0.91303,481.6194,1433.4744
27.4166,10395.0077,38.5451,240.0365,9.0368,-0.11853,-0.12646,-1.0775,90.0088,-0.18227,4.341,4.923,7.0938,-34.9846,0.0021946,1.445,-0.079097,4.1247e-07,0.035077,0,85.9739,0.16243,0.88923,481.6182,1433.4565
27.4249,10395.3289,38.542,240.0365,9.0358,-0.11759,-0.13544,-0.39351,90.0073,-0.22049,4.3404,5.0277,8.1886,-34.9108,0.0022833,1.4118,-0.052888,4.1227e-07,0.035088,0,86.121,0.16237,0.8635,481.6171,1433.4386
27.4332,10395.6501,38.5389,240.0368,9.0349,-0.11658,-0.13872,0.27656,90.0055,-0.24606,4.3399,5.1428,9.523,-34.8328,0.0023177,1.379,-0.02521,4.1209e-07,0.035099,0,86.2681,0.16241,0.83676,481.6159,1433.4207
27.4416,10395.9712,38.5359,240.0372,9.0339,-0.11549,-0.13641,0.93305,90.0034,-0.25825,4.3393,5.2627,10.9528,-34.7507,0.0022999,1.3469,0.0020481,4.1192e-07,0.035109,0,86.4152,0.16252,0.80945,481.6148,1433.4028
27.4499,10396.2924,38.5329,240.0379,9.0329,-0.11436,-0.12864,1.5763,90.0013,-0.25728,4.3388,5.3823,12.3633,-34.6652,0.0022371,1.3158,0.027434,4.1175e-07,0.03512,0,86.5624,0.16269,0.78175,481.6136,1433.3849
27.4582,10396.6135,38.53,240.0388,9.032,-0.1132,-0.1155,2.2066,89.9991,-0.24405,4.3383,5.4979,13.6661,-34.5772,0.0021438,1.286,0.050034,4.116e-07,0.035131,0,86.6615,0.16289,0.75377,481.6125,1433.367
27.4666,10396.9345,38.5271,240.04,9.0311,-0.11206,-0.097111,2.8245,89.9971,-0.2199,4.3377,5.6071,14.8056,-34.4878,0.0019933,1.2574,0.069341,4.1146e-07,0.035141,0,86.3081,0.1631,0.72552,481.6113,1433.3491
27.4673,10396.9345,38.5271,240.04,9.0311,-0.11206,-0.097111,2.8245,89.9971,-0.2199,4.3377,5.6071,14.8056,-34.4878,0.0019933,1.2574,0.069341,4.1146e-07,0.035141,0,86.3081,0.16308,0.73412,481.6113,1433.3491
27.4673,10396.9345,38.5271,240.04,9.0311,-0.11206,-0.097111,2.8245,89.9971,-0.2199,4.3377,5.6071,14.8056,-34.4878,0.0019933,1.2574,0.069341,4.1146e-07,0.035141,0,86.3081,0.16308,0.73412,481.6113,1433.3491
27.4749,10397.2556,38.5238,240.04,9.0301,-0.11098,-0.073574,3.4301,89.9953,-0.18643,4.3372,5.5044,15.7508,-34.3951,0.0018381,1.23,0.085159,4.1133e-07,0.035152,0,85.9549,0.16317,0.78985,481.6102,1433.3312
27.4781,10397.2556,38.5238,240.04,9.0301,-0.11098,-0.073574,3.4301,89.9953,-0.18643,4.3372,5.5044,15.7508,-34.3951,0.0018381,1.23,0.085159,4.1133e-07,0.035152,0,85.9549,0.16311,0.80453,481.6102,1433.3312
27.4781,10397.2556,38.5238,240.04,9.0301,-0.11098,-0.073574,3.4301,89.9953,-0.18643,4.3372,5.5044,15.7508,-34.3951,0.0018381,1.23,0.085159,4.1133e-07,0.035152,0,85.9549,0.16311,0.80453,481.6102,1433.3312
27.4832,10397.5766,38.5204,240.0394,9.0292,-0.10998,-0.04499,4.0238,89.9937,-0.14532,4.3367,5.3951,16.4896,-34.3022,0.0017163,0.94947,0.097539,4.1121e-07,0.035163,0,85.6021,0.16313,0.8628,481.6091,1433.3133
27.4868,10397.5766,38.5204,240.0394,9.0292,-0.10998,-0.04499,4.0238,89.9937,-0.14532,4.3367,5.3951,16.4896,-34.3022,0.0017163,0.94947,0.097539,4.1121e-07,0.035163,0,85.6021,0.16305,0.8571,481.6091,1433.3133
27.4868,10397.5766,38.5204,240.0394,9.0292,-0.10998,-0.04499,4.0238,89.9937,-0.14532,4.3367,5.3951,16.4896,-34.3022,0.0017163,0.94947,0.097539,4.1121e-07,0.035163,0,85.6021,0.16305,0.8571,481.6091,1433.3133
27.4916,10397.8976,38.5167,240.0382,9.0283,-0.10906,-0.011459,4.4845,89.9925,-0.098232,4.3363,5.2774,14.7156,-33.5782,0.0017282,-0.67703,0.10669,4.111e-07,0.035174,0,85.2893,0.16295,0.93959,481.6079,1433.2954
27.4963,10397.8976,38.5167,240.0382,9.0283,-0.10906,-0.011459,4.4845,89.9925,-0.098232,4.3363,5.2774,14.7156,-33.5782,0.0017282,-0.67703,0.10669,4.111e-07,0.035174,0,85.2893,0.16285,0.90391,481.6079,1433.2954
27.4999,10398.2185,38.5133,240.0375,9.0274,-0.1082,0.025912,4.1693,89.9917,-0.04673,4.3358,5.3477,0.52175,-29.5138,0.0018412,-1.5793,0.11292,4.1098e-07,0.035184,0,85.4362,0.16276,0.92861,481.6068,1433.2775
27.5082,10398.5395,38.5098,240.0372,9.0265,-0.10735,0.060656,3.4238,89.9913,0.0077881,4.3353,5.41,-7.2838,-27.2744,0.0020095,-1.5493,0.11666,4.1087e-07,0.035195,0,85.5831,0.16257,0.90905,481.6056,1433.2597
27.511,10398.5395,38.5098,240.0372,9.0265,-0.10735,0.060656,3.4238,89.9913,0.0077881,4.3353,5.41,-7.2838,-27.2744,0.0020095,-1.5493,0.11666,4.1087e-07,0.035195,0,85.5831,0.16251,0.89327,481.6056,1433.2597
27.511,10398.5395,38.5098,240.0372,9.0265,-0.10735,0.060656,3.4238,89.9913,0.0077881,4.3353,5.41,-7.2838,-27.2744,0.0020095,-1.5493,0.11666,4.1087e-07,0.035195,0,85.5831,0.16251,0.89327,481.6056,1433.2597
27.5166,10398.8604,38.5064,240.037,9.0257,-0.10648,0.089188,2.6929,89.9914,0.064129,4.3349,5.4662,-6.7823,-27.3669,0.0021574,-1.5191,0.11692,4.1075e-07,0.035206,0,85.7302,0.1624,0.88549,481.6045,1433.2418
27.5221,10398.8604,38.5064,240.037,9.0257,-0.10648,0.089188,2.6929,89.9914,0.064129,4.3349,5.4662,-6.7823,-27.3669,0.0021574,-1.5191,0.11692,4.1075e-07,0.035206,0,85.7302,0.16228,0.86834,481.6045,1433.2418
27.5244,10398.8604,38.5064,240.037,9.0257,-0.10648,0.089188,2.6929,89.9914,0.064129,4.3349,5.4662,-6.7823,-27.3669,0.0021574,-1.5191,0.11692,4.1075e-07,0.035206,0,85.7302,0.16223,0.8635,481.6045,1433.2418
27.5244,10398.8604,38.5064,240.037,9.0257,-0.10648,0.089188,2.6929,89.9914,0.064129,4.3349,5.4662,-6.7823,-27.3669,0.0021574,-1.5191,0.11692,4.1075e-07,0.035206,0,85.7302,0.16223,0.8635,481.6045,1433.2418
27.5249,10399.1812,38.5031,240.037,9.0248,-0.10558,0.11163,1.9765,89.9919,0.12061,4.3344,5.5144,-6.4951,-27.4569,0.0022814,-1.4874,0.10629,4.1063e-07,0.035216,0,85.8772,0.16227,0.86003,481.6033,1433.2239
27.5254,10399.1812,38.5031,240.037,9.0248,-0.10558,0.11163,1.9765,89.9919,0.12061,4.3344,5.5144,-6.4951,-27.4569,0.0022814,-1.4874,0.10629,4.1063e-07,0.035216,0,85.8772,0.16226,0.85929,481.6033,1433.2239
27.5264,10399.1812,38.5031,240.037,9.0248,-0.10558,0.11163,1.9765,89.9919,0.12061,4.3344,5.5144,-6.4951,-27.4569,0.0022814,-1.4874,0.10629,4.1063e-07,0.035216,0,85.8772,0.16224,0.85793,481.6033,1433.2239
27.5284,10399.1812,38.5031,240.037,9.0248,-0.10558,0.11163,1.9765,89.9919,0.12061,4.3344,5.5144,-6.4951,-27.4569,0.0022814,-1.4874,0.10629,4.1063e-07,0.035216,0,85.8772,0.1622,0.85557,481.6033,1433.2239
27.5324,10399.1812,38.5031,240.037,9.0248,-0.10558,0.11163,1.9765,89.9919,0.12061,4.3344,5.5144,-6.4951,-27.4569,0.0022814,-1.4874,0.10629,4.1063e-07,0.035216,0,85.8772,0.16211,0.85205,481.6033,1433.2239
27.5332,10399.5021,38.4998,240.0373,9.0239,-0.10464,0.1281,1.2744,89.9929,0.17197,4.334,5.5363,-6.8731,-27.5478,0.0023637,-1.4543,0.085435,4.1049e-07,0.035227,0,86.0243,0.1622,0.83355,481.6022,1433.206
27.5373,10399.5021,38.4998,240.0373,9.0239,-0.10464,0.1281,1.2744,89.9929,0.17197,4.334,5.5363,-6.8731,-27.5478,0.0023637,-1.4543,0.085435,4.1049e-07,0.035227,0,86.0243,0.16211,0.83733,481.6022,1433.206
27.5416,10399.8229,38.4965,240.0377,9.0231,-0.10364,0.13872,0.58647,89.9943,0.21325,4.3336,5.5335,-7.8769,-27.6383,0.0024033,-1.421,0.059929,4.1035e-07,0.035238,0,86.1715,0.16219,0.80645,481.6011,1433.1881
27.5499,10400.1437,38.4933,240.0384,9.0222,-0.10259,0.14361,-0.087492,89.9961,0.24222,4.3331,5.5201,-9.1676,-27.7252,0.002399,-1.3881,0.032429,4.102e-07,0.035248,0,86.3187,0.16225,0.7789,481.5999,1433.1703
27.5582,10400.4644,38.4901,240.0394,9.0214,-0.10148,0.14288,-0.74779,89.9981,0.2579,4.3327,5.5027,-10.5841,-27.8069,0.0023531,-1.3558,0.0048975,4.1003e-07,0.035259,0,86.4513,0.16237,0.75101,481.5988,1433.1524
27.5666,10400.7852,38.487,240.0405,9.0205,-0.10033,0.13665,-1.3947,90.0003,0.26028,4.3323,5.4859,-12.0075,-27.8823,0.0022285,-1.3244,-0.02107,4.0986e-07,0.03527,0,86.0979,0.16254,0.72282,481.5976,1433.1345
27.5749,10401.1059,38.4836,240.0405,9.0197,-0.099191,0.12502,-2.0287,90.0025,0.25012,4.3319,5.27,-13.3408,-27.9481,0.0020703,-1.2942,-0.044441,4.0967e-07,0.035281,0,85.7447,0.16264,0.78714,481.5965,1433.1166
27.5832,10401.4266,38.4799,240.04,9.0189,-0.09809,0.10812,-2.65,90.0045,0.22867,4.3316,5.0631,-14.5212,-28.0061,0.001903,-1.2653,-0.064615,4.0947e-07,0.035291,0,85.3919,0.16266,0.86007,481.5953,1433.0988
27.5916,10401.7472,38.4761,240.0387,9.0181,-0.097048,0.086034,-3.259,90.0064,0.19747,4.3313,4.8664,-15.512,-28.0576,0.0018351,-1.2376,-0.081324,4.0926e-07,0.035302,0,85.0995,0.16258,0.93624,481.5942,1433.0809
27.5917,10401.7472,38.4761,240.0387,9.0181,-0.097048,0.086034,-3.259,90.0064,0.19747,4.3313,4.8664,-15.512,-28.0576,0.0018351,-1.2376,-0.081324,4.0926e-07,0.035302,0,85.0995,0.16258,0.93529,481.5942,1433.0809
27.5917,10401.7472,38.4761,240.0387,9.0181,-0.097048,0.086034,-3.259,90.0064,0.19747,4.3313,4.8664,-15.512,-28.0576,0.0018351,-1.2376,-0.081324,4.0926e-07,0.035302,0,85.0995,0.16258,0.93529,481.5942,1433.0809
27.5999,10402.0678,38.4724,240.0382,9.0173,-0.09604,0.058876,-3.8561,90.0081,0.15821,4.3309,4.8748,-16.297,-28.1088,0.0018446,-1.128,-0.094566,4.0904e-07,0.035313,0,85.2464,0.16251,0.92457,481.5931,1433.063
27.6011,10402.0678,38.4724,240.0382,9.0173,-0.09604,0.058876,-3.8561,90.0081,0.15821,4.3309,4.8748,-16.297,-28.1088,0.0018446,-1.128,-0.094566,4.0904e-07,0.035313,0,85.2464,0.16248,0.91525,481.5931,1433.063
27.6011,10402.0678,38.4724,240.0382,9.0173,-0.09604,0.058876,-3.8561,90.0081,0.15821,4.3309,4.8748,-16.297,-28.1088,0.0018446,-1.128,-0.094566,4.0904e-07,0.035313,0,85.2464,0.16248,0.91525,481.5931,1433.063
27.6082,10402.3884,38.4687,240.0378,9.0165,-0.09505,0.026742,-4.4018,90.0094,0.11255,4.3306,4.8904,-16.122,-28.3672,0.0019316,0.21608,-0.10452,4.0881e-07,0.035323,0,85.3933,0.16242,0.90472,481.5919,1433.0452
27.6153,10402.3884,38.4687,240.0378,9.0165,-0.09505,0.026742,-4.4018,90.0094,0.11255,4.3306,4.8904,-16.122,-28.3672,0.0019316,0.21608,-0.10452,4.0881e-07,0.035323,0,85.3933,0.16226,0.87377,481.5919,1433.0452
27.6166,10402.709,38.4652,240.0376,9.0157,-0.094065,-0.0099399,-4.3066,90.0103,0.062087,4.3303,4.913,-4.544,-31.7291,0.0020499,1.5847,-0.11149,4.0858e-07,0.035334,0,85.5403,0.16235,0.88124,481.5908,1433.0273
27.6227,10402.709,38.4652,240.0376,9.0157,-0.094065,-0.0099399,-4.3066,90.0103,0.062087,4.3303,4.913,-4.544,-31.7291,0.0020499,1.5847,-0.11149,4.0858e-07,0.035334,0,85.5403,0.16221,0.86414,481.5908,1433.0273
27.6249,10403.0295,38.4616,240.0377,9.0149,-0.093091,-0.045828,-3.5584,90.0109,0.0082527,4.3299,4.943,7.4385,-35.1682,0.0021733,1.5547,-0.11582,4.0835e-07,0.035345,0,85.6874,0.16227,0.85597,481.5896,1433.0095
27.6265,10403.0295,38.4616,240.0377,9.0149,-0.093091,-0.045828,-3.5584,90.0109,0.0082527,4.3299,4.943,7.4385,-35.1682,0.0021733,1.5547,-0.11582,4.0835e-07,0.035345,0,85.6874,0.16223,0.85413,481.5896,1433.0095
27.6265,10403.0295,38.4616,240.0377,9.0149,-0.093091,-0.045828,-3.5584,90.0109,0.0082527,4.3299,4.943,7.4385,-35.1682,0.0021733,1.5547,-0.11582,4.0835e-07,0.035345,0,85.6874,0.16223,0.85413,481.5896,1433.0095
27.6332,10403.35,38.4582,240.038,9.0142,-0.092122,-0.07548,-2.8248,90.0109,-0.047688,4.3296,4.98,6.8938,-35.1092,0.0022686,1.5247,-0.11751,4.0812e-07,0.035355,0,85.8345,0.1622,0.82976,481.5885,1432.9916
27.6394,10403.35,38.4582,240.038,9.0142,-0.092122,-0.07548,-2.8248,90.0109,-0.047688,4.3296,4.98,6.8938,-35.1092,0.0022686,1.5247,-0.11751,4.0812e-07,0.035355,0,85.8345,0.16205,0.83614,481.5885,1432.9916
27.6394,10403.35,38.4582,240.038,9.0142,-0.092122,-0.07548,-2.8248,90.0109,-0.047688,4.3296,4.98,6.8938,-35.1092,0.0022686,1.5247,-0.11751,4.0812e-07,0.035355,0,85.8345,0.16205,0.83614,481.5885,1432.9916
27.6416,10403.6705,38.4547,240.0385,9.0134,-0.091155,-0.09902,-2.1057,90.0105,-0.10446,4.3293,5.0244,6.5146,-35.0468,0.0023373,1.4935,-0.11012,4.079e-07,0.035366,0,85.9816,0.16213,0.80294,481.5873,1432.9738
27.6437,10403.6705,38.4547,240.0385,9.0134,-0.091155,-0.09902,-2.1057,90.0105,-0.10446,4.3293,5.0244,6.5146,-35.0468,0.0023373,1.4935,-0.11012,4.079e-07,0.035366,0,85.9816,0.16208,0.81078,481.5873,1432.9738
27.648,10403.6705,38.4547,240.0385,9.0134,-0.091155,-0.09902,-2.1057,90.0105,-0.10446,4.3293,5.0244,6.5146,-35.0468,0.0023373,1.4935,-0.11012,4.079e-07,0.035366,0,85.9816,0.16198,0.82219,481.5873,1432.9738
27.6499,10403.9909,38.4513,240.0392,9.0127,-0.090177,-0.11657,-1.401,90.0097,-0.15766,4.329,5.0923,6.6915,-34.9784,0.0023758,1.4606,-0.090833,4.0768e-07,0.035377,0,86.1288,0.16209,0.77566,481.5862,1432.9559
27.6582,10404.3113,38.448,240.0401,9.0119,-0.089172,-0.12824,-0.71043,90.0084,-0.20156,4.3287,5.1908,7.5972,-34.9027,0.0023781,1.4274,-0.06606,4.0747e-07,0.035388,0,86.2056,0.16209,0.74798,481.5851,1432.938
27.6666,10404.6317,38.4447,240.0411,9.0112,-0.088131,-0.13416,-0.033912,90.0067,-0.23348,4.3284,5.2739,8.8421,-34.8222,0.0023119,1.3943,-0.038836,4.0727e-07,0.035398,0,85.8522,0.16213,0.7336,481.5839,1432.9202
27.6749,10404.9521,38.4411,240.041,9.0105,-0.087072,-0.13445,0.62889,90.0047,-0.25226,4.3282,5.1906,10.2419,-34.7361,0.0022074,1.3619,-0.011153,4.0708e-07,0.035409,0,85.4991,0.16212,0.79924,481.5828,1432.9024
27.6832,10405.2724,38.4372,240.0403,9.0097,-0.086007,-0.1292,1.2783,90.0026,-0.25766,4.3279,5.1113,11.6757,-34.6468,0.0020839,1.3303,0.015276,4.0691e-07,0.03542,0,85.1464,0.16207,0.87265,481.5816,1432.8845
27.6916,10405.5927,38.4332,240.039,9.009,-0.084949,-0.11855,1.9146,90.0005,-0.2503,4.3277,5.0315,13.0393,-34.5561,0.0020324,1.2998,0.039293,4.0674e-07,0.03543,0,85.2932,0.16198,0.94891,481.5805,1432.8667
27.6999,10405.9129,38.4293,240.0383,9.0083,-0.083877,-0.1026,2.5382,89.9984,-0.23133,4.3275,5.1419,14.2623,-34.4696,0.0020207,1.2706,0.060216,4.0659e-07,0.035441,0,85.4401,0.16194,0.93746,481.5794,1432.8488
27.7082,10406.2332,38.4255,240.0378,9.0077,-0.082787,-0.081446,3.1494,89.9965,-0.20225,4.3273,5.2445,15.3032,-34.3857,0.0020498,1.2426,0.077711,4.0644e-07,0.035452,0,85.587,0.16193,0.91735,481.5782,1432.831
27.7157,10406.2332,38.4255,240.0378,9.0077,-0.082787,-0.081446,3.1494,89.9965,-0.20225,4.3273,5.2445,15.3032,-34.3857,0.0020498,1.2426,0.077711,4.0644e-07,0.035452,0,85.587,0.16175,0.87809,481.5782,1432.831
27.7157,10406.2332,38.4255,240.0378,9.0077,-0.082787,-0.081446,3.1494,89.9965,-0.20225,4.3273,5.2445,15.3032,-34.3857,0.0020498,1.2426,0.077711,4.0644e-07,0.035452,0,85.587,0.16175,0.87809,481.5782,1432.831
27.7166,10406.5534,38.4217,240.0376,9.007,-0.081681,-0.055201,3.7486,89.9948,-0.16473,4.3271,5.3383,16.1415,-34.3043,0.0020784,1.1965,0.091722,4.063e-07,0.035462,0,85.7339,0.16195,0.89332,481.5771,1432.8131
27.7174,10406.5534,38.4217,240.0376,9.007,-0.081681,-0.055201,3.7486,89.9948,-0.16473,4.3271,5.3383,16.1415,-34.3043,0.0020784,1.1965,0.091722,4.063e-07,0.035462,0,85.7339,0.16193,0.88943,481.5771,1432.8131
27.719,10406.5534,38.4217,240.0376,9.007,-0.081681,-0.055201,3.7486,89.9948,-0.16473,4.3271,5.3383,16.1415,-34.3043,0.0020784,1.1965,0.091722,4.063e-07,0.035462,0,85.7339,0.16189,0.88253,481.5771,1432.8131
27.7222,10406.5534,38.4217,240.0376,9.007,-0.081681,-0.055201,3.7486,89.9948,-0.16473,4.3271,5.3383,16.1415,-34.3043,0.0020784,1.1965,0.091722,4.063e-07,0.035462,0,85.7339,0.16182,0.87166,481.5771,1432.8131
27.7249,10406.8735,38.418,240.0375,9.0063,-0.080581,-0.023963,4.3268,89.9934,-0.12044,4.3269,5.4227,16.5972,-34.1749,0.0021213,0.084809,0.10239,4.0617e-07,0.035473,0,85.8809,0.16198,0.86779,481.5759,1432.7953
27.7332,10407.1937,38.4144,240.0377,9.0056,-0.079504,0.012094,4.3751,89.9924,-0.070996,4.3267,5.4977,7.1722,-31.3926,0.0021843,-1.5387,0.11,4.0604e-07,0.035484,0,86.028,0.16199,0.84174,481.5748,1432.7775
27.7416,10407.5138,38.4108,240.0381,9.005,-0.078461,0.048553,3.6487,89.9918,-0.017873,4.3265,5.5649,-7.0925,-27.3487,0.0022535,-1.5582,0.1149,4.0592e-07,0.035495,0,86.1751,0.16198,0.81522,481.5737,1432.7596
27.7425,10407.5138,38.4108,240.0381,9.005,-0.078461,0.048553,3.6487,89.9918,-0.017873,4.3265,5.5649,-7.0925,-27.3487,0.0022535,-1.5582,0.1149,4.0592e-07,0.035495,0,86.1751,0.16196,0.81767,481.5737,1432.7596
27.7425,10407.5138,38.4108,240.0381,9.005,-0.078461,0.048553,3.6487,89.9918,-0.017873,4.3265,5.5649,-7.0925,-27.3487,0.0022535,-1.5582,0.1149,4.0592e-07,0.035495,0,86.1751,0.16196,0.81767,481.5737,1432.7596
27.7499,10407.8338,38.4072,240.0387,9.0044,-0.077451,0.078958,2.9134,89.9917,0.037626,4.3264,5.6256,-6.9701,-27.3137,0.0023037,-1.5283,0.1174,4.0579e-07,0.035505,0,86.3222,0.16195,0.78833,481.5725,1432.7418
27.7551,10407.8338,38.4072,240.0387,9.0044,-0.077451,0.078958,2.9134,89.9917,0.037626,4.3264,5.6256,-6.9701,-27.3137,0.0023037,-1.5283,0.1174,4.0579e-07,0.035505,0,86.3222,0.16183,0.8104,481.5725,1432.7418
27.7551,10407.8338,38.4072,240.0387,9.0044,-0.077451,0.078958,2.9134,89.9917,0.037626,4.3264,5.6256,-6.9701,-27.3137,0.0023037,-1.5283,0.1174,4.0579e-07,0.035505,0,86.3222,0.16183,0.8104,481.5725,1432.7418
27.7582,10408.1539,38.4038,240.0395,9.0037,-0.076468,0.10324,2.1925,89.992,0.094345,4.3262,5.6811,-6.5466,-27.3995,0.002339,-1.4975,0.11214,4.0565e-07,0.035516,0,86.4694,0.16191,0.76108,481.5714,1432.724
27.7613,10408.1539,38.4038,240.0395,9.0037,-0.076468,0.10324,2.1925,89.992,0.094345,4.3262,5.6811,-6.5466,-27.3995,0.002339,-1.4975,0.11214,4.0565e-07,0.035516,0,86.4694,0.16184,0.78252,481.5714,1432.724
27.7666,10408.4739,38.4004,240.0405,9.0031,-0.075494,0.12151,1.486,89.9928,0.14853,4.326,5.7178,-6.5977,-27.4851,0.0023135,-1.4648,0.094166,4.0551e-07,0.035527,0,86.1161,0.16187,0.73346,481.5702,1432.7061
27.7749,10408.7939,38.3966,240.0405,9.0025,-0.074527,0.13389,0.79375,89.994,0.19404,4.3259,5.5204,-7.4257,-27.5703,0.002259,-1.4316,0.070016,4.0536e-07,0.035537,0,85.7631,0.16176,0.79793,481.5691,1432.6883
27.7832,10409.1138,38.3927,240.0398,9.0019,-0.073552,0.14051,0.11552,89.9956,0.22788,4.3257,5.3105,-8.6329,-27.6531,0.0021838,-1.3985,0.04308,4.052e-07,0.035548,0,85.4104,0.16162,0.8709,481.568,1432.6705
27.7916,10409.4338,38.3885,240.0385,9.0013,-0.072564,0.14147,-0.54894,89.9975,0.2487,4.3256,5.0964,-10.014,-27.7325,0.0021763,-1.3659,0.015379,4.0503e-07,0.035559,0,85.5572,0.16145,0.94701,481.5668,1432.6527
27.7999,10409.7536,38.3846,240.0378,9.0007,-0.071523,0.13689,-1.1999,89.9996,0.25615,4.3256,5.0769,-11.4463,-27.8121,0.0021923,-1.3342,-0.011298,4.0484e-07,0.03557,0,85.704,0.16137,0.93551,481.5657,1432.6349
27.8082,10410.0735,38.3807,240.0373,9.0001,-0.07042,0.12689,-1.8378,90.0017,0.2507,4.3255,5.0603,-12.8214,-27.8886,0.002226,-1.3036,-0.035712,4.0464e-07,0.03558,0,85.8509,0.16137,0.91541,481.5645,1432.617
27.8166,10410.3933,38.3768,240.0371,8.9995,-0.069258,0.11158,-2.463,90.0038,0.23346,4.3254,5.0495,-14.064,-27.9605,0.0022258,-1.2742,-0.05712,4.0444e-07,0.035591,0,85.9978,0.16144,0.8914,481.5634,1432.5992
27.8249,10410.7131,38.373,240.0371,8.9989,-0.068069,0.091055,-3.0757,90.0058,0.20588,4.3253,5.0467,-15.1287,-28.0249,0.0022056,-1.2461,-0.075137,4.0422e-07,0.035602,0,86.1448,0.16154,0.86558,481.5623,1432.5814
27.8306,10410.7131,38.373,240.0371,8.9989,-0.068069,0.091055,-3.0757,90.0058,0.20588,4.3253,5.0467,-15.1287,-28.0249,0.0022056,-1.2461,-0.075137,4.0422e-07,0.035602,0,86.1448,0.1614,0.85551,481.5623,1432.5814
27.8306,10410.7131,38.373,240.0371,8.9989,-0.068069,0.091055,-3.0757,90.0058,0.20588,4.3253,5.0467,-15.1287,-28.0249,0.0022056,-1.2461,-0.075137,4.0422e-07,0.035602,0,86.1448,0.1614,0.85551,481.5623,1432.5814
27.8332,10411.0329,38.3693,240.0373,8.9984,-0.066884,0.065424,-3.6763,90.0075,0.16959,4.3252,5.0526,-15.9921,-28.0821,0.0021741,-1.2192,-0.089667,4.0399e-07,0.035612,0,86.2919,0.16166,0.83885,481.5611,1432.5636
27.8358,10411.0329,38.3693,240.0373,8.9984,-0.066884,0.065424,-3.6763,90.0075,0.16959,4.3252,5.0526,-15.9921,-28.0821,0.0021741,-1.2192,-0.089667,4.0399e-07,0.035612,0,86.2919,0.16159,0.83966,481.5611,1432.5636
27.841,10411.0329,38.3693,240.0373,8.9984,-0.066884,0.065424,-3.6763,90.0075,0.16959,4.3252,5.0526,-15.9921,-28.0821,0.0021741,-1.2192,-0.089667,4.0399e-07,0.035612,0,86.2919,0.16146,0.84077,481.5611,1432.5636
27.8416,10411.3526,38.3656,240.0377,8.9978,-0.06573,0.034789,-4.2652,90.0089,0.12629,4.3252,5.0669,-16.6483,-28.1328,0.0021529,-0.30562,-0.10083,4.0376e-07,0.035623,0,86.439,0.16176,0.81186,481.56,1432.5458
27.8444,10411.3526,38.3656,240.0377,8.9978,-0.06573,0.034789,-4.2652,90.0089,0.12629,4.3252,5.0669,-16.6483,-28.1328,0.0021529,-0.30562,-0.10083,4.0376e-07,0.035623,0,86.439,0.16168,0.81944,481.56,1432.5458
27.8492,10411.3526,38.3656,240.0377,8.9978,-0.06573,0.034789,-4.2652,90.0089,0.12629,4.3252,5.0669,-16.6483,-28.1328,0.0021529,-0.30562,-0.10083,4.0376e-07,0.035623,0,86.439,0.16156,0.82803,481.56,1432.5458
27.8492,10411.3526,38.3656,240.0377,8.9978,-0.06573,0.034789,-4.2652,90.0089,0.12629,4.3252,5.0669,-16.6483,-28.1328,0.0021529,-0.30562,-0.10083,4.0376e-07,0.035623,0,86.439,0.16156,0.82803,481.56,1432.5458
27.8499,10411.6723,38.362,240.0383,8.9973,-0.064626,-0.00075433,-4.4187,90.0099,0.077589,4.3251,5.0884,-9.0505,-30.4084,0.0021599,1.3172,-0.10886,4.0352e-07,0.035634,0,86.5861,0.16182,0.78498,481.5588,1432.528
27.8506,10411.6723,38.362,240.0383,8.9973,-0.064626,-0.00075433,-4.4187,90.0099,0.077589,4.3251,5.0884,-9.0505,-30.4084,0.0021599,1.3172,-0.10886,4.0352e-07,0.035634,0,86.5861,0.16181,0.7888,481.5588,1432.528
27.852,10411.6723,38.362,240.0383,8.9973,-0.064626,-0.00075433,-4.4187,90.0099,0.077589,4.3251,5.0884,-9.0505,-30.4084,0.0021599,1.3172,-0.10886,4.0352e-07,0.035634,0,86.5861,0.16177,0.79568,481.5588,1432.528
27.8548,10411.6723,38.362,240.0383,8.9973,-0.064626,-0.00075433,-4.4187,90.0099,0.077589,4.3251,5.0884,-9.0505,-30.4084,0.0021599,1.3172,-0.10886,4.0352e-07,0.035634,0,86.5861,0.1617,0.80687,481.5588,1432.528
27.8582,10411.992,38.3585,240.0391,8.9968,-0.063579,-0.037577,-3.798,90.0106,0.025009,4.325,5.1175,5.174,-34.476,0.0021903,1.5642,-0.11417,4.0327e-07,0.035644,0,86.7333,0.16184,0.75788,481.5577,1432.5102
27.8586,10411.992,38.3585,240.0391,8.9968,-0.063579,-0.037577,-3.798,90.0106,0.025009,4.325,5.1175,5.174,-34.476,0.0021903,1.5642,-0.11417,4.0327e-07,0.035644,0,86.7333,0.16184,0.76102,481.5577,1432.5102
27.8586,10411.992,38.3585,240.0391,8.9968,-0.063579,-0.037577,-3.798,90.0106,0.025009,4.325,5.1175,5.174,-34.476,0.0021903,1.5642,-0.11417,4.0327e-07,0.035644,0,86.7333,0.16184,0.76102,481.5577,1432.5102
27.8666,10412.3116,38.3551,240.0402,8.9963,-0.062586,-0.069227,-3.0598,90.0108,-0.030143,4.325,5.1536,7.0821,-35.1062,0.0021735,1.5343,-0.1171,4.0303e-07,0.035655,0,86.38,0.16183,0.73051,481.5566,1432.4924
27.8711,10412.3116,38.3551,240.0402,8.9963,-0.062586,-0.069227,-3.0598,90.0108,-0.030143,4.325,5.1536,7.0821,-35.1062,0.0021735,1.5343,-0.1171,4.0303e-07,0.035655,0,86.38,0.16171,0.77085,481.5566,1432.4924
27.8711,10412.3116,38.3551,240.0402,8.9963,-0.062586,-0.069227,-3.0598,90.0108,-0.030143,4.325,5.1536,7.0821,-35.1062,0.0021735,1.5343,-0.1171,4.0303e-07,0.035655,0,86.38,0.16171,0.77085,481.5566,1432.4924
27.8749,10412.6312,38.3513,240.0402,8.9957,-0.061654,-0.094725,-2.3361,90.0105,-0.086721,4.3249,4.9931,6.6261,-35.0395,0.0021431,1.5036,-0.11333,4.028e-07,0.035666,0,86.027,0.16168,0.79528,481.5554,1432.4746
27.8787,10412.6312,38.3513,240.0402,8.9957,-0.061654,-0.094725,-2.3361,90.0105,-0.086721,4.3249,4.9931,6.6261,-35.0395,0.0021431,1.5036,-0.11333,4.028e-07,0.035666,0,86.027,0.16159,0.80956,481.5554,1432.4746
27.8832,10412.9508,38.3473,240.0395,8.9952,-0.060767,-0.11419,-1.6267,90.0098,-0.14148,4.3249,4.8521,6.5823,-34.9682,0.0021054,1.4712,-0.097312,4.0257e-07,0.035677,0,85.6743,0.16146,0.86848,481.5543,1432.4568
27.8916,10413.2703,38.3431,240.0382,8.9947,-0.059899,-0.12775,-0.93165,90.0086,-0.18851,4.3249,4.7444,7.2877,-34.8903,0.0021476,1.438,-0.074049,4.0235e-07,0.035687,0,85.6698,0.16117,0.94478,481.5531,1432.439
27.8999,10413.5898,38.3391,240.0375,8.9943,-0.058982,-0.13551,-0.25068,90.0071,-0.2243,4.3249,4.8513,8.4392,-34.8135,0.0022209,1.4048,-0.047528,4.0214e-07,0.035698,0,85.8167,0.16097,0.93346,481.552,1432.4212
27.9082,10413.9093,38.3352,240.0371,8.9938,-0.057984,-0.1376,0.41647,90.0052,-0.24727,4.325,4.9668,9.7946,-34.7368,0.002309,1.3721,-0.019913,4.0194e-07,0.035709,0,85.9635,0.16087,0.91349,481.5509,1432.4034
27.9166,10414.2288,38.3313,240.0368,8.9933,-0.056889,-0.13413,1.0701,90.0031,-0.25691,4.325,5.0855,11.2226,-34.6599,0.0023494,1.3403,0.0069674,4.0175e-07,0.035719,0,86.1105,0.16087,0.88955,481.5497,1432.3856
27.9249,10414.5482,38.3275,240.0368,8.9928,-0.055721,-0.12521,1.7106,90.001,-0.25355,4.325,5.2032,12.6122,-34.5799,0.0023467,1.3095,0.031775,4.0157e-07,0.03573,0,86.2575,0.16096,0.86378,481.5486,1432.3678
27.9332,10414.8675,38.3237,240.037,8.9924,-0.054509,-0.11096,2.3382,89.9989,-0.23821,4.325,5.3164,13.8818,-34.4976,0.0023,1.2799,0.053688,4.0141e-07,0.035741,0,86.4045,0.16111,0.83708,481.5475,1432.35
27.9416,10415.1869,38.32,240.0374,8.9919,-0.05329,-0.091473,2.9533,89.9969,-0.21228,4.3251,5.4229,14.9815,-34.4131,0.0022263,1.2515,0.072268,4.0125e-07,0.035752,0,86.5516,0.16128,0.80988,481.5463,1432.3322
27.945,10415.1869,38.32,240.0374,8.9919,-0.05329,-0.091473,2.9533,89.9969,-0.21228,4.3251,5.4229,14.9815,-34.4131,0.0022263,1.2515,0.072268,4.0125e-07,0.035752,0,86.5516,0.16119,0.81905,481.5463,1432.3322
27.945,10415.1869,38.32,240.0374,8.9919,-0.05329,-0.091473,2.9533,89.9969,-0.21228,4.3251,5.4229,14.9815,-34.4131,0.0022263,1.2515,0.072268,4.0125e-07,0.035752,0,86.5516,0.16119,0.81905,481.5463,1432.3322
27.9499,10415.5062,38.3164,240.0381,8.9915,-0.052096,-0.066862,3.5564,89.9951,-0.17737,4.3251,5.5214,15.8844,-34.3274,0.0021459,1.2244,0.087372,4.011e-07,0.035762,0,86.6987,0.16144,0.78235,481.5452,1432.3144
27.9548,10415.5062,38.3164,240.0381,8.9915,-0.052096,-0.066862,3.5564,89.9951,-0.17737,4.3251,5.5214,15.8844,-34.3274,0.0021459,1.2244,0.087372,4.011e-07,0.035762,0,86.6987,0.16131,0.80516,481.5452,1432.3144
27.9556,10415.5062,38.3164,240.0381,8.9915,-0.052096,-0.066862,3.5564,89.9951,-0.17737,4.3251,5.5214,15.8844,-34.3274,0.0021459,1.2244,0.087372,4.011e-07,0.035762,0,86.6987,0.16129,0.80803,481.5452,1432.3144
27.9556,10415.5062,38.3164,240.0381,8.9915,-0.052096,-0.066862,3.5564,89.9951,-0.17737,4.3251,5.5214,15.8844,-34.3274,0.0021459,1.2244,0.087372,4.011e-07,0.035762,0,86.6987,0.16129,0.80803,481.5452,1432.3144
27.9582,10415.8255,38.3129,240.039,8.9911,-0.050954,-0.037226,4.1476,89.9937,-0.13517,4.3252,5.611,16.5817,-34.2416,0.0020867,0.60674,0.099087,4.0096e-07,0.035773,0,86.6914,0.16157,0.75464,481.544,1432.2967
27.9608,10415.8255,38.3129,240.039,8.9911,-0.050954,-0.037226,4.1476,89.9937,-0.13517,4.3252,5.611,16.5817,-34.2416,0.0020867,0.60674,0.099087,4.0096e-07,0.035773,0,86.6914,0.1615,0.77424,481.544,1432.2967
27.9638,10415.8255,38.3129,240.039,8.9911,-0.050954,-0.037226,4.1476,89.9937,-0.13517,4.3252,5.611,16.5817,-34.2416,0.0020867,0.60674,0.099087,4.0096e-07,0.035773,0,86.6914,0.16141,0.79157,481.544,1432.2967
27.9638,10415.8255,38.3129,240.039,8.9911,-0.050954,-0.037226,4.1476,89.9937,-0.13517,4.3252,5.611,16.5817,-34.2416,0.0020867,0.60674,0.099087,4.0096e-07,0.035773,0,86.6914,0.16141,0.79157,481.544,1432.2967
27.9666,10416.1448,38.3094,240.04,8.9907,-0.049875,-0.0026626,4.4448,89.9925,-0.087305,4.3252,5.6906,11.7062,-32.6846,0.0020197,-1.0151,0.10762,4.0083e-07,0.035784,0,86.3381,0.16164,0.72726,481.5429,1432.2789
27.9693,10416.1448,38.3094,240.04,8.9907,-0.049875,-0.0026626,4.4448,89.9925,-0.087305,4.3252,5.6906,11.7062,-32.6846,0.0020197,-1.0151,0.10762,4.0083e-07,0.035784,0,86.3381,0.16157,0.75411,481.5429,1432.2789
27.9749,10416.464,38.3056,240.04,8.9903,-0.048886,0.034377,3.9682,89.9918,-0.035318,4.3253,5.5588,-2.4854,-28.6335,0.0019822,-1.571,0.11338,4.007e-07,0.035794,0,85.9852,0.16157,0.79211,481.5418,1432.2611
27.9832,10416.7832,38.3017,240.0394,8.9899,-0.047983,0.067445,3.2267,89.9915,0.019458,4.3254,5.4221,-7.1768,-27.2535,0.0019534,-1.541,0.1167,4.0056e-07,0.035805,0,85.6325,0.16137,0.86553,481.5406,1432.2433
27.9869,10416.7832,38.3017,240.0394,8.9899,-0.047983,0.067445,3.2267,89.9915,0.019458,4.3254,5.4221,-7.1768,-27.2535,0.0019534,-1.541,0.1167,4.0056e-07,0.035805,0,85.6325,0.16127,0.8577,481.5406,1432.2433
27.9869,10416.7832,38.3017,240.0394,8.9899,-0.047983,0.067445,3.2267,89.9915,0.019458,4.3254,5.4221,-7.1768,-27.2535,0.0019534,-1.541,0.1167,4.0056e-07,0.035805,0,85.6325,0.16127,0.8577,481.5406,1432.2433
27.9916,10417.1023,38.2975,240.0381,8.9895,-0.047151,0.094334,2.4997,89.9917,0.075847,4.3255,5.2819,-6.7027,-27.3364,0.0020189,-1.5106,0.11484,4.0042e-07,0.035816,0,85.4479,0.16106,0.94208,481.5395,1432.2255
27.9962,10417.1023,38.2975,240.0381,8.9895,-0.047151,0.094334,2.4997,89.9917,0.075847,4.3255,5.2819,-6.7027,-27.3364,0.0020189,-1.5106,0.11484,4.0042e-07,0.035816,0,85.4479,0.16094,0.90448,481.5395,1432.2255
27.9999,10417.4215,38.2935,240.0374,8.9891,-0.046324,0.11516,1.7871,89.9923,0.13134,4.3256,5.3249,-6.5466,-27.4242,0.002129,-1.4785,0.10139,4.0028e-07,0.035826,0,85.5947,0.16079,0.93103,481.5384,1432.2078
28.0082,10417.7406,38.2896,240.037,8.9887,-0.045451,0.13006,1.0888,89.9934,0.18034,4.3257,5.3393,-7.0977,-27.5172,0.0022659,-1.4454,0.079302,4.0013e-07,0.035837,0,85.7415,0.16057,0.91131,481.5372,1432.19
28.0166,10418.0596,38.2858,240.0367,8.9884,-0.04449,0.13913,0.4047,89.9949,0.21867,4.3258,5.3326,-8.1783,-27.6125,0.0023631,-1.4122,0.053306,3.9996e-07,0.035848,0,85.8885,0.16046,0.88758,481.5361,1432.1722
28.0249,10418.3787,38.282,240.0367,8.988,-0.043437,0.1425,-0.26555,89.9967,0.24444,4.326,5.3171,-9.5008,-27.704,0.0024158,-1.3794,0.025794,3.9979e-07,0.035859,0,86.0354,0.16045,0.86196,481.5349,1432.1545
28.0332,10418.6977,38.2782,240.0369,8.9876,-0.042305,0.14029,-0.92221,89.9988,0.25691,4.3261,5.2987,-10.9201,-27.79,0.0024116,-1.3474,-0.0013506,3.996e-07,0.035869,0,86.1825,0.16053,0.83536,481.5338,1432.1367
28.0416,10419.0166,38.2746,240.0374,8.9873,-0.041118,0.1326,-1.5656,90.0009,0.25627,4.3263,5.2822,-12.3221,-27.8686,0.0023576,-1.3163,-0.02667,3.994e-07,0.03588,0,86.3295,0.16069,0.80821,481.5327,1432.1189
28.0499,10419.3356,38.271,240.038,8.987,-0.039908,0.11956,-2.1961,90.003,0.24339,4.3264,5.2709,-13.618,-27.9392,0.0022661,-1.2865,-0.049243,3.9919e-07,0.035891,0,86.4767,0.16088,0.78071,481.5315,1432.1012
28.0582,10419.6545,38.2675,240.0389,8.9866,-0.038708,0.10126,-2.8141,90.0051,0.2196,4.3266,5.267,-14.752,-28.0022,0.0021556,-1.2578,-0.068554,3.9897e-07,0.035901,0,86.5748,0.16108,0.75292,481.5304,1432.0834
28.0588,10419.6545,38.2675,240.0389,8.9866,-0.038708,0.10126,-2.8141,90.0051,0.2196,4.3266,5.267,-14.752,-28.0022,0.0021556,-1.2578,-0.068554,3.9897e-07,0.035901,0,86.5748,0.16106,0.75757,481.5304,1432.0834
28.0588,10419.6545,38.2675,240.0389,8.9866,-0.038708,0.10126,-2.8141,90.0051,0.2196,4.3266,5.267,-14.752,-28.0022,0.0021556,-1.2578,-0.068554,3.9897e-07,0.035901,0,86.5748,0.16106,0.75757,481.5304,1432.0834
28.0666,10419.9734,38.264,240.04,8.9863,-0.037545,0.077806,-3.4198,90.0069,0.18648,4.3267,5.2716,-15.6925,-28.0582,0.0020016,-1.2305,-0.084403,3.9874e-07,0.035912,0,86.2216,0.16125,0.7249,481.5293,1432.0657
28.0695,10419.9734,38.264,240.04,8.9863,-0.037545,0.077806,-3.4198,90.0069,0.18648,4.3267,5.2716,-15.6925,-28.0582,0.0020016,-1.2305,-0.084403,3.9874e-07,0.035912,0,86.2216,0.16117,0.75424,481.5293,1432.0657
28.0695,10419.9734,38.264,240.04,8.9863,-0.037545,0.077806,-3.4198,90.0069,0.18648,4.3267,5.2716,-15.6925,-28.0582,0.0020016,-1.2305,-0.084403,3.9874e-07,0.035912,0,86.2216,0.16117,0.75424,481.5293,1432.0657
28.0749,10420.2922,38.2603,240.04,8.986,-0.036463,0.049308,-4.0137,90.0084,0.14571,4.3269,5.0818,-16.4274,-28.1054,0.0018669,-0.97621,-0.096832,3.985e-07,0.035923,0,85.8686,0.16129,0.78907,481.5281,1432.0479
28.0783,10420.2922,38.2603,240.04,8.986,-0.036463,0.049308,-4.0137,90.0084,0.14571,4.3269,5.0818,-16.4274,-28.1054,0.0018669,-0.97621,-0.096832,3.985e-07,0.035923,0,85.8686,0.16119,0.80365,481.5281,1432.0479
28.0783,10420.2922,38.2603,240.04,8.986,-0.036463,0.049308,-4.0137,90.0084,0.14571,4.3269,5.0818,-16.4274,-28.1054,0.0018669,-0.97621,-0.096832,3.985e-07,0.035923,0,85.8686,0.16119,0.80365,481.5281,1432.0479
28.0832,10420.611,38.2564,240.0394,8.9857,-0.035475,0.015861,-4.4871,90.0097,0.098926,4.3271,4.901,-14.8897,-28.7205,0.0017708,0.64434,-0.10605,3.9826e-07,0.035934,0,85.516,0.1612,0.86238,481.527,1432.0302
28.0881,10420.611,38.2564,240.0394,8.9857,-0.035475,0.015861,-4.4871,90.0097,0.098926,4.3271,4.901,-14.8897,-28.7205,0.0017708,0.64434,-0.10605,3.9826e-07,0.035934,0,85.516,0.16106,0.8535,481.527,1432.0302
28.0916,10420.9298,38.2523,240.0381,8.9855,-0.034585,-0.021532,-4.1875,90.0105,0.047691,4.3273,4.7297,-0.75771,-32.7701,0.0018196,1.5797,-0.11236,3.9801e-07,0.035944,0,85.2346,0.16097,0.93902,481.5259,1432.0124
28.0999,10421.2486,38.2484,240.0375,8.9852,-0.03374,-0.056427,-3.4417,90.0109,-0.0065959,4.3275,4.7612,7.3357,-35.1242,0.0019345,1.5497,-0.11618,3.9776e-07,0.035955,0,85.3814,0.16074,0.92821,481.5247,1431.9947
28.1026,10421.2486,38.2484,240.0375,8.9852,-0.03374,-0.056427,-3.4417,90.0109,-0.0065959,4.3275,4.7612,7.3357,-35.1242,0.0019345,1.5497,-0.11618,3.9776e-07,0.035955,0,85.3814,0.16066,0.90746,481.5247,1431.9947
28.1026,10421.2486,38.2484,240.0375,8.9852,-0.03374,-0.056427,-3.4417,90.0109,-0.0065959,4.3275,4.7612,7.3357,-35.1242,0.0019345,1.5497,-0.11618,3.9776e-07,0.035955,0,85.3814,0.16066,0.90746,481.5247,1431.9947
28.1082,10421.5673,38.2445,240.037,8.9849,-0.032902,-0.085108,-2.7105,90.0108,-0.062739,4.3277,4.7989,6.8232,-35.0666,0.0020908,1.5196,-0.11668,3.9752e-07,0.035966,0,85.5283,0.16051,0.90873,481.5236,1431.9769
28.1139,10421.5673,38.2445,240.037,8.9849,-0.032902,-0.085108,-2.7105,90.0108,-0.062739,4.3277,4.7989,6.8232,-35.0666,0.0020908,1.5196,-0.11668,3.9752e-07,0.035966,0,85.5283,0.16035,0.87927,481.5236,1431.9769
28.1159,10421.5673,38.2445,240.037,8.9849,-0.032902,-0.085108,-2.7105,90.0108,-0.062739,4.3277,4.7989,6.8232,-35.0666,0.0020908,1.5196,-0.11668,3.9752e-07,0.035966,0,85.5283,0.16029,0.87224,481.5236,1431.9769
28.1159,10421.5673,38.2445,240.037,8.9849,-0.032902,-0.085108,-2.7105,90.0108,-0.062739,4.3277,4.7989,6.8232,-35.0666,0.0020908,1.5196,-0.11668,3.9752e-07,0.035966,0,85.5283,0.16029,0.87224,481.5236,1431.9769
28.1166,10421.886,38.2407,240.0368,8.9846,-0.032033,-0.10769,-1.9938,90.0103,-0.11913,4.3279,4.8452,6.5176,-35.0092,0.0022227,1.4879,-0.1064,3.9728e-07,0.035976,0,85.6752,0.16033,0.88529,481.5225,1431.9592
28.1172,10421.886,38.2407,240.0368,8.9846,-0.032033,-0.10769,-1.9938,90.0103,-0.11913,4.3279,4.8452,6.5176,-35.0092,0.0022227,1.4879,-0.1064,3.9728e-07,0.035976,0,85.6752,0.16031,0.88229,481.5225,1431.9592
28.1186,10421.886,38.2407,240.0368,8.9846,-0.032033,-0.10769,-1.9938,90.0103,-0.11913,4.3279,4.8452,6.5176,-35.0092,0.0022227,1.4879,-0.1064,3.9728e-07,0.035976,0,85.6752,0.16027,0.87687,481.5225,1431.9592
28.1214,10421.886,38.2407,240.0368,8.9846,-0.032033,-0.10769,-1.9938,90.0103,-0.11913,4.3279,4.8452,6.5176,-35.0092,0.0022227,1.4879,-0.1064,3.9728e-07,0.035976,0,85.6752,0.16019,0.86805,481.5225,1431.9592
28.1249,10422.2046,38.237,240.0368,8.9844,-0.031116,-0.12431,-1.2914,90.0093,-0.17055,4.3281,4.9193,6.8724,-34.945,0.0023233,1.4549,-0.085759,3.9705e-07,0.035987,0,85.8222,0.16021,0.85993,481.5213,1431.9414
28.1332,10422.5232,38.2334,240.037,8.9841,-0.030135,-0.13507,-0.60316,90.0079,-0.212,4.3283,5.0202,7.8619,-34.8742,0.0023772,1.4217,-0.060405,3.9682e-07,0.035998,0,85.9692,0.16017,0.83356,481.5202,1431.9237
28.1416,10422.8418,38.2298,240.0375,8.9839,-0.029089,-0.1401,0.07108,90.0061,-0.2412,4.3286,5.1339,9.1438,-34.7984,0.0023833,1.3887,-0.033009,3.9661e-07,0.036008,0,86.1163,0.16021,0.80658,481.519,1431.9059
28.1499,10423.1604,38.2263,240.0381,8.9837,-0.027987,-0.1395,0.73164,90.0041,-0.25716,4.3288,5.2536,10.5559,-34.7187,0.0023419,1.3564,-0.0055371,3.9641e-07,0.036019,0,86.2634,0.16032,0.77918,481.5179,1431.8882
28.1582,10423.4789,38.2228,240.039,8.9834,-0.026848,-0.13341,1.3789,90.002,-0.25984,4.329,5.3744,11.9787,-34.6357,0.0022609,1.3251,0.020417,3.9622e-07,0.03603,0,86.4105,0.16048,0.75146,481.5168,1431.8705
28.1666,10423.7974,38.2195,240.0401,8.9832,-0.025696,-0.12192,2.0131,89.9998,-0.24998,4.3293,5.492,13.3153,-34.5503,0.0021082,1.2949,0.043805,3.9605e-07,0.036041,0,86.0573,0.16067,0.72347,481.5156,1431.8527
28.1749,10424.1159,38.2158,240.0401,8.983,-0.024579,-0.10514,2.6346,89.9977,-0.22882,4.3296,5.4008,14.5021,-34.4608,0.001933,1.2659,0.06402,3.9588e-07,0.036051,0,85.7043,0.16077,0.78761,481.5145,1431.835
28.1832,10424.4344,38.212,240.0395,8.9828,-0.023525,-0.083186,3.2439,89.9958,-0.19788,4.3299,5.3039,15.5018,-34.37,0.0017623,1.2382,0.080788,3.9573e-07,0.036062,0,85.3518,0.16077,0.86033,481.5134,1431.8173
28.1916,10424.7528,38.208,240.0382,8.9827,-0.022553,-0.056154,3.8412,89.9942,-0.15885,4.3302,5.2005,16.2975,-34.2796,0.0017116,1.1378,0.094097,3.9558e-07,0.036073,0,85.1326,0.16065,0.93626,481.5122,1431.7995
28.1926,10424.7528,38.208,240.0382,8.9827,-0.022553,-0.056154,3.8412,89.9942,-0.15885,4.3302,5.2005,16.2975,-34.2796,0.0017116,1.1378,0.094097,3.9558e-07,0.036073,0,85.1326,0.16062,0.9265,481.5122,1431.7995
28.1926,10424.7528,38.208,240.0382,8.9827,-0.022553,-0.056154,3.8412,89.9942,-0.15885,4.3302,5.2005,16.2975,-34.2796,0.0017116,1.1378,0.094097,3.9558e-07,0.036073,0,85.1326,0.16062,0.9265,481.5122,1431.7995
28.1999,10425.0712,38.2042,240.0376,8.9825,-0.02163,-0.024145,4.3915,89.9928,-0.11338,4.3305,5.283,16.2179,-34.0123,0.0017484,-0.18316,0.10413,3.9544e-07,0.036083,0,85.2794,0.16053,0.92516,481.5111,1431.7818
28.2072,10425.0712,38.2042,240.0376,8.9825,-0.02163,-0.024145,4.3915,89.9928,-0.11338,4.3305,5.283,16.2179,-34.0123,0.0017484,-0.18316,0.10413,3.9544e-07,0.036083,0,85.2794,0.16031,0.88085,481.5111,1431.7818
28.2082,10425.3895,38.2004,240.0372,8.9823,-0.020734,0.012451,4.3119,89.9919,-0.063065,4.3308,5.3558,4.8527,-30.7113,0.0018772,-1.5846,0.11118,3.953e-07,0.036094,0,85.4262,0.16039,0.90578,481.51,1431.7641
28.2135,10425.3895,38.2004,240.0372,8.9823,-0.020734,0.012451,4.3119,89.9919,-0.063065,4.3308,5.3558,4.8527,-30.7113,0.0018772,-1.5846,0.11118,3.953e-07,0.036094,0,85.4262,0.16023,0.87857,481.51,1431.7641
28.2166,10425.7078,38.1967,240.037,8.9821,-0.019843,0.048384,3.5637,89.9914,-0.0093382,4.3311,5.4206,-7.4329,-27.2285,0.0020109,-1.5547,0.11561,3.9517e-07,0.036105,0,85.5731,0.16026,0.88254,481.5088,1431.7464
28.2181,10425.7078,38.1967,240.037,8.9821,-0.019843,0.048384,3.5637,89.9914,-0.0093382,4.3311,5.4206,-7.4329,-27.2285,0.0020109,-1.5547,0.11561,3.9517e-07,0.036105,0,85.5731,0.16021,0.87633,481.5088,1431.7464
28.2181,10425.7078,38.1967,240.037,8.9821,-0.019843,0.048384,3.5637,89.9914,-0.0093382,4.3311,5.4206,-7.4329,-27.2285,0.0020109,-1.5547,0.11561,3.9517e-07,0.036105,0,85.5731,0.16021,0.87633,481.5088,1431.7464
28.2249,10426.0261,38.1931,240.037,8.982,-0.018954,0.078082,2.8301,89.9913,0.046531,4.3314,5.4793,-6.8911,-27.3226,0.0021259,-1.5247,0.11743,3.9503e-07,0.036116,0,85.7201,0.16015,0.85745,481.5077,1431.7286
28.231,10426.0261,38.1931,240.037,8.982,-0.018954,0.078082,2.8301,89.9913,0.046531,4.3314,5.4793,-6.8911,-27.3226,0.0021259,-1.5247,0.11743,3.9503e-07,0.036116,0,85.7201,0.15996,0.84931,481.5077,1431.7286
28.231,10426.0261,38.1931,240.037,8.982,-0.018954,0.078082,2.8301,89.9913,0.046531,4.3314,5.4793,-6.8911,-27.3226,0.0021259,-1.5247,0.11743,3.9503e-07,0.036116,0,85.7201,0.15996,0.84931,481.5077,1431.7286
28.2332,10426.3444,38.1896,240.0372,8.9818,-0.018057,0.10167,2.111,89.9917,0.10328,4.3317,5.5322,-6.5102,-27.4139,0.0022099,-1.4936,0.11031,3.9488e-07,0.036126,0,85.8671,0.16005,0.83137,481.5066,1431.7109
28.2355,10426.3444,38.1896,240.0372,8.9818,-0.018057,0.10167,2.111,89.9917,0.10328,4.3317,5.5322,-6.5102,-27.4139,0.0022099,-1.4936,0.11031,3.9488e-07,0.036126,0,85.8671,0.15999,0.83299,481.5066,1431.7109
28.24,10426.3444,38.1896,240.0372,8.9818,-0.018057,0.10167,2.111,89.9917,0.10328,4.3317,5.5322,-6.5102,-27.4139,0.0022099,-1.4936,0.11031,3.9488e-07,0.036126,0,85.8671,0.15985,0.83532,481.5066,1431.7109
28.2416,10426.6626,38.1861,240.0377,8.9817,-0.017143,0.11926,1.4062,89.9925,0.1566,4.332,5.5635,-6.6754,-27.5048,0.0022593,-1.4607,0.09118,3.9473e-07,0.036137,0,86.0141,0.16,0.80466,481.5054,1431.6932
28.2499,10426.9808,38.1828,240.0383,8.9816,-0.016195,0.13098,0.71564,89.9938,0.20067,4.3323,5.5658,-7.5748,-27.5965,0.0022724,-1.4275,0.066497,3.9457e-07,0.036148,0,86.1612,0.15999,0.77749,481.5043,1431.6755
28.2582,10427.299,38.1795,240.0392,8.9814,-0.015207,0.13694,0.039075,89.9955,0.23282,4.3326,5.5551,-8.8159,-27.6855,0.0022506,-1.3945,0.039324,3.944e-07,0.036158,0,86.3084,0.16003,0.74995,481.5032,1431.6578
28.2666,10427.6172,38.1762,240.0403,8.9813,-0.014179,0.13727,-0.62377,89.9975,0.25183,4.3329,5.539,-10.2129,-27.7701,0.0021503,-1.362,0.011653,3.9422e-07,0.036169,0,85.9552,0.16014,0.72209,481.502,1431.6401
28.2749,10427.9353,38.1727,240.0403,8.9812,-0.013142,0.13207,-1.2732,89.9996,0.25747,4.3333,5.3196,-11.6451,-27.8463,0.00201,-1.3305,-0.014796,3.9403e-07,0.03618,0,85.6022,0.16019,0.78627,481.5009,1431.6223
28.2832,10428.2534,38.169,240.0397,8.9811,-0.01212,0.12146,-1.9096,90.0017,0.25032,4.3336,5.1059,-13.0077,-27.9152,0.0018483,-1.3,-0.038857,3.9383e-07,0.03619,0,85.2497,0.16019,0.85901,481.4998,1431.6046
28.2916,10428.5714,38.1651,240.0385,8.981,-0.011135,0.10554,-2.5332,90.0038,0.23154,4.334,4.9006,-14.2301,-27.9774,0.0017695,-1.2708,-0.059838,3.9361e-07,0.036201,0,85.039,0.16012,0.93495,481.4986,1431.5869
28.2999,10428.8894,38.1614,240.0379,8.981,-0.010164,0.084434,-3.1445,90.0057,0.20263,4.3344,4.899,-15.2701,-28.0384,0.0017432,-1.2428,-0.077401,3.9339e-07,0.036212,0,85.1858,0.16008,0.92346,481.4975,1431.5692
28.3072,10428.8894,38.1614,240.0379,8.981,-0.010164,0.084434,-3.1445,90.0057,0.20263,4.3344,4.899,-15.2701,-28.0384,0.0017432,-1.2428,-0.077401,3.9339e-07,0.036212,0,85.1858,0.15985,0.87942,481.4975,1431.5692
28.3072,10428.8894,38.1614,240.0379,8.981,-0.010164,0.084434,-3.1445,90.0057,0.20263,4.3344,4.899,-15.2701,-28.0384,0.0017432,-1.2428,-0.077401,3.9339e-07,0.036212,0,85.1858,0.15985,0.87942,481.4975,1431.5692
28.3082,10429.2074,38.1578,240.0375,8.9809,-0.0092025,0.058231,-3.7437,90.0074,0.16522,4.3348,4.9056,-16.1071,-28.0964,0.0017783,-1.1987,-0.091484,3.9315e-07,0.036223,0,85.3326,0.16004,0.9034,481.4964,1431.5515
28.3092,10429.2074,38.1578,240.0375,8.9809,-0.0092025,0.058231,-3.7437,90.0074,0.16522,4.3348,4.9056,-16.1071,-28.0964,0.0017783,-1.1987,-0.091484,3.9315e-07,0.036223,0,85.3326,0.16001,0.89713,481.4964,1431.5515
28.3113,10429.2074,38.1578,240.0375,8.9809,-0.0092025,0.058231,-3.7437,90.0074,0.16522,4.3348,4.9056,-16.1071,-28.0964,0.0017783,-1.1987,-0.091484,3.9315e-07,0.036223,0,85.3326,0.15995,0.88634,481.4964,1431.5515
28.3154,10429.2074,38.1578,240.0375,8.9809,-0.0092025,0.058231,-3.7437,90.0074,0.16522,4.3348,4.9056,-16.1071,-28.0964,0.0017783,-1.1987,-0.091484,3.9315e-07,0.036223,0,85.3326,0.15982,0.87036,481.4964,1431.5515
28.3166,10429.5254,38.1543,240.0373,8.9808,-0.0082439,0.027033,-4.3229,90.0088,0.12101,4.3352,4.9197,-16.5794,-28.1957,0.0018283,-0.1077,-0.10223,3.9291e-07,0.036233,0,85.4795,0.16002,0.87976,481.4952,1431.5338
28.3225,10429.5254,38.1543,240.0373,8.9808,-0.0082439,0.027033,-4.3229,90.0088,0.12101,4.3352,4.9197,-16.5794,-28.1957,0.0018283,-0.1077,-0.10223,3.9291e-07,0.036233,0,85.4795,0.15983,0.86134,481.4952,1431.5338
28.3249,10429.8433,38.1508,240.0373,8.9808,-0.0073035,-0.0089906,-4.382,90.0098,0.071603,4.3356,4.9412,-7.3465,-30.9226,0.0019088,1.5163,-0.10992,3.9267e-07,0.036244,0,85.6265,0.16,0.85471,481.4941,1431.5161
28.3332,10430.1612,38.1474,240.0375,8.9807,-0.0063887,-0.045507,-3.6664,90.0104,0.01848,4.336,4.9701,6.9102,-35.0007,0.0019924,1.5587,-0.1149,3.9243e-07,0.036255,0,85.7735,0.15996,0.8288,481.493,1431.4984
28.3341,10430.1612,38.1474,240.0375,8.9807,-0.0063887,-0.045507,-3.6664,90.0104,0.01848,4.336,4.9701,6.9102,-35.0007,0.0019924,1.5587,-0.1149,3.9243e-07,0.036255,0,85.7735,0.15994,0.82962,481.493,1431.4984
28.3341,10430.1612,38.1474,240.0375,8.9807,-0.0063887,-0.045507,-3.6664,90.0104,0.01848,4.336,4.9701,6.9102,-35.0007,0.0019924,1.5587,-0.1149,3.9243e-07,0.036255,0,85.7735,0.15994,0.82962,481.493,1431.4984
28.3416,10430.4791,38.1441,240.038,8.9807,-0.0055005,-0.07606,-2.9308,90.0105,-0.037053,4.3363,5.0061,6.9839,-35.1241,0.0020533,1.5289,-0.11747,3.9218e-07,0.036265,0,85.9205,0.15992,0.80236,481.4918,1431.4807
28.3467,10430.4791,38.1441,240.038,8.9807,-0.0055005,-0.07606,-2.9308,90.0105,-0.037053,4.3363,5.0061,6.9839,-35.1241,0.0020533,1.5289,-0.11747,3.9218e-07,0.036265,0,85.9205,0.15976,0.81687,481.4918,1431.4807
28.3467,10430.4791,38.1441,240.038,8.9807,-0.0055005,-0.07606,-2.9308,90.0105,-0.037053,4.3363,5.0061,6.9839,-35.1241,0.0020533,1.5289,-0.11747,3.9218e-07,0.036265,0,85.9205,0.15976,0.81687,481.4918,1431.4807
28.3499,10430.797,38.1409,240.0387,8.9806,-0.0046341,-0.10048,-2.2097,90.0102,-0.093833,4.3367,5.0489,6.5512,-35.0635,0.0020933,1.4981,-0.11241,3.9195e-07,0.036276,0,86.0676,0.15987,0.77548,481.4907,1431.463
28.353,10430.797,38.1409,240.0387,8.9806,-0.0046341,-0.10048,-2.2097,90.0102,-0.093833,4.3367,5.0489,6.5512,-35.0635,0.0020933,1.4981,-0.11241,3.9195e-07,0.036276,0,86.0676,0.15977,0.79225,481.4907,1431.463
28.3582,10431.1148,38.1378,240.0395,8.9806,-0.0037758,-0.1189,-1.5029,90.0095,-0.14817,4.3371,5.1115,6.5876,-34.9978,0.00211,1.4654,-0.094639,3.9171e-07,0.036287,0,86.1651,0.15983,0.74821,481.4896,1431.4453
28.3666,10431.4326,38.1347,240.0406,8.9806,-0.002904,-0.13142,-0.81035,90.0082,-0.19391,4.3375,5.201,7.4015,-34.9247,0.0020603,1.4322,-0.07057,3.9149e-07,0.036298,0,85.8119,0.15982,0.7232,481.4884,1431.4276
28.3749,10431.7504,38.1313,240.0406,8.9806,-0.0020241,-0.13817,-0.13186,90.0066,-0.22803,4.3379,5.1099,8.604,-34.8445,0.0019772,1.3991,-0.043653,3.9128e-07,0.036308,0,85.4591,0.15976,0.78778,481.4873,1431.41
28.3832,10432.0681,38.1278,240.04,8.9806,-0.001135,-0.13927,0.53287,90.0047,-0.24913,4.3384,5.0289,9.9855,-34.7605,0.001869,1.3665,-0.015925,3.9108e-07,0.036319,0,85.1065,0.15967,0.86071,481.4862,1431.3923
28.3916,10432.3858,38.1241,240.0387,8.9806,-0.00024146,-0.13483,1.1841,90.0026,-0.25683,4.3388,4.9526,11.4222,-34.6741,0.0018275,1.3348,0.010815,3.9089e-07,0.03633,0,85.1449,0.15955,0.93672,481.485,1431.3746
28.3999,10432.7035,38.1205,240.0381,8.9806,0.00068607,-0.12496,1.8223,90.0005,-0.25161,4.3393,5.07,12.8048,-34.5911,0.0018141,1.3042,0.035314,3.9072e-07,0.03634,0,85.2917,0.1595,0.92532,481.4839,1431.3569
28.4082,10433.0212,38.1171,240.0376,8.9806,0.0016504,-0.10978,2.4476,89.9984,-0.23454,4.3397,5.1818,14.0574,-34.5099,0.0018273,1.2748,0.056819,3.9055e-07,0.036351,0,85.4385,0.15951,0.90533,481.4828,1431.3392
28.4166,10433.3388,38.1137,240.0374,8.9806,0.0026477,-0.089382,3.0606,89.9964,-0.20708,4.3402,5.2862,15.1339,-34.4304,0.0018193,1.2466,0.074939,3.9039e-07,0.036362,0,85.5854,0.15957,0.88144,481.4816,1431.3215
28.422,10433.3388,38.1137,240.0374,8.9806,0.0026477,-0.089382,3.0606,89.9964,-0.20708,4.3402,5.2862,15.1339,-34.4304,0.0018193,1.2466,0.074939,3.9039e-07,0.036362,0,85.5854,0.15939,0.86321,481.4816,1431.3215
28.422,10433.3388,38.1137,240.0374,8.9806,0.0026477,-0.089382,3.0606,89.9964,-0.20708,4.3402,5.2862,15.1339,-34.4304,0.0018193,1.2466,0.074939,3.9039e-07,0.036362,0,85.5854,0.15939,0.86321,481.4816,1431.3215
28.4249,10433.6564,38.1104,240.0375,8.9806,0.0036473,-0.063877,3.6615,89.9947,-0.17086,4.3407,5.3825,16.0106,-34.3499,0.0018089,1.2197,0.089574,3.9025e-07,0.036373,0,85.7323,0.15965,0.85574,481.4805,1431.3039
28.4278,10433.6564,38.1104,240.0375,8.9806,0.0036473,-0.063877,3.6615,89.9947,-0.17086,4.3407,5.3825,16.0106,-34.3499,0.0018089,1.2197,0.089574,3.9025e-07,0.036373,0,85.7323,0.15955,0.8512,481.4805,1431.3039
28.4329,10433.6564,38.1104,240.0375,8.9806,0.0036473,-0.063877,3.6615,89.9947,-0.17086,4.3407,5.3825,16.0106,-34.3499,0.0018089,1.2197,0.089574,3.9025e-07,0.036373,0,85.7323,0.15939,0.84585,481.4805,1431.3039
28.4329,10433.6564,38.1104,240.0375,8.9806,0.0036473,-0.063877,3.6615,89.9947,-0.17086,4.3407,5.3825,16.0106,-34.3499,0.0018089,1.2197,0.089574,3.9025e-07,0.036373,0,85.7323,0.15939,0.84585,481.4805,1431.3039
28.4332,10433.974,38.1072,240.0377,8.9807,0.0046257,-0.033365,4.2506,89.9933,-0.12756,4.3411,5.4695,16.6808,-34.2696,0.0018042,0.34402,0.10084,3.9011e-07,0.036383,0,85.8793,0.15972,0.82938,481.4794,1431.2862
28.4336,10433.974,38.1072,240.0377,8.9807,0.0046257,-0.033365,4.2506,89.9933,-0.12756,4.3411,5.4695,16.6808,-34.2696,0.0018042,0.34402,0.10084,3.9011e-07,0.036383,0,85.8793,0.15971,0.82965,481.4794,1431.2862
28.4342,10433.974,38.1072,240.0377,8.9807,0.0046257,-0.033365,4.2506,89.9933,-0.12756,4.3411,5.4695,16.6808,-34.2696,0.0018042,0.34402,0.10084,3.9011e-07,0.036383,0,85.8793,0.15969,0.83017,481.4794,1431.2862
28.4356,10433.974,38.1072,240.0377,8.9807,0.0046257,-0.033365,4.2506,89.9933,-0.12756,4.3411,5.4695,16.6808,-34.2696,0.0018042,0.34402,0.10084,3.9011e-07,0.036383,0,85.8793,0.15964,0.83111,481.4794,1431.2862
28.4383,10433.974,38.1072,240.0377,8.9807,0.0046257,-0.033365,4.2506,89.9933,-0.12756,4.3411,5.4695,16.6808,-34.2696,0.0018042,0.34402,0.10084,3.9011e-07,0.036383,0,85.8793,0.15956,0.83264,481.4794,1431.2862
28.4406,10433.974,38.1072,240.0377,8.9807,0.0046257,-0.033365,4.2506,89.9933,-0.12756,4.3411,5.4695,16.6808,-34.2696,0.0018042,0.34402,0.10084,3.9011e-07,0.036383,0,85.8793,0.15948,0.83367,481.4794,1431.2862
28.4406,10433.974,38.1072,240.0377,8.9807,0.0046257,-0.033365,4.2506,89.9933,-0.12756,4.3411,5.4695,16.6808,-34.2696,0.0018042,0.34402,0.10084,3.9011e-07,0.036383,0,85.8793,0.15948,0.83367,481.4794,1431.2862
28.4416,10434.2915,38.1041,240.0381,8.9807,0.0055633,0.0020559,4.4224,89.9922,-0.078822,4.3416,5.547,9.4353,-32.0749,0.0018227,-1.2818,0.10896,3.8997e-07,0.036394,0,86.0263,0.15977,0.80298,481.4783,1431.2685
28.4425,10434.2915,38.1041,240.0381,8.9807,0.0055633,0.0020559,4.4224,89.9922,-0.078822,4.3416,5.547,9.4353,-32.0749,0.0018227,-1.2818,0.10896,3.8997e-07,0.036394,0,86.0263,0.15974,0.8061,481.4783,1431.2685
28.4444,10434.2915,38.1041,240.0381,8.9807,0.0055633,0.0020559,4.4224,89.9922,-0.078822,4.3416,5.547,9.4353,-32.0749,0.0018227,-1.2818,0.10896,3.8997e-07,0.036394,0,86.0263,0.15968,0.81152,481.4783,1431.2685
28.4482,10434.2915,38.1041,240.0381,8.9807,0.0055633,0.0020559,4.4224,89.9922,-0.078822,4.3416,5.547,9.4353,-32.0749,0.0018227,-1.2818,0.10896,3.8997e-07,0.036394,0,86.0263,0.15955,0.81969,481.4783,1431.2685
28.4499,10434.609,38.1011,240.0388,8.9808,0.0064483,0.038909,3.8186,89.9916,-0.026151,4.342,5.6164,-4.819,-28.0233,0.0018588,-1.5649,0.11436,3.8984e-07,0.036405,0,86.1734,0.15979,0.77629,481.4771,1431.2508
28.4502,10434.609,38.1011,240.0388,8.9808,0.0064483,0.038909,3.8186,89.9916,-0.026151,4.342,5.6164,-4.819,-28.0233,0.0018588,-1.5649,0.11436,3.8984e-07,0.036405,0,86.1734,0.15978,0.77832,481.4771,1431.2508
28.4502,10434.609,38.1011,240.0388,8.9808,0.0064483,0.038909,3.8186,89.9916,-0.026151,4.342,5.6164,-4.819,-28.0233,0.0018588,-1.5649,0.11436,3.8984e-07,0.036405,0,86.1734,0.15978,0.77832,481.4771,1431.2508
28.4582,10434.9265,38.0981,240.0396,8.9809,0.0072828,0.070731,3.0801,89.9913,0.029131,4.3425,5.6791,-7.0576,-27.3312,0.0018865,-1.535,0.11738,3.8971e-07,0.036415,0,86.2087,0.15977,0.74931,481.476,1431.2332
28.4627,10434.9265,38.0981,240.0396,8.9809,0.0072828,0.070731,3.0801,89.9913,0.029131,4.3425,5.6791,-7.0576,-27.3312,0.0018865,-1.535,0.11738,3.8971e-07,0.036415,0,86.2087,0.15962,0.78093,481.476,1431.2332
28.4627,10434.9265,38.0981,240.0396,8.9809,0.0072828,0.070731,3.0801,89.9913,0.029131,4.3425,5.6791,-7.0576,-27.3312,0.0018865,-1.535,0.11738,3.8971e-07,0.036415,0,86.2087,0.15962,0.78093,481.476,1431.2332
28.4666,10435.244,38.0953,240.0407,8.9809,0.0080763,0.096399,2.3561,89.9916,0.085874,4.3429,5.7366,-6.6034,-27.419,0.0018621,-1.5043,0.11387,3.8957e-07,0.036426,0,85.8556,0.15973,0.72202,481.4749,1431.2155
28.4704,10435.244,38.0953,240.0407,8.9809,0.0080763,0.096399,2.3561,89.9916,0.085874,4.3429,5.7366,-6.6034,-27.419,0.0018621,-1.5043,0.11387,3.8957e-07,0.036426,0,85.8556,0.15961,0.75823,481.4749,1431.2155
28.4749,10435.5615,38.0921,240.0407,8.981,0.0088262,0.11603,1.6464,89.9923,0.14092,4.3434,5.5756,-6.5491,-27.5039,0.0018173,-1.472,0.098141,3.8942e-07,0.036437,0,85.5027,0.15959,0.78659,481.4737,1431.1978
28.4832,10435.8789,38.0887,240.0401,8.9811,0.0095545,0.12975,0.95099,89.9935,0.18836,4.3439,5.3868,-7.2408,-27.5902,0.001758,-1.4388,0.074961,3.8927e-07,0.036447,0,85.1502,0.15939,0.85961,481.4726,1431.1802
28.4916,10436.1963,38.0852,240.0388,8.9812,0.010282,0.13768,0.26969,89.995,0.2246,4.3444,5.1822,-8.3893,-27.6758,0.0017732,-1.4056,0.04843,3.891e-07,0.036458,0,85.0614,0.15915,0.93574,481.4715,1431.1625
28.4999,10436.5136,38.0819,240.0382,8.9813,0.011064,0.13992,-0.39778,89.9969,0.24801,4.345,5.1655,-9.7459,-27.7638,0.0018134,-1.3729,0.020742,3.8892e-07,0.036469,0,85.2082,0.15901,0.92445,481.4703,1431.1448
28.5082,10436.831,38.0787,240.0378,8.9814,0.01192,0.13661,-1.0517,89.999,0.25804,4.3455,5.1462,-11.1776,-27.8499,0.0018664,-1.341,-0.0062582,3.8874e-07,0.03648,0,85.355,0.15896,0.90454,481.4692,1431.1272
28.5166,10437.1483,38.0755,240.0376,8.9815,0.012857,0.12785,-1.6925,90.0011,0.25502,4.346,5.129,-12.5724,-27.9322,0.0018751,-1.3102,-0.031216,3.8854e-07,0.03649,0,85.5019,0.15901,0.8807,481.4681,1431.1095
28.5249,10437.4656,38.0724,240.0376,8.9816,0.013844,0.11374,-2.3204,90.0033,0.23993,4.3465,5.1177,-13.848,-28.0068,0.0018488,-1.2805,-0.053294,3.8833e-07,0.036501,0,85.6488,0.15912,0.85505,481.4669,1431.0918
28.5332,10437.7828,38.0694,240.0378,8.9817,0.014848,0.094405,-2.9359,90.0053,0.21417,4.347,5.114,-14.9534,-28.0738,0.0017905,-1.2522,-0.072039,3.8811e-07,0.036512,0,85.7957,0.15927,0.8285,481.4658,1431.0742
28.5361,10437.7828,38.0694,240.0378,8.9817,0.014848,0.094405,-2.9359,90.0053,0.21417,4.347,5.114,-14.9534,-28.0738,0.0017905,-1.2522,-0.072039,3.8811e-07,0.036512,0,85.7957,0.15918,0.83058,481.4658,1431.0742
28.5361,10437.7828,38.0694,240.0378,8.9817,0.014848,0.094405,-2.9359,90.0053,0.21417,4.347,5.114,-14.9534,-28.0738,0.0017905,-1.2522,-0.072039,3.8811e-07,0.036512,0,85.7957,0.15918,0.83058,481.4658,1431.0742
28.5416,10438.1,38.0665,240.0383,8.9819,0.015835,0.069939,-3.5392,90.007,0.17934,4.3476,5.119,-15.8611,-28.1329,0.0017203,-1.225,-0.087303,3.8788e-07,0.036522,0,85.9428,0.15942,0.80144,481.4647,1431.0565
28.5468,10438.1,38.0665,240.0383,8.9819,0.015835,0.069939,-3.5392,90.007,0.17934,4.3476,5.119,-15.8611,-28.1329,0.0017203,-1.225,-0.087303,3.8788e-07,0.036522,0,85.9428,0.15925,0.81581,481.4647,1431.0565
28.5468,10438.1,38.0665,240.0383,8.9819,0.015835,0.069939,-3.5392,90.007,0.17934,4.3476,5.119,-15.8611,-28.1329,0.0017203,-1.225,-0.087303,3.8788e-07,0.036522,0,85.9428,0.15925,0.81581,481.4647,1431.0565
28.5499,10438.4173,38.0637,240.0389,8.982,0.016777,0.040447,-4.1306,90.0085,0.13714,4.3481,5.1326,-16.5618,-28.1854,0.0016649,-0.66545,-0.099165,3.8764e-07,0.036533,0,86.0898,0.15955,0.77413,481.4636,1431.0389
28.5529,10438.4173,38.0637,240.0389,8.982,0.016777,0.040447,-4.1306,90.0085,0.13714,4.3481,5.1326,-16.5618,-28.1854,0.0016649,-0.66545,-0.099165,3.8764e-07,0.036533,0,86.0898,0.15945,0.79046,481.4636,1431.0389
28.5552,10438.4173,38.0637,240.0389,8.982,0.016777,0.040447,-4.1306,90.0085,0.13714,4.3481,5.1326,-16.5618,-28.1854,0.0016649,-0.66545,-0.099165,3.8764e-07,0.036533,0,86.0898,0.15937,0.79957,481.4636,1431.0389
28.5552,10438.4173,38.0637,240.0389,8.982,0.016777,0.040447,-4.1306,90.0085,0.13714,4.3481,5.1326,-16.5618,-28.1854,0.0016649,-0.66545,-0.099165,3.8764e-07,0.036533,0,86.0898,0.15937,0.79957,481.4636,1431.0389
28.5582,10438.7344,38.061,240.0398,8.9822,0.017659,0.0060246,-4.4559,90.0097,0.089198,4.3486,5.1533,-12.2193,-29.5733,0.0016369,0.96158,-0.10783,3.874e-07,0.036544,0,86.101,0.15963,0.74715,481.4624,1431.0212
28.5613,10438.7344,38.061,240.0398,8.9822,0.017659,0.0060246,-4.4559,90.0097,0.089198,4.3486,5.1533,-12.2193,-29.5733,0.0016369,0.96158,-0.10783,3.874e-07,0.036544,0,86.101,0.15953,0.77038,481.4624,1431.0212
28.5666,10439.0516,38.0583,240.0408,8.9823,0.018469,-0.031107,-4.0049,90.0104,0.037065,4.3491,5.1695,2.0052,-33.6484,0.0016037,1.5724,-0.11372,3.8715e-07,0.036555,0,85.7479,0.15966,0.72545,481.4613,1431.0036
28.5749,10439.3687,38.0553,240.0408,8.9825,0.019195,-0.064481,-3.2627,90.0107,-0.017912,4.3497,5.0022,7.1801,-35.1876,0.0015675,1.5424,-0.11715,3.8691e-07,0.036565,0,85.3951,0.15955,0.79075,481.4602,1430.9859
28.5785,10439.3687,38.0553,240.0408,8.9825,0.019195,-0.064481,-3.2627,90.0107,-0.017912,4.3497,5.0022,7.1801,-35.1876,0.0015675,1.5424,-0.11715,3.8691e-07,0.036565,0,85.3951,0.15942,0.80415,481.4602,1430.9859
28.5785,10439.3687,38.0553,240.0408,8.9825,0.019195,-0.064481,-3.2627,90.0107,-0.017912,4.3497,5.0022,7.1801,-35.1876,0.0015675,1.5424,-0.11715,3.8691e-07,0.036565,0,85.3951,0.15942,0.80415,481.4602,1430.9859
28.5832,10439.6859,38.0522,240.0401,8.9827,0.019846,-0.09167,-2.5351,90.0106,-0.074546,4.3502,4.8435,6.6939,-35.1226,0.0015346,1.512,-0.11567,3.8666e-07,0.036576,0,85.0426,0.15932,0.86423,481.459,1430.9683
28.5879,10439.6859,38.0522,240.0401,8.9827,0.019846,-0.09167,-2.5351,90.0106,-0.074546,4.3502,4.8435,6.6939,-35.1226,0.0015346,1.512,-0.11567,3.8666e-07,0.036576,0,85.0426,0.15916,0.85331,481.459,1430.9683
28.5916,10440.0029,38.0489,240.0388,8.9828,0.020443,-0.1128,-1.8219,90.01,-0.13046,4.3508,4.6997,6.5106,-35.0548,0.0015895,1.48,-0.10265,3.8643e-07,0.036587,0,85.1893,0.15901,0.94065,481.4579,1430.9506
28.5999,10440.32,38.0458,240.0381,8.983,0.021058,-0.12798,-1.123,90.0089,-0.18009,4.3513,4.7806,7.0335,-34.9863,0.0016818,1.4469,-0.08068,3.862e-07,0.036597,0,85.336,0.15875,0.92969,481.4568,1430.933
28.6082,10440.637,38.0428,240.0376,8.9832,0.02174,-0.13734,-0.43825,90.0074,-0.21909,4.3519,4.8842,8.1058,-34.9157,0.0017949,1.4137,-0.054665,3.8599e-07,0.036608,0,85.4828,0.15858,0.91006,481.4556,1430.9153
28.6166,10440.954,38.0399,240.0374,8.9834,0.022519,-0.14099,0.2326,90.0055,-0.24552,4.3525,4.9984,9.4301,-34.8442,0.0018624,1.3808,-0.027041,3.8578e-07,0.036619,0,85.6297,0.15852,0.88644,481.4545,1430.8977
28.6249,10441.271,38.037,240.0373,8.9836,0.023385,-0.13905,0.88985,90.0035,-0.25859,4.3531,5.1177,10.8581,-34.7689,0.001882,1.3487,0.00028724,3.8559e-07,0.03663,0,85.7765,0.15857,0.86095,481.4534,1430.8801
28.6332,10441.588,38.0342,240.0375,8.9838,0.024317,-0.13164,1.5338,90.0013,-0.25845,4.3536,5.237,12.2743,-34.6904,0.0018469,1.3176,0.025832,3.8541e-07,0.03664,0,85.9235,0.1587,0.83451,481.4523,1430.8624
28.6416,10441.9049,38.0315,240.0379,8.984,0.025281,-0.11885,2.1649,89.9992,-0.24597,4.3542,5.3526,13.5881,-34.6088,0.0017693,1.2877,0.048647,3.8524e-07,0.036651,0,86.0705,0.15888,0.80755,481.4511,1430.8448
28.6499,10442.2218,38.0289,240.0385,8.9842,0.026243,-0.10081,2.7834,89.9971,-0.22245,4.3548,5.462,14.7421,-34.525,0.0016655,1.259,0.068202,3.8508e-07,0.036662,0,86.2175,0.15907,0.78025,481.45,1430.8271
28.6582,10442.5387,38.0264,240.0393,8.9845,0.027172,-0.077617,3.3897,89.9953,-0.18947,4.3554,5.5636,15.7036,-34.44,0.0015561,1.2316,0.084282,3.8493e-07,0.036672,0,86.3646,0.15926,0.75268,481.4489,1430.8095
28.6606,10442.5387,38.0264,240.0393,8.9845,0.027172,-0.077617,3.3897,89.9953,-0.18947,4.3554,5.5636,15.7036,-34.44,0.0015561,1.2316,0.084282,3.8493e-07,0.036672,0,86.3646,0.15917,0.77006,481.4489,1430.8095
28.6606,10442.5387,38.0264,240.0393,8.9845,0.027172,-0.077617,3.3897,89.9953,-0.18947,4.3554,5.5636,15.7036,-34.44,0.0015561,1.2316,0.084282,3.8493e-07,0.036672,0,86.3646,0.15917,0.77006,481.4489,1430.8095
28.6666,10442.8556,38.024,240.0404,8.9847,0.028041,-0.04937,3.9841,89.9937,-0.14872,4.3559,5.6565,16.4597,-34.355,0.0014269,1.0495,0.096923,3.8479e-07,0.036683,0,86.0115,0.1594,0.72488,481.4477,1430.7919
28.6696,10442.8556,38.024,240.0404,8.9847,0.028041,-0.04937,3.9841,89.9937,-0.14872,4.3559,5.6565,16.4597,-34.355,0.0014269,1.0495,0.096923,3.8479e-07,0.036683,0,86.0115,0.1593,0.75336,481.4477,1430.7919
28.6696,10442.8556,38.024,240.0404,8.9847,0.028041,-0.04937,3.9841,89.9937,-0.14872,4.3559,5.6565,16.4597,-34.355,0.0014269,1.0495,0.096923,3.8479e-07,0.036683,0,86.0115,0.1593,0.75336,481.4477,1430.7919
28.6749,10443.1725,38.0213,240.0404,8.9849,0.028821,-0.01617,4.4925,89.9925,-0.10186,4.3565,5.5369,15.5974,-33.8812,0.0013223,-0.56299,0.10633,3.8465e-07,0.036694,0,85.6588,0.1594,0.78952,481.4466,1430.7742
28.6802,10443.1725,38.0213,240.0404,8.9849,0.028821,-0.01617,4.4925,89.9925,-0.10186,4.3565,5.5369,15.5974,-33.8812,0.0013223,-0.56299,0.10633,3.8465e-07,0.036694,0,85.6588,0.15921,0.80804,481.4466,1430.7742
28.6832,10443.4893,38.0184,240.0397,8.9852,0.029499,0.021267,4.2317,89.9916,-0.050444,4.3571,5.4107,1.5461,-29.8487,0.0012698,-1.5815,0.11281,3.8452e-07,0.036705,0,85.3063,0.15926,0.86283,481.4455,1430.7566
28.6916,10443.8061,38.0154,240.0384,8.9855,0.030083,0.056532,3.4852,89.9912,0.0041005,4.3578,5.2789,-7.3005,-27.3142,0.0013287,-1.5514,0.11677,3.8439e-07,0.036715,0,85.2663,0.15899,0.93936,481.4444,1430.739
28.6941,10443.8061,38.0154,240.0384,8.9855,0.030083,0.056532,3.4852,89.9912,0.0041005,4.3578,5.2789,-7.3005,-27.3142,0.0013287,-1.5514,0.11677,3.8439e-07,0.036715,0,85.2663,0.1589,0.91572,481.4444,1430.739
28.6941,10443.8061,38.0154,240.0384,8.9855,0.030083,0.056532,3.4852,89.9912,0.0041005,4.3578,5.2789,-7.3005,-27.3142,0.0013287,-1.5514,0.11677,3.8439e-07,0.036715,0,85.2663,0.1589,0.91572,481.4444,1430.739
28.6999,10444.1229,38.0126,240.0377,8.9857,0.030632,0.085574,2.7532,89.9912,0.060559,4.3584,5.3363,-6.7875,-27.4053,0.0014391,-1.5214,0.11776,3.8425e-07,0.036726,0,85.4131,0.15873,0.92863,481.4432,1430.7214
28.7056,10444.1229,38.0126,240.0377,8.9857,0.030632,0.085574,2.7532,89.9912,0.060559,4.3584,5.3363,-6.7875,-27.4053,0.0014391,-1.5214,0.11776,3.8425e-07,0.036726,0,85.4131,0.15853,0.88786,481.4432,1430.7214
28.7074,10444.1229,38.0126,240.0377,8.9857,0.030632,0.085574,2.7532,89.9912,0.060559,4.3584,5.3363,-6.7875,-27.4053,0.0014391,-1.5214,0.11776,3.8425e-07,0.036726,0,85.4131,0.15847,0.87959,481.4432,1430.7214
28.7074,10444.1229,38.0126,240.0377,8.9857,0.030632,0.085574,2.7532,89.9912,0.060559,4.3584,5.3363,-6.7875,-27.4053,0.0014391,-1.5214,0.11776,3.8425e-07,0.036726,0,85.4131,0.15847,0.87959,481.4432,1430.7214
28.7082,10444.4397,38.0098,240.0372,8.986,0.031189,0.10852,2.0357,89.9917,0.1175,4.359,5.3865,-6.4579,-27.4977,0.0015866,-1.4898,0.1081,3.8411e-07,0.036737,0,85.5598,0.1585,0.90928,481.4421,1430.7037
28.7091,10444.4397,38.0098,240.0372,8.986,0.031189,0.10852,2.0357,89.9917,0.1175,4.359,5.3865,-6.4579,-27.4977,0.0015866,-1.4898,0.1081,3.8411e-07,0.036737,0,85.5598,0.15847,0.90327,481.4421,1430.7037
28.7108,10444.4397,38.0098,240.0372,8.986,0.031189,0.10852,2.0357,89.9917,0.1175,4.359,5.3865,-6.4579,-27.4977,0.0015866,-1.4898,0.1081,3.8411e-07,0.036737,0,85.5598,0.15841,0.8927,481.4421,1430.7037
28.7142,10444.4397,38.0098,240.0372,8.986,0.031189,0.10852,2.0357,89.9917,0.1175,4.359,5.3865,-6.4579,-27.4977,0.0015866,-1.4898,0.1081,3.8411e-07,0.036737,0,85.5598,0.15829,0.87625,481.4421,1430.7037
28.7166,10444.7564,38.0071,240.0369,8.9862,0.031799,0.12548,1.3325,89.9927,0.16976,4.3596,5.4105,-6.7787,-27.5943,0.001702,-1.4568,0.087658,3.8396e-07,0.036747,0,85.7067,0.15833,0.88593,481.441,1430.6861
28.7249,10445.0731,38.0045,240.0369,8.9865,0.032479,0.13659,0.64359,89.9941,0.21214,4.3602,5.4083,-7.7591,-27.6911,0.0017804,-1.4235,0.06229,3.838e-07,0.036758,0,85.8536,0.15825,0.86068,481.4398,1430.6685
28.7332,10445.3898,38.002,240.0371,8.9868,0.033236,0.14195,-0.031378,89.9959,0.24226,4.3608,5.3948,-9.043,-27.7849,0.0018066,-1.3905,0.034754,3.8363e-07,0.036769,0,86.0005,0.15827,0.83442,481.4387,1430.6509
28.7416,10445.7065,37.9996,240.0375,8.9871,0.034059,0.14169,-0.69266,89.9979,0.25906,4.3614,5.3769,-10.4632,-27.873,0.0017804,-1.3581,0.0070428,3.8345e-07,0.03678,0,86.1475,0.15836,0.80758,481.4376,1430.6332
28.7499,10446.0231,37.9973,240.0381,8.9874,0.034927,0.13592,-1.3406,90.0001,0.26246,4.3621,5.3595,-11.899,-27.9543,0.0017074,-1.3267,-0.01921,3.8326e-07,0.03679,0,86.2945,0.15853,0.78035,481.4365,1430.6156
28.7582,10446.3398,37.995,240.0389,8.9877,0.035812,0.12474,-1.9755,90.0023,0.25317,4.3627,5.3464,-13.2509,-28.0281,0.0016003,-1.2964,-0.042922,3.8306e-07,0.036801,0,86.4416,0.15873,0.75282,481.4353,1430.598
28.7666,10446.6564,37.9929,240.04,8.988,0.036687,0.10828,-2.5977,90.0044,0.23242,4.3633,5.3402,-14.4534,-28.0944,0.0014315,-1.2674,-0.063463,3.8284e-07,0.036812,0,86.0885,0.15893,0.72504,481.4342,1430.5804
28.7749,10446.973,37.9904,240.0399,8.9883,0.037503,0.086635,-3.2076,90.0063,0.20173,4.3639,5.1399,-15.468,-28.1511,0.001253,-1.2396,-0.080541,3.8261e-07,0.036822,0,85.7358,0.15902,0.7891,481.4331,1430.5628
28.7832,10447.2895,37.9878,240.0392,8.9886,0.038234,0.059905,-3.8055,90.008,0.16279,4.3646,4.9504,-16.2768,-28.2009,0.0010991,-1.1597,-0.094133,3.8238e-07,0.036833,0,85.3834,0.159,0.86171,481.4319,1430.5452
28.7838,10447.2895,37.9878,240.0392,8.9886,0.038234,0.059905,-3.8055,90.008,0.16279,4.3646,4.9504,-16.2768,-28.2009,0.0010991,-1.1597,-0.094133,3.8238e-07,0.036833,0,85.3834,0.15898,0.86023,481.4319,1430.5452
28.7838,10447.2895,37.9878,240.0392,8.9886,0.038234,0.059905,-3.8055,90.008,0.16279,4.3646,4.9504,-16.2768,-28.2009,0.0010991,-1.1597,-0.094133,3.8238e-07,0.036833,0,85.3834,0.15898,0.86023,481.4319,1430.5452
28.7916,10447.6061,37.985,240.0379,8.989,0.03887,0.028192,-4.3664,90.0094,0.11727,4.3653,4.7705,-16.3949,-28.3798,0.001076,0.070161,-0.10441,3.8214e-07,0.036844,0,85.2369,0.15885,0.93791,481.4308,1430.5275
28.7999,10447.9226,37.9825,240.0373,8.9893,0.03945,-0.0081943,-4.3408,90.0103,0.066775,4.3659,4.7929,-5.8722,-31.4528,0.0011553,1.5857,-0.11168,3.8189e-07,0.036854,0,85.3836,0.15868,0.92727,481.4297,1430.5099
28.8082,10448.2391,37.98,240.0368,8.9896,0.040002,-0.044367,-3.5921,90.0109,0.01277,4.3665,4.8221,7.4272,-35.2614,0.0013034,1.5558,-0.11629,3.8164e-07,0.036865,0,85.5304,0.15851,0.90813,481.4286,1430.4923
28.8096,10448.2391,37.98,240.0368,8.9896,0.040002,-0.044367,-3.5921,90.0109,0.01277,4.3665,4.8221,7.4272,-35.2614,0.0013034,1.5558,-0.11629,3.8164e-07,0.036865,0,85.5304,0.15846,0.89861,481.4286,1430.4923
28.8096,10448.2391,37.98,240.0368,8.9896,0.040002,-0.044367,-3.5921,90.0109,0.01277,4.3665,4.8221,7.4272,-35.2614,0.0013034,1.5558,-0.11629,3.8164e-07,0.036865,0,85.5304,0.15846,0.89861,481.4286,1430.4923
28.8166,10448.5556,37.9776,240.0365,8.99,0.040559,-0.074301,-2.858,90.011,-0.043461,4.3672,4.8578,6.8675,-35.2082,0.0014322,1.5259,-0.11836,3.814e-07,0.036876,0,85.6772,0.15835,0.88505,481.4274,1430.4747
28.8224,10448.5556,37.9776,240.0365,8.99,0.040559,-0.074301,-2.858,90.011,-0.043461,4.3672,4.8578,6.8675,-35.2082,0.0014322,1.5259,-0.11836,3.814e-07,0.036876,0,85.6772,0.15814,0.86298,481.4274,1430.4747
28.8224,10448.5556,37.9776,240.0365,8.99,0.040559,-0.074301,-2.858,90.011,-0.043461,4.3672,4.8578,6.8675,-35.2082,0.0014322,1.5259,-0.11836,3.814e-07,0.036876,0,85.6772,0.15814,0.86298,481.4274,1430.4747
28.8249,10448.8721,37.9753,240.0365,8.9903,0.041128,-0.098118,-2.1385,90.0106,-0.10069,4.3678,4.9006,6.4664,-35.152,0.00154,1.4948,-0.11196,3.8116e-07,0.036887,0,85.8241,0.15823,0.86009,481.4263,1430.4571
28.8274,10448.8721,37.9753,240.0365,8.9903,0.041128,-0.098118,-2.1385,90.0106,-0.10069,4.3678,4.9006,6.4664,-35.152,0.00154,1.4948,-0.11196,3.8116e-07,0.036887,0,85.8241,0.15814,0.85462,481.4263,1430.4571
28.8323,10448.8721,37.9753,240.0365,8.9903,0.041128,-0.098118,-2.1385,90.0106,-0.10069,4.3678,4.9006,6.4664,-35.152,0.00154,1.4948,-0.11196,3.8116e-07,0.036887,0,85.8241,0.15796,0.84701,481.4263,1430.4571
28.8332,10449.1885,37.9731,240.0367,8.9907,0.041725,-0.11594,-1.4332,90.0098,-0.15483,4.3685,4.9654,6.5852,-35.0903,0.0016093,1.462,-0.093034,3.8092e-07,0.036897,0,85.971,0.15815,0.83411,481.4252,1430.4395
28.8376,10449.1885,37.9731,240.0367,8.9907,0.041725,-0.11594,-1.4332,90.0098,-0.15483,4.3685,4.9654,6.5852,-35.0903,0.0016093,1.462,-0.093034,3.8092e-07,0.036897,0,85.971,0.15799,0.83445,481.4252,1430.4395
28.8416,10449.505,37.9709,240.037,8.991,0.042362,-0.12788,-0.74214,90.0085,-0.19981,4.3691,5.0624,7.4708,-35.0205,0.0016382,1.4288,-0.068325,3.807e-07,0.036908,0,86.118,0.15813,0.80752,481.4241,1430.4219
28.8499,10449.8214,37.9689,240.0376,8.9914,0.043047,-0.13407,-0.065123,90.0068,-0.23284,4.3698,5.1748,8.7134,-34.9456,0.0016259,1.3957,-0.04101,3.8048e-07,0.036919,0,86.265,0.15817,0.78048,481.4229,1430.4043
28.8582,10450.1378,37.9669,240.0385,8.9918,0.043775,-0.13461,0.59817,90.0049,-0.25267,4.3704,5.2947,10.1202,-34.867,0.0015739,1.3632,-0.013089,3.8028e-07,0.036929,0,86.4121,0.15828,0.75308,481.4218,1430.3867
28.8666,10450.4542,37.9651,240.0395,8.9922,0.044534,-0.12962,1.248,90.0028,-0.259,4.3711,5.4169,11.5701,-34.7852,0.0014436,1.3315,0.013662,3.8008e-07,0.03694,0,86.0591,0.15843,0.72538,481.4207,1430.3691
28.8749,10450.7705,37.9629,240.0395,8.9925,0.045283,-0.11922,1.8848,90.0006,-0.25239,4.3718,5.3345,12.9548,-34.6986,0.0012785,1.301,0.038052,3.799e-07,0.036951,0,85.7063,0.15852,0.78947,481.4195,1430.3515
28.8832,10451.0869,37.9606,240.0388,8.9929,0.045995,-0.10352,2.5089,89.9985,-0.23399,4.3724,5.2488,14.202,-34.6097,0.0011017,1.2717,0.059364,3.7973e-07,0.036962,0,85.354,0.15854,0.86209,481.4184,1430.3339
28.8916,10451.4032,37.9581,240.0375,8.9933,0.046646,-0.08261,3.1206,89.9966,-0.20528,4.3731,5.1577,15.268,-34.5203,0.0010202,1.2437,0.07724,3.7957e-07,0.036972,0,85.2626,0.15846,0.93791,481.4173,1430.3163
28.8981,10451.4032,37.9581,240.0375,8.9933,0.046646,-0.08261,3.1206,89.9966,-0.20528,4.3731,5.1577,15.268,-34.5203,0.0010202,1.2437,0.07724,3.7957e-07,0.036972,0,85.2626,0.15822,0.88806,481.4173,1430.3163
28.8981,10451.4032,37.9581,240.0375,8.9933,0.046646,-0.08261,3.1206,89.9966,-0.20528,4.3731,5.1577,15.268,-34.5203,0.0010202,1.2437,0.07724,3.7957e-07,0.036972,0,85.2626,0.15822,0.88806,481.4173,1430.3163
28.8999,10451.7195,37.9558,240.0368,8.9937,0.047261,-0.056605,3.7202,89.9949,-0.16792,4.3738,5.253,16.1306,-34.4365,0.0010099,1.2128,0.091606,3.7942e-07,0.036983,0,85.4093,0.1584,0.92657,481.4162,1430.2987
28.9017,10451.7195,37.9558,240.0368,8.9937,0.047261,-0.056605,3.7202,89.9949,-0.16792,4.3738,5.253,16.1306,-34.4365,0.0010099,1.2128,0.091606,3.7942e-07,0.036983,0,85.4093,0.15833,0.91153,481.4162,1430.2987
28.9052,10451.7195,37.9558,240.0368,8.9937,0.047261,-0.056605,3.7202,89.9949,-0.16792,4.3738,5.253,16.1306,-34.4365,0.0010099,1.2128,0.091606,3.7942e-07,0.036983,0,85.4093,0.1582,0.8884,481.4162,1430.2987
28.9082,10452.0358,37.9536,240.0364,8.9941,0.047853,-0.025603,4.3062,89.9935,-0.12362,4.3745,5.3385,16.7484,-34.3469,0.0010752,0.18562,0.1026,3.7927e-07,0.036994,0,85.5561,0.15833,0.907,481.415,1430.2811
28.9166,10452.3521,37.9515,240.0361,8.9945,0.048434,0.010281,4.4026,89.9924,-0.073993,4.3752,5.414,8.1109,-31.7799,0.0011698,-1.4494,0.11049,3.7913e-07,0.037004,0,85.7029,0.15826,0.88398,481.4139,1430.2635
28.9249,10452.6683,37.9495,240.0361,8.995,0.048996,0.046969,3.7189,89.9918,-0.020558,4.3759,5.4815,-6.2431,-27.7118,0.0012789,-1.5608,0.11565,3.7898e-07,0.037015,0,85.8497,0.15819,0.8592,481.4128,1430.2459
28.9257,10452.6683,37.9495,240.0361,8.995,0.048996,0.046969,3.7189,89.9918,-0.020558,4.3759,5.4815,-6.2431,-27.7118,0.0012789,-1.5608,0.11565,3.7898e-07,0.037015,0,85.8497,0.15816,0.85725,481.4128,1430.2459
28.9257,10452.6683,37.9495,240.0361,8.995,0.048996,0.046969,3.7189,89.9918,-0.020558,4.3759,5.4815,-6.2431,-27.7118,0.0012789,-1.5608,0.11565,3.7898e-07,0.037015,0,85.8497,0.15816,0.85725,481.4128,1430.2459
28.9332,10452.9846,37.9476,240.0362,8.9954,0.049542,0.07796,2.9824,89.9917,0.035371,4.3765,5.5425,-6.9392,-27.4534,0.0013614,-1.531,0.11846,3.7884e-07,0.037026,0,85.9967,0.15813,0.83349,481.4117,1430.2283
28.9384,10452.9846,37.9476,240.0362,8.9954,0.049542,0.07796,2.9824,89.9917,0.035371,4.3765,5.5425,-6.9392,-27.4534,0.0013614,-1.531,0.11846,3.7884e-07,0.037026,0,85.9967,0.15794,0.8339,481.4117,1430.2283
28.9384,10452.9846,37.9476,240.0362,8.9954,0.049542,0.07796,2.9824,89.9917,0.035371,4.3765,5.5425,-6.9392,-27.4534,0.0013614,-1.531,0.11846,3.7884e-07,0.037026,0,85.9967,0.15794,0.8339,481.4117,1430.2283
28.9416,10453.3008,37.9458,240.0366,8.9958,0.050076,0.10281,2.2604,89.9919,0.092653,4.3772,5.5983,-6.499,-27.5447,0.0014186,-1.5002,0.11389,3.7869e-07,0.037037,0,86.1436,0.15807,0.80718,481.4105,1430.2107
28.9447,10453.3008,37.9458,240.0366,8.9958,0.050076,0.10281,2.2604,89.9919,0.092653,4.3772,5.5983,-6.499,-27.5447,0.0014186,-1.5002,0.11389,3.7869e-07,0.037037,0,86.1436,0.15795,0.81459,481.4105,1430.2107
28.9499,10453.617,37.944,240.0372,8.9962,0.050608,0.12165,1.5527,89.9927,0.14772,4.3779,5.6365,-6.5097,-27.6352,0.0014474,-1.4676,0.096599,3.7853e-07,0.037047,0,86.2906,0.15803,0.78042,481.4094,1430.1931
28.9582,10453.9332,37.9424,240.038,8.9967,0.051157,0.13459,0.85925,89.994,0.19443,4.3785,5.6438,-7.2974,-27.7272,0.0014474,-1.4344,0.072611,3.7837e-07,0.037058,0,86.4377,0.15803,0.75326,481.4083,1430.1756
28.9666,10454.2494,37.9408,240.039,8.9971,0.051739,0.14175,0.17988,89.9956,0.22954,4.3792,5.6351,-8.4963,-27.8175,0.0013751,-1.4012,0.045585,3.7819e-07,0.037069,0,86.0847,0.15807,0.72576,481.4072,1430.158
28.9749,10454.5655,37.9389,240.039,8.9975,0.052335,0.14325,-0.48571,89.9975,0.25158,4.3799,5.4174,-9.8845,-27.9014,0.0012627,-1.3686,0.017627,3.78e-07,0.037079,0,85.732,0.15808,0.78995,481.406,1430.1404
28.9832,10454.8817,37.9369,240.0383,8.998,0.052935,0.1392,-1.1378,89.9996,0.2601,4.3806,5.2003,-11.3338,-27.9793,0.0011223,-1.3368,-0.0094308,3.778e-07,0.03709,0,85.3796,0.15805,0.86264,481.4049,1430.1228
28.9916,10455.1978,37.9347,240.037,8.9984,0.053524,0.12972,-1.7768,90.0017,0.25553,4.3813,4.988,-12.7332,-28.0509,0.0010523,-1.3061,-0.034291,3.7759e-07,0.037101,0,85.2968,0.15798,0.93849,481.4038,1430.1052
28.9999,10455.5139,37.9327,240.0363,8.9989,0.054124,0.11491,-2.403,90.0039,0.23895,4.3821,4.9767,-14.0039,-28.1211,0.0010186,-1.2765,-0.056168,3.7736e-07,0.037112,0,85.4435,0.15796,0.92722,481.4026,1430.0876
29.0082,10455.83,37.9309,240.0358,8.9994,0.054737,0.094887,-3.0167,90.0059,0.21178,4.3828,4.9728,-15.0982,-28.1876,0.0010237,-1.2483,-0.074647,3.7713e-07,0.037122,0,85.5903,0.15797,0.9074,481.4015,1430.07
29.0124,10455.83,37.9309,240.0358,8.9994,0.054737,0.094887,-3.0167,90.0059,0.21178,4.3828,4.9728,-15.0982,-28.1876,0.0010237,-1.2483,-0.074647,3.7713e-07,0.037122,0,85.5903,0.15782,0.88256,481.4015,1430.07
29.0124,10455.83,37.9309,240.0358,8.9994,0.054737,0.094887,-3.0167,90.0059,0.21178,4.3828,4.9728,-15.0982,-28.1876,0.0010237,-1.2483,-0.074647,3.7713e-07,0.037122,0,85.5903,0.15782,0.88256,481.4015,1430.07
29.0166,10456.1461,37.9291,240.0356,8.9998,0.055361,0.069747,-3.6184,90.0076,0.17567,4.3835,4.9773,-15.9908,-28.2502,0.0010241,-1.2213,-0.089614,3.7688e-07,0.037133,0,85.7371,0.15802,0.88368,481.4004,1430.0525
29.0207,10456.1461,37.9291,240.0356,8.9998,0.055361,0.069747,-3.6184,90.0076,0.17567,4.3835,4.9773,-15.9908,-28.2502,0.0010241,-1.2213,-0.089614,3.7688e-07,0.037133,0,85.7371,0.15786,0.86672,481.4004,1430.0525
29.0233,10456.1461,37.9291,240.0356,8.9998,0.055361,0.069747,-3.6184,90.0076,0.17567,4.3835,4.9773,-15.9908,-28.2502,0.0010241,-1.2213,-0.089614,3.7688e-07,0.037133,0,85.7371,0.15776,0.85941,481.4004,1430.0525
29.0233,10456.1461,37.9291,240.0356,8.9998,0.055361,0.069747,-3.6184,90.0076,0.17567,4.3835,4.9773,-15.9908,-28.2502,0.0010241,-1.2213,-0.089614,3.7688e-07,0.037133,0,85.7371,0.15776,0.85941,481.4004,1430.0525
29.0249,10456.4622,37.9273,240.0356,9.0003,0.055971,0.039594,-4.2083,90.0091,0.13233,4.3842,4.9902,-16.6745,-28.3066,0.0010402,-0.48267,-0.10117,3.7663e-07,0.037144,0,85.8839,0.15807,0.85837,481.3993,1430.0349
29.0265,10456.4622,37.9273,240.0356,9.0003,0.055971,0.039594,-4.2083,90.0091,0.13233,4.3842,4.9902,-16.6745,-28.3066,0.0010402,-0.48267,-0.10117,3.7663e-07,0.037144,0,85.8839,0.15801,0.85482,481.3993,1430.0349
29.0297,10456.4622,37.9273,240.0356,9.0003,0.055971,0.039594,-4.2083,90.0091,0.13233,4.3842,4.9902,-16.6745,-28.3066,0.0010402,-0.48267,-0.10117,3.7663e-07,0.037144,0,85.8839,0.15789,0.8492,481.3993,1430.0349
29.0314,10456.4622,37.9273,240.0356,9.0003,0.055971,0.039594,-4.2083,90.0091,0.13233,4.3842,4.9902,-16.6745,-28.3066,0.0010402,-0.48267,-0.10117,3.7663e-07,0.037144,0,85.8839,0.15782,0.8468,481.3993,1430.0349
29.0314,10456.4622,37.9273,240.0356,9.0003,0.055971,0.039594,-4.2083,90.0091,0.13233,4.3842,4.9902,-16.6745,-28.3066,0.0010402,-0.48267,-0.10117,3.7663e-07,0.037144,0,85.8839,0.15782,0.8468,481.3993,1430.0349
29.0332,10456.7782,37.9257,240.0357,9.0008,0.056552,0.0045248,-4.4464,90.0102,0.083392,4.3849,5.0103,-10.6888,-30.1483,0.001074,1.1556,-0.10954,3.7637e-07,0.037154,0,86.0308,0.15811,0.83269,481.3981,1430.0173
29.0351,10456.7782,37.9257,240.0357,9.0008,0.056552,0.0045248,-4.4464,90.0102,0.083392,4.3849,5.0103,-10.6888,-30.1483,0.001074,1.1556,-0.10954,3.7637e-07,0.037154,0,86.0308,0.15804,0.83291,481.3981,1430.0173
29.0387,10456.7782,37.9257,240.0357,9.0008,0.056552,0.0045248,-4.4464,90.0102,0.083392,4.3849,5.0103,-10.6888,-30.1483,0.001074,1.1556,-0.10954,3.7637e-07,0.037154,0,86.0308,0.1579,0.83325,481.3981,1430.0173
29.0416,10457.0942,37.9242,240.0361,9.0012,0.057088,-0.032528,-3.903,90.0109,0.030407,4.3856,5.0381,3.6559,-34.2574,0.0011245,1.5682,-0.11516,3.7611e-07,0.037165,0,86.1778,0.15812,0.80655,481.397,1429.9997
29.0417,10457.0942,37.9242,240.0361,9.0012,0.057088,-0.032528,-3.903,90.0109,0.030407,4.3856,5.0381,3.6559,-34.2574,0.0011245,1.5682,-0.11516,3.7611e-07,0.037165,0,86.1778,0.15811,0.80695,481.397,1429.9997
29.0417,10457.0942,37.9242,240.0361,9.0012,0.057088,-0.032528,-3.903,90.0109,0.030407,4.3856,5.0381,3.6559,-34.2574,0.0011245,1.5682,-0.11516,3.7611e-07,0.037165,0,86.1778,0.15811,0.80695,481.397,1429.9997
29.0499,10457.4103,37.9228,240.0367,9.0017,0.057579,-0.065053,-3.1629,90.0111,-0.025292,4.3862,5.0729,7.0503,-35.3066,0.0011621,1.5383,-0.11835,3.7585e-07,0.037176,0,86.3248,0.15811,0.78005,481.3959,1429.9821
29.0541,10457.4103,37.9228,240.0367,9.0017,0.057579,-0.065053,-3.1629,90.0111,-0.025292,4.3862,5.0729,7.0503,-35.3066,0.0011621,1.5383,-0.11835,3.7585e-07,0.037176,0,86.3248,0.15795,0.79861,481.3959,1429.9821
29.0541,10457.4103,37.9228,240.0367,9.0017,0.057579,-0.065053,-3.1629,90.0111,-0.025292,4.3862,5.0729,7.0503,-35.3066,0.0011621,1.5383,-0.11835,3.7585e-07,0.037176,0,86.3248,0.15795,0.79861,481.3959,1429.9821
29.0582,10457.7263,37.9214,240.0375,9.0022,0.058033,-0.09141,-2.4374,90.0109,-0.082529,4.3869,5.1144,6.5798,-35.2467,0.0011866,1.5078,-0.11567,3.756e-07,0.037187,0,86.4584,0.15808,0.75322,481.3948,1429.9646
29.0623,10457.7263,37.9214,240.0375,9.0022,0.058033,-0.09141,-2.4374,90.0109,-0.082529,4.3869,5.1144,6.5798,-35.2467,0.0011866,1.5078,-0.11567,3.756e-07,0.037187,0,86.4584,0.15792,0.77986,481.3948,1429.9646
29.0666,10458.0423,37.9202,240.0385,9.0027,0.058463,-0.11172,-1.7262,90.0102,-0.13847,4.3876,5.1713,6.4708,-35.1829,0.0011533,1.4756,-0.1009,3.7535e-07,0.037197,0,86.1054,0.15804,0.72601,481.3936,1429.947
29.0749,10458.3583,37.9187,240.0385,9.0032,0.058873,-0.12611,-1.0293,90.0091,-0.18726,4.3883,5.0569,7.1017,-35.1097,0.0010926,1.4424,-0.078,3.7511e-07,0.037208,0,85.7527,0.15793,0.79043,481.3925,1429.9294
29.0832,10458.6743,37.9169,240.0378,9.0037,0.059279,-0.13468,-0.34653,90.0075,-0.22497,4.389,4.9657,8.2322,-35.0307,0.0010127,1.4091,-0.051434,3.7488e-07,0.037219,0,85.4004,0.15778,0.86329,481.3914,1429.9118
29.0916,10458.9902,37.9151,240.0365,9.0042,0.059693,-0.13757,0.3224,90.0057,-0.24984,4.3898,4.8865,9.5912,-34.9485,0.0010017,1.3763,-0.023516,3.7466e-07,0.037229,0,85.33,0.1576,0.93927,481.3903,1429.8943
29.0999,10459.3062,37.9134,240.0358,9.0047,0.060156,-0.13489,0.97776,90.0036,-0.26121,4.3905,5.0063,11.0384,-34.869,0.0010141,1.3443,0.0038691,3.7445e-07,0.03724,0,85.4766,0.15751,0.92808,481.3891,1429.8767
29.1082,10459.6221,37.9118,240.0353,9.0052,0.060681,-0.12674,1.6199,90.0014,-0.25933,4.3912,5.1251,12.4593,-34.7906,0.0010423,1.3133,0.029298,3.7425e-07,0.037251,0,85.6234,0.15751,0.90833,481.388,1429.8591
29.1166,10459.9381,37.9103,240.035,9.0058,0.061267,-0.11324,2.2492,89.9992,-0.24516,4.3919,5.2392,13.7673,-34.7129,0.0010337,1.2835,0.051882,3.7407e-07,0.037262,0,85.7702,0.15758,0.88467,481.3869,1429.8416
29.1249,10460.254,37.9089,240.035,9.0063,0.06188,-0.094495,2.8659,89.9972,-0.22006,4.3927,5.3468,14.9084,-34.6334,0.0010014,1.255,0.071133,3.7389e-07,0.037272,0,85.917,0.1577,0.85922,481.3858,1429.824
29.1262,10460.254,37.9089,240.035,9.0063,0.06188,-0.094495,2.8659,89.9972,-0.22006,4.3927,5.3468,14.9084,-34.6334,0.0010014,1.255,0.071133,3.7389e-07,0.037272,0,85.917,0.15765,0.85602,481.3858,1429.824
29.1262,10460.254,37.9089,240.035,9.0063,0.06188,-0.094495,2.8659,89.9972,-0.22006,4.3927,5.3468,14.9084,-34.6334,0.0010014,1.255,0.071133,3.7389e-07,0.037272,0,85.917,0.15765,0.85602,481.3858,1429.824
29.1332,10460.5699,37.9076,240.0351,9.0068,0.062491,-0.070612,3.4705,89.9954,-0.18565,4.3934,5.4464,15.8527,-34.5528,0.00095025,1.2277,0.086874,3.7372e-07,0.037283,0,86.0639,0.15783,0.83286,481.3846,1429.8064
29.137,10460.5699,37.9076,240.0351,9.0068,0.062491,-0.070612,3.4705,89.9954,-0.18565,4.3934,5.4464,15.8527,-34.5528,0.00095025,1.2277,0.086874,3.7372e-07,0.037283,0,86.0639,0.15769,0.83309,481.3846,1429.8064
29.137,10460.5699,37.9076,240.0351,9.0068,0.062491,-0.070612,3.4705,89.9954,-0.18565,4.3934,5.4464,15.8527,-34.5528,0.00095025,1.2277,0.086874,3.7372e-07,0.037283,0,86.0639,0.15769,0.83309,481.3846,1429.8064
29.1416,10460.8858,37.9064,240.0355,9.0073,0.063067,-0.041691,4.0633,89.9938,-0.14363,4.3941,5.5373,16.5892,-34.4714,0.00090962,0.86027,0.099166,3.7357e-07,0.037294,0,86.2108,0.15795,0.80603,481.3835,1429.7888
29.1458,10460.8858,37.9064,240.0355,9.0073,0.063067,-0.041691,4.0633,89.9938,-0.14363,4.3941,5.5373,16.5892,-34.4714,0.00090962,0.86027,0.099166,3.7357e-07,0.037294,0,86.2108,0.15779,0.81544,481.3835,1429.7888
29.1458,10460.8858,37.9064,240.0355,9.0073,0.063067,-0.041691,4.0633,89.9938,-0.14363,4.3941,5.5373,16.5892,-34.4714,0.00090962,0.86027,0.099166,3.7357e-07,0.037294,0,86.2108,0.15779,0.81544,481.3835,1429.7888
29.1499,10461.2016,37.9053,240.0361,9.0079,0.063592,-0.0078304,4.4815,89.9926,-0.095655,4.3948,5.618,14.0224,-33.5414,0.00088953,-0.77984,0.10822,3.7341e-07,0.037304,0,86.3578,0.15804,0.77951,481.3824,1429.7713
29.154,10461.2016,37.9053,240.0361,9.0079,0.063592,-0.0078304,4.4815,89.9926,-0.095655,4.3948,5.618,14.0224,-33.5414,0.00088953,-0.77984,0.10822,3.7341e-07,0.037304,0,86.3578,0.15789,0.79752,481.3824,1429.7713
29.1582,10461.5175,37.9043,240.0369,9.0084,0.064052,0.029516,4.1174,89.9918,-0.0433,4.3955,5.6903,-0.30225,-29.448,0.000905,-1.5769,0.11441,3.7326e-07,0.037315,0,86.4218,0.15809,0.7528,481.3813,1429.7537
29.1666,10461.8334,37.9034,240.038,9.009,0.064448,0.063827,3.3732,89.9915,0.012043,4.3962,5.7554,-7.1578,-27.4717,0.00088162,-1.5469,0.1181,3.7311e-07,0.037326,0,86.0688,0.15809,0.72583,481.3801,1429.7361
29.1698,10461.8334,37.9034,240.038,9.009,0.064448,0.063827,3.3732,89.9915,0.012043,4.3962,5.7554,-7.1578,-27.4717,0.00088162,-1.5469,0.1181,3.7311e-07,0.037326,0,86.0688,0.15797,0.75546,481.3801,1429.7361
29.1698,10461.8334,37.9034,240.038,9.009,0.064448,0.063827,3.3732,89.9915,0.012043,4.3962,5.7554,-7.1578,-27.4717,0.00088162,-1.5469,0.1181,3.7311e-07,0.037326,0,86.0688,0.15797,0.75546,481.3801,1429.7361
29.1749,10462.1492,37.9021,240.0379,9.0095,0.064773,0.091937,2.6435,89.9916,0.069165,4.3969,5.6124,-6.6624,-27.5585,0.00084532,-1.5167,0.11784,3.7295e-07,0.037337,0,85.7162,0.15796,0.79057,481.379,1429.7186
29.1799,10462.1492,37.9021,240.0379,9.0095,0.064773,0.091937,2.6435,89.9916,0.069165,4.3969,5.6124,-6.6624,-27.5585,0.00084532,-1.5167,0.11784,3.7295e-07,0.037337,0,85.7162,0.15777,0.807,481.379,1429.7186
29.1832,10462.4651,37.9007,240.0372,9.0101,0.065038,0.11397,1.9283,89.9921,0.12615,4.3976,5.4623,-6.4102,-27.6432,0.00080432,-1.4849,0.10628,3.7279e-07,0.037347,0,85.3639,0.15774,0.86369,481.3779,1429.701
29.1915,10462.7809,37.8992,240.0358,9.0106,0.065272,0.13003,1.2274,89.9932,0.17755,4.3983,5.2866,-6.8477,-27.7299,0.00084447,-1.4518,0.084815,3.7262e-07,0.037358,0,85.34,0.15745,0.9399,481.3768,1429.6834
29.1999,10463.0967,37.8979,240.0351,9.0112,0.065545,0.14026,0.54062,89.9947,0.21856,4.3991,5.2818,-7.8911,-27.8229,0.00091702,-1.4185,0.058853,3.7244e-07,0.037369,0,85.4867,0.15725,0.92893,481.3756,1429.6659
29.2082,10463.4125,37.8966,240.0347,9.0117,0.065895,0.14477,-0.13219,89.9965,0.24702,4.3998,5.2662,-9.2121,-27.9164,0.0010053,-1.3855,0.031005,3.7225e-07,0.037379,0,85.6334,0.15714,0.90934,481.3745,1429.6483
29.2165,10463.7283,37.8954,240.0344,9.0123,0.066343,0.14367,-0.79135,89.9985,0.26201,4.4005,5.2464,-10.6524,-28.0079,0.0010447,-1.3532,0.0032231,3.7205e-07,0.03739,0,85.7802,0.15714,0.8858,481.3734,1429.6308
29.2249,10464.0441,37.8943,240.0343,9.0128,0.066867,0.13707,-1.4372,90.0007,0.26356,4.4012,5.2276,-12.0936,-28.0925,0.0010377,-1.3219,-0.022911,3.7183e-07,0.037401,0,85.927,0.15724,0.86041,481.3723,1429.6132
29.2332,10464.3599,37.8933,240.0345,9.0134,0.067441,0.1251,-2.0701,90.0029,0.25248,4.402,5.2137,-13.4394,-28.1696,0.0009818,-1.2918,-0.046378,3.716e-07,0.037412,0,86.0739,0.1574,0.83411,481.3711,1429.5956
29.2415,10464.6757,37.8924,240.0348,9.014,0.068027,0.10784,-2.6904,90.005,0.23004,4.4027,5.207,-14.6281,-28.2382,0.00089314,-1.2629,-0.066595,3.7136e-07,0.037422,0,86.2208,0.1576,0.8073,481.37,1429.5781
29.2499,10464.9914,37.8916,240.0354,9.0146,0.06859,0.085425,-3.2984,90.007,0.19782,4.4034,5.2089,-15.6241,-28.2991,0.00079024,-1.2352,-0.083309,3.7111e-07,0.037433,0,86.3678,0.15779,0.78015,481.3689,1429.5605
29.2505,10464.9914,37.8916,240.0354,9.0146,0.06859,0.085425,-3.2984,90.007,0.19782,4.4034,5.2089,-15.6241,-28.2991,0.00079024,-1.2352,-0.083309,3.7111e-07,0.037433,0,86.3678,0.15777,0.78324,481.3689,1429.5605
29.2505,10464.9914,37.8916,240.0354,9.0146,0.06859,0.085425,-3.2984,90.007,0.19782,4.4034,5.2089,-15.6241,-28.2991,0.00079024,-1.2352,-0.083309,3.7111e-07,0.037433,0,86.3678,0.15777,0.78324,481.3689,1429.5605
29.2582,10465.3072,37.8909,240.0362,9.0152,0.069101,0.057938,-3.8945,90.0086,0.15752,4.4041,5.2197,-16.4118,-28.3531,0.00070256,-1.1047,-0.096527,3.7085e-07,0.037444,0,86.5108,0.15796,0.75274,481.3678,1429.543
29.2599,10465.3072,37.8909,240.0362,9.0152,0.069101,0.057938,-3.8945,90.0086,0.15752,4.4041,5.2197,-16.4118,-28.3531,0.00070256,-1.1047,-0.096527,3.7085e-07,0.037444,0,86.5108,0.15789,0.76506,481.3678,1429.543
29.2599,10465.3072,37.8909,240.0362,9.0152,0.069101,0.057938,-3.8945,90.0086,0.15752,4.4041,5.2197,-16.4118,-28.3531,0.00070256,-1.1047,-0.096527,3.7085e-07,0.037444,0,86.5108,0.15789,0.76506,481.3678,1429.543
29.2665,10465.6229,37.8903,240.0373,9.0157,0.069545,0.025484,-4.4293,90.0099,0.11082,4.4048,5.238,-16.0471,-28.6635,0.00060118,0.29647,-0.10644,3.7059e-07,0.037454,0,86.1579,0.15808,0.72558,481.3666,1429.5254
29.2732,10465.6229,37.8903,240.0373,9.0157,0.069545,0.025484,-4.4293,90.0099,0.11082,4.4048,5.238,-16.0471,-28.6635,0.00060118,0.29647,-0.10644,3.7059e-07,0.037454,0,86.1579,0.15782,0.77705,481.3666,1429.5254
29.2749,10465.9387,37.8894,240.0372,9.0163,0.069892,-0.011426,-4.2958,90.0108,0.059323,4.4055,5.0615,-3.9477,-32.1634,0.00053923,1.584,-0.11337,3.7032e-07,0.037465,0,85.8053,0.15804,0.79036,481.3655,1429.5078
29.2832,10466.2544,37.8884,240.0365,9.0169,0.070142,-0.047224,-3.5481,90.0113,0.0044767,4.4062,4.8942,7.304,-35.3941,0.00050077,1.554,-0.11767,3.7005e-07,0.037476,0,85.453,0.15787,0.86369,481.3644,1429.4903
29.2853,10466.2544,37.8884,240.0365,9.0169,0.070142,-0.047224,-3.5481,90.0113,0.0044767,4.4062,4.8942,7.304,-35.3941,0.00050077,1.554,-0.11767,3.7005e-07,0.037476,0,85.453,0.15779,0.85777,481.3644,1429.4903
29.2853,10466.2544,37.8884,240.0365,9.0169,0.070142,-0.047224,-3.5481,90.0113,0.0044767,4.4062,4.8942,7.304,-35.3941,0.00050077,1.554,-0.11767,3.7005e-07,0.037476,0,85.453,0.15779,0.85777,481.3644,1429.4903
29.2915,10466.5702,37.8871,240.0352,9.0175,0.070308,-0.076792,-2.815,90.0114,-0.052444,4.407,4.7358,6.7638,-35.3304,0.00055768,1.524,-0.11921,3.6978e-07,0.037487,0,85.3253,0.15759,0.94018,481.3633,1429.4727
29.2978,10466.5702,37.8871,240.0352,9.0175,0.070308,-0.076792,-2.815,90.0114,-0.052444,4.407,4.7358,6.7638,-35.3304,0.00055768,1.524,-0.11921,3.6978e-07,0.037487,0,85.3253,0.15734,0.88995,481.3633,1429.4727
29.2983,10466.5702,37.8871,240.0352,9.0175,0.070308,-0.076792,-2.815,90.0114,-0.052444,4.407,4.7358,6.7638,-35.3304,0.00055768,1.524,-0.11921,3.6978e-07,0.037487,0,85.3253,0.15732,0.88726,481.3633,1429.4727
29.2983,10466.5702,37.8871,240.0352,9.0175,0.070308,-0.076792,-2.815,90.0114,-0.052444,4.407,4.7358,6.7638,-35.3304,0.00055768,1.524,-0.11921,3.6978e-07,0.037487,0,85.3253,0.15732,0.88726,481.3633,1429.4727
29.2999,10466.8859,37.8861,240.0344,9.0181,0.070453,-0.10025,-2.0964,90.0109,-0.1101,4.4077,4.7797,6.396,-35.2701,0.00066338,1.4927,-0.11121,3.6951e-07,0.037497,0,85.4719,0.15733,0.9295,481.3621,1429.4552
29.3015,10466.8859,37.8861,240.0344,9.0181,0.070453,-0.10025,-2.0964,90.0109,-0.1101,4.4077,4.7797,6.396,-35.2701,0.00066338,1.4927,-0.11121,3.6951e-07,0.037497,0,85.4719,0.15726,0.91539,481.3621,1429.4552
29.3046,10466.8859,37.8861,240.0344,9.0181,0.070453,-0.10025,-2.0964,90.0109,-0.1101,4.4077,4.7797,6.396,-35.2701,0.00066338,1.4927,-0.11121,3.6951e-07,0.037497,0,85.4719,0.15714,0.89304,481.3621,1429.4552
29.3082,10467.2016,37.8852,240.0339,9.0187,0.070628,-0.11772,-1.3921,90.01,-0.16389,4.4084,4.8477,6.6128,-35.2078,0.000799,1.4598,-0.091372,3.6926e-07,0.037508,0,85.6186,0.15711,0.91019,481.361,1429.4376
29.3165,10467.5173,37.8844,240.0336,9.0193,0.070878,-0.12932,-0.70203,90.0086,-0.20807,4.4091,4.9458,7.5543,-35.1415,0.00089745,1.4265,-0.066106,3.6901e-07,0.037519,0,85.7654,0.15699,0.8869,481.3599,1429.4201
29.3249,10467.833,37.8836,240.0336,9.0199,0.071211,-0.13517,-0.025959,90.0069,-0.24004,4.4098,5.0584,8.8315,-35.0704,0.00095423,1.3934,-0.038417,3.6877e-07,0.037529,0,85.9122,0.15696,0.86171,481.3588,1429.4025
29.3332,10468.1487,37.8829,240.0337,9.0205,0.071622,-0.13539,0.63641,90.0049,-0.25861,4.4106,5.1779,10.2618,-34.9955,0.00095482,1.3609,-0.010325,3.6855e-07,0.03754,0,86.0591,0.15703,0.83553,481.3576,1429.385
29.3415,10468.4644,37.8823,240.0341,9.0211,0.072091,-0.13008,1.2854,90.0028,-0.2636,4.4113,5.2995,11.7228,-34.9167,0.00090428,1.3293,0.016453,3.6833e-07,0.037551,0,86.206,0.15718,0.8088,481.3565,1429.3674
29.3499,10468.7801,37.8818,240.0346,9.0217,0.072588,-0.11937,1.9213,90.0006,-0.25563,4.412,5.4185,13.1099,-34.8349,0.00081267,1.2988,0.040759,3.6813e-07,0.037562,0,86.353,0.15738,0.78169,481.3554,1429.3499
29.3582,10469.0957,37.8814,240.0354,9.0224,0.073081,-0.10336,2.5445,89.9984,-0.23591,4.4127,5.532,14.3528,-34.7509,0.00069695,1.2696,0.061913,3.6793e-07,0.037572,0,86.5,0.15759,0.75431,481.3543,1429.3323
29.3665,10469.4114,37.8812,240.0365,9.023,0.073543,-0.082157,3.1554,89.9965,-0.20596,4.4134,5.6379,15.41,-34.6658,0.0005322,1.2417,0.079585,3.6775e-07,0.037583,0,86.1471,0.15779,0.72668,481.3531,1429.3148
29.3736,10469.4114,37.8812,240.0365,9.023,0.073543,-0.082157,3.1554,89.9965,-0.20596,4.4134,5.6379,15.41,-34.6658,0.0005322,1.2417,0.079585,3.6775e-07,0.037583,0,86.1471,0.15752,0.77936,481.3531,1429.3148
29.3736,10469.4114,37.8812,240.0365,9.023,0.073543,-0.082157,3.1554,89.9965,-0.20596,4.4134,5.6379,15.41,-34.6658,0.0005322,1.2417,0.079585,3.6775e-07,0.037583,0,86.1471,0.15752,0.77936,481.3531,1429.3148
29.3749,10469.7271,37.8806,240.0364,9.0236,0.073927,-0.055862,3.7543,89.9947,-0.16745,4.4141,5.5331,16.2612,-34.5779,0.00037659,1.1908,0.093722,3.6757e-07,0.037594,0,85.7945,0.15786,0.79076,481.352,1429.2972
29.3762,10469.7271,37.8806,240.0364,9.0236,0.073927,-0.055862,3.7543,89.9947,-0.16745,4.4141,5.5331,16.2612,-34.5779,0.00037659,1.1908,0.093722,3.6757e-07,0.037594,0,85.7945,0.15781,0.79579,481.352,1429.2972
29.3789,10469.7271,37.8806,240.0364,9.0236,0.073927,-0.055862,3.7543,89.9947,-0.16745,4.4141,5.5331,16.2612,-34.5779,0.00037659,1.1908,0.093722,3.6757e-07,0.037594,0,85.7945,0.1577,0.80406,481.352,1429.2972
29.3832,10470.0428,37.8798,240.0357,9.0242,0.074216,-0.024576,4.33,89.9934,-0.12211,4.4148,5.4206,16.6834,-34.4303,0.00025734,0.08886,0.10448,3.6741e-07,0.037604,0,85.4423,0.1578,0.86369,481.3509,1429.2797
29.3915,10470.3584,37.8789,240.0343,9.0249,0.074405,0.011507,4.3804,89.9923,-0.071555,4.4156,5.3006,7.3521,-31.6668,0.00028317,-1.5584,0.11214,3.6724e-07,0.037615,0,85.353,0.1576,0.9402,481.3498,1429.2621
29.3999,10470.6741,37.8782,240.0336,9.0255,0.07454,0.04801,3.6448,89.9917,-0.017297,4.4163,5.3672,-7.1275,-27.5654,0.00039208,-1.5579,0.11709,3.6708e-07,0.037626,0,85.4996,0.1574,0.92973,481.3486,1429.2446
29.4011,10470.6741,37.8782,240.0336,9.0255,0.07454,0.04801,3.6448,89.9917,-0.017297,4.4163,5.3672,-7.1275,-27.5654,0.00039208,-1.5579,0.11709,3.6708e-07,0.037626,0,85.4996,0.15736,0.91887,481.3486,1429.2446
29.4011,10470.6741,37.8782,240.0336,9.0255,0.07454,0.04801,3.6448,89.9917,-0.017297,4.4163,5.3672,-7.1275,-27.5654,0.00039208,-1.5579,0.11709,3.6708e-07,0.037626,0,85.4996,0.15736,0.91887,481.3486,1429.2446
29.4082,10470.9897,37.8776,240.0331,9.0261,0.07466,0.078383,2.9098,89.9916,0.039348,4.417,5.4269,-6.8215,-27.5865,0.00054253,-1.528,0.1196,3.6691e-07,0.037637,0,85.6463,0.1572,0.91068,481.3475,1429.227
29.4138,10470.9897,37.8776,240.0331,9.0261,0.07466,0.078383,2.9098,89.9916,0.039348,4.417,5.4269,-6.8215,-27.5865,0.00054253,-1.528,0.1196,3.6691e-07,0.037637,0,85.6463,0.15698,0.87724,481.3475,1429.227
29.4138,10470.9897,37.8776,240.0331,9.0261,0.07466,0.078383,2.9098,89.9916,0.039348,4.417,5.4269,-6.8215,-27.5865,0.00054253,-1.528,0.1196,3.6691e-07,0.037637,0,85.6463,0.15698,0.87724,481.3475,1429.227
29.4165,10471.3054,37.8771,240.0328,9.0267,0.074801,0.10263,2.1893,89.9919,0.097198,4.4177,5.4807,-6.4001,-27.6814,0.00067117,-1.4972,0.11425,3.6674e-07,0.037647,0,85.7931,0.15704,0.88766,481.3464,1429.2095
29.4193,10471.3054,37.8771,240.0328,9.0267,0.074801,0.10263,2.1893,89.9919,0.097198,4.4177,5.4807,-6.4001,-27.6814,0.00067117,-1.4972,0.11425,3.6674e-07,0.037647,0,85.7931,0.15693,0.87452,481.3464,1429.2095
29.4249,10471.621,37.8767,240.0327,9.0274,0.074975,0.12088,1.4832,89.9927,0.15246,4.4184,5.5157,-6.4591,-27.7759,0.00077099,-1.4644,0.095825,3.6656e-07,0.037658,0,85.9399,0.15692,0.86275,481.3453,1429.1919
29.4332,10471.9366,37.8763,240.0328,9.028,0.075205,0.13324,0.79125,89.994,0.1988,4.4191,5.5189,-7.3167,-27.872,0.00082569,-1.4311,0.071175,3.6637e-07,0.037669,0,86.0868,0.15688,0.83682,481.3441,1429.1744
29.4415,10472.2523,37.876,240.0332,9.0287,0.075493,0.13983,0.11335,89.9957,0.23322,4.4198,5.5075,-8.5566,-27.9653,0.00083478,-1.398,0.043706,3.6617e-07,0.037679,0,86.2337,0.15692,0.81028,481.343,1429.1568
29.4499,10472.5679,37.8759,240.0337,9.0293,0.075837,0.14077,-0.55081,89.9976,0.25435,4.4205,5.49,-9.9723,-28.0538,0.0007967,-1.3653,0.015464,3.6596e-07,0.03769,0,86.3806,0.15703,0.78332,481.3419,1429.1393
29.4582,10472.8835,37.8758,240.0345,9.0299,0.07622,0.13618,-1.2015,89.9997,0.26182,4.4212,5.4715,-11.4398,-28.1361,0.00071759,-1.3336,-0.011725,3.6574e-07,0.037701,0,86.5276,0.1572,0.75602,481.3408,1429.1217
29.4665,10473.1992,37.8758,240.0355,9.0306,0.07662,0.12617,-1.8392,90.0019,0.25614,4.4219,5.4563,-12.8482,-28.2114,0.0005639,-1.303,-0.036604,3.6551e-07,0.037712,0,86.1747,0.1574,0.72845,481.3396,1429.1042
29.4749,10473.5148,37.8755,240.0354,9.0312,0.076991,0.11084,-2.4641,90.004,0.23843,4.4226,5.2454,-14.121,-28.2768,0.00038355,-1.2735,-0.058415,3.6526e-07,0.037722,0,85.8222,0.15752,0.79253,481.3385,1429.0866
29.4832,10473.8304,37.8751,240.0347,9.0319,0.077302,0.090311,-3.0765,90.006,0.21016,4.4233,5.0445,-15.2122,-28.3345,0.00020316,-1.2453,-0.07677,3.65e-07,0.037733,0,85.47,0.15755,0.86515,481.3374,1429.0691
29.4883,10473.8304,37.8751,240.0347,9.0319,0.077302,0.090311,-3.0765,90.006,0.21016,4.4233,5.0445,-15.2122,-28.3345,0.00020316,-1.2453,-0.07677,3.65e-07,0.037733,0,85.47,0.15735,0.85171,481.3374,1429.0691
29.4883,10473.8304,37.8751,240.0347,9.0319,0.077302,0.090311,-3.0765,90.006,0.21016,4.4233,5.0445,-15.2122,-28.3345,0.00020316,-1.2453,-0.07677,3.65e-07,0.037733,0,85.47,0.15735,0.85171,481.3374,1429.0691
29.4915,10474.146,37.8745,240.0334,9.0325,0.077533,0.064674,-3.677,90.0078,0.17302,4.424,4.8543,-16.0979,-28.386,0.00013539,-1.2184,-0.091573,3.6474e-07,0.037744,0,85.4773,0.15746,0.94096,481.3363,1429.0515
29.4948,10474.146,37.8745,240.0334,9.0325,0.077533,0.064674,-3.677,90.0078,0.17302,4.424,4.8543,-16.0979,-28.386,0.00013539,-1.2184,-0.091573,3.6474e-07,0.037744,0,85.4773,0.15733,0.91055,481.3363,1429.0515
29.4995,10474.146,37.8745,240.0334,9.0325,0.077533,0.064674,-3.677,90.0078,0.17302,4.424,4.8543,-16.0979,-28.386,0.00013539,-1.2184,-0.091573,3.6474e-07,0.037744,0,85.4773,0.15715,0.88124,481.3363,1429.0515
29.4995,10474.146,37.8745,240.0334,9.0325,0.077533,0.064674,-3.677,90.0078,0.17302,4.424,4.8543,-16.0979,-28.386,0.00013539,-1.2184,-0.091573,3.6474e-07,0.037744,0,85.4773,0.15715,0.88124,481.3363,1429.0515
29.4999,10474.4617,37.8741,240.0326,9.0332,0.077715,0.034032,-4.2657,90.0092,0.12871,4.4248,4.8672,-16.7722,-28.4379,0.00015421,-0.34398,-0.10295,3.6447e-07,0.037754,0,85.6239,0.15737,0.93,481.3351,1429.034
29.5003,10474.4617,37.8741,240.0326,9.0332,0.077715,0.034032,-4.2657,90.0092,0.12871,4.4248,4.8672,-16.7722,-28.4379,0.00015421,-0.34398,-0.10295,3.6447e-07,0.037754,0,85.6239,0.15736,0.92622,481.3351,1429.034
29.5011,10474.4617,37.8741,240.0326,9.0332,0.077715,0.034032,-4.2657,90.0092,0.12871,4.4248,4.8672,-16.7722,-28.4379,0.00015421,-0.34398,-0.10295,3.6447e-07,0.037754,0,85.6239,0.15733,0.91908,481.3351,1429.034
29.5026,10474.4617,37.8741,240.0326,9.0332,0.077715,0.034032,-4.2657,90.0092,0.12871,4.4248,4.8672,-16.7722,-28.4379,0.00015421,-0.34398,-0.10295,3.6447e-07,0.037754,0,85.6239,0.15726,0.90639,481.3351,1429.034
29.5058,10474.4617,37.8741,240.0326,9.0332,0.077715,0.034032,-4.2657,90.0092,0.12871,4.4248,4.8672,-16.7722,-28.4379,0.00015421,-0.34398,-0.10295,3.6447e-07,0.037754,0,85.6239,0.15714,0.88631,481.3351,1429.034
29.5074,10474.4617,37.8741,240.0326,9.0332,0.077715,0.034032,-4.2657,90.0092,0.12871,4.4248,4.8672,-16.7722,-28.4379,0.00015421,-0.34398,-0.10295,3.6447e-07,0.037754,0,85.6239,0.15708,0.8784,481.3351,1429.034
29.5074,10474.4617,37.8741,240.0326,9.0332,0.077715,0.034032,-4.2657,90.0092,0.12871,4.4248,4.8672,-16.7722,-28.4379,0.00015421,-0.34398,-0.10295,3.6447e-07,0.037754,0,85.6239,0.15708,0.8784,481.3351,1429.034
29.5082,10474.7773,37.8738,240.0321,9.0339,0.077867,-0.0015152,-4.4377,90.0103,0.078895,4.4255,4.8868,-9.5427,-30.6207,0.00026227,1.3066,-0.11114,3.6419e-07,0.037765,0,85.7706,0.15727,0.91099,481.334,1429.0164
29.509,10474.7773,37.8738,240.0321,9.0339,0.077867,-0.0015152,-4.4377,90.0103,0.078895,4.4255,4.8868,-9.5427,-30.6207,0.00026227,1.3066,-0.11114,3.6419e-07,0.037765,0,85.7706,0.15724,0.90477,481.334,1429.0164
29.5107,10474.7773,37.8738,240.0321,9.0339,0.077867,-0.0015152,-4.4377,90.0103,0.078895,4.4255,4.8868,-9.5427,-30.6207,0.00026227,1.3066,-0.11114,3.6419e-07,0.037765,0,85.7706,0.15717,0.89376,481.334,1429.0164
29.514,10474.7773,37.8738,240.0321,9.0339,0.077867,-0.0015152,-4.4377,90.0103,0.078895,4.4255,4.8868,-9.5427,-30.6207,0.00026227,1.3066,-0.11114,3.6419e-07,0.037765,0,85.7706,0.15704,0.87651,481.334,1429.0164
29.5165,10475.0929,37.8736,240.0318,9.0345,0.078006,-0.038496,-3.8223,90.0109,0.025119,4.4261,4.9137,4.9257,-34.7662,0.00038801,1.565,-0.11658,3.6391e-07,0.037776,0,85.9174,0.15717,0.88816,481.3329,1428.9989
29.5171,10475.0929,37.8736,240.0318,9.0345,0.078006,-0.038496,-3.8223,90.0109,0.025119,4.4261,4.9137,4.9257,-34.7662,0.00038801,1.565,-0.11658,3.6391e-07,0.037776,0,85.9174,0.15715,0.88492,481.3329,1428.9989
29.5171,10475.0929,37.8736,240.0318,9.0345,0.078006,-0.038496,-3.8223,90.0109,0.025119,4.4261,4.9137,4.9257,-34.7662,0.00038801,1.565,-0.11658,3.6391e-07,0.037776,0,85.9174,0.15715,0.88492,481.3329,1428.9989
29.5249,10475.4085,37.8735,240.0317,9.0352,0.078137,-0.070349,-3.084,90.0112,-0.03128,4.4268,4.9476,6.9312,-35.4334,0.00049906,1.5351,-0.1196,3.6363e-07,0.037787,0,86.0642,0.15708,0.86352,481.3318,1428.9813
29.5297,10475.4085,37.8735,240.0317,9.0352,0.078137,-0.070349,-3.084,90.0112,-0.03128,4.4268,4.9476,6.9312,-35.4334,0.00049906,1.5351,-0.1196,3.6363e-07,0.037787,0,86.0642,0.15689,0.85161,481.3318,1428.9813
29.5297,10475.4085,37.8735,240.0317,9.0352,0.078137,-0.070349,-3.084,90.0112,-0.03128,4.4268,4.9476,6.9312,-35.4334,0.00049906,1.5351,-0.1196,3.6363e-07,0.037787,0,86.0642,0.15689,0.85161,481.3318,1428.9813
29.5332,10475.7241,37.8735,240.0318,9.0358,0.078266,-0.096049,-2.3601,90.0109,-0.089134,4.4275,4.9882,6.4717,-35.3772,0.00058087,1.5045,-0.11599,3.6336e-07,0.037797,0,86.211,0.15701,0.83788,481.3306,1428.9638
29.5367,10475.7241,37.8735,240.0318,9.0358,0.078266,-0.096049,-2.3601,90.0109,-0.089134,4.4275,4.9882,6.4717,-35.3772,0.00058087,1.5045,-0.11599,3.6336e-07,0.037797,0,86.211,0.15687,0.83629,481.3306,1428.9638
29.5415,10476.0397,37.8735,240.0322,9.0365,0.078401,-0.11572,-1.6506,90.0102,-0.14523,4.4282,5.0463,6.4202,-35.3159,0.0006309,1.472,-0.099798,3.6309e-07,0.037808,0,86.3579,0.15696,0.81163,481.3295,1428.9463
29.5499,10476.3553,37.8737,240.0327,9.0372,0.07856,-0.12947,-0.95534,90.0089,-0.1935,4.4289,5.1366,7.1382,-35.2467,0.0006462,1.4387,-0.07611,3.6284e-07,0.037819,0,86.5049,0.15696,0.78492,481.3284,1428.9287
29.5582,10476.671,37.8739,240.0335,9.0378,0.078755,-0.13743,-0.27417,90.0073,-0.23031,4.4295,5.2467,8.3175,-35.172,0.00062819,1.4055,-0.049043,3.6259e-07,0.037829,0,86.6519,0.157,0.75783,481.3273,1428.9112
29.5665,10476.9866,37.8743,240.0345,9.0385,0.078989,-0.13972,0.39318,90.0054,-0.25402,4.4302,5.366,9.7081,-35.0936,0.00053249,1.3728,-0.020817,3.6235e-07,0.03784,0,86.299,0.15711,0.7304,481.3261,1428.8936
29.5749,10477.3022,37.8743,240.0344,9.0392,0.079234,-0.13644,1.047,90.0033,-0.26409,4.4309,5.287,11.1751,-35.0095,0.00039552,1.3408,0.0066884,3.6213e-07,0.037851,0,85.9465,0.15716,0.79455,481.325,1428.8761
29.5832,10477.6178,37.8742,240.0336,9.0398,0.079469,-0.12771,1.6877,90.0011,-0.26084,4.4316,5.209,12.6043,-34.9223,0.00023432,1.3099,0.032097,3.6191e-07,0.037862,0,85.5943,0.15718,0.8672,481.3239,1428.8585
29.5915,10477.9334,37.8739,240.0323,9.0405,0.079675,-0.11365,2.3156,89.9989,-0.24531,4.4323,5.1283,13.912,-34.8337,0.0001517,1.2802,0.054558,3.6171e-07,0.037872,0,85.6188,0.15713,0.94303,481.3228,1428.841
29.5999,10478.249,37.8738,240.0315,9.0412,0.079872,-0.094354,2.931,89.9969,-0.21891,4.433,5.2352,15.0464,-34.7496,0.00011712,1.2517,0.07362,3.6152e-07,0.037883,0,85.7654,0.15712,0.93188,481.3217,1428.8234
29.6022,10478.249,37.8738,240.0315,9.0412,0.079872,-0.094354,2.931,89.9969,-0.21891,4.433,5.2352,15.0464,-34.7496,0.00011712,1.2517,0.07362,3.6152e-07,0.037883,0,85.7654,0.15703,0.91129,481.3217,1428.8234
29.6022,10478.249,37.8738,240.0315,9.0412,0.079872,-0.094354,2.931,89.9969,-0.21891,4.433,5.2352,15.0464,-34.7496,0.00011712,1.2517,0.07362,3.6152e-07,0.037883,0,85.7654,0.15703,0.91129,481.3217,1428.8234
29.6082,10478.5646,37.8738,240.031,9.0419,0.080063,-0.06993,3.5342,89.9951,-0.18328,4.4337,5.3335,15.9799,-34.6686,0.00013582,1.2246,0.089131,3.6134e-07,0.037894,0,85.9121,0.15712,0.91217,481.3205,1428.8059
29.6131,10478.5646,37.8738,240.031,9.0419,0.080063,-0.06993,3.5342,89.9951,-0.18328,4.4337,5.3335,15.9799,-34.6686,0.00013582,1.2246,0.089131,3.6134e-07,0.037894,0,85.9121,0.15693,0.88119,481.3205,1428.8059
29.6131,10478.5646,37.8738,240.031,9.0419,0.080063,-0.06993,3.5342,89.9951,-0.18328,4.4337,5.3335,15.9799,-34.6686,0.00013582,1.2246,0.089131,3.6134e-07,0.037894,0,85.9121,0.15693,0.88119,481.3205,1428.8059
29.6165,10478.8803,37.8739,240.0307,9.0425,0.080251,-0.040478,4.1257,89.9935,-0.14015,4.4344,5.4223,16.7033,-34.5908,0.00016952,0.71218,0.10118,3.6117e-07,0.037904,0,86.0589,0.15713,0.88871,481.3194,1428.7884
29.62,10478.8803,37.8739,240.0307,9.0425,0.080251,-0.040478,4.1257,89.9935,-0.14015,4.4344,5.4223,16.7033,-34.5908,0.00016952,0.71218,0.10118,3.6117e-07,0.037904,0,86.0589,0.157,0.87244,481.3194,1428.7884
29.6217,10478.8803,37.8739,240.0307,9.0425,0.080251,-0.040478,4.1257,89.9935,-0.14015,4.4344,5.4223,16.7033,-34.5908,0.00016952,0.71218,0.10118,3.6117e-07,0.037904,0,86.0589,0.15693,0.86605,481.3194,1428.7884
29.6217,10478.8803,37.8739,240.0307,9.0425,0.080251,-0.040478,4.1257,89.9935,-0.14015,4.4344,5.4223,16.7033,-34.5908,0.00016952,0.71218,0.10118,3.6117e-07,0.037904,0,86.0589,0.15693,0.86605,481.3194,1428.7884
29.6249,10479.1959,37.8741,240.0306,9.0432,0.08042,-0.0060974,4.4734,89.9924,-0.091194,4.4351,5.5009,12.8051,-33.3036,0.00022721,-0.94097,0.10998,3.61e-07,0.037915,0,86.2057,0.15715,0.86406,481.3183,1428.7708
29.6281,10479.1959,37.8741,240.0306,9.0432,0.08042,-0.0060974,4.4734,89.9924,-0.091194,4.4351,5.5009,12.8051,-33.3036,0.00022721,-0.94097,0.10998,3.61e-07,0.037915,0,86.2057,0.15702,0.85549,481.3183,1428.7708
29.6332,10479.5115,37.8744,240.0307,9.0439,0.080558,0.031181,4.0325,89.9916,-0.037974,4.4357,5.5712,-1.6546,-29.1832,0.0003021,-1.5734,0.11595,3.6083e-07,0.037926,0,86.3525,0.15715,0.83858,481.3172,1428.7533
29.6415,10479.8271,37.8747,240.031,9.0446,0.080662,0.064785,3.2901,89.9913,0.018126,4.4364,5.6345,-7.0306,-27.6211,0.00036275,-1.5435,0.11942,3.6067e-07,0.037937,0,86.4994,0.15713,0.81259,481.316,1428.7357
29.6454,10479.8271,37.8747,240.031,9.0446,0.080662,0.064785,3.2901,89.9913,0.018126,4.4364,5.6345,-7.0306,-27.6211,0.00036275,-1.5435,0.11942,3.6067e-07,0.037937,0,86.4994,0.15698,0.81883,481.316,1428.7357
29.6454,10479.8271,37.8747,240.031,9.0446,0.080662,0.064785,3.2901,89.9913,0.018126,4.4364,5.6345,-7.0306,-27.6211,0.00036275,-1.5435,0.11942,3.6067e-07,0.037937,0,86.4994,0.15698,0.81883,481.316,1428.7357
29.6499,10480.1427,37.8752,240.0315,9.0453,0.080735,0.092202,2.5622,89.9914,0.0759,4.437,5.6923,-6.549,-27.7123,0.00040377,-1.5132,0.11816,3.605e-07,0.037947,0,86.6463,0.15711,0.78619,481.3149,1428.7182
29.6544,10480.1427,37.8752,240.0315,9.0453,0.080735,0.092202,2.5622,89.9914,0.0759,4.437,5.6923,-6.549,-27.7123,0.00040377,-1.5132,0.11816,3.605e-07,0.037947,0,86.6463,0.15693,0.80275,481.3149,1428.7182
29.6582,10480.4584,37.8757,240.0323,9.046,0.080788,0.11355,1.8487,89.9921,0.13305,4.4377,5.7388,-6.3584,-27.8016,0.00042601,-1.4811,0.10511,3.6032e-07,0.037958,0,86.7933,0.15708,0.7594,481.3138,1428.7006
29.6665,10480.774,37.8764,240.0333,9.0466,0.080843,0.12896,1.1495,89.9932,0.18389,4.4383,5.7567,-6.8875,-27.8926,0.00038319,-1.448,0.082799,3.6013e-07,0.037969,0,86.4405,0.15707,0.73223,481.3127,1428.6831
29.6749,10481.0896,37.8767,240.0331,9.0473,0.0809,0.13854,0.46441,89.9947,0.22393,4.439,5.5503,-7.9829,-27.9809,0.00030797,-1.4147,0.056311,3.5994e-07,0.037979,0,86.088,0.157,0.79658,481.3115,1428.6656
29.6832,10481.4053,37.8769,240.0324,9.048,0.080965,0.14241,-0.20676,89.9966,0.25117,4.4397,5.3362,-9.3368,-28.0656,0.00020764,-1.3817,0.028143,3.5973e-07,0.03799,0,85.7358,0.15691,0.86936,481.3104,1428.648
29.6915,10481.7209,37.8769,240.031,9.0487,0.081039,0.14068,-0.86433,89.9987,0.26477,4.4403,5.1208,-10.7973,-28.1458,0.00017301,-1.3495,0.00024479,3.5951e-07,0.038001,0,85.7604,0.1568,0.94527,481.3093,1428.6305
29.6999,10482.0366,37.8771,240.0302,9.0494,0.081154,0.13348,-1.5086,90.0009,0.26488,4.441,5.1015,-12.2462,-28.2255,0.00016323,-1.3183,-0.025855,3.5928e-07,0.038012,0,85.907,0.15676,0.93418,481.3082,1428.6129
29.7082,10482.3522,37.8774,240.0297,9.0501,0.081315,0.12091,-2.14,90.0031,0.25236,4.4417,5.0868,-13.5907,-28.3015,0.00017525,-1.2882,-0.049182,3.5904e-07,0.038022,0,86.0537,0.15679,0.91454,481.307,1428.5954
29.7165,10482.6678,37.8778,240.0294,9.0508,0.081519,0.10308,-2.7588,90.0052,0.22856,4.4424,5.0792,-14.7716,-28.373,0.00015999,-1.2594,-0.06919,3.5878e-07,0.038033,0,86.2004,0.15688,0.89103,481.3059,1428.5778
29.7249,10482.9835,37.8783,240.0293,9.0514,0.081732,0.080086,-3.3654,90.0071,0.19508,4.443,5.0802,-15.7555,-28.4368,0.00013262,-1.2319,-0.085655,3.5852e-07,0.038044,0,86.3472,0.157,0.86572,481.3048,1428.5603
29.7266,10482.9835,37.8783,240.0293,9.0514,0.081732,0.080086,-3.3654,90.0071,0.19508,4.443,5.0802,-15.7555,-28.4368,0.00013262,-1.2319,-0.085655,3.5852e-07,0.038044,0,86.3472,0.15693,0.86051,481.3048,1428.5603
29.7266,10482.9835,37.8783,240.0293,9.0514,0.081732,0.080086,-3.3654,90.0071,0.19508,4.443,5.0802,-15.7555,-28.4368,0.00013262,-1.2319,-0.085655,3.5852e-07,0.038044,0,86.3472,0.15693,0.86051,481.3048,1428.5603
29.7332,10483.2991,37.8788,240.0294,9.0521,0.081927,0.052041,-3.9602,90.0087,0.15363,4.4437,5.0903,-16.5288,-28.494,0.0001078,-1.0646,-0.098607,3.5825e-07,0.038054,0,86.4941,0.15712,0.83952,481.3037,1428.5428
29.7358,10483.2991,37.8788,240.0294,9.0521,0.081927,0.052041,-3.9602,90.0087,0.15363,4.4437,5.0903,-16.5288,-28.494,0.0001078,-1.0646,-0.098607,3.5825e-07,0.038054,0,86.4941,0.15702,0.8379,481.3037,1428.5428
29.7358,10483.2991,37.8788,240.0294,9.0521,0.081927,0.052041,-3.9602,90.0087,0.15363,4.4437,5.0903,-16.5288,-28.494,0.0001078,-1.0646,-0.098607,3.5825e-07,0.038054,0,86.4941,0.15702,0.8379,481.3037,1428.5428
29.7415,10483.6148,37.8795,240.0297,9.0528,0.082081,0.01904,-4.476,90.01,0.10592,4.4443,5.1077,-15.8133,-28.8996,9.7059e-05,0.47279,-0.10826,3.5797e-07,0.038065,0,86.6409,0.15722,0.81339,481.3025,1428.5252
29.7473,10483.6148,37.8795,240.0297,9.0528,0.082081,0.01904,-4.476,90.01,0.10592,4.4443,5.1077,-15.8133,-28.8996,9.7059e-05,0.47279,-0.10826,3.5797e-07,0.038065,0,86.6409,0.15699,0.82161,481.3025,1428.5252
29.7499,10483.9305,37.8803,240.0302,9.0535,0.082179,-0.01826,-4.2585,90.0109,0.053526,4.4449,5.1328,-2.4618,-32.7467,0.00011953,1.5825,-0.11492,3.5768e-07,0.038076,0,86.7879,0.15728,0.7871,481.3014,1428.5077
29.7582,10484.2461,37.8811,240.0309,9.0542,0.082218,-0.053747,-3.5117,90.0113,-0.0020837,4.4455,5.1653,7.1929,-35.5377,0.00014815,1.5525,-0.11901,3.574e-07,0.038087,0,86.9348,0.1573,0.76054,481.3003,1428.4901
29.7608,10484.2461,37.8811,240.0309,9.0542,0.082218,-0.053747,-3.5117,90.0113,-0.0020837,4.4455,5.1653,7.1929,-35.5377,0.00014815,1.5525,-0.11901,3.574e-07,0.038087,0,86.9348,0.15719,0.77693,481.3003,1428.4901
29.7608,10484.2461,37.8811,240.0309,9.0542,0.082218,-0.053747,-3.5117,90.0113,-0.0020837,4.4455,5.1653,7.1929,-35.5377,0.00014815,1.5525,-0.11901,3.574e-07,0.038087,0,86.9348,0.15719,0.77693,481.3003,1428.4901
29.7665,10484.5618,37.8821,240.0319,9.0549,0.082205,-0.083011,-2.7795,90.0113,-0.059661,4.4462,5.2046,6.6666,-35.4779,0.00012635,1.5225,-0.12014,3.5712e-07,0.038097,0,86.582,0.15728,0.73371,481.2992,1428.4726
29.7723,10484.5618,37.8821,240.0319,9.0549,0.082205,-0.083011,-2.7795,90.0113,-0.059661,4.4462,5.2046,6.6666,-35.4779,0.00012635,1.5225,-0.12014,3.5712e-07,0.038097,0,86.582,0.15706,0.77603,481.2992,1428.4726
29.7741,10484.5618,37.8821,240.0319,9.0549,0.082205,-0.083011,-2.7795,90.0113,-0.059661,4.4462,5.2046,6.6666,-35.4779,0.00012635,1.5225,-0.12014,3.5712e-07,0.038097,0,86.582,0.15699,0.78532,481.2992,1428.4726
29.7741,10484.5618,37.8821,240.0319,9.0549,0.082205,-0.083011,-2.7795,90.0113,-0.059661,4.4462,5.2046,6.6666,-35.4779,0.00012635,1.5225,-0.12014,3.5712e-07,0.038097,0,86.582,0.15699,0.78532,481.2992,1428.4726
29.7749,10484.8775,37.8827,240.0318,9.0556,0.082135,-0.10617,-2.0617,90.0108,-0.11778,4.4468,5.0499,6.3242,-35.413,8.8226e-05,1.491,-0.11085,3.5685e-07,0.038108,0,86.2295,0.15715,0.79834,481.298,1428.455
29.7756,10484.8775,37.8827,240.0318,9.0556,0.082135,-0.10617,-2.0617,90.0108,-0.11778,4.4468,5.0499,6.3242,-35.413,8.8226e-05,1.491,-0.11085,3.5685e-07,0.038108,0,86.2295,0.15712,0.80075,481.298,1428.455
29.7772,10484.8775,37.8827,240.0318,9.0556,0.082135,-0.10617,-2.0617,90.0108,-0.11778,4.4468,5.0499,6.3242,-35.413,8.8226e-05,1.491,-0.11085,3.5685e-07,0.038108,0,86.2295,0.15706,0.80506,481.298,1428.455
29.7803,10484.8775,37.8827,240.0318,9.0556,0.082135,-0.10617,-2.0617,90.0108,-0.11778,4.4468,5.0499,6.3242,-35.413,8.8226e-05,1.491,-0.11085,3.5685e-07,0.038108,0,86.2295,0.15694,0.81191,481.298,1428.455
29.7832,10485.1932,37.8832,240.031,9.0563,0.082028,-0.12335,-1.3582,90.0098,-0.17139,4.4474,4.924,6.62,-35.3416,3.8697e-05,1.458,-0.090244,3.5658e-07,0.038119,0,85.8774,0.15695,0.87137,481.2969,1428.4375
29.7915,10485.5089,37.8835,240.0296,9.057,0.081912,-0.13467,-0.66896,90.0084,-0.21504,4.4481,4.8292,7.6084,-35.2641,6.584e-05,1.4246,-0.064484,3.5632e-07,0.03813,0,85.8837,0.15671,0.94748,481.2958,1428.42
29.7999,10485.8246,37.884,240.0288,9.0577,0.081848,-0.14025,0.0063094,90.0066,-0.24623,4.4487,4.9427,8.9159,-35.1883,0.00012071,1.3914,-0.036447,3.5608e-07,0.03814,0,86.0303,0.15655,0.93656,481.2947,1428.4024
29.8082,10486.1403,37.8846,240.0283,9.0584,0.081863,-0.14019,0.66789,90.0046,-0.26385,4.4494,5.0623,10.3679,-35.1127,0.00018786,1.3589,-0.0081614,3.5584e-07,0.038151,0,86.1769,0.1565,0.91704,481.2935,1428.3849
29.8165,10486.456,37.8852,240.0279,9.0591,0.081969,-0.13463,1.3161,90.0024,-0.26779,4.45,5.183,11.841,-35.037,0.00020712,1.3274,0.018685,3.5562e-07,0.038162,0,86.3236,0.15655,0.8936,481.2924,1428.3673
29.8249,10486.7717,37.886,240.0278,9.0598,0.082137,-0.12366,1.9513,90.0001,-0.25874,4.4506,5.3009,13.2328,-34.9585,0.00018545,1.297,0.042969,3.5541e-07,0.038172,0,86.4704,0.15668,0.86834,481.2913,1428.3498
29.8332,10487.0874,37.8868,240.0279,9.0605,0.082337,-0.1074,2.5738,89.998,-0.23794,4.4512,5.4129,14.4747,-34.8778,0.00012418,1.2678,0.064033,3.5521e-07,0.038183,0,86.6172,0.15686,0.84217,481.2902,1428.3322
29.8415,10487.4031,37.8878,240.0282,9.0612,0.08253,-0.085952,3.1841,89.996,-0.20696,4.4519,5.5174,15.5268,-34.7951,4.172e-05,1.24,0.081569,3.5502e-07,0.038194,0,86.7641,0.15705,0.81551,481.289,1428.3147
29.8487,10487.4031,37.8878,240.0282,9.0612,0.08253,-0.085952,3.1841,89.996,-0.20696,4.4519,5.5174,15.5268,-34.7951,4.172e-05,1.24,0.081569,3.5502e-07,0.038194,0,86.7641,0.15677,0.82417,481.289,1428.3147
29.8487,10487.4031,37.8878,240.0282,9.0612,0.08253,-0.085952,3.1841,89.996,-0.20696,4.4519,5.5174,15.5268,-34.7951,4.172e-05,1.24,0.081569,3.5502e-07,0.038194,0,86.7641,0.15677,0.82417,481.289,1428.3147
29.8499,10487.7189,37.8888,240.0287,9.0619,0.082685,-0.059418,3.7823,89.9943,-0.16748,4.4525,5.6133,16.3702,-34.7115,-3.6548e-05,1.1721,0.095547,3.5484e-07,0.038205,0,86.911,0.15722,0.7885,481.2879,1428.2972
29.8501,10487.7189,37.8888,240.0287,9.0619,0.082685,-0.059418,3.7823,89.9943,-0.16748,4.4525,5.6133,16.3702,-34.7115,-3.6548e-05,1.1721,0.095547,3.5484e-07,0.038205,0,86.911,0.15722,0.78953,481.2879,1428.2972
29.8501,10487.7189,37.8888,240.0287,9.0619,0.082685,-0.059418,3.7823,89.9943,-0.16748,4.4525,5.6133,16.3702,-34.7115,-3.6548e-05,1.1721,0.095547,3.5484e-07,0.038205,0,86.911,0.15722,0.78953,481.2879,1428.2972
29.8513,10487.7189,37.8888,240.0287,9.0619,0.082685,-0.059418,3.7823,89.9943,-0.16748,4.4525,5.6133,16.3702,-34.7115,-3.6548e-05,1.1721,0.095547,3.5484e-07,0.038205,0,86.911,0.15717,0.79409,481.2879,1428.2972
29.8524,10487.7189,37.8888,240.0287,9.0619,0.082685,-0.059418,3.7823,89.9943,-0.16748,4.4525,5.6133,16.3702,-34.7115,-3.6548e-05,1.1721,0.095547,3.5484e-07,0.038205,0,86.911,0.15713,0.79817,481.2879,1428.2972
29.8547,10487.7189,37.8888,240.0287,9.0619,0.082685,-0.059418,3.7823,89.9943,-0.16748,4.4525,5.6133,16.3702,-34.7115,-3.6548e-05,1.1721,0.095547,3.5484e-07,0.038205,0,86.911,0.15704,0.80505,481.2879,1428.2972
29.8582,10488.0346,37.8899,240.0294,9.0626,0.082781,-0.027899,4.3492,89.9929,-0.12125,4.4531,5.6994,16.6286,-34.5259,-9.0855e-05,0.020564,0.10613,3.5466e-07,0.038215,0,87.058,0.15736,0.76161,481.2868,1428.2796
29.8665,10488.3504,37.8911,240.0304,9.0633,0.082806,0.0083448,4.3671,89.9919,-0.069883,4.4537,5.776,6.8361,-31.6429,-0.00014455,-1.5867,0.11363,3.5449e-07,0.038226,0,86.7052,0.15744,0.73481,481.2857,1428.2621
29.8749,10488.6661,37.8921,240.0302,9.064,0.082738,0.044737,3.6182,89.9913,-0.014894,4.4543,5.6427,-7.2914,-27.637,-0.0001806,-1.5568,0.11842,3.5433e-07,0.038237,0,86.3527,0.15737,0.79962,481.2845,1428.2445
29.8763,10488.6661,37.8921,240.0302,9.064,0.082738,0.044737,3.6182,89.9913,-0.014894,4.4543,5.6427,-7.2914,-27.637,-0.0001806,-1.5568,0.11842,3.5433e-07,0.038237,0,86.3527,0.15732,0.8039,481.2845,1428.2445
29.8763,10488.6661,37.8921,240.0302,9.064,0.082738,0.044737,3.6182,89.9913,-0.014894,4.4543,5.6427,-7.2914,-27.637,-0.0001806,-1.5568,0.11842,3.5433e-07,0.038237,0,86.3527,0.15732,0.8039,481.2845,1428.2445
29.8832,10488.9819,37.8928,240.0294,9.0647,0.082586,0.074889,2.8839,89.9911,0.0424,4.4549,5.5048,-6.7294,-27.7228,-0.00021545,-1.5269,0.12068,3.5416e-07,0.038247,0,86.0006,0.15718,0.87293,481.2834,1428.227
29.8892,10488.9819,37.8928,240.0294,9.0647,0.082586,0.074889,2.8839,89.9911,0.0424,4.4549,5.5048,-6.7294,-27.7228,-0.00021545,-1.5269,0.12068,3.5416e-07,0.038247,0,86.0006,0.15695,0.85435,481.2834,1428.227
29.8892,10488.9819,37.8928,240.0294,9.0647,0.082586,0.074889,2.8839,89.9911,0.0424,4.4549,5.5048,-6.7294,-27.7228,-0.00021545,-1.5269,0.12068,3.5416e-07,0.038247,0,86.0006,0.15695,0.85435,481.2834,1428.227
29.8915,10489.2977,37.8934,240.028,9.0654,0.082366,0.098921,2.164,89.9915,0.10078,4.4555,5.3632,-6.3234,-27.8066,-0.00015744,-1.496,0.11473,3.5398e-07,0.038258,0,85.9734,0.15689,0.94931,481.2823,1428.2094
29.8939,10489.2977,37.8934,240.028,9.0654,0.082366,0.098921,2.164,89.9915,0.10078,4.4555,5.3632,-6.3234,-27.8066,-0.00015744,-1.496,0.11473,3.5398e-07,0.038258,0,85.9734,0.1568,0.92451,481.2823,1428.2094
29.8987,10489.2977,37.8934,240.028,9.0654,0.082366,0.098921,2.164,89.9915,0.10078,4.4555,5.3632,-6.3234,-27.8066,-0.00015744,-1.496,0.11473,3.5398e-07,0.038258,0,85.9734,0.15662,0.88954,481.2823,1428.2094
29.8999,10489.6135,37.8942,240.0272,9.0661,0.082148,0.11695,1.4585,89.9923,0.15627,4.4561,5.3963,-6.4189,-27.8967,-5.7791e-05,-1.4631,0.095696,3.538e-07,0.038269,0,86.12,0.15665,0.93866,481.2812,1428.1919
29.9059,10489.6135,37.8942,240.0272,9.0661,0.082148,0.11695,1.4585,89.9923,0.15627,4.4561,5.3963,-6.4189,-27.8967,-5.7791e-05,-1.4631,0.095696,3.538e-07,0.038269,0,86.12,0.15641,0.89094,481.2812,1428.1919
29.9082,10489.9292,37.8951,240.0266,9.0668,0.081984,0.12911,0.76718,89.9936,0.20256,4.4567,5.3971,-7.3135,-27.9925,6.6047e-05,-1.4298,0.070625,3.5361e-07,0.03828,0,86.2666,0.15647,0.91939,481.28,1428.1743
29.9165,10490.245,37.896,240.0263,9.0675,0.081914,0.1355,0.089893,89.9953,0.23671,4.4573,5.3833,-8.5792,-28.0891,0.00014799,-1.3966,0.042824,3.534e-07,0.03829,0,86.4133,0.1564,0.89615,481.2789,1428.1568
29.9249,10490.5608,37.897,240.0261,9.0681,0.081933,0.13625,-0.57367,89.9973,0.25742,4.4579,5.3636,-10.0154,-28.181,0.00018318,-1.364,0.014332,3.5319e-07,0.038301,0,86.5601,0.15644,0.87102,481.2778,1428.1392
29.9332,10490.8767,37.8981,240.0262,9.0688,0.082026,0.13147,-1.2238,89.9994,0.26435,4.4585,5.3431,-11.4983,-28.2666,0.00016189,-1.3322,-0.013016,3.5297e-07,0.038312,0,86.7069,0.15657,0.84494,481.2767,1428.1217
29.9415,10491.1925,37.8993,240.0265,9.0695,0.082163,0.12127,-1.8609,90.0017,0.25804,4.459,5.3263,-12.9165,-28.3444,9.3728e-05,-1.3016,-0.037986,3.5273e-07,0.038322,0,86.8538,0.15676,0.81833,481.2755,1428.1041
29.9499,10491.5083,37.9006,240.027,9.0702,0.08231,0.10576,-2.4852,90.0038,0.23965,4.4596,5.3161,-14.1952,-28.414,-6.8799e-06,-1.2722,-0.059834,3.5249e-07,0.038333,0,87.0007,0.15698,0.79136,481.2744,1428.0866
29.9582,10491.8242,37.902,240.0277,9.0709,0.082434,0.085054,-3.0972,90.0058,0.2107,4.4602,5.3141,-15.289,-28.476,-0.00011999,-1.2441,-0.078184,3.5223e-07,0.038344,0,87.1476,0.15719,0.76412,481.2733,1428.069
29.9635,10491.8242,37.902,240.0277,9.0709,0.082434,0.085054,-3.0972,90.0058,0.2107,4.4602,5.3141,-15.289,-28.476,-0.00011999,-1.2441,-0.078184,3.5223e-07,0.038344,0,87.1476,0.15699,0.79218,481.2733,1428.069
29.9635,10491.8242,37.902,240.0277,9.0709,0.082434,0.085054,-3.0972,90.0058,0.2107,4.4602,5.3141,-15.289,-28.476,-0.00011999,-1.2441,-0.078184,3.5223e-07,0.038344,0,87.1476,0.15699,0.79218,481.2733,1428.069
29.9665,10492.14,37.9035,240.0286,9.0716,0.082509,0.059244,-3.6972,90.0076,0.17286,4.4607,5.321,-16.1748,-28.5311,-0.00026099,-1.2172,-0.092951,3.5197e-07,0.038355,0,86.7949,0.15738,0.73666,481.2722,1428.0515
29.9695,10492.14,37.9035,240.0286,9.0716,0.082509,0.059244,-3.6972,90.0076,0.17286,4.4607,5.321,-16.1748,-28.5311,-0.00026099,-1.2172,-0.092951,3.5197e-07,0.038355,0,86.7949,0.15726,0.76125,481.2722,1428.0515
29.9749,10492.4559,37.9047,240.0286,9.0723,0.082499,0.028434,-4.2855,90.009,0.12788,4.4613,5.1517,-16.8475,-28.5783,-0.00038234,-0.29219,-0.10427,3.5169e-07,0.038365,0,86.4424,0.15743,0.79312,481.271,1428.0339
29.9828,10492.4559,37.9047,240.0286,9.0723,0.082499,0.028434,-4.2855,90.009,0.12788,4.4613,5.1517,-16.8475,-28.5783,-0.00038234,-0.29219,-0.10427,3.5169e-07,0.038365,0,86.4424,0.15712,0.8141,481.271,1428.0339
29.9828,10492.4559,37.9047,240.0286,9.0723,0.082499,0.028434,-4.2855,90.009,0.12788,4.4613,5.1517,-16.8475,-28.5783,-0.00038234,-0.29219,-0.10427,3.5169e-07,0.038365,0,86.4424,0.15712,0.8141,481.271,1428.0339
29.9832,10492.7718,37.9057,240.0279,9.073,0.082389,-0.0072776,-4.4329,90.0101,0.077417,4.4619,4.974,-9.1554,-30.8795,-0.00045475,1.3698,-0.11238,3.5142e-07,0.038376,0,86.0902,0.15734,0.8657,481.2699,1428.0164
29.9836,10492.7718,37.9057,240.0279,9.073,0.082389,-0.0072776,-4.4329,90.0101,0.077417,4.4619,4.974,-9.1554,-30.8795,-0.00045475,1.3698,-0.11238,3.5142e-07,0.038376,0,86.0902,0.15732,0.86437,481.2699,1428.0164
29.9844,10492.7718,37.9057,240.0279,9.073,0.082389,-0.0072776,-4.4329,90.0101,0.077417,4.4619,4.974,-9.1554,-30.8795,-0.00045475,1.3698,-0.11238,3.5142e-07,0.038376,0,86.0902,0.15729,0.86187,481.2699,1428.0164
29.986,10492.7718,37.9057,240.0279,9.073,0.082389,-0.0072776,-4.4329,90.0101,0.077417,4.4619,4.974,-9.1554,-30.8795,-0.00045475,1.3698,-0.11238,3.5142e-07,0.038376,0,86.0902,0.15723,0.85743,481.2699,1428.0164
29.9892,10492.7718,37.9057,240.0279,9.073,0.082389,-0.0072776,-4.4329,90.0101,0.077417,4.4619,4.974,-9.1554,-30.8795,-0.00045475,1.3698,-0.11238,3.5142e-07,0.038376,0,86.0902,0.15711,0.85041,481.2699,1428.0164
29.9915,10493.0876,37.9066,240.0265,9.0737,0.082179,-0.044219,-3.7875,90.0107,0.02303,4.4625,4.8059,5.4211,-35.0433,-0.00040026,1.5636,-0.11774,3.5114e-07,0.038387,0,85.7385,0.15712,0.94198,481.2688,1427.9988
29.9924,10493.0876,37.9066,240.0265,9.0737,0.082179,-0.044219,-3.7875,90.0107,0.02303,4.4625,4.8059,5.4211,-35.0433,-0.00040026,1.5636,-0.11774,3.5114e-07,0.038387,0,85.7385,0.15709,0.93307,481.2688,1427.9988
29.9924,10493.0876,37.9066,240.0265,9.0737,0.082179,-0.044219,-3.7875,90.0107,0.02303,4.4625,4.8059,5.4211,-35.0433,-0.00040026,1.5636,-0.11774,3.5114e-07,0.038387,0,85.7385,0.15709,0.93307,481.2688,1427.9988
29.9999,10493.4035,37.9077,240.0258,9.0744,0.081926,-0.07578,-3.0499,90.0109,-0.03394,4.463,4.8398,6.8454,-35.5441,-0.00028988,1.5337,-0.12069,3.5086e-07,0.038397,0,85.8851,0.1569,0.9314,481.2677,1427.9813
30.0051,10493.4035,37.9077,240.0258,9.0744,0.081926,-0.07578,-3.0499,90.0109,-0.03394,4.463,4.8398,6.8454,-35.5441,-0.00028988,1.5337,-0.12069,3.5086e-07,0.038397,0,85.8851,0.1567,0.89146,481.2677,1427.9813
30.0051,10493.4035,37.9077,240.0258,9.0744,0.081926,-0.07578,-3.0499,90.0109,-0.03394,4.463,4.8398,6.8454,-35.5441,-0.00028988,1.5337,-0.12069,3.5086e-07,0.038397,0,85.8851,0.1567,0.89146,481.2677,1427.9813
30.0082,10493.7194,37.9088,240.0253,9.0751,0.081671,-0.1012,-2.3268,90.0106,-0.092329,4.4636,4.8798,6.3906,-35.4871,-0.00013963,1.503,-0.11667,3.506e-07,0.038408,0,86.0318,0.15669,0.91227,481.2665,1427.9637
30.0114,10493.7194,37.9088,240.0253,9.0751,0.081671,-0.1012,-2.3268,90.0106,-0.092329,4.4636,4.8798,6.3906,-35.4871,-0.00013963,1.503,-0.11667,3.506e-07,0.038408,0,86.0318,0.15657,0.89085,481.2665,1427.9637
30.0165,10494.0353,37.9101,240.0249,9.0758,0.081456,-0.12059,-1.6181,90.0098,-0.14877,4.4641,4.9375,6.3643,-35.4286,-1.7048e-05,1.4704,-0.099799,3.5033e-07,0.038419,0,86.1785,0.15654,0.8892,481.2654,1427.9462
30.0249,10494.3513,37.9114,240.0248,9.0765,0.081302,-0.13407,-0.92365,90.0086,-0.19704,4.4647,5.0283,7.124,-35.3624,7.1244e-05,1.4371,-0.07568,3.5008e-07,0.03843,0,86.3253,0.15646,0.86424,481.2643,1427.9286
30.0332,10494.6672,37.9128,240.025,9.0772,0.081221,-0.14177,-0.24326,90.007,-0.23364,4.4652,5.1381,8.3299,-35.2908,0.00011041,1.4039,-0.048269,3.4984e-07,0.03844,0,86.4721,0.15647,0.83828,481.2632,1427.9111
30.0415,10494.9831,37.9143,240.0253,9.0779,0.081207,-0.14379,0.42335,90.005,-0.25698,4.4658,5.2572,9.7416,-35.2147,9.8545e-05,1.3711,-0.019782,3.496e-07,0.038451,0,86.619,0.15657,0.81172,481.262,1427.8935
30.0499,10495.2991,37.9158,240.0259,9.0785,0.081247,-0.14027,1.0765,90.0029,-0.26654,4.4663,5.3798,11.2249,-35.1347,3.844e-05,1.3391,0.0078977,3.4939e-07,0.038462,0,86.7659,0.15673,0.78477,481.2609,1427.876
30.0582,10495.6151,37.9175,240.0266,9.0792,0.081315,-0.1313,1.7165,90.0007,-0.26271,4.4668,5.5013,12.6651,-35.0516,-5.95e-05,1.3083,0.03341,3.4918e-07,0.038472,0,86.8207,0.15695,0.7575,481.2598,1427.8584
30.0665,10495.9311,37.9192,240.0276,9.0799,0.081384,-0.11699,2.3437,89.9985,-0.24654,4.4674,5.618,13.9795,-34.9664,-0.00022453,1.2786,0.05592,3.4898e-07,0.038483,0,86.4679,0.15718,0.72997,481.2587,1427.8409
30.0749,10496.2471,37.9207,240.0275,9.0806,0.081405,-0.097462,2.9584,89.9964,-0.21948,4.4679,5.5253,15.1175,-34.8774,-0.00040568,1.2502,0.074984,3.488e-07,0.038494,0,86.1154,0.15731,0.79412,481.2575,1427.8233
30.0774,10496.2471,37.9207,240.0275,9.0806,0.081405,-0.097462,2.9584,89.9964,-0.21948,4.4679,5.5253,15.1175,-34.8774,-0.00040568,1.2502,0.074984,3.488e-07,0.038494,0,86.1154,0.15721,0.80246,481.2575,1427.8233
30.0774,10496.2471,37.9207,240.0275,9.0806,0.081405,-0.097462,2.9584,89.9964,-0.21948,4.4679,5.5253,15.1175,-34.8774,-0.00040568,1.2502,0.074984,3.488e-07,0.038494,0,86.1154,0.15721,0.80246,481.2575,1427.8233
30.0832,10496.5631,37.9219,240.0268,9.0813,0.08135,-0.072809,3.5611,89.9946,-0.18319,4.4684,5.4262,16.0516,-34.7875,-0.00057282,1.2231,0.090463,3.4863e-07,0.038505,0,85.7633,0.15732,0.86683,481.2564,1427.8058
30.0885,10496.5631,37.9219,240.0268,9.0813,0.08135,-0.072809,3.5611,89.9946,-0.18319,4.4684,5.4262,16.0516,-34.7875,-0.00057282,1.2231,0.090463,3.4863e-07,0.038505,0,85.7633,0.15712,0.8525,481.2564,1427.8058
30.0885,10496.5631,37.9219,240.0268,9.0813,0.08135,-0.072809,3.5611,89.9946,-0.18319,4.4684,5.4262,16.0516,-34.7875,-0.00057282,1.2231,0.090463,3.4863e-07,0.038505,0,85.7633,0.15712,0.8525,481.2564,1427.8058
30.0915,10496.8791,37.9231,240.0254,9.082,0.081203,-0.043133,4.152,89.9931,-0.13941,4.469,5.3199,16.7733,-34.6984,-0.00060975,0.66689,0.10245,3.4846e-07,0.038515,0,85.5886,0.15721,0.94283,481.2553,1427.7882
30.0946,10496.8791,37.9231,240.0254,9.082,0.081203,-0.043133,4.152,89.9931,-0.13941,4.469,5.3199,16.7733,-34.6984,-0.00060975,0.66689,0.10245,3.4846e-07,0.038515,0,85.5886,0.1571,0.91361,481.2553,1427.7882
30.097,10496.8791,37.9231,240.0254,9.082,0.081203,-0.043133,4.152,89.9931,-0.13941,4.469,5.3199,16.7733,-34.6984,-0.00060975,0.66689,0.10245,3.4846e-07,0.038515,0,85.5886,0.157,0.89618,481.2553,1427.7882
30.097,10496.8791,37.9231,240.0254,9.082,0.081203,-0.043133,4.152,89.9931,-0.13941,4.469,5.3199,16.7733,-34.6984,-0.00060975,0.66689,0.10245,3.4846e-07,0.038515,0,85.5886,0.157,0.89618,481.2553,1427.7882
30.0999,10497.1951,37.9244,240.0247,9.0827,0.081002,-0.0085334,4.4782,89.9919,-0.08983,4.4695,5.398,12.4735,-33.2973,-0.00055059,-0.99757,0.11118,3.483e-07,0.038526,0,85.7352,0.15709,0.93238,481.2542,1427.7707
30.1027,10497.1951,37.9244,240.0247,9.0827,0.081002,-0.0085334,4.4782,89.9919,-0.08983,4.4695,5.398,12.4735,-33.2973,-0.00055059,-0.99757,0.11118,3.483e-07,0.038526,0,85.7352,0.15699,0.90773,481.2542,1427.7707
30.1082,10497.5112,37.9258,240.0242,9.0834,0.080771,0.028785,4.0104,89.9911,-0.036025,4.47,5.4673,-2.0939,-29.1485,-0.00040506,-1.5725,0.11706,3.4814e-07,0.038537,0,85.8819,0.15696,0.91348,481.253,1427.7531
30.1165,10497.8272,37.9273,240.0238,9.0841,0.080537,0.062205,3.2685,89.9908,0.020622,4.4706,5.529,-6.9526,-27.7332,-0.00027053,-1.5426,0.12045,3.4798e-07,0.038548,0,86.0286,0.15684,0.8907,481.2519,1427.7355
30.1206,10497.8272,37.9273,240.0238,9.0841,0.080537,0.062205,3.2685,89.9908,0.020622,4.4706,5.529,-6.9526,-27.7332,-0.00027053,-1.5426,0.12045,3.4798e-07,0.038548,0,86.0286,0.15668,0.87133,481.2519,1427.7355
30.1206,10497.8272,37.9273,240.0238,9.0841,0.080537,0.062205,3.2685,89.9908,0.020622,4.4706,5.529,-6.9526,-27.7332,-0.00027053,-1.5426,0.12045,3.4798e-07,0.038548,0,86.0286,0.15668,0.87133,481.2519,1427.7355
30.1249,10498.1433,37.9288,240.0237,9.0847,0.080309,0.089442,2.5412,89.991,0.0789,4.4711,5.5852,-6.4764,-27.8276,-0.00015514,-1.5122,0.11884,3.4782e-07,0.038558,0,86.1754,0.15674,0.86603,481.2508,1427.718
30.1291,10498.1433,37.9288,240.0237,9.0847,0.080309,0.089442,2.5412,89.991,0.0789,4.4711,5.5852,-6.4764,-27.8276,-0.00015514,-1.5122,0.11884,3.4782e-07,0.038558,0,86.1754,0.15658,0.85466,481.2508,1427.718
30.1332,10498.4593,37.9305,240.0238,9.0854,0.080096,0.11062,1.8283,89.9917,0.13639,4.4716,5.6296,-6.307,-27.9203,-7.4488e-05,-1.4801,0.1052,3.4765e-07,0.038569,0,86.3222,0.15667,0.84037,481.2497,1427.7004
30.1415,10498.7754,37.9322,240.0241,9.0861,0.079914,0.12585,1.1296,89.9928,0.18728,4.472,5.6448,-6.8722,-28.0139,-3.2009e-05,-1.4469,0.082487,3.4748e-07,0.03858,0,86.469,0.15665,0.81409,481.2485,1427.6829
30.1499,10499.0915,37.934,240.0247,9.0868,0.079776,0.13527,0.44512,89.9944,0.22717,4.4725,5.6383,-7.9923,-28.1065,-2.8637e-05,-1.4135,0.055687,3.4729e-07,0.03859,0,86.6159,0.15669,0.78735,481.2474,1427.6653
30.1582,10499.4077,37.9359,240.0254,9.0874,0.079683,0.13898,-0.22553,89.9963,0.2541,4.473,5.6225,-9.3654,-28.1954,-6.3781e-05,-1.3806,0.027274,3.4709e-07,0.038601,0,86.7629,0.15679,0.76024,481.2463,1427.6477
30.1665,10499.7238,37.9379,240.0264,9.0881,0.07963,0.1371,-0.88261,89.9984,0.26729,4.4735,5.6035,-10.8412,-28.2791,-0.00017872,-1.3483,-0.00079804,3.4688e-07,0.038612,0,86.4101,0.15695,0.73281,481.2451,1427.6302
30.1749,10500.04,37.9395,240.0263,9.0888,0.079579,0.12974,-1.5265,90.0006,0.2669,4.474,5.384,-12.301,-28.3538,-0.00033289,-1.3171,-0.02701,3.4666e-07,0.038623,0,86.0577,0.15705,0.797,481.244,1427.6126
30.1832,10500.3561,37.941,240.0255,9.0895,0.079505,0.11702,-2.1574,90.0028,0.25382,4.4745,5.1717,-13.6526,-28.4208,-0.00050502,-1.2871,-0.050397,3.4643e-07,0.038633,0,85.7056,0.15709,0.8697,481.2429,1427.5951
30.1915,10500.6723,37.9423,240.0241,9.0901,0.079384,0.099044,-2.7758,90.0049,0.22943,4.475,4.969,-14.8373,-28.4809,-0.00058885,-1.2584,-0.07042,3.4619e-07,0.038644,0,85.79,0.15705,0.9456,481.2418,1427.5775
30.1999,10500.9885,37.9439,240.0234,9.0908,0.079239,0.075913,-3.382,90.0069,0.19535,4.4755,4.9696,-15.8222,-28.5399,-0.00061324,-1.2309,-0.086867,3.4594e-07,0.038655,0,85.9366,0.15703,0.9345,481.2406,1427.5599
30.2019,10500.9885,37.9439,240.0234,9.0908,0.079239,0.075913,-3.382,90.0069,0.19535,4.4755,4.9696,-15.8222,-28.5399,-0.00061324,-1.2309,-0.086867,3.4594e-07,0.038655,0,85.9366,0.15695,0.91617,481.2406,1427.5599
30.2019,10500.9885,37.9439,240.0234,9.0908,0.079239,0.075913,-3.382,90.0069,0.19535,4.4755,4.9696,-15.8222,-28.5399,-0.00061324,-1.2309,-0.086867,3.4594e-07,0.038655,0,85.9366,0.15695,0.91617,481.2406,1427.5599
30.2082,10501.3047,37.9455,240.0228,9.0915,0.079076,0.047729,-3.9764,90.0085,0.15331,4.476,4.9788,-16.5945,-28.5962,-0.00056434,-1.0532,-0.099778,3.4568e-07,0.038665,0,86.0832,0.15701,0.91485,481.2395,1427.5424
30.2111,10501.3047,37.9455,240.0228,9.0915,0.079076,0.047729,-3.9764,90.0085,0.15331,4.476,4.9788,-16.5945,-28.5962,-0.00056434,-1.0532,-0.099778,3.4568e-07,0.038665,0,86.0832,0.1569,0.89446,481.2395,1427.5424
30.2111,10501.3047,37.9455,240.0228,9.0915,0.079076,0.047729,-3.9764,90.0085,0.15331,4.476,4.9788,-16.5945,-28.5962,-0.00056434,-1.0532,-0.099778,3.4568e-07,0.038665,0,86.0832,0.1569,0.89446,481.2395,1427.5424
30.2165,10501.6209,37.9472,240.0225,9.0922,0.078906,0.014593,-4.4868,90.0098,0.10502,4.4765,4.995,-15.782,-29.031,-0.00049722,0.52189,-0.10937,3.4541e-07,0.038676,0,86.2299,0.15699,0.89195,481.2384,1427.5248
30.222,10501.6209,37.9472,240.0225,9.0922,0.078906,0.014593,-4.4868,90.0098,0.10502,4.4765,4.995,-15.782,-29.031,-0.00049722,0.52189,-0.10937,3.4541e-07,0.038676,0,86.2299,0.15679,0.86725,481.2384,1427.5248
30.2249,10501.9372,37.949,240.0224,9.0928,0.078715,-0.022797,-4.246,90.0106,0.052091,4.4769,5.0188,-2.0854,-32.9762,-0.00039644,1.5819,-0.11597,3.4514e-07,0.038687,0,86.3767,0.15698,0.86741,481.2373,1427.5072
30.2332,10502.2534,37.9508,240.0225,9.0935,0.078502,-0.05818,-3.4996,90.0111,-0.0040279,4.4774,5.0501,7.1228,-35.6464,-0.00030663,1.552,-0.11998,3.4487e-07,0.038698,0,86.5235,0.15695,0.84199,481.2361,1427.4897
30.2361,10502.2534,37.9508,240.0225,9.0935,0.078502,-0.05818,-3.4996,90.0111,-0.0040279,4.4774,5.0501,7.1228,-35.6464,-0.00030663,1.552,-0.11998,3.4487e-07,0.038698,0,86.5235,0.15685,0.83981,481.2361,1427.4897
30.2361,10502.2534,37.9508,240.0225,9.0935,0.078502,-0.05818,-3.4996,90.0111,-0.0040279,4.4774,5.0501,7.1228,-35.6464,-0.00030663,1.552,-0.11998,3.4487e-07,0.038698,0,86.5235,0.15685,0.83981,481.2361,1427.4897
30.2415,10502.5697,37.9528,240.0228,9.0942,0.078266,-0.087343,-2.7677,90.011,-0.062081,4.4778,5.0883,6.6007,-35.589,-0.00024056,1.5219,-0.12098,3.446e-07,0.038708,0,86.6703,0.15692,0.816,481.235,1427.4721
30.247,10502.5697,37.9528,240.0228,9.0942,0.078266,-0.087343,-2.7677,90.011,-0.062081,4.4778,5.0883,6.6007,-35.589,-0.00024056,1.5219,-0.12098,3.446e-07,0.038708,0,86.6703,0.15672,0.82318,481.235,1427.4721
30.2495,10502.5697,37.9528,240.0228,9.0942,0.078266,-0.087343,-2.7677,90.011,-0.062081,4.4778,5.0883,6.6007,-35.589,-0.00024056,1.5219,-0.12098,3.446e-07,0.038708,0,86.6703,0.15662,0.8253,481.235,1427.4721
30.2495,10502.5697,37.9528,240.0228,9.0942,0.078266,-0.087343,-2.7677,90.011,-0.062081,4.4778,5.0883,6.6007,-35.589,-0.00024056,1.5219,-0.12098,3.446e-07,0.038708,0,86.6703,0.15662,0.8253,481.235,1427.4721
30.2499,10502.886,37.9548,240.0233,9.0948,0.078015,-0.11041,-2.0503,90.0105,-0.12061,4.4783,5.1348,6.2667,-35.5283,-0.00019793,1.4904,-0.11126,3.4434e-07,0.038719,0,86.8172,0.1569,0.78956,481.2339,1427.4545
30.2503,10502.886,37.9548,240.0233,9.0948,0.078015,-0.11041,-2.0503,90.0105,-0.12061,4.4783,5.1348,6.2667,-35.5283,-0.00019793,1.4904,-0.11126,3.4434e-07,0.038719,0,86.8172,0.15688,0.79137,481.2339,1427.4545
30.2512,10502.886,37.9548,240.0233,9.0948,0.078015,-0.11041,-2.0503,90.0105,-0.12061,4.4783,5.1348,6.2667,-35.5283,-0.00019793,1.4904,-0.11126,3.4434e-07,0.038719,0,86.8172,0.15685,0.79477,481.2339,1427.4545
30.2529,10502.886,37.9548,240.0233,9.0948,0.078015,-0.11041,-2.0503,90.0105,-0.12061,4.4783,5.1348,6.2667,-35.5283,-0.00019793,1.4904,-0.11126,3.4434e-07,0.038719,0,86.8172,0.15678,0.80075,481.2339,1427.4545
30.2563,10502.886,37.9548,240.0233,9.0948,0.078015,-0.11041,-2.0503,90.0105,-0.12061,4.4783,5.1348,6.2667,-35.5283,-0.00019793,1.4904,-0.11126,3.4434e-07,0.038719,0,86.8172,0.15665,0.81003,481.2339,1427.4545
30.2582,10503.2022,37.9569,240.024,9.0955,0.077767,-0.12749,-1.3473,90.0095,-0.17443,4.4787,5.2089,6.5886,-35.461,-0.00018063,1.4573,-0.09033,3.4409e-07,0.03873,0,86.9641,0.15689,0.76274,481.2328,1427.437
30.2665,10503.5186,37.9591,240.0249,9.0961,0.077542,-0.13872,-0.65837,90.0081,-0.21812,4.4791,5.3119,7.5971,-35.387,-0.00023286,1.4239,-0.0643,3.4385e-07,0.03874,0,86.6114,0.15692,0.73554,481.2316,1427.4194
30.2749,10503.8349,37.961,240.0248,9.0968,0.077333,-0.14421,0.016567,90.0062,-0.24922,4.4796,5.2264,8.9214,-35.3062,-0.0003226,1.3907,-0.036026,3.4362e-07,0.038751,0,86.259,0.1569,0.79987,481.2305,1427.4018
30.2832,10504.1512,37.9627,240.024,9.0974,0.077137,-0.14407,0.67784,90.0042,-0.26664,4.4801,5.1493,10.388,-35.2215,-0.00044114,1.3582,-0.0075495,3.434e-07,0.038762,0,85.9069,0.15686,0.87267,481.2294,1427.3843
30.2915,10504.4676,37.9642,240.0226,9.0981,0.076943,-0.13842,1.3258,90.0019,-0.27028,4.4805,5.0755,11.8728,-35.1344,-0.00049329,1.3267,0.019438,3.4319e-07,0.038773,0,85.9911,0.15679,0.94861,481.2282,1427.3667
30.2999,10504.784,37.966,240.0219,9.0988,0.07678,-0.12737,1.9607,89.9997,-0.26087,4.481,5.1934,13.2731,-35.0509,-0.00051589,1.2963,0.043822,3.43e-07,0.038783,0,86.1377,0.15679,0.93755,481.2271,1427.3491
30.3082,10505.1004,37.9678,240.0213,9.0994,0.076647,-0.11103,2.5829,89.9975,-0.23966,4.4814,5.3049,14.5212,-34.9692,-0.00050854,1.2671,0.064949,3.4282e-07,0.038794,0,86.2843,0.15684,0.91795,481.226,1427.3316
30.3165,10505.4168,37.9697,240.021,9.1001,0.076542,-0.089509,3.1929,89.9955,-0.20823,4.4819,5.4082,15.5772,-34.8893,-0.00051841,1.2392,0.082519,3.4264e-07,0.038805,0,86.431,0.15693,0.89448,481.2249,1427.314
30.3236,10505.4168,37.9697,240.021,9.1001,0.076542,-0.089509,3.1929,89.9955,-0.20823,4.4819,5.4082,15.5772,-34.8893,-0.00051841,1.2392,0.082519,3.4264e-07,0.038805,0,86.431,0.15667,0.86367,481.2249,1427.314
30.3236,10505.4168,37.9697,240.021,9.1001,0.076542,-0.089509,3.1929,89.9955,-0.20823,4.4819,5.4082,15.5772,-34.8893,-0.00051841,1.2392,0.082519,3.4264e-07,0.038805,0,86.431,0.15667,0.86367,481.2249,1427.314
30.3249,10505.7332,37.9717,240.0208,9.1007,0.076433,-0.062902,3.7909,89.9938,-0.16829,4.4823,5.5029,16.4227,-34.8088,-0.00052323,1.1675,0.096504,3.4248e-07,0.038815,0,86.5777,0.15704,0.86922,481.2237,1427.2964
30.3252,10505.7332,37.9717,240.0208,9.1007,0.076433,-0.062902,3.7909,89.9938,-0.16829,4.4823,5.5029,16.4227,-34.8088,-0.00052323,1.1675,0.096504,3.4248e-07,0.038815,0,86.5777,0.15702,0.86813,481.2237,1427.2964
30.3252,10505.7332,37.9717,240.0208,9.1007,0.076433,-0.062902,3.7909,89.9938,-0.16829,4.4823,5.5029,16.4227,-34.8088,-0.00052323,1.1675,0.096504,3.4248e-07,0.038815,0,86.5777,0.15702,0.86813,481.2237,1427.2964
30.3265,10505.7332,37.9717,240.0208,9.1007,0.076433,-0.062902,3.7909,89.9938,-0.16829,4.4823,5.5029,16.4227,-34.8088,-0.00052323,1.1675,0.096504,3.4248e-07,0.038815,0,86.5777,0.15698,0.86398,481.2237,1427.2964
30.3278,10505.7332,37.9717,240.0208,9.1007,0.076433,-0.062902,3.7909,89.9938,-0.16829,4.4823,5.5029,16.4227,-34.8088,-0.00052323,1.1675,0.096504,3.4248e-07,0.038815,0,86.5777,0.15693,0.86032,481.2237,1427.2964
30.3303,10505.7332,37.9717,240.0208,9.1007,0.076433,-0.062902,3.7909,89.9938,-0.16829,4.4823,5.5029,16.4227,-34.8088,-0.00052323,1.1675,0.096504,3.4248e-07,0.038815,0,86.5777,0.15683,0.85428,481.2237,1427.2964
30.3332,10506.0496,37.9737,240.0209,9.1014,0.0763,-0.031311,4.3557,89.9924,-0.12159,4.4827,5.5876,16.6458,-34.6165,-0.00051952,0.013331,0.10708,3.4233e-07,0.038826,0,86.7245,0.15713,0.84345,481.2226,1427.2788
30.3415,10506.3661,37.9759,240.0212,9.102,0.076124,0.0049862,4.3703,89.9914,-0.069768,4.4831,5.663,6.8289,-31.7293,-0.00048767,-1.5868,0.11455,3.4218e-07,0.038837,0,86.8714,0.1572,0.81752,481.2215,1427.2613
30.3499,10506.6826,37.9781,240.0217,9.1026,0.075895,0.041405,3.6214,89.9908,-0.014335,4.4835,5.7304,-7.235,-27.7454,-0.00044457,-1.5569,0.1193,3.4203e-07,0.038848,0,87.0182,0.15724,0.79129,481.2204,1427.2437
30.3514,10506.6826,37.9781,240.0217,9.1026,0.075895,0.041405,3.6214,89.9908,-0.014335,4.4835,5.7304,-7.235,-27.7454,-0.00044457,-1.5569,0.1193,3.4203e-07,0.038848,0,87.0182,0.15718,0.79734,481.2204,1427.2437
30.3514,10506.6826,37.9781,240.0217,9.1026,0.075895,0.041405,3.6214,89.9908,-0.014335,4.4835,5.7304,-7.235,-27.7454,-0.00044457,-1.5569,0.1193,3.4203e-07,0.038848,0,87.0182,0.15718,0.79734,481.2204,1427.2437
30.3582,10506.9991,37.9804,240.0224,9.1033,0.075619,0.071583,2.8872,89.9907,0.043387,4.4839,5.7913,-6.6752,-27.8352,-0.00041338,-1.527,0.12149,3.4188e-07,0.038858,0,87.1652,0.15724,0.76476,481.2192,1427.2261
30.3643,10506.9991,37.9804,240.0224,9.1033,0.075619,0.071583,2.8872,89.9907,0.043387,4.4839,5.7913,-6.6752,-27.8352,-0.00041338,-1.527,0.12149,3.4188e-07,0.038858,0,87.1652,0.15702,0.79576,481.2192,1427.2261
30.3643,10506.9991,37.9804,240.0224,9.1033,0.075619,0.071583,2.8872,89.9907,0.043387,4.4839,5.7913,-6.6752,-27.8352,-0.00041338,-1.527,0.12149,3.4188e-07,0.038858,0,87.1652,0.15702,0.79576,481.2192,1427.2261
30.3665,10507.3156,37.9828,240.0233,9.1039,0.075307,0.095643,2.1674,89.991,0.10216,4.4843,5.8465,-6.2733,-27.9225,-0.00043477,-1.496,0.11541,3.4172e-07,0.038869,0,86.8125,0.15723,0.73787,481.2181,1427.2085
30.3688,10507.3156,37.9828,240.0233,9.1039,0.075307,0.095643,2.1674,89.991,0.10216,4.4843,5.8465,-6.2733,-27.9225,-0.00043477,-1.496,0.11541,3.4172e-07,0.038869,0,86.8125,0.15715,0.75679,481.2181,1427.2085
30.3733,10507.3156,37.9828,240.0233,9.1039,0.075307,0.095643,2.1674,89.991,0.10216,4.4843,5.8465,-6.2733,-27.9225,-0.00043477,-1.496,0.11541,3.4172e-07,0.038869,0,86.8125,0.15698,0.784,481.2181,1427.2085
30.3749,10507.6321,37.9849,240.0232,9.1046,0.074958,0.11371,1.462,89.9919,0.15799,4.4847,5.6798,-6.3773,-28.0076,-0.00047904,-1.4632,0.096189,3.4156e-07,0.03888,0,86.4601,0.15711,0.80236,481.217,1427.191
30.3832,10507.9486,37.9868,240.0224,9.1052,0.074595,0.12589,0.7707,89.9932,0.20452,4.4851,5.4829,-7.2832,-28.0944,-0.00053948,-1.4298,0.070918,3.4139e-07,0.038891,0,86.108,0.15695,0.87535,481.2158,1427.1734
30.3915,10508.2652,37.9885,240.021,9.1058,0.074237,0.13231,0.093457,89.9949,0.23882,4.4855,5.2736,-8.561,-28.1798,-0.00052688,-1.3966,0.042917,3.4121e-07,0.038901,0,86.1651,0.15675,0.95145,481.2147,1427.1558
30.3999,10508.5818,37.9905,240.0202,9.1065,0.073935,0.13309,-0.57006,89.9969,0.25957,4.4859,5.2531,-10.0092,-28.2669,-0.00048995,-1.3639,0.014243,3.4102e-07,0.038912,0,86.3117,0.15665,0.9405,481.2136,1427.1382
30.4082,10508.8984,37.9924,240.0196,9.1071,0.073707,0.12834,-1.2202,89.9991,0.26645,4.4863,5.2312,-11.5031,-28.3519,-0.00043956,-1.3321,-0.013276,3.4081e-07,0.038923,0,86.4583,0.15664,0.92098,481.2125,1427.1206
30.4165,10509.215,37.9945,240.0192,9.1077,0.073557,0.11817,-1.8572,90.0013,0.26002,4.4867,5.2126,-12.9317,-28.4327,-0.00043194,-1.3015,-0.038392,3.406e-07,0.038933,0,86.605,0.15672,0.89755,481.2113,1427.1031
30.4249,10509.5316,37.9967,240.0191,9.1083,0.073452,0.10269,-2.4816,90.0034,0.24144,4.4871,5.2007,-14.2191,-28.5056,-0.00045623,-1.272,-0.06036,3.4038e-07,0.038944,0,86.7517,0.15686,0.87232,481.2102,1427.0855
30.4332,10509.8483,37.9989,240.0191,9.109,0.073362,0.082014,-3.0935,90.0055,0.21223,4.4875,5.197,-15.32,-28.5708,-0.0005087,-1.2439,-0.078802,3.4014e-07,0.038955,0,86.8985,0.15704,0.84619,481.2091,1427.0679
30.4384,10509.8483,37.9989,240.0191,9.109,0.073362,0.082014,-3.0935,90.0055,0.21223,4.4875,5.197,-15.32,-28.5708,-0.0005087,-1.2439,-0.078802,3.4014e-07,0.038955,0,86.8985,0.15685,0.84128,481.2091,1427.0679
30.4384,10509.8483,37.9989,240.0191,9.109,0.073362,0.082014,-3.0935,90.0055,0.21223,4.4875,5.197,-15.32,-28.5708,-0.0005087,-1.2439,-0.078802,3.4014e-07,0.038955,0,86.8985,0.15685,0.84128,481.2091,1427.0679
30.4415,10510.1649,38.0012,240.0194,9.1096,0.07325,0.056235,-3.6935,90.0072,0.17409,4.4879,5.2025,-16.2113,-28.6283,-0.00056567,-1.217,-0.093635,3.399e-07,0.038966,0,87.0453,0.15721,0.81955,481.2079,1427.0503
30.4447,10510.1649,38.0012,240.0194,9.1096,0.07325,0.056235,-3.6935,90.0072,0.17409,4.4879,5.2025,-16.2113,-28.6283,-0.00056567,-1.217,-0.093635,3.399e-07,0.038966,0,87.0453,0.15709,0.82344,481.2079,1427.0503
30.4498,10510.1649,38.0012,240.0194,9.1096,0.07325,0.056235,-3.6935,90.0072,0.17409,4.4879,5.2025,-16.2113,-28.6283,-0.00056567,-1.217,-0.093635,3.399e-07,0.038966,0,87.0453,0.1569,0.82756,481.2079,1427.0503
30.4498,10510.1649,38.0012,240.0194,9.1096,0.07325,0.056235,-3.6935,90.0072,0.17409,4.4879,5.2025,-16.2113,-28.6283,-0.00056567,-1.217,-0.093635,3.399e-07,0.038966,0,87.0453,0.1569,0.82756,481.2079,1427.0503
30.4499,10510.4816,38.0036,240.0199,9.1102,0.073092,0.025456,-4.2818,90.0087,0.12878,4.4882,5.2164,-16.8879,-28.6795,-0.00060647,-0.30163,-0.105,3.3965e-07,0.038976,0,87.1922,0.15735,0.79286,481.2068,1427.0327
30.45,10510.4816,38.0036,240.0199,9.1102,0.073092,0.025456,-4.2818,90.0087,0.12878,4.4882,5.2164,-16.8879,-28.6795,-0.00060647,-0.30163,-0.105,3.3965e-07,0.038976,0,87.1922,0.15734,0.79328,481.2068,1427.0327
30.4502,10510.4816,38.0036,240.0199,9.1102,0.073092,0.025456,-4.2818,90.0087,0.12878,4.4882,5.2164,-16.8879,-28.6795,-0.00060647,-0.30163,-0.105,3.3965e-07,0.038976,0,87.1922,0.15733,0.79411,481.2068,1427.0327
30.4506,10510.4816,38.0036,240.0199,9.1102,0.073092,0.025456,-4.2818,90.0087,0.12878,4.4882,5.2164,-16.8879,-28.6795,-0.00060647,-0.30163,-0.105,3.3965e-07,0.038976,0,87.1922,0.15732,0.79572,481.2068,1427.0327
30.4514,10510.4816,38.0036,240.0199,9.1102,0.073092,0.025456,-4.2818,90.0087,0.12878,4.4882,5.2164,-16.8879,-28.6795,-0.00060647,-0.30163,-0.105,3.3965e-07,0.038976,0,87.1922,0.15729,0.79876,481.2068,1427.0327
30.4531,10510.4816,38.0036,240.0199,9.1102,0.073092,0.025456,-4.2818,90.0087,0.12878,4.4882,5.2164,-16.8879,-28.6795,-0.00060647,-0.30163,-0.105,3.3965e-07,0.038976,0,87.1922,0.15723,0.80411,481.2068,1427.0327
30.4565,10510.4816,38.0036,240.0199,9.1102,0.073092,0.025456,-4.2818,90.0087,0.12878,4.4882,5.2164,-16.8879,-28.6795,-0.00060647,-0.30163,-0.105,3.3965e-07,0.038976,0,87.1922,0.1571,0.81247,481.2068,1427.0327
30.4578,10510.4816,38.0036,240.0199,9.1102,0.073092,0.025456,-4.2818,90.0087,0.12878,4.4882,5.2164,-16.8879,-28.6795,-0.00060647,-0.30163,-0.105,3.3965e-07,0.038976,0,87.1922,0.15706,0.81505,481.2068,1427.0327
30.4578,10510.4816,38.0036,240.0199,9.1102,0.073092,0.025456,-4.2818,90.0087,0.12878,4.4882,5.2164,-16.8879,-28.6795,-0.00060647,-0.30163,-0.105,3.3965e-07,0.038976,0,87.1922,0.15706,0.81505,481.2068,1427.0327
30.4582,10510.7983,38.0061,240.0206,9.1108,0.072873,-0.010225,-4.4338,90.0098,0.077965,4.4886,5.2377,-9.2858,-30.9606,-0.00061074,1.3689,-0.11314,3.394e-07,0.038987,0,87.3391,0.15744,0.76634,481.2057,1427.0151
30.4587,10510.7983,38.0061,240.0206,9.1108,0.072873,-0.010225,-4.4338,90.0098,0.077965,4.4886,5.2377,-9.2858,-30.9606,-0.00061074,1.3689,-0.11314,3.394e-07,0.038987,0,87.3391,0.15743,0.76928,481.2057,1427.0151
30.4596,10510.7983,38.0061,240.0206,9.1108,0.072873,-0.010225,-4.4338,90.0098,0.077965,4.4886,5.2377,-9.2858,-30.9606,-0.00061074,1.3689,-0.11314,3.394e-07,0.038987,0,87.3391,0.15739,0.77477,481.2057,1427.0151
30.4614,10510.7983,38.0061,240.0206,9.1108,0.072873,-0.010225,-4.4338,90.0098,0.077965,4.4886,5.2377,-9.2858,-30.9606,-0.00061074,1.3689,-0.11314,3.394e-07,0.038987,0,87.3391,0.15733,0.78439,481.2057,1427.0151
30.465,10510.7983,38.0061,240.0206,9.1108,0.072873,-0.010225,-4.4338,90.0098,0.077965,4.4886,5.2377,-9.2858,-30.9606,-0.00061074,1.3689,-0.11314,3.394e-07,0.038987,0,87.3391,0.1572,0.79913,481.2057,1427.0151
30.4665,10511.1151,38.0087,240.0215,9.1114,0.072587,-0.047173,-3.7889,90.0104,0.023215,4.4889,5.2668,5.3663,-35.1491,-0.00062465,1.5635,-0.1185,3.3915e-07,0.038998,0,86.9864,0.15749,0.73962,481.2046,1426.9976
30.4675,10511.1151,38.0087,240.0215,9.1114,0.072587,-0.047173,-3.7889,90.0104,0.023215,4.4889,5.2668,5.3663,-35.1491,-0.00062465,1.5635,-0.1185,3.3915e-07,0.038998,0,86.9864,0.15746,0.74777,481.2046,1426.9976
30.4675,10511.1151,38.0087,240.0215,9.1114,0.072587,-0.047173,-3.7889,90.0104,0.023215,4.4889,5.2668,5.3663,-35.1491,-0.00062465,1.5635,-0.1185,3.3915e-07,0.038998,0,86.9864,0.15746,0.74777,481.2046,1426.9976
30.4749,10511.4318,38.011,240.0215,9.1121,0.072223,-0.078748,-3.0514,90.0106,-0.034122,4.4892,5.1224,6.7984,-35.6477,-0.00065217,1.5337,-0.12143,3.3889e-07,0.039008,0,86.634,0.1574,0.79463,481.2034,1426.98
30.4802,10511.4318,38.011,240.0215,9.1121,0.072223,-0.078748,-3.0514,90.0106,-0.034122,4.4892,5.1224,6.7984,-35.6477,-0.00065217,1.5337,-0.12143,3.3889e-07,0.039008,0,86.634,0.15721,0.81023,481.2034,1426.98
30.4802,10511.4318,38.011,240.0215,9.1121,0.072223,-0.078748,-3.0514,90.0106,-0.034122,4.4892,5.1224,6.7984,-35.6477,-0.00065217,1.5337,-0.12143,3.3889e-07,0.039008,0,86.634,0.15721,0.81023,481.2034,1426.98
30.4832,10511.7486,38.0131,240.0208,9.1127,0.071791,-0.10418,-2.3285,90.0103,-0.092869,4.4896,4.9648,6.345,-35.5821,-0.00068169,1.503,-0.11742,3.3865e-07,0.039019,0,86.2819,0.15721,0.86701,481.2023,1426.9624
30.4863,10511.7486,38.0131,240.0208,9.1127,0.071791,-0.10418,-2.3285,90.0103,-0.092869,4.4896,4.9648,6.345,-35.5821,-0.00068169,1.503,-0.11742,3.3865e-07,0.039019,0,86.2819,0.1571,0.85806,481.2023,1426.9624
30.4915,10512.0653,38.015,240.0194,9.1133,0.071314,-0.12358,-1.6198,90.0095,-0.14967,4.49,4.8272,6.3179,-35.5125,-0.0006305,1.4704,-0.10046,3.3841e-07,0.03903,0,85.9303,0.15694,0.94304,481.2012,1426.9448
30.4999,10512.3821,38.0171,240.0187,9.1139,0.070863,-0.13708,-0.92548,90.0083,-0.19826,4.4903,4.9178,7.083,-35.4412,-0.00054245,1.4371,-0.076198,3.3818e-07,0.039041,0,86.0769,0.15673,0.93209,481.2001,1426.9272
30.5082,10512.699,38.0193,240.0182,9.1145,0.070486,-0.14479,-0.24517,90.0066,-0.23512,4.4907,5.0272,8.2973,-35.3685,-0.00043481,1.4038,-0.048623,3.3796e-07,0.039051,0,86.2235,0.15661,0.9126,481.1989,1426.9096
30.5165,10513.0158,38.0216,240.0179,9.1151,0.070211,-0.14683,0.42137,90.0047,-0.25863,4.491,5.1453,9.7189,-35.2951,-0.00037416,1.371,-0.019963,3.3776e-07,0.039062,0,86.3702,0.1566,0.88918,481.1978,1426.892
30.5249,10513.3327,38.0239,240.0178,9.1157,0.070024,-0.14332,1.0744,90.0025,-0.26828,4.4913,5.2671,11.2125,-35.218,-0.00036141,1.339,0.0078859,3.3757e-07,0.039073,0,86.517,0.1567,0.86392,481.1967,1426.8744
30.5332,10513.6495,38.0263,240.0179,9.1163,0.069902,-0.13437,1.7144,90.0003,-0.26446,4.4917,5.3876,12.6628,-35.1379,-0.00040218,1.3081,0.033553,3.3739e-07,0.039084,0,86.6637,0.15687,0.83774,481.1955,1426.8568
30.5415,10513.9664,38.0288,240.0183,9.1169,0.069808,-0.12008,2.3415,89.9981,-0.24822,4.492,5.5035,13.9867,-35.0548,-0.00048286,1.2784,0.0562,3.3722e-07,0.039094,0,86.8106,0.15709,0.81104,481.1944,1426.8392
30.5499,10514.2833,38.0314,240.0189,9.1175,0.069708,-0.10057,2.9562,89.996,-0.22102,4.4923,5.6123,15.1328,-34.9697,-0.00058601,1.25,0.075379,3.3706e-07,0.039105,0,86.9575,0.15733,0.784,481.1933,1426.8216
30.5521,10514.2833,38.0314,240.0189,9.1175,0.069708,-0.10057,2.9562,89.996,-0.22102,4.4923,5.6123,15.1328,-34.9697,-0.00058601,1.25,0.075379,3.3706e-07,0.039105,0,86.9575,0.15725,0.79411,481.1933,1426.8216
30.5521,10514.2833,38.0314,240.0189,9.1175,0.069708,-0.10057,2.9562,89.996,-0.22102,4.4923,5.6123,15.1328,-34.9697,-0.00058601,1.25,0.075379,3.3706e-07,0.039105,0,86.9575,0.15725,0.79411,481.1933,1426.8216
30.5582,10514.6003,38.0341,240.0196,9.1181,0.06957,-0.075936,3.5588,89.9942,-0.18454,4.4926,5.7127,16.0739,-34.8836,-0.00068839,1.2229,0.090951,3.3691e-07,0.039116,0,86.7729,0.15754,0.75671,481.1921,1426.804
30.5633,10514.6003,38.0341,240.0196,9.1181,0.06957,-0.075936,3.5588,89.9942,-0.18454,4.4926,5.7127,16.0739,-34.8836,-0.00068839,1.2229,0.090951,3.3691e-07,0.039116,0,86.7729,0.15736,0.78718,481.1921,1426.804
30.5633,10514.6003,38.0341,240.0196,9.1181,0.06957,-0.075936,3.5588,89.9942,-0.18454,4.4926,5.7127,16.0739,-34.8836,-0.00068839,1.2229,0.090951,3.3691e-07,0.039116,0,86.7729,0.15736,0.78718,481.1921,1426.804
30.5665,10514.9172,38.0368,240.0206,9.1186,0.069371,-0.046279,4.1497,89.9926,-0.14053,4.4929,5.8038,16.8013,-34.7979,-0.00080616,0.69077,0.10301,3.3678e-07,0.039126,0,86.4202,0.15771,0.72928,481.191,1426.7864
30.5698,10514.9172,38.0368,240.0206,9.1186,0.069371,-0.046279,4.1497,89.9926,-0.14053,4.4929,5.8038,16.8013,-34.7979,-0.00080616,0.69077,0.10301,3.3678e-07,0.039126,0,86.4202,0.15759,0.75805,481.191,1426.7864
30.5719,10514.9172,38.0368,240.0206,9.1186,0.069371,-0.046279,4.1497,89.9926,-0.14053,4.4929,5.8038,16.8013,-34.7979,-0.00080616,0.69077,0.10301,3.3678e-07,0.039126,0,86.4202,0.15752,0.77239,481.191,1426.7864
30.5719,10514.9172,38.0368,240.0206,9.1186,0.069371,-0.046279,4.1497,89.9926,-0.14053,4.4929,5.8038,16.8013,-34.7979,-0.00080616,0.69077,0.10301,3.3678e-07,0.039126,0,86.4202,0.15752,0.77239,481.191,1426.7864
30.5749,10515.2342,38.0393,240.0206,9.1192,0.069079,-0.011698,4.4874,89.9915,-0.090678,4.4932,5.6821,12.7243,-33.4515,-0.00089251,-0.98128,0.11179,3.3664e-07,0.039137,0,86.0678,0.15772,0.79419,481.1899,1426.7688
30.5778,10515.2342,38.0393,240.0206,9.1192,0.069079,-0.011698,4.4874,89.9915,-0.090678,4.4932,5.6821,12.7243,-33.4515,-0.00089251,-0.98128,0.11179,3.3664e-07,0.039137,0,86.0678,0.15762,0.80402,481.1899,1426.7688
30.5832,10515.5512,38.0415,240.0198,9.1198,0.068688,0.025697,4.0275,89.9907,-0.036581,4.4935,5.5539,-1.9088,-29.2743,-0.0009321,-1.5731,0.1177,3.3651e-07,0.039148,0,85.7158,0.1576,0.8677,481.1888,1426.7512
30.5832,10515.5512,38.0415,240.0198,9.1198,0.068688,0.025697,4.0275,89.9907,-0.036581,4.4935,5.5539,-1.9088,-29.2743,-0.0009321,-1.5731,0.1177,3.3651e-07,0.039148,0,85.7158,0.1576,0.86765,481.1888,1426.7512
30.5832,10515.5512,38.0415,240.0198,9.1198,0.068688,0.025697,4.0275,89.9907,-0.036581,4.4935,5.5539,-1.9088,-29.2743,-0.0009321,-1.5731,0.1177,3.3651e-07,0.039148,0,85.7158,0.1576,0.86765,481.1888,1426.7512
30.5915,10515.8682,38.0436,240.0185,9.1204,0.068206,0.059259,3.2854,89.9904,0.020371,4.4939,5.4204,-6.9191,-27.8054,-0.000867,-1.5432,0.1211,3.3638e-07,0.039159,0,85.5935,0.15735,0.94441,481.1876,1426.7336
30.5957,10515.8682,38.0436,240.0185,9.1204,0.068206,0.059259,3.2854,89.9904,0.020371,4.4939,5.4204,-6.9191,-27.8054,-0.000867,-1.5432,0.1211,3.3638e-07,0.039159,0,85.5935,0.15721,0.90703,481.1876,1426.7336
30.5957,10515.8682,38.0436,240.0185,9.1204,0.068206,0.059259,3.2854,89.9904,0.020371,4.4939,5.4204,-6.9191,-27.8054,-0.000867,-1.5432,0.1211,3.3638e-07,0.039159,0,85.5935,0.15721,0.90703,481.1876,1426.7336
30.5999,10516.1853,38.0459,240.0177,9.121,0.067695,0.086637,2.5579,89.9906,0.078959,4.4942,5.4762,-6.4422,-27.8949,-0.00074974,-1.5128,0.1196,3.3625e-07,0.039169,0,85.74,0.15712,0.93389,481.1865,1426.716
30.6041,10516.1853,38.0459,240.0177,9.121,0.067695,0.086637,2.5579,89.9906,0.078959,4.4942,5.4762,-6.4422,-27.8949,-0.00074974,-1.5128,0.1196,3.3625e-07,0.039169,0,85.74,0.15697,0.89955,481.1865,1426.716
30.6082,10516.5023,38.0482,240.0172,9.1216,0.0672,0.10795,1.8448,89.9912,0.13682,4.4945,5.52,-6.2656,-27.9867,-0.0005971,-1.4807,0.10603,3.3611e-07,0.03918,0,85.8867,0.15691,0.91478,481.1854,1426.6984
30.6165,10516.8194,38.0506,240.0169,9.1221,0.06677,0.12333,1.1459,89.9924,0.1881,4.4947,5.534,-6.8263,-28.0832,-0.00047869,-1.4474,0.083253,3.3597e-07,0.039191,0,86.0333,0.15678,0.89167,481.1842,1426.6808
30.6249,10517.1365,38.0531,240.0168,9.1227,0.066418,0.13288,0.46121,89.9939,0.22837,4.495,5.526,-7.95,-28.1791,-0.00039902,-1.4141,0.056334,3.3581e-07,0.039201,0,86.1801,0.15674,0.86665,481.1831,1426.6632
30.6332,10517.4536,38.0557,240.0169,9.1233,0.066148,0.13672,-0.20963,89.9958,0.25562,4.4953,5.5085,-9.33,-28.2713,-0.00037371,-1.3811,0.027771,3.3564e-07,0.039212,0,86.3269,0.1568,0.84063,481.182,1426.6456
30.6415,10517.7708,38.0583,240.0172,9.1238,0.065946,0.13497,-0.86691,89.998,0.26905,4.4956,5.4879,-10.8146,-28.3574,-0.00040115,-1.3488,-0.00046944,3.3547e-07,0.039223,0,86.4737,0.15694,0.81402,481.1809,1426.628
30.6499,10518.0879,38.061,240.0177,9.1244,0.065789,0.12775,-1.511,90.0002,0.26881,4.4959,5.469,-12.2845,-28.4363,-0.00047436,-1.3176,-0.026851,3.3528e-07,0.039234,0,86.6205,0.15714,0.78704,481.1797,1426.6104
30.6582,10518.4051,38.0638,240.0185,9.1249,0.065646,0.11516,-2.1421,90.0025,0.25581,4.4961,5.4555,-13.6463,-28.5075,-0.000579,-1.2876,-0.0504,3.3507e-07,0.039244,0,86.7674,0.15737,0.75976,481.1786,1426.5928
30.6665,10518.7223,38.0667,240.0195,9.1255,0.06549,0.097305,-2.7607,90.0046,0.23142,4.4964,5.4495,-14.8408,-28.5711,-0.00074144,-1.2588,-0.070571,3.3486e-07,0.039255,0,86.4148,0.1576,0.73223,481.1775,1426.5752
30.6749,10519.0396,38.0693,240.0194,9.1261,0.065271,0.074299,-3.3672,90.0065,0.19727,4.4966,5.2497,-15.8347,-28.6252,-0.00090937,-1.2313,-0.087144,3.3464e-07,0.039266,0,86.0624,0.15772,0.79644,481.1763,1426.5576
30.6766,10519.0396,38.0693,240.0194,9.1261,0.065271,0.074299,-3.3672,90.0065,0.19727,4.4966,5.2497,-15.8347,-28.6252,-0.00090937,-1.2313,-0.087144,3.3464e-07,0.039266,0,86.0624,0.15765,0.80227,481.1763,1426.5576
30.6766,10519.0396,38.0693,240.0194,9.1261,0.065271,0.074299,-3.3672,90.0065,0.19727,4.4966,5.2497,-15.8347,-28.6252,-0.00090937,-1.2313,-0.087144,3.3464e-07,0.039266,0,86.0624,0.15765,0.80227,481.1763,1426.5576
30.6832,10519.3568,38.0716,240.0186,9.1266,0.064966,0.04624,-3.9618,90.0082,0.1551,4.4969,5.0611,-16.6146,-28.6724,-0.0010448,-1.0628,-0.10016,3.3441e-07,0.039276,0,85.7104,0.1577,0.8692,481.1752,1426.54
30.6859,10519.3568,38.0716,240.0186,9.1266,0.064966,0.04624,-3.9618,90.0082,0.1551,4.4969,5.0611,-16.6146,-28.6724,-0.0010448,-1.0628,-0.10016,3.3441e-07,0.039276,0,85.7104,0.15761,0.86073,481.1752,1426.54
30.6859,10519.3568,38.0716,240.0186,9.1266,0.064966,0.04624,-3.9618,90.0082,0.1551,4.4969,5.0611,-16.6146,-28.6724,-0.0010448,-1.0628,-0.10016,3.3441e-07,0.039276,0,85.7104,0.15761,0.86073,481.1752,1426.54
30.6915,10519.6741,38.0738,240.0173,9.1272,0.064566,0.013225,-4.4769,90.0095,0.10664,4.4972,4.8817,-15.8922,-29.0727,-0.0010467,0.48355,-0.10983,3.3418e-07,0.039287,0,85.7508,0.15756,0.94574,481.1741,1426.5224
30.6972,10519.6741,38.0738,240.0173,9.1272,0.064566,0.013225,-4.4769,90.0095,0.10664,4.4972,4.8817,-15.8922,-29.0727,-0.0010467,0.48355,-0.10983,3.3418e-07,0.039287,0,85.7508,0.15736,0.89755,481.1741,1426.5224
30.6999,10519.9914,38.0762,240.0165,9.1277,0.064113,-0.024082,-4.2544,90.0103,0.053486,4.4974,4.9051,-2.4608,-32.9407,-0.00094371,1.5821,-0.11648,3.3394e-07,0.039298,0,85.8973,0.15741,0.93536,481.1729,1426.5047
30.7082,10520.3087,38.0787,240.016,9.1283,0.063637,-0.059536,-3.508,90.0108,-0.0028782,4.4977,4.9353,7.0935,-35.7063,-0.00078098,1.5522,-0.12053,3.337e-07,0.039309,0,86.0439,0.15724,0.91647,481.1718,1426.4871
30.711,10520.3087,38.0787,240.016,9.1283,0.063637,-0.059536,-3.508,90.0108,-0.0028782,4.4977,4.9353,7.0935,-35.7063,-0.00078098,1.5522,-0.12053,3.337e-07,0.039309,0,86.0439,0.15714,0.89625,481.1718,1426.4871
30.711,10520.3087,38.0787,240.016,9.1283,0.063637,-0.059536,-3.508,90.0108,-0.0028782,4.4977,4.9353,7.0935,-35.7063,-0.00078098,1.5522,-0.12053,3.337e-07,0.039309,0,86.0439,0.15714,0.89625,481.1718,1426.4871
30.7165,10520.626,38.0813,240.0156,9.1288,0.063174,-0.088769,-2.7761,90.0108,-0.061194,4.4979,4.972,6.5692,-35.6519,-0.00063834,1.5221,-0.12159,3.3347e-07,0.039319,0,86.1906,0.1571,0.89362,481.1707,1426.4695
30.722,10520.626,38.0813,240.0156,9.1288,0.063174,-0.088769,-2.7761,90.0108,-0.061194,4.4979,4.972,6.5692,-35.6519,-0.00063834,1.5221,-0.12159,3.3347e-07,0.039319,0,86.1906,0.15691,0.86869,481.1707,1426.4695
30.7244,10520.626,38.0813,240.0156,9.1288,0.063174,-0.088769,-2.7761,90.0108,-0.061194,4.4979,4.972,6.5692,-35.6519,-0.00063834,1.5221,-0.12159,3.3347e-07,0.039319,0,86.1906,0.15683,0.86151,481.1707,1426.4695
30.7244,10520.626,38.0813,240.0156,9.1288,0.063174,-0.088769,-2.7761,90.0108,-0.061194,4.4979,4.972,6.5692,-35.6519,-0.00063834,1.5221,-0.12159,3.3347e-07,0.039319,0,86.1906,0.15683,0.86151,481.1707,1426.4695
30.7249,10520.9434,38.0839,240.0155,9.1293,0.062731,-0.1119,-2.0587,90.0103,-0.12002,4.4982,5.017,6.231,-35.5944,-0.00051894,1.4906,-0.11207,3.3324e-07,0.03933,0,86.3373,0.157,0.86889,481.1696,1426.4519
30.7253,10520.9434,38.0839,240.0155,9.1293,0.062731,-0.1119,-2.0587,90.0103,-0.12002,4.4982,5.017,6.231,-35.5944,-0.00051894,1.4906,-0.11207,3.3324e-07,0.03933,0,86.3373,0.15698,0.86736,481.1696,1426.4519
30.7263,10520.9434,38.0839,240.0155,9.1293,0.062731,-0.1119,-2.0587,90.0103,-0.12002,4.4982,5.017,6.231,-35.5944,-0.00051894,1.4906,-0.11207,3.3324e-07,0.03933,0,86.3373,0.15695,0.8645,481.1696,1426.4519
30.7281,10520.9434,38.0839,240.0155,9.1293,0.062731,-0.1119,-2.0587,90.0103,-0.12002,4.4982,5.017,6.231,-35.5944,-0.00051894,1.4906,-0.11207,3.3324e-07,0.03933,0,86.3373,0.15689,0.85951,481.1696,1426.4519
30.7318,10520.9434,38.0839,240.0155,9.1293,0.062731,-0.1119,-2.0587,90.0103,-0.12002,4.4982,5.017,6.231,-35.5944,-0.00051894,1.4906,-0.11207,3.3324e-07,0.03933,0,86.3373,0.15676,0.8519,481.1696,1426.4519
30.7332,10521.2608,38.0865,240.0156,9.1299,0.062327,-0.12906,-1.3556,90.0093,-0.17423,4.4984,5.0893,6.5409,-35.5303,-0.00044094,1.4575,-0.091149,3.3302e-07,0.039341,0,86.4841,0.15695,0.84315,481.1684,1426.4343
30.7405,10521.2608,38.0865,240.0156,9.1299,0.062327,-0.12906,-1.3556,90.0093,-0.17423,4.4984,5.0893,6.5409,-35.5303,-0.00044094,1.4575,-0.091149,3.3302e-07,0.039341,0,86.4841,0.1567,0.83877,481.1684,1426.4343
30.7415,10521.5781,38.0893,240.0159,9.1304,0.061976,-0.14036,-0.66665,90.0078,-0.21832,4.4986,5.191,7.5486,-35.4586,-0.00040569,1.4241,-0.065045,3.3281e-07,0.039352,0,86.6309,0.15696,0.81678,481.1673,1426.4167
30.7469,10521.5781,38.0893,240.0159,9.1304,0.061976,-0.14036,-0.66665,90.0078,-0.21832,4.4986,5.191,7.5486,-35.4586,-0.00040569,1.4241,-0.065045,3.3281e-07,0.039352,0,86.6309,0.15678,0.82412,481.1673,1426.4167
30.7499,10521.8956,38.0921,240.0164,9.1309,0.061683,-0.14591,0.0083306,90.006,-0.24978,4.4988,5.3066,8.8771,-35.3818,-0.0004147,1.391,-0.036657,3.3261e-07,0.039362,0,86.7778,0.15705,0.78997,481.1662,1426.399
30.7582,10522.213,38.095,240.0172,9.1315,0.06144,-0.14584,0.66965,90.0039,-0.2675,4.499,5.4289,10.3505,-35.3012,-0.00046627,1.3584,-0.0080335,3.3243e-07,0.039373,0,86.9247,0.1572,0.76281,481.165,1426.3814
30.7665,10522.5305,38.098,240.0181,9.132,0.061234,-0.14026,1.3176,90.0017,-0.27138,4.4993,5.5527,11.8442,-35.2175,-0.00059786,1.3269,0.019113,3.3225e-07,0.039384,0,86.572,0.15741,0.73535,481.1639,1426.3638
30.7749,10522.848,38.1007,240.018,9.1325,0.061021,-0.12928,1.9526,89.9994,-0.26213,4.4995,5.471,13.2542,-35.1288,-0.00076516,1.2965,0.043654,3.3209e-07,0.039394,0,86.2197,0.15754,0.79957,481.1628,1426.3462
30.7832,10523.1655,38.1031,240.0173,9.133,0.06077,-0.11301,2.575,89.9972,-0.241,4.4997,5.3854,14.5117,-35.0379,-0.00094344,1.2673,0.064928,3.3194e-07,0.039405,0,85.8677,0.1576,0.87233,481.1616,1426.3286
30.7915,10523.483,38.1054,240.0159,9.1335,0.060458,-0.09155,3.1851,89.9952,-0.20958,4.4999,5.2939,15.5765,-34.9465,-0.0010239,1.2394,0.082627,3.318e-07,0.039416,0,85.9699,0.15757,0.9483,481.1605,1426.3109
30.7982,10523.483,38.1054,240.0159,9.1335,0.060458,-0.09155,3.1851,89.9952,-0.20958,4.4999,5.2939,15.5765,-34.9465,-0.0010239,1.2394,0.082627,3.318e-07,0.039416,0,85.9699,0.15734,0.89264,481.1605,1426.3109
30.7982,10523.483,38.1054,240.0159,9.1335,0.060458,-0.09155,3.1851,89.9952,-0.20958,4.4999,5.2939,15.5765,-34.9465,-0.0010239,1.2394,0.082627,3.318e-07,0.039416,0,85.9699,0.15734,0.89264,481.1605,1426.3109
30.7999,10523.8006,38.1079,240.0151,9.134,0.06011,-0.065008,3.7832,89.9935,-0.1696,4.5002,5.3885,16.4295,-34.8609,-0.0010285,1.1711,0.096722,3.3168e-07,0.039427,0,86.1165,0.15754,0.93719,481.1594,1426.2933
30.8001,10523.8006,38.1079,240.0151,9.134,0.06011,-0.065008,3.7832,89.9935,-0.1696,4.5002,5.3885,16.4295,-34.8609,-0.0010285,1.1711,0.096722,3.3168e-07,0.039427,0,86.1165,0.15753,0.93535,481.1594,1426.2933
30.8001,10523.8006,38.1079,240.0151,9.134,0.06011,-0.065008,3.7832,89.9935,-0.1696,4.5002,5.3885,16.4295,-34.8609,-0.0010285,1.1711,0.096722,3.3168e-07,0.039427,0,86.1165,0.15753,0.93535,481.1594,1426.2933
30.8017,10523.8006,38.1079,240.0151,9.134,0.06011,-0.065008,3.7832,89.9935,-0.1696,4.5002,5.3885,16.4295,-34.8609,-0.0010285,1.1711,0.096722,3.3168e-07,0.039427,0,86.1165,0.15747,0.92019,481.1594,1426.2933
30.8033,10523.8006,38.1079,240.0151,9.134,0.06011,-0.065008,3.7832,89.9935,-0.1696,4.5002,5.3885,16.4295,-34.8609,-0.0010285,1.1711,0.096722,3.3168e-07,0.039427,0,86.1165,0.15742,0.90732,481.1594,1426.2933
30.8066,10523.8006,38.1079,240.0151,9.134,0.06011,-0.065008,3.7832,89.9935,-0.1696,4.5002,5.3885,16.4295,-34.8609,-0.0010285,1.1711,0.096722,3.3168e-07,0.039427,0,86.1165,0.15731,0.88709,481.1594,1426.2933
30.8082,10524.1182,38.1105,240.0146,9.1346,0.059738,-0.033482,4.3497,89.9921,-0.1228,4.5004,5.4728,16.6908,-34.6762,-0.00095452,0.04667,0.10739,3.3155e-07,0.039437,0,86.2631,0.1575,0.91794,481.1582,1426.2757
30.8165,10524.4358,38.1132,240.0142,9.1351,0.059356,0.0027662,4.3803,89.991,-0.070835,4.5006,5.547,7.1493,-31.8657,-0.00084847,-1.587,0.11492,3.3144e-07,0.039448,0,86.4098,0.15746,0.89518,481.1571,1426.2581
30.8249,10524.7534,38.1159,240.0141,9.1356,0.058958,0.039268,3.6314,89.9904,-0.015229,4.5008,5.6131,-7.2151,-27.8009,-0.00072987,-1.5571,0.11972,3.3132e-07,0.039459,0,86.5565,0.15742,0.87065,481.156,1426.2404
30.8264,10524.7534,38.1159,240.0141,9.1356,0.058958,0.039268,3.6314,89.9904,-0.015229,4.5008,5.6131,-7.2151,-27.8009,-0.00072987,-1.5571,0.11972,3.3132e-07,0.039459,0,86.5565,0.15737,0.8656,481.156,1426.2404
30.8264,10524.7534,38.1159,240.0141,9.1356,0.058958,0.039268,3.6314,89.9904,-0.015229,4.5008,5.6131,-7.2151,-27.8009,-0.00072987,-1.5571,0.11972,3.3132e-07,0.039459,0,86.5565,0.15737,0.8656,481.156,1426.2404
30.8332,10525.071,38.1186,240.0142,9.1361,0.058548,0.06953,2.8971,89.9903,0.042692,4.5009,5.6728,-6.6521,-27.8938,-0.00063902,-1.5272,0.12196,3.3121e-07,0.039469,0,86.7032,0.15738,0.84518,481.1548,1426.2228
30.8393,10525.071,38.1186,240.0142,9.1361,0.058548,0.06953,2.8971,89.9903,0.042692,4.5009,5.6728,-6.6521,-27.8938,-0.00063902,-1.5272,0.12196,3.3121e-07,0.039469,0,86.7032,0.15718,0.84059,481.1548,1426.2228
30.8393,10525.071,38.1186,240.0142,9.1361,0.058548,0.06953,2.8971,89.9903,0.042692,4.5009,5.6728,-6.6521,-27.8938,-0.00063902,-1.5272,0.12196,3.3121e-07,0.039469,0,86.7032,0.15718,0.84059,481.1548,1426.2228
30.8415,10525.3887,38.1215,240.0145,9.1366,0.05813,0.093672,2.1773,89.9907,0.10169,4.5011,5.7269,-6.247,-27.9833,-0.00057367,-1.4963,0.11606,3.3109e-07,0.03948,0,86.85,0.15735,0.81911,481.1537,1426.2052
30.8438,10525.3887,38.1215,240.0145,9.1366,0.05813,0.093672,2.1773,89.9907,0.10169,4.5011,5.7269,-6.247,-27.9833,-0.00057367,-1.4963,0.11606,3.3109e-07,0.03948,0,86.85,0.15727,0.82233,481.1537,1426.2052
30.8484,10525.3887,38.1215,240.0145,9.1366,0.05813,0.093672,2.1773,89.9907,0.10169,4.5011,5.7269,-6.247,-27.9833,-0.00057367,-1.4963,0.11606,3.3109e-07,0.03948,0,86.85,0.15712,0.82693,481.1537,1426.2052
30.8499,10525.7064,38.1244,240.015,9.1371,0.057716,0.11182,1.4717,89.9915,0.15783,4.5013,5.7614,-6.3396,-28.0723,-0.00053754,-1.4635,0.096862,3.3096e-07,0.039491,0,86.9969,0.15734,0.79259,481.1526,1426.1875
30.8574,10525.7064,38.1244,240.015,9.1371,0.057716,0.11182,1.4717,89.9915,0.15783,4.5013,5.7614,-6.3396,-28.0723,-0.00053754,-1.4635,0.096862,3.3096e-07,0.039491,0,86.9969,0.15708,0.81482,481.1526,1426.1875
30.8582,10526.0241,38.1274,240.0157,9.1376,0.057326,0.12408,0.78043,89.9928,0.20469,4.5014,5.7635,-7.2441,-28.1631,-0.00053089,-1.4301,0.071537,3.3083e-07,0.039502,0,87.1438,0.15736,0.76567,481.1514,1426.1699
30.8622,10526.0241,38.1274,240.0157,9.1376,0.057326,0.12408,0.78043,89.9928,0.20469,4.5014,5.7635,-7.2441,-28.1631,-0.00053089,-1.4301,0.071537,3.3083e-07,0.039502,0,87.1438,0.15723,0.7884,481.1514,1426.1699
30.8665,10526.3418,38.1305,240.0166,9.138,0.056972,0.13058,0.10311,89.9945,0.23929,4.5016,5.7512,-8.5251,-28.2519,-0.00059701,-1.3969,0.043445,3.3068e-07,0.039512,0,86.7912,0.15744,0.7384,481.1503,1426.1523
30.8749,10526.6596,38.1333,240.0165,9.1385,0.056636,0.13144,-0.56051,89.9965,0.2603,4.5018,5.5304,-9.9789,-28.3339,-0.00070355,-1.3642,0.014648,3.3053e-07,0.039523,0,86.4388,0.15747,0.80272,481.1492,1426.1346
30.8832,10526.9774,38.1358,240.0157,9.139,0.056305,0.12677,-1.2107,89.9987,0.26738,4.5019,5.3108,-11.4801,-28.4098,-0.00083709,-1.3324,-0.013003,3.3036e-07,0.039534,0,86.0869,0.15746,0.87552,481.1481,1426.117
30.8915,10527.2952,38.1382,240.0143,9.1395,0.055965,0.11668,-1.8479,90.0009,0.26108,4.5021,5.0967,-12.9165,-28.4793,-0.0008981,-1.3017,-0.038247,3.3018e-07,0.039545,0,86.1901,0.15741,0.9515,481.1469,1426.0994
30.8999,10527.613,38.1408,240.0135,9.14,0.055637,0.10128,-2.4723,90.0031,0.24257,4.5023,5.0841,-14.2114,-28.5474,-0.00091991,-1.2723,-0.060335,3.3e-07,0.039555,0,86.3367,0.15742,0.94042,481.1458,1426.0817
30.9082,10527.9309,38.1434,240.0129,9.1404,0.055325,0.080681,-3.0844,90.0051,0.21337,4.5025,5.0792,-15.3193,-28.6117,-0.00090003,-1.2441,-0.078884,3.298e-07,0.039566,0,86.4833,0.15745,0.92081,481.1447,1426.0641
30.9131,10527.9309,38.1434,240.0129,9.1404,0.055325,0.080681,-3.0844,90.0051,0.21337,4.5025,5.0792,-15.3193,-28.6117,-0.00090003,-1.2441,-0.078884,3.298e-07,0.039566,0,86.4833,0.15728,0.88759,481.1447,1426.0641
30.9131,10527.9309,38.1434,240.0129,9.1404,0.055325,0.080681,-3.0844,90.0051,0.21337,4.5025,5.0792,-15.3193,-28.6117,-0.00090003,-1.2441,-0.078884,3.298e-07,0.039566,0,86.4833,0.15728,0.88759,481.1447,1426.0641
30.9165,10528.2487,38.1461,240.0126,9.1409,0.055026,0.054978,-3.6845,90.0069,0.1752,4.5026,5.083,-16.217,-28.6722,-0.00088105,-1.2172,-0.093811,3.2959e-07,0.039577,0,86.6299,0.15751,0.8973,481.1435,1426.0464
30.92,10528.2487,38.1461,240.0126,9.1409,0.055026,0.054978,-3.6845,90.0069,0.1752,4.5026,5.083,-16.217,-28.6722,-0.00088105,-1.2172,-0.093811,3.2959e-07,0.039577,0,86.6299,0.15739,0.87949,481.1435,1426.0464
30.9245,10528.2487,38.1461,240.0126,9.1409,0.055026,0.054978,-3.6845,90.0069,0.1752,4.5026,5.083,-16.217,-28.6722,-0.00088105,-1.2172,-0.093811,3.2959e-07,0.039577,0,86.6299,0.15724,0.86335,481.1435,1426.0464
30.9245,10528.2487,38.1461,240.0126,9.1409,0.055026,0.054978,-3.6845,90.0069,0.1752,4.5026,5.083,-16.217,-28.6722,-0.00088105,-1.2172,-0.093811,3.2959e-07,0.039577,0,86.6299,0.15724,0.86335,481.1435,1426.0464
30.9249,10528.5666,38.1489,240.0124,9.1414,0.054717,0.024274,-4.2729,90.0084,0.12981,4.5028,5.0954,-16.8991,-28.7266,-0.00084557,-0.32891,-0.10525,3.2938e-07,0.039587,0,86.7766,0.15757,0.87229,481.1424,1426.0288
30.9252,10528.5666,38.1489,240.0124,9.1414,0.054717,0.024274,-4.2729,90.0084,0.12981,4.5028,5.0954,-16.8991,-28.7266,-0.00084557,-0.32891,-0.10525,3.2938e-07,0.039587,0,86.7766,0.15756,0.87107,481.1424,1426.0288
30.9259,10528.5666,38.1489,240.0124,9.1414,0.054717,0.024274,-4.2729,90.0084,0.12981,4.5028,5.0954,-16.8991,-28.7266,-0.00084557,-0.32891,-0.10525,3.2938e-07,0.039587,0,86.7766,0.15754,0.86876,481.1424,1426.0288
30.9272,10528.5666,38.1489,240.0124,9.1414,0.054717,0.024274,-4.2729,90.0084,0.12981,4.5028,5.0954,-16.8991,-28.7266,-0.00084557,-0.32891,-0.10525,3.2938e-07,0.039587,0,86.7766,0.15749,0.86457,481.1424,1426.0288
30.93,10528.5666,38.1489,240.0124,9.1414,0.054717,0.024274,-4.2729,90.0084,0.12981,4.5028,5.0954,-16.8991,-28.7266,-0.00084557,-0.32891,-0.10525,3.2938e-07,0.039587,0,86.7766,0.1574,0.85772,481.1424,1426.0288
30.9326,10528.5666,38.1489,240.0124,9.1414,0.054717,0.024274,-4.2729,90.0084,0.12981,4.5028,5.0954,-16.8991,-28.7266,-0.00084557,-0.32891,-0.10525,3.2938e-07,0.039587,0,86.7766,0.15731,0.85259,481.1424,1426.0288
30.9326,10528.5666,38.1489,240.0124,9.1414,0.054717,0.024274,-4.2729,90.0084,0.12981,4.5028,5.0954,-16.8991,-28.7266,-0.00084557,-0.32891,-0.10525,3.2938e-07,0.039587,0,86.7766,0.15731,0.85259,481.1424,1426.0288
30.9332,10528.8845,38.1518,240.0125,9.1419,0.054383,-0.011333,-4.438,90.0094,0.078884,4.5029,5.1151,-9.5475,-30.9427,-0.0007898,1.3461,-0.11344,3.2916e-07,0.039598,0,86.9234,0.15762,0.84684,481.1413,1426.0111
30.9338,10528.8845,38.1518,240.0125,9.1419,0.054383,-0.011333,-4.438,90.0094,0.078884,4.5029,5.1151,-9.5475,-30.9427,-0.0007898,1.3461,-0.11344,3.2916e-07,0.039598,0,86.9234,0.1576,0.84618,481.1413,1426.0111
30.935,10528.8845,38.1518,240.0125,9.1419,0.054383,-0.011333,-4.438,90.0094,0.078884,4.5029,5.1151,-9.5475,-30.9427,-0.0007898,1.3461,-0.11344,3.2916e-07,0.039598,0,86.9234,0.15756,0.84496,481.1413,1426.0111
30.9375,10528.8845,38.1518,240.0125,9.1419,0.054383,-0.011333,-4.438,90.0094,0.078884,4.5029,5.1151,-9.5475,-30.9427,-0.0007898,1.3461,-0.11344,3.2916e-07,0.039598,0,86.9234,0.15748,0.84294,481.1413,1426.0111
30.9415,10529.2025,38.1547,240.0128,9.1423,0.05401,-0.048317,-3.804,90.0101,0.023993,4.5031,5.1428,5.1418,-35.1445,-0.00072087,1.564,-0.11885,3.2895e-07,0.039609,0,87.0702,0.15765,0.82093,481.1401,1425.9935
30.9424,10529.2025,38.1547,240.0128,9.1423,0.05401,-0.048317,-3.804,90.0101,0.023993,4.5031,5.1428,5.1418,-35.1445,-0.00072087,1.564,-0.11885,3.2895e-07,0.039609,0,87.0702,0.15762,0.82219,481.1401,1425.9935
30.9424,10529.2025,38.1547,240.0128,9.1423,0.05401,-0.048317,-3.804,90.0101,0.023993,4.5031,5.1428,5.1418,-35.1445,-0.00072087,1.564,-0.11885,3.2895e-07,0.039609,0,87.0702,0.15762,0.82219,481.1401,1425.9935
30.9499,10529.5205,38.1577,240.0133,9.1428,0.0536,-0.080017,-3.0664,90.0103,-0.033507,4.5032,5.1776,6.7816,-35.7049,-0.00066835,1.5341,-0.1218,3.2873e-07,0.03962,0,87.217,0.15766,0.79466,481.139,1425.9759
30.9551,10529.5205,38.1577,240.0133,9.1428,0.0536,-0.080017,-3.0664,90.0103,-0.033507,4.5032,5.1776,6.7816,-35.7049,-0.00066835,1.5341,-0.1218,3.2873e-07,0.03962,0,87.217,0.15748,0.81126,481.139,1425.9759
30.9551,10529.5205,38.1577,240.0133,9.1428,0.0536,-0.080017,-3.0664,90.0103,-0.033507,4.5032,5.1776,6.7816,-35.7049,-0.00066835,1.5341,-0.1218,3.2873e-07,0.03962,0,87.217,0.15748,0.81126,481.139,1425.9759
30.9582,10529.8384,38.1608,240.014,9.1432,0.053159,-0.10557,-2.3433,90.01,-0.092431,4.5033,5.2193,6.3265,-35.6432,-0.00063022,1.5035,-0.11794,3.2853e-07,0.03963,0,87.3639,0.15764,0.76804,481.1379,1425.9582
30.9613,10529.8384,38.1608,240.014,9.1432,0.053159,-0.10557,-2.3433,90.01,-0.092431,4.5033,5.2193,6.3265,-35.6432,-0.00063022,1.5035,-0.11794,3.2853e-07,0.03963,0,87.3639,0.15754,0.78567,481.1379,1425.9582
30.9665,10530.1565,38.1639,240.0149,9.1437,0.052704,-0.1251,-1.6345,90.0093,-0.14948,4.5034,5.2786,6.2902,-35.5772,-0.00064641,1.4709,-0.10113,3.2832e-07,0.039641,0,87.0113,0.15763,0.74104,481.1367,1425.9406
30.9749,10530.4745,38.1668,240.0149,9.1441,0.052243,-0.13872,-0.93998,90.008,-0.1984,4.5035,5.1951,7.0463,-35.5016,-0.00069637,1.4376,-0.076877,3.2813e-07,0.039652,0,86.6589,0.15756,0.79367,481.1356,1425.9229
30.9832,10530.7926,38.1695,240.0142,9.1446,0.05179,-0.14655,-0.25948,90.0064,-0.23558,4.5036,5.1064,8.2598,-35.4202,-0.00076888,1.4043,-0.04925,3.2795e-07,0.039662,0,86.3069,0.15746,0.86557,481.1345,1425.9053
30.9915,10531.1107,38.1719,240.0129,9.145,0.051353,-0.14871,0.40725,90.0044,-0.2594,4.5038,5.029,9.6843,-35.3355,-0.00078099,1.3715,-0.020504,3.2779e-07,0.039673,0,85.9553,0.15733,0.94127,481.1333,1425.8876
30.9999,10531.4288,38.1746,240.0122,9.1455,0.050971,-0.14532,1.0605,90.0022,-0.26932,4.5039,5.1507,11.1828,-35.2533,-0.00076953,1.3395,0.0074536,3.2763e-07,0.039684,0,86.1019,0.15729,0.92997,481.1322,1425.87
31.0082,10531.7469,38.1773,240.0117,9.1459,0.050653,-0.13648,1.7006,90,-0.2657,4.504,5.2707,12.6394,-35.172,-0.00074288,1.3085,0.033241,3.2749e-07,0.039695,0,86.2485,0.15733,0.91021,481.1311,1425.8523
31.0165,10532.0651,38.1801,240.0114,9.1463,0.050397,-0.12231,2.328,89.9978,-0.24962,4.5042,5.3856,13.9702,-35.0915,-0.0007519,1.2788,0.05601,3.2736e-07,0.039705,0,86.3952,0.15745,0.88661,481.1299,1425.8347
31.0249,10532.3832,38.183,240.0114,9.1468,0.050169,-0.10291,2.9429,89.9957,-0.22252,4.5043,5.4934,15.1234,-35.0093,-0.00078279,1.2504,0.075303,3.2724e-07,0.039716,0,86.5419,0.15761,0.86123,481.1288,1425.817
31.0268,10532.3832,38.183,240.0114,9.1468,0.050169,-0.10291,2.9429,89.9957,-0.22252,4.5043,5.4934,15.1234,-35.0093,-0.00078279,1.2504,0.075303,3.2724e-07,0.039716,0,86.5419,0.15755,0.85681,481.1288,1425.817
31.0268,10532.3832,38.183,240.0114,9.1468,0.050169,-0.10291,2.9429,89.9957,-0.22252,4.5043,5.4934,15.1234,-35.0093,-0.00078279,1.2504,0.075303,3.2724e-07,0.039716,0,86.5419,0.15755,0.85681,481.1288,1425.817
31.0332,10532.7014,38.1859,240.0116,9.1472,0.049939,-0.078388,3.5457,89.9938,-0.18608,4.5044,5.5928,16.0712,-34.9261,-0.00082853,1.2233,0.090977,3.2713e-07,0.039727,0,86.6886,0.15778,0.83495,481.1277,1425.7993
31.038,10532.7014,38.1859,240.0116,9.1472,0.049939,-0.078388,3.5457,89.9938,-0.18608,4.5044,5.5928,16.0712,-34.9261,-0.00082853,1.2233,0.090977,3.2713e-07,0.039727,0,86.6886,0.15763,0.83529,481.1277,1425.7993
31.038,10532.7014,38.1859,240.0116,9.1472,0.049939,-0.078388,3.5457,89.9938,-0.18608,4.5044,5.5928,16.0712,-34.9261,-0.00082853,1.2233,0.090977,3.2713e-07,0.039727,0,86.6886,0.15763,0.83529,481.1277,1425.7993
31.0415,10533.0197,38.1889,240.012,9.1476,0.049675,-0.048841,4.1367,89.9923,-0.14206,4.5045,5.683,16.8045,-34.8424,-0.00086184,0.735,0.10312,3.2703e-07,0.039738,0,86.8355,0.15794,0.80829,481.1265,1425.7817
31.0451,10533.0197,38.1889,240.012,9.1476,0.049675,-0.048841,4.1367,89.9923,-0.14206,4.5045,5.683,16.8045,-34.8424,-0.00086184,0.735,0.10312,3.2703e-07,0.039738,0,86.8355,0.15782,0.81653,481.1265,1425.7817
31.0467,10533.0197,38.1889,240.012,9.1476,0.049675,-0.048841,4.1367,89.9923,-0.14206,4.5045,5.683,16.8045,-34.8424,-0.00086184,0.735,0.10312,3.2703e-07,0.039738,0,86.8355,0.15777,0.81929,481.1265,1425.7817
31.0467,10533.0197,38.1889,240.012,9.1476,0.049675,-0.048841,4.1367,89.9923,-0.14206,4.5045,5.683,16.8045,-34.8424,-0.00086184,0.735,0.10312,3.2703e-07,0.039738,0,86.8355,0.15777,0.81929,481.1265,1425.7817
31.0499,10533.3379,38.192,240.0126,9.1481,0.04936,-0.014368,4.4956,89.9911,-0.092163,4.5045,5.7629,13.1312,-33.6091,-0.00087024,-0.94066,0.11198,3.2694e-07,0.039748,0,86.9823,0.15805,0.78189,481.1254,1425.764
31.0531,10533.3379,38.192,240.0126,9.1481,0.04936,-0.014368,4.4956,89.9911,-0.092163,4.5045,5.7629,13.1312,-33.6091,-0.00087024,-0.94066,0.11198,3.2694e-07,0.039748,0,86.9823,0.15795,0.79646,481.1254,1425.764
31.0582,10533.6562,38.1952,240.0134,9.1485,0.048983,0.023095,4.0551,89.9903,-0.037983,4.5046,5.8343,-1.5295,-29.4264,-0.0008438,-1.574,0.11794,3.2685e-07,0.039759,0,86.6298,0.15812,0.75528,481.1243,1425.7464
31.0665,10533.9745,38.1984,240.0144,9.1489,0.048546,0.056887,3.3126,89.99,0.019078,4.5047,5.8984,-6.9137,-27.857,-0.00085806,-1.5441,0.12138,3.2676e-07,0.03977,0,86.2772,0.15815,0.72841,481.1231,1425.7287
31.0706,10533.9745,38.1984,240.0144,9.1489,0.048546,0.056887,3.3126,89.99,0.019078,4.5047,5.8984,-6.9137,-27.857,-0.00085806,-1.5441,0.12138,3.2676e-07,0.03977,0,86.2772,0.15802,0.7636,481.1231,1425.7287
31.0706,10533.9745,38.1984,240.0144,9.1489,0.048546,0.056887,3.3126,89.99,0.019078,4.5047,5.8984,-6.9137,-27.857,-0.00085806,-1.5441,0.12138,3.2676e-07,0.03977,0,86.2772,0.15802,0.7636,481.1231,1425.7287
31.0749,10534.2928,38.2014,240.0143,9.1493,0.048042,0.084492,2.5847,89.9902,0.077796,4.5047,5.754,-6.4342,-27.9413,-0.00088497,-1.5138,0.12014,3.2667e-07,0.03978,0,85.9249,0.15804,0.79338,481.122,1425.711
31.0792,10534.2928,38.2014,240.0143,9.1493,0.048042,0.084492,2.5847,89.9902,0.077796,4.5047,5.754,-6.4342,-27.9413,-0.00088497,-1.5138,0.12014,3.2667e-07,0.03978,0,85.9249,0.15791,0.80771,481.122,1425.711
31.0832,10534.6112,38.2041,240.0136,9.1497,0.047484,0.10603,1.8711,89.9908,0.13591,4.5048,5.6005,-6.2416,-28.0239,-0.00091687,-1.4817,0.10688,3.2657e-07,0.039791,0,85.5729,0.15784,0.86674,481.1209,1425.6934
31.0915,10534.9296,38.2066,240.0123,9.1501,0.046901,0.12162,1.1719,89.992,0.18761,4.5049,5.4197,-6.7829,-28.109,-0.00086724,-1.4485,0.084203,3.2647e-07,0.039802,0,85.5366,0.15758,0.9432,481.1197,1425.6757
31.0999,10535.248,38.2093,240.0115,9.1505,0.046364,0.13139,0.48678,89.9935,0.22834,4.505,5.4115,-7.9003,-28.2,-0.00078489,-1.4151,0.057284,3.2635e-07,0.039813,0,85.6832,0.1574,0.93232,481.1186,1425.658
31.1082,10535.5664,38.2121,240.011,9.1509,0.045908,0.13545,-0.18447,89.9954,0.25604,4.5051,5.3932,-9.28,-28.2914,-0.0006866,-1.3821,0.02866,3.2623e-07,0.039823,0,85.8298,0.15731,0.9128,481.1175,1425.6404
31.1165,10535.8848,38.2149,240.0108,9.1513,0.045555,0.13391,-0.84215,89.9976,0.2699,4.5051,5.3711,-10.7679,-28.3807,-0.00063723,-1.3498,0.00031032,3.2609e-07,0.039834,0,85.9764,0.15734,0.88932,481.1163,1425.6227
31.1249,10536.2033,38.2178,240.0107,9.1517,0.045283,0.12689,-1.4866,89.9998,0.27005,4.5052,5.3505,-12.244,-28.4629,-0.00063349,-1.3185,-0.026208,3.2594e-07,0.039845,0,86.1231,0.15746,0.864,481.1152,1425.605
31.1332,10536.5218,38.2208,240.0108,9.1521,0.045063,0.1145,-2.1181,90.0021,0.25737,4.5052,5.3353,-13.6138,-28.5375,-0.00067748,-1.2884,-0.049905,3.2578e-07,0.039856,0,86.2699,0.15765,0.83775,481.1141,1425.5874
31.1415,10536.8403,38.2238,240.0112,9.1525,0.044859,0.096852,-2.7372,90.0042,0.23322,4.5053,5.3277,-14.8169,-28.6036,-0.00075271,-1.2596,-0.070223,3.2561e-07,0.039866,0,86.4167,0.15786,0.811,481.1129,1425.5697
31.1499,10537.1589,38.227,240.0118,9.1529,0.044634,0.074042,-3.344,90.0061,0.19924,4.5053,5.3289,-15.8194,-28.6619,-0.00084045,-1.2321,-0.086935,3.2543e-07,0.039877,0,86.5635,0.15807,0.78391,481.1118,1425.552
31.1512,10537.1589,38.227,240.0118,9.1529,0.044634,0.074042,-3.344,90.0061,0.19924,4.5053,5.3289,-15.8194,-28.6619,-0.00084045,-1.2321,-0.086935,3.2543e-07,0.039877,0,86.5635,0.15803,0.79046,481.1118,1425.552
31.1512,10537.1589,38.227,240.0118,9.1529,0.044634,0.074042,-3.344,90.0061,0.19924,4.5053,5.3289,-15.8194,-28.6619,-0.00084045,-1.2321,-0.086935,3.2543e-07,0.039877,0,86.5635,0.15803,0.79046,481.1118,1425.552
31.1582,10537.4774,38.2302,240.0126,9.1533,0.044362,0.046176,-3.9389,90.0078,0.15718,4.5054,5.3393,-16.6075,-28.7134,-0.00090999,-1.0774,-0.10007,3.2524e-07,0.039888,0,86.7104,0.15825,0.75656,481.1106,1425.5343
31.1606,10537.4774,38.2302,240.0126,9.1533,0.044362,0.046176,-3.9389,90.0078,0.15718,4.5054,5.3393,-16.6075,-28.7134,-0.00090999,-1.0774,-0.10007,3.2524e-07,0.039888,0,86.7104,0.15818,0.77328,481.1106,1425.5343
31.1606,10537.4774,38.2302,240.0126,9.1533,0.044362,0.046176,-3.9389,90.0078,0.15718,4.5054,5.3393,-16.6075,-28.7134,-0.00090999,-1.0774,-0.10007,3.2524e-07,0.039888,0,86.7104,0.15818,0.77328,481.1106,1425.5343
31.1665,10537.796,38.2334,240.0136,9.1536,0.044027,0.013351,-4.4611,90.0091,0.10876,4.5054,5.3571,-16.018,-29.0824,-0.00099247,0.42267,-0.10986,3.2505e-07,0.039898,0,86.3578,0.15839,0.72954,481.1095,1425.5167
31.1725,10537.796,38.2334,240.0136,9.1536,0.044027,0.013351,-4.4611,90.0091,0.10876,4.5054,5.3571,-16.018,-29.0824,-0.00099247,0.42267,-0.10986,3.2505e-07,0.039898,0,86.3578,0.1582,0.77654,481.1095,1425.5167
31.1749,10538.1146,38.2364,240.0135,9.154,0.043601,-0.023824,-4.2677,90.01,0.05561,4.5054,5.1799,-3.0133,-32.8289,-0.001035,1.5825,-0.1166,3.2485e-07,0.039909,0,86.0055,0.15836,0.79453,481.1084,1425.499
31.1832,10538.4333,38.2391,240.0128,9.1544,0.043084,-0.059388,-3.5211,90.0105,-0.00080116,4.5055,5.0121,7.0909,-35.7384,-0.0010572,1.5526,-0.12071,3.2466e-07,0.03992,0,85.6536,0.15821,0.8681,481.1072,1425.4813
31.1859,10538.4333,38.2391,240.0128,9.1544,0.043084,-0.059388,-3.5211,90.0105,-0.00080116,4.5055,5.0121,7.0909,-35.7384,-0.0010572,1.5526,-0.12071,3.2466e-07,0.03992,0,85.6536,0.15812,0.86019,481.1072,1425.4813
31.1859,10538.4333,38.2391,240.0128,9.1544,0.043084,-0.059388,-3.5211,90.0105,-0.00080116,4.5055,5.0121,7.0909,-35.7384,-0.0010572,1.5526,-0.12071,3.2466e-07,0.03992,0,85.6536,0.15812,0.86019,481.1072,1425.4813
31.1915,10538.752,38.2417,240.0114,9.1548,0.042489,-0.088731,-2.7891,90.0105,-0.059195,4.5055,4.8531,6.5628,-35.6726,-0.00098394,1.5225,-0.12189,3.2447e-07,0.039931,0,85.6173,0.15794,0.94481,481.1061,1425.4636
31.1972,10538.752,38.2417,240.0114,9.1548,0.042489,-0.088731,-2.7891,90.0105,-0.059195,4.5055,4.8531,6.5628,-35.6726,-0.00098394,1.5225,-0.12189,3.2447e-07,0.039931,0,85.6173,0.15776,0.89781,481.1061,1425.4636
31.1992,10538.752,38.2417,240.0114,9.1548,0.042489,-0.088731,-2.7891,90.0105,-0.059195,4.5055,4.8531,6.5628,-35.6726,-0.00098394,1.5225,-0.12189,3.2447e-07,0.039931,0,85.6173,0.1577,0.88611,481.1061,1425.4636
31.1992,10538.752,38.2417,240.0114,9.1548,0.042489,-0.088731,-2.7891,90.0105,-0.059195,4.5055,4.8531,6.5628,-35.6726,-0.00098394,1.5225,-0.12189,3.2447e-07,0.039931,0,85.6173,0.1577,0.88611,481.1061,1425.4636
31.1999,10539.0707,38.2444,240.0107,9.1551,0.041882,-0.11197,-2.0715,90.01,-0.11816,4.5055,4.8975,6.2169,-35.6102,-0.00086246,1.4911,-0.11275,3.2428e-07,0.039941,0,85.7638,0.15769,0.93422,481.105,1425.446
31.2005,10539.0707,38.2444,240.0107,9.1551,0.041882,-0.11197,-2.0715,90.01,-0.11816,4.5055,4.8975,6.2169,-35.6102,-0.00086246,1.4911,-0.11275,3.2428e-07,0.039941,0,85.7638,0.15767,0.92819,481.105,1425.446
31.2018,10539.0707,38.2444,240.0107,9.1551,0.041882,-0.11197,-2.0715,90.01,-0.11816,4.5055,4.8975,6.2169,-35.6102,-0.00086246,1.4911,-0.11275,3.2428e-07,0.039941,0,85.7638,0.15763,0.91722,481.105,1425.446
31.2043,10539.0707,38.2444,240.0107,9.1551,0.041882,-0.11197,-2.0715,90.01,-0.11816,4.5055,4.8975,6.2169,-35.6102,-0.00086246,1.4911,-0.11275,3.2428e-07,0.039941,0,85.7638,0.15755,0.89903,481.105,1425.446
31.2082,10539.3894,38.2472,240.0102,9.1555,0.041314,-0.12924,-1.3683,90.009,-0.17269,4.5056,4.9679,6.5032,-35.5454,-0.00071206,1.458,-0.091974,3.241e-07,0.039952,0,85.9104,0.1575,0.91496,481.1038,1425.4283
31.2165,10539.7081,38.2501,240.0099,9.1558,0.040832,-0.14064,-0.6792,90.0076,-0.21718,4.5056,5.0679,7.5016,-35.4766,-0.00060055,1.4246,-0.065905,3.2393e-07,0.039963,0,86.0571,0.1574,0.89172,481.1027,1425.4106
31.2249,10540.0269,38.253,240.0098,9.1562,0.040444,-0.1463,-0.0040716,90.0058,-0.24906,4.5056,5.1822,8.8278,-35.4031,-0.00053293,1.3914,-0.037495,3.2378e-07,0.039973,0,86.2038,0.15741,0.86658,481.1016,1425.3929
31.2332,10540.3457,38.256,240.0099,9.1565,0.040143,-0.14633,0.65741,90.0037,-0.26719,4.5056,5.3032,10.3022,-35.3257,-0.00052396,1.3589,-0.0088026,3.2363e-07,0.039984,0,86.3505,0.15751,0.84045,481.1004,1425.3752
31.2415,10540.6645,38.259,240.0103,9.1569,0.039908,-0.14085,1.3056,90.0015,-0.27144,4.5056,5.4259,11.7997,-35.2442,-0.00056827,1.3273,0.018448,3.235e-07,0.039995,0,86.4973,0.1577,0.81376,481.0993,1425.3575
31.2499,10540.9833,38.2622,240.0108,9.1572,0.039708,-0.12997,1.9407,89.9992,-0.26251,4.5056,5.5458,13.2158,-35.1596,-0.0006552,1.2969,0.043111,3.2338e-07,0.040006,0,86.6441,0.15793,0.78671,481.0982,1425.3398
31.2582,10541.3022,38.2654,240.0116,9.1576,0.039509,-0.1138,2.5632,89.997,-0.24165,4.5056,5.6598,14.4805,-35.0728,-0.00076694,1.2677,0.064511,3.2328e-07,0.040016,0,86.791,0.15819,0.75938,481.097,1425.3222
31.2665,10541.6211,38.2686,240.0126,9.1579,0.039281,-0.092442,3.1735,89.995,-0.21044,4.5056,5.766,15.5528,-34.9848,-0.00092769,1.2398,0.082334,3.2318e-07,0.040027,0,86.4384,0.15843,0.7318,481.0959,1425.3045
31.2729,10541.6211,38.2686,240.0126,9.1579,0.039281,-0.092442,3.1735,89.995,-0.21044,4.5056,5.766,15.5528,-34.9848,-0.00092769,1.2398,0.082334,3.2318e-07,0.040027,0,86.4384,0.15823,0.78045,481.0959,1425.3045
31.2729,10541.6211,38.2686,240.0126,9.1579,0.039281,-0.092442,3.1735,89.995,-0.21044,4.5056,5.766,15.5528,-34.9848,-0.00092769,1.2398,0.082334,3.2318e-07,0.040027,0,86.4384,0.15823,0.78045,481.0959,1425.3045
31.2749,10541.94,38.2716,240.0125,9.1582,0.03898,-0.065996,3.7718,89.9932,-0.17061,4.5056,5.6607,16.4133,-34.8941,-0.0010782,1.1772,0.096542,3.2309e-07,0.040038,0,86.0862,0.15852,0.79608,481.0947,1425.2868
31.2749,10541.94,38.2716,240.0125,9.1582,0.03898,-0.065996,3.7718,89.9932,-0.17061,4.5056,5.6607,16.4133,-34.8941,-0.0010782,1.1772,0.096542,3.2309e-07,0.040038,0,86.0862,0.15852,0.79613,481.0947,1425.2868
31.2749,10541.94,38.2716,240.0125,9.1582,0.03898,-0.065996,3.7718,89.9932,-0.17061,4.5056,5.6607,16.4133,-34.8941,-0.0010782,1.1772,0.096542,3.2309e-07,0.040038,0,86.0862,0.15852,0.79613,481.0947,1425.2868
31.2768,10541.94,38.2716,240.0125,9.1582,0.03898,-0.065996,3.7718,89.9932,-0.17061,4.5056,5.6607,16.4133,-34.8941,-0.0010782,1.1772,0.096542,3.2309e-07,0.040038,0,86.0862,0.15846,0.80294,481.0947,1425.2868
31.2788,10541.94,38.2716,240.0125,9.1582,0.03898,-0.065996,3.7718,89.9932,-0.17061,4.5056,5.6607,16.4133,-34.8941,-0.0010782,1.1772,0.096542,3.2309e-07,0.040038,0,86.0862,0.15841,0.80855,481.0947,1425.2868
31.2826,10541.94,38.2716,240.0125,9.1582,0.03898,-0.065996,3.7718,89.9932,-0.17061,4.5056,5.6607,16.4133,-34.8941,-0.0010782,1.1772,0.096542,3.2309e-07,0.040038,0,86.0862,0.15829,0.81698,481.0947,1425.2868
31.2832,10542.2589,38.2743,240.0118,9.1586,0.038585,-0.034565,4.3412,89.9918,-0.1239,4.5056,5.5475,16.7332,-34.7145,-0.0011908,0.085564,0.1073,3.2301e-07,0.040049,0,85.7342,0.15849,0.86925,481.0936,1425.2691
31.286,10542.2589,38.2743,240.0118,9.1586,0.038585,-0.034565,4.3412,89.9918,-0.1239,4.5056,5.5475,16.7332,-34.7145,-0.0011908,0.085564,0.1073,3.2301e-07,0.040049,0,85.7342,0.15841,0.86084,481.0936,1425.2691
31.2915,10542.5779,38.2769,240.0104,9.1589,0.038092,0.0016117,4.3904,89.9908,-0.071987,4.5056,5.4264,7.4956,-31.974,-0.001156,-1.5872,0.11491,3.2294e-07,0.040059,0,85.7256,0.15833,0.946,481.0925,1425.2514
31.2999,10542.8969,38.2796,240.0097,9.1592,0.037549,0.038198,3.6414,89.9902,-0.016395,4.5056,5.4925,-7.2187,-27.8065,-0.0010362,-1.5573,0.11977,3.2287e-07,0.04007,0,85.8721,0.15815,0.93561,481.0913,1425.2337
31.3013,10542.8969,38.2796,240.0097,9.1592,0.037549,0.038198,3.6414,89.9902,-0.016395,4.5056,5.4925,-7.2187,-27.8065,-0.0010362,-1.5573,0.11977,3.2287e-07,0.04007,0,85.8721,0.1581,0.92214,481.0913,1425.2337
31.3013,10542.8969,38.2796,240.0097,9.1592,0.037549,0.038198,3.6414,89.9902,-0.016395,4.5056,5.4925,-7.2187,-27.8065,-0.0010362,-1.5573,0.11977,3.2287e-07,0.04007,0,85.8721,0.1581,0.92214,481.0913,1425.2337
31.3082,10543.2159,38.2825,240.0092,9.1596,0.036994,0.068543,2.907,89.99,0.041545,4.5056,5.5515,-6.6515,-27.8984,-0.00087387,-1.5275,0.12208,3.228e-07,0.040081,0,86.0187,0.15797,0.91662,481.0902,1425.216
31.3142,10543.2159,38.2825,240.0092,9.1596,0.036994,0.068543,2.907,89.99,0.041545,4.5056,5.5515,-6.6515,-27.8984,-0.00087387,-1.5275,0.12208,3.228e-07,0.040081,0,86.0187,0.15779,0.88062,481.0902,1425.216
31.3142,10543.2159,38.2825,240.0092,9.1596,0.036994,0.068543,2.907,89.99,0.041545,4.5056,5.5515,-6.6515,-27.8984,-0.00087387,-1.5275,0.12208,3.228e-07,0.040081,0,86.0187,0.15779,0.88062,481.0902,1425.216
31.3165,10543.5349,38.2853,240.0089,9.1599,0.036466,0.092768,2.1871,89.9904,0.1006,4.5056,5.6044,-6.2424,-27.9908,-0.00073309,-1.4966,0.11644,3.2272e-07,0.040091,0,86.1653,0.15782,0.89366,481.0891,1425.1983
31.3189,10543.5349,38.2853,240.0089,9.1599,0.036466,0.092768,2.1871,89.9904,0.1006,4.5056,5.6044,-6.2424,-27.9908,-0.00073309,-1.4966,0.11644,3.2272e-07,0.040091,0,86.1653,0.15775,0.88157,481.0891,1425.1983
31.3237,10543.5349,38.2853,240.0089,9.1599,0.036466,0.092768,2.1871,89.9904,0.1006,4.5056,5.6044,-6.2424,-27.9908,-0.00073309,-1.4966,0.11644,3.2272e-07,0.040091,0,86.1653,0.15761,0.86452,481.0891,1425.1983
31.3249,10543.854,38.2883,240.0088,9.1602,0.035976,0.11099,1.4815,89.9912,0.15692,4.5056,5.6382,-6.3187,-28.0829,-0.00062103,-1.4638,0.097352,3.2263e-07,0.040102,0,86.312,0.15773,0.86878,481.0879,1425.1806
31.3309,10543.854,38.2883,240.0088,9.1602,0.035976,0.11099,1.4815,89.9912,0.15692,4.5056,5.6382,-6.3187,-28.0829,-0.00062103,-1.4638,0.097352,3.2263e-07,0.040102,0,86.312,0.15755,0.85426,481.0879,1425.1806
31.3332,10544.173,38.2912,240.0089,9.1605,0.035546,0.12334,0.79014,89.9925,0.20401,4.5055,5.6392,-7.2163,-28.1768,-0.00055439,-1.4304,0.072058,3.2254e-07,0.040113,0,86.4587,0.15771,0.8429,481.0868,1425.1629
31.3415,10544.4921,38.2943,240.0092,9.1608,0.03518,0.12992,0.11274,89.9942,0.23886,4.5055,5.6257,-8.4952,-28.2678,-0.00053344,-1.3972,0.043962,3.2244e-07,0.040124,0,86.6055,0.15776,0.8164,481.0857,1425.1452
31.3499,10544.8113,38.2974,240.0097,9.1611,0.034874,0.13086,-0.55097,89.9962,0.26012,4.5055,5.6062,-9.9489,-28.354,-0.00055941,-1.3645,0.015126,3.2233e-07,0.040134,0,86.7523,0.15789,0.78947,481.0845,1425.1275
31.3582,10545.1304,38.3006,240.0105,9.1614,0.034611,0.12627,-1.2013,89.9984,0.26743,4.5054,5.5858,-11.4524,-28.434,-0.00062585,-1.3327,-0.012582,3.2221e-07,0.040145,0,86.8992,0.15808,0.7622,481.0834,1425.1098
31.3665,10545.4496,38.3039,240.0115,9.1617,0.034371,0.11626,-1.8386,90.0006,0.26134,4.5054,5.5689,-12.8921,-28.507,-0.00076623,-1.302,-0.037899,3.2207e-07,0.040156,0,86.5467,0.1583,0.73466,481.0822,1425.0921
31.3749,10545.7688,38.3068,240.0114,9.162,0.034106,0.10094,-2.4631,90.0028,0.24301,4.5053,5.3558,-14.1915,-28.5701,-0.00093262,-1.2726,-0.060064,3.2193e-07,0.040167,0,86.1944,0.15843,0.79891,481.0811,1425.0744
31.3832,10546.0881,38.3095,240.0106,9.1623,0.033787,0.080415,-3.0754,90.0048,0.21395,4.5053,5.1531,-15.304,-28.6254,-0.0010982,-1.2444,-0.078689,3.2177e-07,0.040177,0,85.8425,0.15847,0.87171,481.08,1425.0567
31.388,10546.0881,38.3095,240.0106,9.1623,0.033787,0.080415,-3.0754,90.0048,0.21395,4.5053,5.1531,-15.304,-28.6254,-0.0010982,-1.2444,-0.078689,3.2177e-07,0.040177,0,85.8425,0.15833,0.85801,481.08,1425.0567
31.388,10546.0881,38.3095,240.0106,9.1623,0.033787,0.080415,-3.0754,90.0048,0.21395,4.5053,5.1531,-15.304,-28.6254,-0.0010982,-1.2444,-0.078689,3.2177e-07,0.040177,0,85.8425,0.15833,0.85801,481.08,1425.0567
31.3915,10546.4073,38.3121,240.0093,9.1626,0.033393,0.054787,-3.6756,90.0066,0.17588,4.5053,4.9612,-16.206,-28.6745,-0.0011495,-1.2175,-0.093682,3.2161e-07,0.040188,0,85.9236,0.15839,0.94771,481.0788,1425.039
31.3951,10546.4073,38.3121,240.0093,9.1626,0.033393,0.054787,-3.6756,90.0066,0.17588,4.5053,4.9612,-16.206,-28.6745,-0.0011495,-1.2175,-0.093682,3.2161e-07,0.040188,0,85.9236,0.15829,0.91413,481.0788,1425.039
31.3993,10546.4073,38.3121,240.0093,9.1626,0.033393,0.054787,-3.6756,90.0066,0.17588,4.5053,4.9612,-16.206,-28.6745,-0.0011495,-1.2175,-0.093682,3.2161e-07,0.040188,0,85.9236,0.15816,0.88733,481.0788,1425.039
31.3993,10546.4073,38.3121,240.0093,9.1626,0.033393,0.054787,-3.6756,90.0066,0.17588,4.5053,4.9612,-16.206,-28.6745,-0.0011495,-1.2175,-0.093682,3.2161e-07,0.040188,0,85.9236,0.15816,0.88733,481.0788,1425.039
31.3999,10546.7266,38.3148,240.0085,9.1629,0.032956,0.024157,-4.2641,90.0081,0.13056,4.5053,4.9731,-16.8917,-28.724,-0.0011128,-0.35286,-0.10518,3.2144e-07,0.040199,0,86.0701,0.15832,0.93681,481.0777,1425.0213
31.4004,10546.7266,38.3148,240.0085,9.1629,0.032956,0.024157,-4.2641,90.0081,0.13056,4.5053,4.9731,-16.8917,-28.724,-0.0011128,-0.35286,-0.10518,3.2144e-07,0.040199,0,86.0701,0.1583,0.93157,481.0777,1425.0213
31.4015,10546.7266,38.3148,240.0085,9.1629,0.032956,0.024157,-4.2641,90.0081,0.13056,4.5053,4.9731,-16.8917,-28.724,-0.0011128,-0.35286,-0.10518,3.2144e-07,0.040199,0,86.0701,0.15827,0.92188,481.0777,1425.0213
31.4036,10546.7266,38.3148,240.0085,9.1629,0.032956,0.024157,-4.2641,90.0081,0.13056,4.5053,4.9731,-16.8917,-28.724,-0.0011128,-0.35286,-0.10518,3.2144e-07,0.040199,0,86.0701,0.1582,0.90537,481.0777,1425.0213
31.4074,10546.7266,38.3148,240.0085,9.1629,0.032956,0.024157,-4.2641,90.0081,0.13056,4.5053,4.9731,-16.8917,-28.724,-0.0011128,-0.35286,-0.10518,3.2144e-07,0.040199,0,86.0701,0.15809,0.88356,481.0777,1425.0213
31.4074,10546.7266,38.3148,240.0085,9.1629,0.032956,0.024157,-4.2641,90.0081,0.13056,4.5053,4.9731,-16.8917,-28.724,-0.0011128,-0.35286,-0.10518,3.2144e-07,0.040199,0,86.0701,0.15809,0.88356,481.0777,1425.0213
31.4082,10547.0459,38.3176,240.008,9.1632,0.032494,-0.011377,-4.4407,90.0092,0.079677,4.5052,4.9919,-9.7586,-30.8798,-0.00098603,1.323,-0.11342,3.2127e-07,0.040209,0,86.2167,0.15822,0.91784,481.0766,1425.0036
31.409,10547.0459,38.3176,240.008,9.1632,0.032494,-0.011377,-4.4407,90.0092,0.079677,4.5052,4.9919,-9.7586,-30.8798,-0.00098603,1.323,-0.11342,3.2127e-07,0.040209,0,86.2167,0.1582,0.91191,481.0766,1425.0036
31.4105,10547.0459,38.3176,240.008,9.1632,0.032494,-0.011377,-4.4407,90.0092,0.079677,4.5052,4.9919,-9.7586,-30.8798,-0.00098603,1.323,-0.11342,3.2127e-07,0.040209,0,86.2167,0.15816,0.90133,481.0766,1425.0036
31.4135,10547.0459,38.3176,240.008,9.1632,0.032494,-0.011377,-4.4407,90.0092,0.079677,4.5052,4.9919,-9.7586,-30.8798,-0.00098603,1.323,-0.11342,3.2127e-07,0.040209,0,86.2167,0.15807,0.88442,481.0766,1425.0036
31.4165,10547.3652,38.3205,240.0077,9.1635,0.032029,-0.048382,-3.8177,90.0098,0.024809,4.5052,5.0181,4.9353,-35.0864,-0.00084173,1.5643,-0.11886,3.211e-07,0.04022,0,86.3633,0.15814,0.89503,481.0754,1424.9858
31.4174,10547.3652,38.3205,240.0077,9.1635,0.032029,-0.048382,-3.8177,90.0098,0.024809,4.5052,5.0181,4.9353,-35.0864,-0.00084173,1.5643,-0.11886,3.211e-07,0.04022,0,86.3633,0.15812,0.89026,481.0754,1424.9858
31.4174,10547.3652,38.3205,240.0077,9.1635,0.032029,-0.048382,-3.8177,90.0098,0.024809,4.5052,5.0181,4.9353,-35.0864,-0.00084173,1.5643,-0.11886,3.211e-07,0.04022,0,86.3633,0.15812,0.89026,481.0754,1424.9858
31.4249,10547.6846,38.3234,240.0075,9.1637,0.031561,-0.080196,-3.08,90.01,-0.032688,4.5051,5.0516,6.7852,-35.7086,-0.0007133,1.5344,-0.12184,3.2093e-07,0.040231,0,86.51,0.15807,0.87041,481.0743,1424.9681
31.4301,10547.6846,38.3234,240.0075,9.1637,0.031561,-0.080196,-3.08,90.01,-0.032688,4.5051,5.0516,6.7852,-35.7086,-0.0007133,1.5344,-0.12184,3.2093e-07,0.040231,0,86.51,0.15791,0.85684,481.0743,1424.9681
31.4301,10547.6846,38.3234,240.0075,9.1637,0.031561,-0.080196,-3.08,90.01,-0.032688,4.5051,5.0516,6.7852,-35.7086,-0.0007133,1.5344,-0.12184,3.2093e-07,0.040231,0,86.51,0.15791,0.85684,481.0743,1424.9681
31.4332,10548.0039,38.3263,240.0076,9.164,0.031098,-0.10586,-2.3567,90.0098,-0.091625,4.505,5.0918,6.3281,-35.6502,-0.0006153,1.5038,-0.11813,3.2076e-07,0.040242,0,86.6567,0.15801,0.8448,481.0731,1424.9504
31.4363,10548.0039,38.3263,240.0076,9.164,0.031098,-0.10586,-2.3567,90.0098,-0.091625,4.505,5.0918,6.3281,-35.6502,-0.0006153,1.5038,-0.11813,3.2076e-07,0.040242,0,86.6567,0.15792,0.84269,481.0731,1424.9504
31.4415,10548.3233,38.3294,240.0079,9.1643,0.03065,-0.1255,-1.6478,90.009,-0.14876,4.5049,5.1496,6.2825,-35.5865,-0.00055032,1.4713,-0.10151,3.206e-07,0.040252,0,86.8034,0.15798,0.81857,481.072,1424.9327
31.4499,10548.6427,38.3325,240.0085,9.1645,0.030234,-0.13923,-0.95312,90.0078,-0.19786,4.5049,5.2406,7.0265,-35.5148,-0.00052131,1.438,-0.077335,3.2046e-07,0.040263,0,86.9503,0.15799,0.79188,481.0709,1424.915
31.4582,10548.9622,38.3357,240.0092,9.1648,0.029863,-0.14718,-0.27246,90.0061,-0.23527,4.5048,5.3514,8.2351,-35.4375,-0.00052692,1.4048,-0.049736,3.2032e-07,0.040274,0,87.0971,0.15806,0.76481,481.0697,1424.8973
31.4665,10549.2817,38.3389,240.0102,9.1651,0.029541,-0.14945,0.39442,90.0041,-0.25932,4.5047,5.4716,9.6578,-35.3564,-0.00061202,1.3719,-0.020983,3.2019e-07,0.040285,0,86.7446,0.1582,0.73739,481.0686,1424.8796
31.4749,10549.6012,38.3418,240.01,9.1653,0.029238,-0.14616,1.0479,90.002,-0.26947,4.5046,5.393,11.1566,-35.2696,-0.00074032,1.3399,0.0070104,3.2008e-07,0.040295,0,86.3924,0.15828,0.8017,481.0675,1424.8618
31.4832,10549.9207,38.3445,240.0093,9.1656,0.028933,-0.13743,1.6882,89.9997,-0.26607,4.5046,5.3153,12.6152,-35.1795,-0.00089443,1.309,0.032851,3.1999e-07,0.040306,0,86.0405,0.15833,0.87453,481.0663,1424.8441
31.4915,10550.2402,38.347,240.0079,9.1658,0.028604,-0.12336,2.3157,89.9975,-0.25018,4.5045,5.2347,13.9489,-35.0879,-0.00097034,1.2793,0.055677,3.199e-07,0.040317,0,86.119,0.15831,0.95055,481.0652,1424.8264
31.4999,10550.5598,38.3497,240.0071,9.1661,0.028272,-0.10406,2.9308,89.9954,-0.22324,4.5044,5.3422,15.1052,-35.0009,-0.00099818,1.2508,0.075031,3.1983e-07,0.040327,0,86.2655,0.15833,0.93943,481.064,1424.8087
31.5016,10550.5598,38.3497,240.0071,9.1661,0.028272,-0.10406,2.9308,89.9954,-0.22324,4.5044,5.3422,15.1052,-35.0009,-0.00099818,1.2508,0.075031,3.1983e-07,0.040327,0,86.2655,0.15828,0.92357,481.064,1424.8087
31.5016,10550.5598,38.3497,240.0071,9.1661,0.028272,-0.10406,2.9308,89.9954,-0.22324,4.5044,5.3422,15.1052,-35.0009,-0.00099818,1.2508,0.075031,3.1983e-07,0.040327,0,86.2655,0.15828,0.92357,481.064,1424.8087
31.5082,10550.8794,38.3524,240.0066,9.1663,0.027939,-0.07964,3.5338,89.9936,-0.18695,4.5044,5.4408,16.0564,-34.917,-0.0009723,1.2237,0.090765,3.1976e-07,0.040338,0,86.412,0.15835,0.91975,481.0629,1424.791
31.5127,10550.8794,38.3524,240.0066,9.1663,0.027939,-0.07964,3.5338,89.9936,-0.18695,4.5044,5.4408,16.0564,-34.917,-0.0009723,1.2237,0.090765,3.1976e-07,0.040338,0,86.412,0.15823,0.88986,481.0629,1424.791
31.5127,10550.8794,38.3524,240.0066,9.1663,0.027939,-0.07964,3.5338,89.9936,-0.18695,4.5044,5.4408,16.0564,-34.917,-0.0009723,1.2237,0.090765,3.1976e-07,0.040338,0,86.412,0.15823,0.88986,481.0629,1424.791
31.5165,10551.199,38.3553,240.0063,9.1666,0.027608,-0.050192,4.125,89.992,-0.14304,4.5043,5.5298,16.793,-34.8363,-0.00093097,0.76932,0.10297,3.1971e-07,0.040349,0,86.5587,0.1584,0.89629,481.0618,1424.7732
31.5204,10551.199,38.3553,240.0063,9.1666,0.027608,-0.050192,4.125,89.992,-0.14304,4.5043,5.5298,16.793,-34.8363,-0.00093097,0.76932,0.10297,3.1971e-07,0.040349,0,86.5587,0.15829,0.87757,481.0618,1424.7732
31.5215,10551.199,38.3553,240.0063,9.1666,0.027608,-0.050192,4.125,89.992,-0.14304,4.5043,5.5298,16.793,-34.8363,-0.00093097,0.76932,0.10297,3.1971e-07,0.040349,0,86.5587,0.15825,0.87334,481.0618,1424.7732
31.5215,10551.199,38.3553,240.0063,9.1666,0.027608,-0.050192,4.125,89.992,-0.14304,4.5043,5.5298,16.793,-34.8363,-0.00093097,0.76932,0.10297,3.1971e-07,0.040349,0,86.5587,0.15825,0.87334,481.0618,1424.7732
31.5249,10551.5187,38.3581,240.0061,9.1668,0.027262,-0.015817,4.5003,89.9908,-0.093229,4.5042,5.6084,13.4311,-33.6906,-0.0008655,-0.90621,0.11187,3.1966e-07,0.04036,0,86.7053,0.15844,0.87166,481.0606,1424.7555
31.5283,10551.5187,38.3581,240.0061,9.1668,0.027262,-0.015817,4.5003,89.9908,-0.093229,4.5042,5.6084,13.4311,-33.6906,-0.0008655,-0.90621,0.11187,3.1966e-07,0.04036,0,86.7053,0.15834,0.86186,481.0606,1424.7555
31.5332,10551.8383,38.3611,240.0062,9.1671,0.026888,0.021685,4.0762,89.9901,-0.039111,4.5041,5.6785,-1.225,-29.511,-0.00078071,-1.5746,0.11787,3.1961e-07,0.04037,0,86.852,0.15846,0.84619,481.0595,1424.7378
31.5415,10552.158,38.3641,240.0065,9.1673,0.026484,0.055653,3.3335,89.9897,0.017905,4.504,5.7414,-6.9247,-27.8563,-0.00070906,-1.5447,0.12134,3.1957e-07,0.040381,0,86.9988,0.15847,0.82022,481.0583,1424.72
31.5455,10552.158,38.3641,240.0065,9.1673,0.026484,0.055653,3.3335,89.9897,0.017905,4.504,5.7414,-6.9247,-27.8563,-0.00070906,-1.5447,0.12134,3.1957e-07,0.040381,0,86.9988,0.15836,0.82579,481.0583,1424.72
31.5455,10552.158,38.3641,240.0065,9.1673,0.026484,0.055653,3.3335,89.9897,0.017905,4.504,5.7414,-6.9247,-27.8563,-0.00070906,-1.5447,0.12134,3.1957e-07,0.040381,0,86.9988,0.15836,0.82579,481.0583,1424.72
31.5499,10552.4777,38.3672,240.007,9.1675,0.026052,0.083432,2.6053,89.9899,0.076597,4.5039,5.7986,-6.443,-27.9448,-0.00065648,-1.5144,0.12031,3.1952e-07,0.040392,0,87.1456,0.15846,0.79384,481.0572,1424.7023
31.5543,10552.4777,38.3672,240.007,9.1675,0.026052,0.083432,2.6053,89.9899,0.076597,4.5039,5.7986,-6.443,-27.9448,-0.00065648,-1.5144,0.12031,3.1952e-07,0.040392,0,87.1456,0.15834,0.80922,481.0572,1424.7023
31.5582,10552.7975,38.3703,240.0078,9.1677,0.025605,0.10514,1.8915,89.9905,0.13479,4.5037,5.8452,-6.2373,-28.0314,-0.00062204,-1.4824,0.10735,3.1947e-07,0.040402,0,87.2924,0.15845,0.76706,481.0561,1424.6846
31.5665,10553.1172,38.3735,240.0087,9.168,0.025163,0.1209,1.1919,89.9916,0.18671,4.5036,5.8628,-6.7605,-28.1198,-0.00065239,-1.4492,0.084805,3.1941e-07,0.040413,0,86.9399,0.15846,0.73991,481.0549,1424.6669
31.5749,10553.437,38.3764,240.0086,9.1682,0.024727,0.13084,0.5065,89.9932,0.22773,4.5035,5.6547,-7.8697,-28.2057,-0.00071499,-1.4159,0.057944,3.1934e-07,0.040424,0,86.5877,0.1584,0.8044,481.0538,1424.6491
31.5832,10553.7568,38.379,240.0078,9.1684,0.024304,0.13506,-0.16506,89.9951,0.25575,4.5034,5.4387,-9.2456,-28.2882,-0.00080223,-1.3828,0.029332,3.1926e-07,0.040435,0,86.2359,0.15832,0.87735,481.0527,1424.6314
31.5915,10554.0767,38.3815,240.0064,9.1686,0.023894,0.13368,-0.82305,89.9972,0.26994,4.5033,5.2211,-10.7325,-28.3661,-0.00082258,-1.3505,0.00095609,3.1916e-07,0.040445,0,86.3079,0.15821,0.95343,481.0515,1424.6136
31.5999,10554.3965,38.3841,240.0056,9.1688,0.023533,0.12682,-1.4678,89.9995,0.2704,4.5032,5.2001,-12.2098,-28.4436,-0.0008172,-1.3192,-0.025615,3.1906e-07,0.040456,0,86.4544,0.15819,0.94235,481.0504,1424.5959
31.6082,10554.7164,38.3868,240.0051,9.169,0.023224,0.11459,-2.0996,90.0017,0.25801,4.5031,5.1837,-13.5824,-28.5175,-0.00078947,-1.2891,-0.04938,3.1895e-07,0.040467,0,86.601,0.15823,0.92271,481.0492,1424.5782
31.6165,10555.0363,38.3896,240.0047,9.1692,0.022965,0.097095,-2.719,90.0039,0.23412,4.503,5.1745,-14.7893,-28.5869,-0.00078942,-1.2603,-0.069775,3.1882e-07,0.040478,0,86.7476,0.15833,0.89918,481.0481,1424.5604
31.6249,10555.3562,38.3924,240.0046,9.1694,0.022722,0.074437,-3.3261,90.0058,0.20037,4.5029,5.1741,-15.7962,-28.6486,-0.00080192,-1.2327,-0.086566,3.1869e-07,0.040488,0,86.8942,0.15846,0.87386,481.047,1424.5427
31.626,10555.3562,38.3924,240.0046,9.1694,0.022722,0.074437,-3.3261,90.0058,0.20037,4.5029,5.1741,-15.7962,-28.6486,-0.00080192,-1.2327,-0.086566,3.1869e-07,0.040488,0,86.8942,0.15843,0.8702,481.047,1424.5427
31.626,10555.3562,38.3924,240.0046,9.1694,0.022722,0.074437,-3.3261,90.0058,0.20037,4.5029,5.1741,-15.7962,-28.6486,-0.00080192,-1.2327,-0.086566,3.1869e-07,0.040488,0,86.8942,0.15843,0.8702,481.047,1424.5427
31.6332,10555.6762,38.3953,240.0047,9.1696,0.022469,0.04672,-3.9213,90.0075,0.15849,4.5028,5.1829,-16.5887,-28.7034,-0.00081296,-1.0874,-0.09978,3.1854e-07,0.040499,0,87.0409,0.15859,0.84764,481.0458,1424.525
31.6354,10555.6762,38.3953,240.0047,9.1696,0.022469,0.04672,-3.9213,90.0075,0.15849,4.5028,5.1829,-16.5887,-28.7034,-0.00081296,-1.0874,-0.09978,3.1854e-07,0.040499,0,87.0409,0.15853,0.84578,481.0458,1424.525
31.6354,10555.6762,38.3953,240.0047,9.1696,0.022469,0.04672,-3.9213,90.0075,0.15849,4.5028,5.1829,-16.5887,-28.7034,-0.00081296,-1.0874,-0.09978,3.1854e-07,0.040499,0,87.0409,0.15853,0.84578,481.0458,1424.525
31.6415,10555.9961,38.3982,240.005,9.1698,0.022182,0.014043,-4.4482,90.0088,0.11023,4.5026,5.1993,-16.0889,-29.0512,-0.00081005,0.37829,-0.10963,3.184e-07,0.04051,0,87.1877,0.1587,0.82146,481.0447,1424.5072
31.6477,10555.9961,38.3982,240.005,9.1698,0.022182,0.014043,-4.4482,90.0088,0.11023,4.5026,5.1993,-16.0889,-29.0512,-0.00081005,0.37829,-0.10963,3.184e-07,0.04051,0,87.1877,0.15853,0.82905,481.0447,1424.5072
31.6499,10556.3161,38.4013,240.0055,9.17,0.021844,-0.023025,-4.276,90.0097,0.057197,4.5025,5.2234,-3.4001,-32.7155,-0.00077379,1.5825,-0.11643,3.1825e-07,0.04052,0,87.3344,0.15878,0.79515,481.0435,1424.4895
31.6582,10556.6362,38.4043,240.0062,9.1702,0.021453,-0.058659,-3.5294,90.0102,0.00087604,4.5023,5.255,7.103,-35.7402,-0.00072978,1.5526,-0.12059,3.1809e-07,0.040531,0,87.4813,0.15881,0.76858,481.0424,1424.4717
31.6608,10556.6362,38.4043,240.0062,9.1702,0.021453,-0.058659,-3.5294,90.0102,0.00087604,4.5023,5.255,7.103,-35.7402,-0.00072978,1.5526,-0.12059,3.1809e-07,0.040531,0,87.4813,0.15874,0.78431,481.0424,1424.4717
31.6608,10556.6362,38.4043,240.0062,9.1702,0.021453,-0.058659,-3.5294,90.0102,0.00087604,4.5023,5.255,7.103,-35.7402,-0.00072978,1.5526,-0.12059,3.1809e-07,0.040531,0,87.4813,0.15874,0.78431,481.0424,1424.4717
31.6665,10556.9562,38.4075,240.0071,9.1704,0.021016,-0.088071,-2.7974,90.0102,-0.057452,4.5022,5.2937,6.5721,-35.678,-0.00073511,1.5227,-0.12186,3.1795e-07,0.040542,0,87.1288,0.15881,0.74174,481.0413,1424.454
31.6723,10556.9562,38.4075,240.0071,9.1704,0.021016,-0.088071,-2.7974,90.0102,-0.057452,4.5022,5.2937,6.5721,-35.678,-0.00073511,1.5227,-0.12186,3.1795e-07,0.040542,0,87.1288,0.15866,0.78329,481.0413,1424.454
31.6741,10556.9562,38.4075,240.0071,9.1704,0.021016,-0.088071,-2.7974,90.0102,-0.057452,4.5022,5.2937,6.5721,-35.678,-0.00073511,1.5227,-0.12186,3.1795e-07,0.040542,0,87.1288,0.15861,0.79205,481.0413,1424.454
31.6741,10556.9562,38.4075,240.0071,9.1704,0.021016,-0.088071,-2.7974,90.0102,-0.057452,4.5022,5.2937,6.5721,-35.678,-0.00073511,1.5227,-0.12186,3.1795e-07,0.040542,0,87.1288,0.15861,0.79205,481.0413,1424.454
31.6749,10557.2763,38.4103,240.007,9.1706,0.020529,-0.11138,-2.0798,90.0097,-0.11639,4.502,5.1463,6.2207,-35.6108,-0.00075873,1.4913,-0.11302,3.1781e-07,0.040553,0,86.7766,0.1587,0.80258,481.0401,1424.4362
31.6757,10557.2763,38.4103,240.007,9.1706,0.020529,-0.11138,-2.0798,90.0097,-0.11639,4.502,5.1463,6.2207,-35.6108,-0.00075873,1.4913,-0.11302,3.1781e-07,0.040553,0,86.7766,0.15868,0.80524,481.0401,1424.4362
31.6773,10557.2763,38.4103,240.007,9.1706,0.020529,-0.11138,-2.0798,90.0097,-0.11639,4.502,5.1463,6.2207,-35.6108,-0.00075873,1.4913,-0.11302,3.1781e-07,0.040553,0,86.7766,0.15864,0.80995,481.0401,1424.4362
31.6805,10557.2763,38.4103,240.007,9.1706,0.020529,-0.11138,-2.0798,90.0097,-0.11639,4.502,5.1463,6.2207,-35.6108,-0.00075873,1.4913,-0.11302,3.1781e-07,0.040553,0,86.7766,0.15855,0.81738,481.0401,1424.4362
31.6832,10557.5964,38.4129,240.0063,9.1708,0.020011,-0.12871,-1.3764,90.0088,-0.17106,4.5019,5.0181,6.4886,-35.5373,-0.00079457,1.4583,-0.092395,3.1767e-07,0.040563,0,86.4248,0.15852,0.87541,481.039,1424.4185
31.6915,10557.9165,38.4154,240.0049,9.171,0.01949,-0.14018,-0.68728,90.0073,-0.21574,4.5018,4.9221,7.4777,-35.4572,-0.00075566,1.4249,-0.066405,3.1755e-07,0.040574,0,86.1806,0.15829,0.95157,481.0378,1424.4007
31.6999,10558.2366,38.418,240.0041,9.1711,0.019027,-0.14591,-0.01208,90.0055,-0.24786,4.5016,5.0358,8.7987,-35.3787,-0.00068849,1.3917,-0.038039,3.1744e-07,0.040585,0,86.3271,0.15815,0.94054,481.0367,1424.383
31.7082,10558.5568,38.4206,240.0036,9.1713,0.018652,-0.14601,0.64947,90.0035,-0.26626,4.5015,5.1559,10.2701,-35.3005,-0.00060956,1.3592,-0.0093544,3.1734e-07,0.040596,0,86.4737,0.15811,0.92094,481.0356,1424.3652
31.7165,10558.877,38.4233,240.0032,9.1715,0.018375,-0.1406,1.2977,90.0013,-0.27078,4.5014,5.2772,11.7669,-35.2221,-0.00057952,1.3275,0.017917,3.1725e-07,0.040606,0,86.6203,0.15818,0.89743,481.0344,1424.3475
31.7249,10559.1972,38.4261,240.0031,9.1716,0.018168,-0.12979,1.9329,89.999,-0.26211,4.5012,5.3958,13.1839,-35.1407,-0.00059147,1.2971,0.042617,3.1718e-07,0.040617,0,86.7669,0.15834,0.8721,481.0333,1424.3297
31.7332,10559.5174,38.4289,240.0032,9.1718,0.017998,-0.11368,2.5555,89.9968,-0.2415,4.5011,5.5085,14.4506,-35.0572,-0.00064404,1.2679,0.064065,3.1711e-07,0.040628,0,86.9136,0.15854,0.84586,481.0321,1424.312
31.7415,10559.8377,38.4318,240.0036,9.172,0.017829,-0.092381,3.1658,89.9948,-0.21051,4.5009,5.6136,15.5256,-34.9716,-0.00071858,1.24,0.081941,3.1706e-07,0.040638,0,87.0604,0.15876,0.81912,481.031,1424.2942
31.7478,10559.8377,38.4318,240.0036,9.172,0.017829,-0.092381,3.1658,89.9948,-0.21051,4.5009,5.6136,15.5256,-34.9716,-0.00071858,1.24,0.081941,3.1706e-07,0.040638,0,87.0604,0.15859,0.82818,481.031,1424.2942
31.7478,10559.8377,38.4318,240.0036,9.172,0.017829,-0.092381,3.1658,89.9948,-0.21051,4.5009,5.6136,15.5256,-34.9716,-0.00071858,1.24,0.081941,3.1706e-07,0.040638,0,87.0604,0.15859,0.82818,481.031,1424.2942
31.7499,10560.1579,38.4347,240.0041,9.1721,0.017626,-0.066,3.7642,89.9931,-0.17087,4.5007,5.71,16.3891,-34.8852,-0.00078968,1.1823,0.096204,3.1702e-07,0.040649,0,87.2072,0.15895,0.79205,481.0298,1424.2765
31.7519,10560.1579,38.4347,240.0041,9.1721,0.017626,-0.066,3.7642,89.9931,-0.17087,4.5007,5.71,16.3891,-34.8852,-0.00078968,1.1823,0.096204,3.1702e-07,0.040649,0,87.2072,0.1589,0.80069,481.0298,1424.2765
31.7561,10560.1579,38.4347,240.0041,9.1721,0.017626,-0.066,3.7642,89.9931,-0.17087,4.5007,5.71,16.3891,-34.8852,-0.00078968,1.1823,0.096204,3.1702e-07,0.040649,0,87.2072,0.15879,0.81342,481.0298,1424.2765
31.7582,10560.4782,38.4378,240.0049,9.1723,0.01737,-0.034631,4.3361,89.9916,-0.12434,4.5006,5.7965,16.7567,-34.722,-0.00083654,0.10862,0.10702,3.1699e-07,0.04066,0,87.3386,0.15911,0.76507,481.0287,1424.2587
31.7665,10560.7986,38.4409,240.0058,9.1724,0.017046,0.001503,4.3962,89.9906,-0.072574,4.5004,5.8733,7.6853,-32.0297,-0.0008828,-1.5652,0.11467,3.1696e-07,0.040671,0,86.9861,0.15921,0.7382,481.0276,1424.2409
31.7749,10561.1189,38.4436,240.0057,9.1726,0.016634,0.038138,3.6578,89.99,-0.01711,4.5002,5.7392,-7.0355,-27.8543,-0.00090887,-1.5577,0.11957,3.1693e-07,0.040681,0,86.6339,0.15916,0.80317,481.0264,1424.2232
31.7763,10561.1189,38.4436,240.0057,9.1726,0.016634,0.038138,3.6578,89.99,-0.01711,4.5002,5.7392,-7.0355,-27.8543,-0.00090887,-1.5577,0.11957,3.1693e-07,0.040681,0,86.6339,0.15912,0.80761,481.0264,1424.2232
31.7763,10561.1189,38.4436,240.0057,9.1726,0.016634,0.038138,3.6578,89.99,-0.01711,4.5002,5.7392,-7.0355,-27.8543,-0.00090887,-1.5577,0.11957,3.1693e-07,0.040681,0,86.6339,0.15912,0.80761,481.0264,1424.2232
31.7832,10561.4393,38.4462,240.0049,9.1727,0.016141,0.068619,2.9232,89.9898,0.040724,4.5,5.6005,-6.6689,-27.8813,-0.00093309,-1.5279,0.12195,3.169e-07,0.040692,0,86.2821,0.15899,0.87666,481.0253,1424.2054
31.7891,10561.4393,38.4462,240.0049,9.1727,0.016141,0.068619,2.9232,89.9898,0.040724,4.5,5.6005,-6.6689,-27.8813,-0.00093309,-1.5279,0.12195,3.169e-07,0.040692,0,86.2821,0.15883,0.85945,481.0253,1424.2054
31.7891,10561.4393,38.4462,240.0049,9.1727,0.016141,0.068619,2.9232,89.9898,0.040724,4.5,5.6005,-6.6689,-27.8813,-0.00093309,-1.5279,0.12195,3.169e-07,0.040692,0,86.2821,0.15883,0.85945,481.0253,1424.2054
31.7915,10561.7597,38.4485,240.0035,9.1729,0.015584,0.092979,2.2031,89.9902,0.099706,4.4999,5.458,-6.2551,-27.9623,-0.00086304,-1.497,0.11647,3.1687e-07,0.040703,0,86.2217,0.15871,0.95326,481.0241,1424.1877
31.794,10561.7597,38.4485,240.0035,9.1729,0.015584,0.092979,2.2031,89.9902,0.099706,4.4999,5.458,-6.2551,-27.9623,-0.00086304,-1.497,0.11647,3.1687e-07,0.040703,0,86.2217,0.15864,0.92815,481.0241,1424.1877
31.7989,10561.7597,38.4485,240.0035,9.1729,0.015584,0.092979,2.2031,89.9902,0.099706,4.4999,5.458,-6.2551,-27.9623,-0.00086304,-1.497,0.11647,3.1687e-07,0.040703,0,86.2217,0.15851,0.89323,481.0241,1424.1877
31.7999,10562.0801,38.4511,240.0028,9.173,0.015032,0.11134,1.4973,89.991,0.15604,4.4997,5.4918,-6.3213,-28.0496,-0.00075018,-1.4642,0.097607,3.1683e-07,0.040714,0,86.3682,0.15847,0.94257,481.023,1424.1699
31.8045,10562.0801,38.4511,240.0028,9.173,0.015032,0.11134,1.4973,89.991,0.15604,4.4997,5.4918,-6.3213,-28.0496,-0.00075018,-1.4642,0.097607,3.1683e-07,0.040714,0,86.3682,0.15835,0.90422,481.023,1424.1699
31.8082,10562.4005,38.4537,240.0022,9.1732,0.014539,0.12382,0.80571,89.9923,0.20325,4.4996,5.4925,-7.2051,-28.1427,-0.00061235,-1.4309,0.072434,3.1678e-07,0.040724,0,86.5147,0.1583,0.92323,481.0219,1424.1521
31.8165,10562.721,38.4563,240.0019,9.1733,0.014145,0.13053,0.12809,89.994,0.23828,4.4994,5.478,-8.4763,-28.2369,-0.0005163,-1.3977,0.04441,3.1672e-07,0.040735,0,86.6613,0.15824,0.89992,481.0207,1424.1344
31.8249,10563.0415,38.459,240.0017,9.1734,0.013845,0.1316,-0.53582,89.996,0.25976,4.4992,5.4573,-9.9253,-28.3265,-0.00046684,-1.365,0.015613,3.1666e-07,0.040746,0,86.808,0.15829,0.87471,481.0196,1424.1166
31.8332,10563.362,38.4617,240.0018,9.1735,0.013626,0.12713,-1.1863,89.9982,0.26731,4.499,5.4355,-11.4261,-28.4099,-0.00047395,-1.3332,-0.012085,3.1658e-07,0.040756,0,86.9547,0.15842,0.84855,481.0184,1424.0988
31.8415,10563.6825,38.4645,240.0021,9.1737,0.013457,0.11725,-1.8238,90.0004,0.26146,4.4988,5.4174,-12.865,-28.4854,-0.00052821,-1.3025,-0.037415,3.1649e-07,0.040767,0,87.1014,0.15862,0.82184,481.0173,1424.0811
31.8499,10564.003,38.4674,240.0027,9.1738,0.013305,0.10205,-2.4486,90.0026,0.24337,4.4987,5.4058,-14.1648,-28.5529,-0.00061536,-1.273,-0.059608,3.1639e-07,0.040778,0,87.2482,0.15885,0.79478,481.0161,1424.0633
31.8582,10564.3236,38.4703,240.0034,9.1739,0.013137,0.081643,-3.061,90.0046,0.21453,4.4985,5.4025,-15.2788,-28.6125,-0.00071555,-1.2449,-0.07827,3.1628e-07,0.040789,0,87.395,0.15908,0.76745,481.015,1424.0455
31.8627,10564.3236,38.4703,240.0034,9.1739,0.013137,0.081643,-3.061,90.0046,0.21453,4.4985,5.4025,-15.2788,-28.6125,-0.00071555,-1.2449,-0.07827,3.1628e-07,0.040789,0,87.395,0.15896,0.79337,481.015,1424.0455
31.8627,10564.3236,38.4703,240.0034,9.1739,0.013137,0.081643,-3.061,90.0046,0.21453,4.4985,5.4025,-15.2788,-28.6125,-0.00071555,-1.2449,-0.07827,3.1628e-07,0.040789,0,87.395,0.15896,0.79337,481.015,1424.0455
31.8665,10564.6442,38.4734,240.0044,9.174,0.012926,0.056135,-3.6614,90.0064,0.17668,4.4983,5.4082,-16.183,-28.6653,-0.00084863,-1.218,-0.093307,3.1616e-07,0.040799,0,87.0426,0.15928,0.73991,481.0139,1424.0278
31.8703,10564.6442,38.4734,240.0044,9.174,0.012926,0.056135,-3.6614,90.0064,0.17668,4.4983,5.4082,-16.183,-28.6653,-0.00084863,-1.218,-0.093307,3.1616e-07,0.040799,0,87.0426,0.15918,0.771,481.0139,1424.0278
31.874,10564.6442,38.4734,240.0044,9.174,0.012926,0.056135,-3.6614,90.0064,0.17668,4.4983,5.4082,-16.183,-28.6653,-0.00084863,-1.218,-0.093307,3.1616e-07,0.040799,0,87.0426,0.15908,0.79174,481.0139,1424.0278
31.874,10564.6442,38.4734,240.0044,9.174,0.012926,0.056135,-3.6614,90.0064,0.17668,4.4983,5.4082,-16.183,-28.6653,-0.00084863,-1.218,-0.093307,3.1616e-07,0.040799,0,87.0426,0.15908,0.79174,481.0139,1424.0278
31.8749,10564.9648,38.476,240.0042,9.1742,0.012634,0.025623,-4.2502,90.0079,0.13155,4.4981,5.2198,-16.8715,-28.7099,-0.0009591,-0.38755,-0.10485,3.1603e-07,0.04081,0,86.6904,0.15933,0.80433,481.0127,1424.01
31.8757,10564.9648,38.476,240.0042,9.1742,0.012634,0.025623,-4.2502,90.0079,0.13155,4.4981,5.2198,-16.8715,-28.7099,-0.0009591,-0.38755,-0.10485,3.1603e-07,0.04081,0,86.6904,0.1593,0.80702,481.0127,1424.01
31.8774,10564.9648,38.476,240.0042,9.1742,0.012634,0.025623,-4.2502,90.0079,0.13155,4.4981,5.2198,-16.8715,-28.7099,-0.0009591,-0.38755,-0.10485,3.1603e-07,0.04081,0,86.6904,0.15926,0.81176,481.0127,1424.01
31.8807,10564.9648,38.476,240.0042,9.1742,0.012634,0.025623,-4.2502,90.0079,0.13155,4.4981,5.2198,-16.8715,-28.7099,-0.0009591,-0.38755,-0.10485,3.1603e-07,0.04081,0,86.6904,0.15918,0.81919,481.0127,1424.01
31.8822,10564.9648,38.476,240.0042,9.1742,0.012634,0.025623,-4.2502,90.0079,0.13155,4.4981,5.2198,-16.8715,-28.7099,-0.0009591,-0.38755,-0.10485,3.1603e-07,0.04081,0,86.6904,0.15914,0.82189,481.0127,1424.01
31.8822,10564.9648,38.476,240.0042,9.1742,0.012634,0.025623,-4.2502,90.0079,0.13155,4.4981,5.2198,-16.8715,-28.7099,-0.0009591,-0.38755,-0.10485,3.1603e-07,0.04081,0,86.6904,0.15914,0.82189,481.0127,1424.01
31.8832,10565.2855,38.4785,240.0035,9.1743,0.012248,-0.0097953,-4.4433,90.009,0.080834,4.4979,5.0408,-10.0511,-30.7709,-0.0010207,1.286,-0.11313,3.159e-07,0.040821,0,86.3386,0.15924,0.87778,481.0116,1423.9922
31.8842,10565.2855,38.4785,240.0035,9.1743,0.012248,-0.0097953,-4.4433,90.009,0.080834,4.4979,5.0408,-10.0511,-30.7709,-0.0010207,1.286,-0.11313,3.159e-07,0.040821,0,86.3386,0.15922,0.87401,481.0116,1423.9922
31.8862,10565.2855,38.4785,240.0035,9.1743,0.012248,-0.0097953,-4.4433,90.009,0.080834,4.4979,5.0408,-10.0511,-30.7709,-0.0010207,1.286,-0.11313,3.159e-07,0.040821,0,86.3386,0.15916,0.86753,481.0116,1423.9922
31.8903,10565.2855,38.4785,240.0035,9.1743,0.012248,-0.0097953,-4.4433,90.009,0.080834,4.4979,5.0408,-10.0511,-30.7709,-0.0010207,1.286,-0.11313,3.159e-07,0.040821,0,86.3386,0.15906,0.85789,481.0116,1423.9922
31.8915,10565.6061,38.4808,240.0021,9.1744,0.011768,-0.046823,-3.838,90.0096,0.026118,4.4977,4.8714,4.6195,-34.96,-0.00094832,1.5648,-0.1186,3.1578e-07,0.040832,0,86.3032,0.15902,0.95449,481.0104,1423.9744
31.8923,10565.6061,38.4808,240.0021,9.1744,0.011768,-0.046823,-3.838,90.0096,0.026118,4.4977,4.8714,4.6195,-34.96,-0.00094832,1.5648,-0.1186,3.1578e-07,0.040832,0,86.3032,0.159,0.9461,481.0104,1423.9744
31.8923,10565.6061,38.4808,240.0021,9.1744,0.011768,-0.046823,-3.838,90.0096,0.026118,4.4977,4.8714,4.6195,-34.96,-0.00094832,1.5648,-0.1186,3.1578e-07,0.040832,0,86.3032,0.159,0.9461,481.0104,1423.9744
31.8986,10565.6061,38.4808,240.0021,9.1744,0.011768,-0.046823,-3.838,90.0096,0.026118,4.4977,4.8714,4.6195,-34.96,-0.00094832,1.5648,-0.1186,3.1578e-07,0.040832,0,86.3032,0.15884,0.89596,481.0104,1423.9744
31.8999,10565.9268,38.4832,240.0013,9.1745,0.011252,-0.078806,-3.1,90.0098,-0.031244,4.4975,4.9045,6.8075,-35.6712,-0.00081982,1.535,-0.12161,3.1565e-07,0.040842,0,86.4496,0.15881,0.94405,481.0093,1423.9567
31.9049,10565.9268,38.4832,240.0013,9.1745,0.011252,-0.078806,-3.1,90.0098,-0.031244,4.4975,4.9045,6.8075,-35.6712,-0.00081982,1.535,-0.12161,3.1565e-07,0.040842,0,86.4496,0.15868,0.90249,481.0093,1423.9567
31.9049,10565.9268,38.4832,240.0013,9.1745,0.011252,-0.078806,-3.1,90.0098,-0.031244,4.4975,4.9045,6.8075,-35.6712,-0.00081982,1.535,-0.12161,3.1565e-07,0.040842,0,86.4496,0.15868,0.90249,481.0093,1423.9567
31.9082,10566.2475,38.4857,240.0007,9.1746,0.01074,-0.10464,-2.3765,90.0096,-0.090063,4.4973,4.9438,6.3482,-35.6122,-0.00065135,1.5044,-0.11813,3.1553e-07,0.040853,0,86.5962,0.1586,0.92498,481.0082,1423.9389
31.9115,10566.2475,38.4857,240.0007,9.1746,0.01074,-0.10464,-2.3765,90.0096,-0.090063,4.4973,4.9438,6.3482,-35.6122,-0.00065135,1.5044,-0.11813,3.1553e-07,0.040853,0,86.5962,0.15852,0.90132,481.0082,1423.9389
31.9165,10566.5682,38.4883,240.0004,9.1747,0.010276,-0.12444,-1.6673,90.0088,-0.14719,4.4971,4.9997,6.2886,-35.5518,-0.00051178,1.472,-0.10184,3.1541e-07,0.040864,0,86.7427,0.15846,0.90192,481.007,1423.9211
31.9249,10566.889,38.4909,240.0002,9.1748,0.009879,-0.13834,-0.97231,90.0076,-0.19645,4.4969,5.0885,7.012,-35.4837,-0.00040767,1.4387,-0.077855,3.1531e-07,0.040874,0,86.8894,0.15839,0.87696,481.0059,1423.9033
31.9332,10567.2097,38.4936,240.0003,9.1749,0.009562,-0.14644,-0.29139,90.006,-0.2341,4.4967,5.1974,8.2087,-35.4099,-0.00035399,1.4054,-0.050362,3.1521e-07,0.040885,0,87.0361,0.15841,0.85099,481.0047,1423.8856
31.9415,10567.5305,38.4963,240.0006,9.175,0.0093207,-0.14887,0.37577,90.004,-0.25846,4.4965,5.3162,9.6246,-35.3314,-0.00035259,1.3726,-0.021669,3.1513e-07,0.040896,0,87.1828,0.15852,0.82441,481.0036,1423.8678
31.9499,10567.8514,38.4991,240.0011,9.1751,0.00914,-0.14574,1.0295,90.0019,-0.26894,4.4963,5.4389,11.1194,-35.249,-0.00040087,1.3406,0.0063081,3.1506e-07,0.040907,0,87.3295,0.1587,0.79744,481.0024,1423.85
31.9582,10568.1722,38.5019,240.0018,9.1752,0.0089955,-0.13716,1.67,89.9996,-0.26589,4.4961,5.5607,12.5768,-35.1634,-0.00048849,1.3097,0.032165,3.1501e-07,0.040917,0,87.4763,0.15893,0.77015,481.0013,1423.8322
31.9665,10568.493,38.5048,240.0028,9.1752,0.0088591,-0.12324,2.2978,89.9974,-0.25033,4.4959,5.6777,13.9114,-35.0756,-0.00063776,1.28,0.055034,3.1496e-07,0.040928,0,87.1239,0.15918,0.74261,481.0002,1423.8144
31.9749,10568.8139,38.5074,240.0028,9.1753,0.0086849,-0.10409,2.9132,89.9953,-0.22371,4.4957,5.6174,15.0702,-34.9843,-0.00080987,1.2515,0.074443,3.1493e-07,0.040939,0,86.7718,0.15934,0.7922,480.999,1423.7966
31.9763,10568.8139,38.5074,240.0028,9.1753,0.0086849,-0.10409,2.9132,89.9953,-0.22371,4.4957,5.6174,15.0702,-34.9843,-0.00080987,1.2515,0.074443,3.1493e-07,0.040939,0,86.7718,0.1593,0.79836,480.999,1423.7966
31.9763,10568.8139,38.5074,240.0028,9.1753,0.0086849,-0.10409,2.9132,89.9953,-0.22371,4.4957,5.6174,15.0702,-34.9843,-0.00080987,1.2515,0.074443,3.1493e-07,0.040939,0,86.7718,0.1593,0.79836,480.999,1423.7966
31.9832,10569.1348,38.5098,240.0022,9.1754,0.0084413,-0.079815,3.5165,89.9935,-0.18771,4.4955,5.5179,16.0245,-34.8917,-0.00097154,1.2243,0.090238,3.1491e-07,0.04095,0,86.4199,0.15938,0.86363,480.9979,1423.7788
31.9874,10569.1348,38.5098,240.0022,9.1754,0.0084413,-0.079815,3.5165,89.9935,-0.18771,4.4955,5.5179,16.0245,-34.8917,-0.00097154,1.2243,0.090238,3.1491e-07,0.04095,0,86.4199,0.15928,0.85522,480.9979,1423.7788
31.9874,10569.1348,38.5098,240.0022,9.1754,0.0084413,-0.079815,3.5165,89.9935,-0.18771,4.4955,5.5179,16.0245,-34.8917,-0.00097154,1.2243,0.090238,3.1491e-07,0.04095,0,86.4199,0.15928,0.85522,480.9979,1423.7788
31.9915,10569.4558,38.5121,240.0009,9.1755,0.0081102,-0.050511,4.108,89.9919,-0.14406,4.4953,5.4112,16.7646,-34.7997,-0.0010101,0.80952,0.1025,3.149e-07,0.04096,0,86.0684,0.1593,0.93919,480.9967,1423.7611
31.9957,10569.4558,38.5121,240.0009,9.1755,0.0081102,-0.050511,4.108,89.9919,-0.14406,4.4953,5.4112,16.7646,-34.7997,-0.0010101,0.80952,0.1025,3.149e-07,0.04096,0,86.0684,0.1592,0.90559,480.9967,1423.7611
31.9962,10569.4558,38.5121,240.0009,9.1755,0.0081102,-0.050511,4.108,89.9919,-0.14406,4.4953,5.4112,16.7646,-34.7997,-0.0010101,0.80952,0.1025,3.149e-07,0.04096,0,86.0684,0.15918,0.9019,480.9967,1423.7611
31.9962,10569.4558,38.5121,240.0009,9.1755,0.0081102,-0.050511,4.108,89.9919,-0.14406,4.4953,5.4112,16.7646,-34.7997,-0.0010101,0.80952,0.1025,3.149e-07,0.04096,0,86.0684,0.15918,0.9019,480.9967,1423.7611
31.9999,10569.7767,38.5145,240.0003,9.1756,0.0077268,-0.016278,4.5025,89.9907,-0.09449,4.4951,5.4899,13.7652,-33.7474,-0.00095209,-0.86295,0.11147,3.1489e-07,0.040971,0,86.2149,0.15921,0.92835,480.9956,1423.7433
32.0035,10569.7767,38.5145,240.0003,9.1756,0.0077268,-0.016278,4.5025,89.9907,-0.09449,4.4951,5.4899,13.7652,-33.7474,-0.00095209,-0.86295,0.11147,3.1489e-07,0.040971,0,86.2149,0.15912,0.90147,480.9956,1423.7433
32.0082,10570.0977,38.5169,239.9998,9.1756,0.0073135,0.021243,4.099,89.9899,-0.040579,4.4948,5.5595,-0.85887,-29.5739,-0.00080358,-1.5753,0.11751,3.1489e-07,0.040982,0,86.3615,0.15909,0.90917,480.9944,1423.7255
32.0165,10570.4186,38.5194,239.9996,9.1757,0.0068995,0.055401,3.356,89.9896,0.016255,4.4946,5.6214,-6.9534,-27.8124,-0.00066186,-1.5453,0.12103,3.1489e-07,0.040992,0,86.5081,0.15899,0.88619,480.9933,1423.7077
32.0203,10570.4186,38.5194,239.9996,9.1757,0.0068995,0.055401,3.356,89.9896,0.016255,4.4946,5.6214,-6.9534,-27.8124,-0.00066186,-1.5453,0.12103,3.1489e-07,0.040992,0,86.5081,0.15889,0.87176,480.9933,1423.7077
32.0203,10570.4186,38.5194,239.9996,9.1757,0.0068995,0.055401,3.356,89.9896,0.016255,4.4946,5.6214,-6.9534,-27.8124,-0.00066186,-1.5453,0.12103,3.1489e-07,0.040992,0,86.5081,0.15889,0.87176,480.9933,1423.7077
32.0249,10570.7397,38.522,239.9996,9.1758,0.0064916,0.083367,2.6275,89.9897,0.074791,4.4944,5.6775,-6.4685,-27.9042,-0.00053746,-1.5151,0.12027,3.1488e-07,0.041003,0,86.6547,0.1589,0.86134,480.9921,1423.6899
32.0294,10570.7397,38.522,239.9996,9.1758,0.0064916,0.083367,2.6275,89.9897,0.074791,4.4944,5.6775,-6.4685,-27.9042,-0.00053746,-1.5151,0.12027,3.1488e-07,0.041003,0,86.6547,0.15879,0.8537,480.9921,1423.6899
32.0332,10571.0607,38.5246,239.9998,9.1758,0.0061012,0.10526,1.9133,89.9903,0.13296,4.4942,5.7236,-6.2463,-27.9941,-0.00044563,-1.4832,0.1077,3.1487e-07,0.041014,0,86.8014,0.15884,0.8355,480.991,1423.6721
32.0415,10571.3817,38.5273,240.0002,9.1759,0.0057431,0.12121,1.2135,89.9914,0.18505,4.4939,5.7411,-6.7452,-28.0848,-0.0003905,-1.45,0.08538,3.1485e-07,0.041025,0,86.9482,0.15882,0.80904,480.9899,1423.6543
32.0499,10571.7028,38.53,240.0008,9.176,0.005431,0.13132,0.52773,89.993,0.22634,4.4937,5.7351,-7.8408,-28.1751,-0.00037345,-1.4167,0.058654,3.1483e-07,0.041035,0,87.0949,0.15886,0.78213,480.9887,1423.6365
32.0582,10572.0239,38.5328,240.0017,9.176,0.0051692,0.13572,-0.14415,89.9949,0.25471,4.4934,5.7191,-9.2084,-28.2619,-0.00039408,-1.3837,0.030121,3.1479e-07,0.041046,0,86.7426,0.15896,0.75484,480.9876,1423.6187
32.0665,10572.345,38.5357,240.0028,9.1761,0.0049526,0.13452,-0.80247,89.997,0.26928,4.4932,5.6994,-10.6904,-28.3437,-0.00049453,-1.3514,0.0017676,3.1474e-07,0.041057,0,86.3902,0.15912,0.72723,480.9864,1423.6009
32.0749,10572.6661,38.5382,240.0027,9.1761,0.0047456,0.12783,-1.4476,89.9992,0.27013,4.493,5.4778,-12.1663,-28.4166,-0.00063472,-1.3201,-0.02482,3.1468e-07,0.041068,0,86.038,0.15922,0.79157,480.9853,1423.5831
32.0832,10572.9873,38.5405,240.0021,9.1762,0.0045226,0.11577,-2.0797,90.0015,0.25813,4.4928,5.2633,-13.5397,-28.4818,-0.00079387,-1.2899,-0.048628,3.1461e-07,0.041078,0,85.6862,0.15927,0.86448,480.9841,1423.5653
32.0915,10573.3085,38.5426,240.0008,9.1762,0.0042606,0.098434,-2.6994,90.0036,0.23461,4.4926,5.0581,-14.7489,-28.5401,-0.00086527,-1.2611,-0.069081,3.1452e-07,0.041089,0,85.4102,0.15924,0.94061,480.983,1423.5475
32.0999,10573.6297,38.5449,240.0002,9.1763,0.0039821,0.075939,-3.3068,90.0056,0.2012,4.4923,5.0574,-15.7589,-28.5973,-0.00087831,-1.2335,-0.085939,3.1443e-07,0.0411,0,85.5567,0.15922,0.92937,480.9819,1423.5297
32.1007,10573.6297,38.5449,240.0002,9.1763,0.0039821,0.075939,-3.3068,90.0056,0.2012,4.4923,5.0574,-15.7589,-28.5973,-0.00087831,-1.2335,-0.085939,3.1443e-07,0.0411,0,85.5567,0.1592,0.92262,480.9819,1423.5297
32.1007,10573.6297,38.5449,240.0002,9.1763,0.0039821,0.075939,-3.3068,90.0056,0.2012,4.4923,5.0574,-15.7589,-28.5973,-0.00087831,-1.2335,-0.085939,3.1443e-07,0.0411,0,85.5567,0.1592,0.92262,480.9819,1423.5297
32.1082,10573.9509,38.5472,239.9997,9.1763,0.0036929,0.048383,-3.9024,90.0073,0.15964,4.4921,5.0653,-16.5552,-28.6517,-0.00082045,-1.0998,-0.099223,3.1433e-07,0.041111,0,85.7032,0.15921,0.90955,480.9807,1423.5119
32.1101,10573.9509,38.5472,239.9997,9.1763,0.0036929,0.048383,-3.9024,90.0073,0.15964,4.4921,5.0653,-16.5552,-28.6517,-0.00082045,-1.0998,-0.099223,3.1433e-07,0.041111,0,85.7032,0.15916,0.89744,480.9807,1423.5119
32.1101,10573.9509,38.5472,239.9997,9.1763,0.0036929,0.048383,-3.9024,90.0073,0.15964,4.4921,5.0653,-16.5552,-28.6517,-0.00082045,-1.0998,-0.099223,3.1433e-07,0.041111,0,85.7032,0.15916,0.89744,480.9807,1423.5119
32.1165,10574.2721,38.5496,239.9995,9.1764,0.0034037,0.015863,-4.4352,90.0086,0.11165,4.4919,5.0804,-16.1651,-28.9737,-0.00074511,0.32808,-0.10914,3.1423e-07,0.041121,0,85.8498,0.15921,0.88637,480.9796,1423.4941
32.1229,10574.2721,38.5496,239.9995,9.1764,0.0034037,0.015863,-4.4352,90.0086,0.11165,4.4919,5.0804,-16.1651,-28.9737,-0.00074511,0.32808,-0.10914,3.1423e-07,0.041121,0,85.8498,0.15905,0.86465,480.9796,1423.4941
32.1249,10574.5934,38.5521,239.9995,9.1764,0.0030999,-0.021097,-4.2869,90.0095,0.058868,4.4916,5.1032,-3.8238,-32.5462,-0.0006363,1.5827,-0.11601,3.1412e-07,0.041132,0,85.9965,0.1592,0.86162,480.9784,1423.4763
32.1332,10574.9147,38.5546,239.9997,9.1764,0.0027774,-0.056821,-3.5402,90.01,0.0027607,4.4914,5.1335,7.1316,-35.7002,-0.00053468,1.5528,-0.12022,3.1401e-07,0.041143,0,86.1432,0.15919,0.836,480.9773,1423.4585
32.1356,10574.9147,38.5546,239.9997,9.1764,0.0027774,-0.056821,-3.5402,90.01,0.0027607,4.4914,5.1335,7.1316,-35.7002,-0.00053468,1.5528,-0.12022,3.1401e-07,0.041143,0,86.1432,0.15913,0.83695,480.9773,1423.4585
32.1356,10574.9147,38.5546,239.9997,9.1764,0.0027774,-0.056821,-3.5402,90.01,0.0027607,4.4914,5.1335,7.1316,-35.7002,-0.00053468,1.5528,-0.12022,3.1401e-07,0.041143,0,86.1432,0.15913,0.83695,480.9773,1423.4585
32.1415,10575.236,38.5572,240.0001,9.1765,0.002437,-0.086323,-2.8081,90.01,-0.055382,4.4911,5.171,6.5971,-35.6406,-0.00045732,1.5228,-0.12161,3.139e-07,0.041153,0,86.2899,0.15917,0.80981,480.9761,1423.4407
32.1474,10575.236,38.5572,240.0001,9.1765,0.002437,-0.086323,-2.8081,90.01,-0.055382,4.4911,5.171,6.5971,-35.6406,-0.00045732,1.5228,-0.12161,3.139e-07,0.041153,0,86.2899,0.15903,0.82334,480.9761,1423.4407
32.1488,10575.236,38.5572,240.0001,9.1765,0.002437,-0.086323,-2.8081,90.01,-0.055382,4.4911,5.171,6.5971,-35.6406,-0.00045732,1.5228,-0.12161,3.139e-07,0.041153,0,86.2899,0.159,0.82555,480.9761,1423.4407
32.1488,10575.236,38.5572,240.0001,9.1765,0.002437,-0.086323,-2.8081,90.01,-0.055382,4.4911,5.171,6.5971,-35.6406,-0.00045732,1.5228,-0.12161,3.139e-07,0.041153,0,86.2899,0.159,0.82555,480.9761,1423.4407
32.1499,10575.5573,38.5598,240.0007,9.1765,0.0020851,-0.10972,-2.0904,90.0096,-0.1142,4.4909,5.2162,6.2385,-35.5778,-0.00040322,1.4915,-0.11313,3.138e-07,0.041164,0,86.4366,0.15915,0.78318,480.975,1423.4229
32.1509,10575.5573,38.5598,240.0007,9.1765,0.0020851,-0.10972,-2.0904,90.0096,-0.1142,4.4909,5.2162,6.2385,-35.5778,-0.00040322,1.4915,-0.11313,3.138e-07,0.041164,0,86.4366,0.15913,0.78875,480.975,1423.4229
32.153,10575.5573,38.5598,240.0007,9.1765,0.0020851,-0.10972,-2.0904,90.0096,-0.1142,4.4909,5.2162,6.2385,-35.5778,-0.00040322,1.4915,-0.11313,3.138e-07,0.041164,0,86.4366,0.15908,0.79829,480.975,1423.4229
32.1571,10575.5573,38.5598,240.0007,9.1765,0.0020851,-0.10972,-2.0904,90.0096,-0.1142,4.4909,5.2162,6.2385,-35.5778,-0.00040322,1.4915,-0.11313,3.138e-07,0.041164,0,86.4366,0.15898,0.81236,480.975,1423.4229
32.1582,10575.8786,38.5625,240.0015,9.1765,0.0017385,-0.12714,-1.3869,90.0086,-0.16891,4.4906,5.2869,6.4839,-35.5088,-0.00037411,1.4586,-0.092729,3.1371e-07,0.041175,0,86.5834,0.15915,0.75617,480.9738,1423.4051
32.1637,10575.8786,38.5625,240.0015,9.1765,0.0017385,-0.12714,-1.3869,90.0086,-0.16891,4.4906,5.2869,6.4839,-35.5088,-0.00037411,1.4586,-0.092729,3.1371e-07,0.041175,0,86.5834,0.15902,0.79147,480.9738,1423.4051
32.1665,10576.2,38.5653,240.0026,9.1766,0.001419,-0.1387,-0.69768,90.0072,-0.21376,4.4903,5.3883,7.4598,-35.4327,-0.0004146,1.4252,-0.066879,3.1363e-07,0.041186,0,86.2311,0.15919,0.72879,480.9727,1423.3873
32.1749,10576.5214,38.5677,240.0026,9.1766,0.0011191,-0.14452,-0.022339,90.0054,-0.2461,4.4901,5.3011,8.7724,-35.3497,-0.0004922,1.3921,-0.038611,3.1355e-07,0.041196,0,85.8789,0.15917,0.79327,480.9716,1423.3695
32.1832,10576.8428,38.5699,240.0019,9.1766,0.00083676,-0.1447,0.63936,90.0034,-0.26478,4.4898,5.2227,10.2377,-35.2629,-0.00059859,1.3596,-0.0099748,3.135e-07,0.041207,0,85.5271,0.15914,0.86625,480.9704,1423.3517
32.1915,10577.1642,38.5719,240.0006,9.1766,0.00056368,-0.13937,1.2877,90.0012,-0.2696,4.4896,5.148,11.7313,-35.1735,-0.00063816,1.328,0.017272,3.1345e-07,0.041218,0,85.5287,0.15907,0.94242,480.9693,1423.3339
32.1999,10577.4856,38.574,239.9999,9.1766,0.00032735,-0.12864,1.9231,89.9989,-0.26125,4.4894,5.2663,13.1465,-35.0877,-0.0006485,1.2975,0.041973,3.1341e-07,0.041229,0,85.6752,0.15907,0.9312,480.9681,1423.3161
32.2082,10577.8071,38.5763,239.9995,9.1766,0.00012924,-0.11262,2.5458,89.9968,-0.24095,4.4892,5.3784,14.4131,-35.0038,-0.00062954,1.2683,0.063443,3.1339e-07,0.041239,0,85.8217,0.15913,0.91141,480.967,1423.2983
32.2165,10578.1286,38.5786,239.9993,9.1767,-3.4939e-05,-0.091401,3.1563,89.9947,-0.21027,4.4889,5.4823,15.4891,-34.9216,-0.00062924,1.2404,0.081354,3.1338e-07,0.04125,0,85.9683,0.15922,0.88774,480.9658,1423.2804
32.2227,10578.1286,38.5786,239.9993,9.1767,-3.4939e-05,-0.091401,3.1563,89.9947,-0.21027,4.4889,5.4823,15.4891,-34.9216,-0.00062924,1.2404,0.081354,3.1338e-07,0.04125,0,85.9683,0.15908,0.86599,480.9658,1423.2804
32.2227,10578.1286,38.5786,239.9993,9.1767,-3.4939e-05,-0.091401,3.1563,89.9947,-0.21027,4.4889,5.4823,15.4891,-34.9216,-0.00062924,1.2404,0.081354,3.1338e-07,0.04125,0,85.9683,0.15908,0.86599,480.9658,1423.2804
32.2249,10578.4501,38.5809,239.9992,9.1767,-0.00019595,-0.065099,3.7548,89.993,-0.17092,4.4887,5.5776,16.3545,-34.8388,-0.00062593,1.1872,0.095659,3.1338e-07,0.041261,0,86.1149,0.15934,0.86226,480.9647,1423.2626
32.227,10578.4501,38.5809,239.9992,9.1767,-0.00019595,-0.065099,3.7548,89.993,-0.17092,4.4887,5.5776,16.3545,-34.8388,-0.00062593,1.1872,0.095659,3.1338e-07,0.041261,0,86.1149,0.15929,0.85806,480.9647,1423.2626
32.2313,10578.4501,38.5809,239.9992,9.1767,-0.00019595,-0.065099,3.7548,89.993,-0.17092,4.4887,5.5776,16.3545,-34.8388,-0.00062593,1.1872,0.095659,3.1338e-07,0.041261,0,86.1149,0.15919,0.85195,480.9647,1423.2626
32.2332,10578.7716,38.5833,239.9994,9.1767,-0.00037571,-0.033809,4.329,89.9916,-0.12466,4.4884,5.663,16.7655,-34.6904,-0.00061483,0.13024,0.10652,3.1338e-07,0.041271,0,86.2616,0.15944,0.83623,480.9635,1423.2448
32.2415,10579.0931,38.5858,239.9998,9.1767,-0.00059379,0.0022658,4.3994,89.9905,-0.07315,4.4881,5.7389,7.8489,-32.0424,-0.00057659,-1.5395,0.11421,3.1339e-07,0.041282,0,86.4083,0.15953,0.81008,480.9624,1423.227
32.2499,10579.4147,38.5883,240.0005,9.1767,-0.00085993,0.038927,3.6732,89.9899,-0.017917,4.4879,5.8065,-6.8319,-27.8814,-0.00052448,-1.5581,0.11916,3.1341e-07,0.041293,0,86.5551,0.15957,0.78364,480.9612,1423.2092
32.2512,10579.4147,38.5883,240.0005,9.1767,-0.00085993,0.038927,3.6732,89.9899,-0.017917,4.4879,5.8065,-6.8319,-27.8814,-0.00052448,-1.5581,0.11916,3.1341e-07,0.041293,0,86.5551,0.15954,0.79048,480.9612,1423.2092
32.2512,10579.4147,38.5883,240.0005,9.1767,-0.00085993,0.038927,3.6732,89.9899,-0.017917,4.4879,5.8065,-6.8319,-27.8814,-0.00052448,-1.5581,0.11916,3.1341e-07,0.041293,0,86.5551,0.15954,0.79048,480.9612,1423.2092
32.2582,10579.7363,38.5909,240.0013,9.1767,-0.0011699,0.069537,2.9384,89.9898,0.039708,4.4876,5.8676,-6.6984,-27.8478,-0.00048379,-1.5282,0.1216,3.1342e-07,0.041304,0,86.7019,0.15958,0.75689,480.9601,1423.1914
32.2639,10579.7363,38.5909,240.0013,9.1767,-0.0011699,0.069537,2.9384,89.9898,0.039708,4.4876,5.8676,-6.6984,-27.8478,-0.00048379,-1.5282,0.1216,3.1342e-07,0.041304,0,86.7019,0.15945,0.79301,480.9601,1423.1914
32.2639,10579.7363,38.5909,240.0013,9.1767,-0.0011699,0.069537,2.9384,89.9898,0.039708,4.4876,5.8676,-6.6984,-27.8478,-0.00048379,-1.5282,0.1216,3.1342e-07,0.041304,0,86.7019,0.15945,0.79301,480.9601,1423.1914
32.2665,10580.0579,38.5935,240.0023,9.1767,-0.001513,0.094024,2.2181,89.9901,0.098516,4.4873,5.9231,-6.2806,-27.9327,-0.00049563,-1.4975,0.11631,3.1342e-07,0.041314,0,86.3495,0.15958,0.7298,480.959,1423.1735
32.2691,10580.0579,38.5935,240.0023,9.1767,-0.001513,0.094024,2.2181,89.9901,0.098516,4.4873,5.9231,-6.2806,-27.9327,-0.00049563,-1.4975,0.11631,3.1342e-07,0.041314,0,86.3495,0.15952,0.75473,480.959,1423.1735
32.2743,10580.0579,38.5935,240.0023,9.1767,-0.001513,0.094024,2.2181,89.9901,0.098516,4.4873,5.9231,-6.2806,-27.9327,-0.00049563,-1.4975,0.11631,3.1342e-07,0.041314,0,86.3495,0.1594,0.78881,480.959,1423.1735
32.2749,10580.3795,38.5958,240.0023,9.1767,-0.00189,0.11251,1.5121,89.9909,0.15476,4.487,5.7569,-6.3358,-28.0151,-0.00052973,-1.4647,0.097719,3.1342e-07,0.041325,0,85.9974,0.15947,0.79454,480.9578,1423.1557
32.2777,10580.3795,38.5958,240.0023,9.1767,-0.00189,0.11251,1.5121,89.9909,0.15476,4.487,5.7569,-6.3358,-28.0151,-0.00052973,-1.4647,0.097719,3.1342e-07,0.041325,0,85.9974,0.1594,0.80546,480.9578,1423.1557
32.2832,10580.7011,38.5979,240.0016,9.1767,-0.0022784,0.12511,0.8203,89.9922,0.20202,4.4868,5.5602,-7.2026,-28.0994,-0.00057964,-1.4314,0.072717,3.1341e-07,0.041336,0,85.6456,0.1593,0.86774,480.9567,1423.1379
32.2915,10581.0228,38.5998,240.0003,9.1767,-0.0026589,0.13194,0.14247,89.9939,0.23719,4.4865,5.3502,-8.4633,-28.1824,-0.00055524,-1.3982,0.044817,3.134e-07,0.041347,0,85.618,0.1591,0.94404,480.9555,1423.1201
32.2999,10581.3445,38.6019,239.9996,9.1767,-0.0029786,0.13313,-0.52166,89.9959,0.25887,4.4863,5.3296,-9.9044,-28.2675,-0.00050587,-1.3655,0.01611,3.1337e-07,0.041357,0,85.7645,0.159,0.93293,480.9544,1423.1023
32.3082,10581.6661,38.604,239.9992,9.1767,-0.0032181,0.12879,-1.1724,89.998,0.26666,4.486,5.3074,-11.3995,-28.3504,-0.0004428,-1.3337,-0.011533,3.1333e-07,0.041368,0,85.911,0.15899,0.91321,480.9532,1423.0844
32.3165,10581.9878,38.6061,239.9989,9.1766,-0.0033731,0.11902,-1.8101,90.0003,0.26108,4.4858,5.2882,-12.8348,-28.4294,-0.0004233,-1.303,-0.036838,3.1328e-07,0.041379,0,86.0576,0.15907,0.88956,480.9521,1423.0666
32.3249,10582.3096,38.6083,239.9989,9.1766,-0.0034755,0.10393,-2.4351,90.0024,0.24327,4.4855,5.2755,-14.1329,-28.5004,-0.00043675,-1.2736,-0.059028,3.1321e-07,0.041389,0,86.2042,0.15922,0.8641,480.9509,1423.0488
32.3332,10582.6313,38.6106,239.9991,9.1766,-0.0035578,0.083639,-3.0477,90.0045,0.21472,4.4853,5.271,-15.2465,-28.5637,-0.00047971,-1.2454,-0.077703,3.1314e-07,0.0414,0,86.3509,0.1594,0.83774,480.9498,1423.031
32.3375,10582.6313,38.6106,239.9991,9.1766,-0.0035578,0.083639,-3.0477,90.0045,0.21472,4.4853,5.271,-15.2465,-28.5637,-0.00047971,-1.2454,-0.077703,3.1314e-07,0.0414,0,86.3509,0.1593,0.83877,480.9498,1423.031
32.3375,10582.6313,38.6106,239.9991,9.1766,-0.0035578,0.083639,-3.0477,90.0045,0.21472,4.4853,5.271,-15.2465,-28.5637,-0.00047971,-1.2454,-0.077703,3.1314e-07,0.0414,0,86.3509,0.1593,0.83877,480.9498,1423.031
32.3415,10582.9531,38.613,239.9995,9.1766,-0.0036552,0.058241,-3.6483,90.0062,0.17715,4.485,5.2756,-16.1512,-28.6193,-0.00052927,-1.2185,-0.092765,3.1306e-07,0.041411,0,86.4976,0.15957,0.81088,480.9486,1423.0131
32.3455,10582.9531,38.613,239.9995,9.1766,-0.0036552,0.058241,-3.6483,90.0062,0.17715,4.485,5.2756,-16.1512,-28.6193,-0.00052927,-1.2185,-0.092765,3.1306e-07,0.041411,0,86.4976,0.15948,0.82061,480.9486,1423.0131
32.3488,10582.9531,38.613,239.9995,9.1766,-0.0036552,0.058241,-3.6483,90.0062,0.17715,4.485,5.2756,-16.1512,-28.6193,-0.00052927,-1.2185,-0.092765,3.1306e-07,0.041411,0,86.4976,0.15941,0.82614,480.9486,1423.0131
32.3488,10582.9531,38.613,239.9995,9.1766,-0.0036552,0.058241,-3.6483,90.0062,0.17715,4.485,5.2756,-16.1512,-28.6193,-0.00052927,-1.2185,-0.092765,3.1306e-07,0.041411,0,86.4976,0.15941,0.82614,480.9486,1423.0131
32.3499,10583.2749,38.6154,240.0001,9.1766,-0.0037936,0.027838,-4.2373,90.0077,0.13229,4.4847,5.2888,-16.841,-28.6684,-0.00056299,-0.41888,-0.10434,3.1297e-07,0.041422,0,86.6443,0.15972,0.7839,480.9475,1422.9953
32.351,10583.2749,38.6154,240.0001,9.1766,-0.0037936,0.027838,-4.2373,90.0077,0.13229,4.4847,5.2888,-16.841,-28.6684,-0.00056299,-0.41888,-0.10434,3.1297e-07,0.041422,0,86.6443,0.1597,0.78966,480.9475,1422.9953
32.3531,10583.2749,38.6154,240.0001,9.1766,-0.0037936,0.027838,-4.2373,90.0077,0.13229,4.4847,5.2888,-16.841,-28.6684,-0.00056299,-0.41888,-0.10434,3.1297e-07,0.041422,0,86.6443,0.15965,0.79947,480.9475,1422.9953
32.357,10583.2749,38.6154,240.0001,9.1766,-0.0037936,0.027838,-4.2373,90.0077,0.13229,4.4847,5.2888,-16.841,-28.6684,-0.00056299,-0.41888,-0.10434,3.1297e-07,0.041422,0,86.6443,0.15956,0.81247,480.9475,1422.9953
32.357,10583.2749,38.6154,240.0001,9.1766,-0.0037936,0.027838,-4.2373,90.0077,0.13229,4.4847,5.2888,-16.841,-28.6684,-0.00056299,-0.41888,-0.10434,3.1297e-07,0.041422,0,86.6443,0.15956,0.81247,480.9475,1422.9953
32.3582,10583.5967,38.6178,240.0009,9.1765,-0.0039884,-0.0074722,-4.4453,90.0088,0.081832,4.4844,5.3094,-10.3023,-30.6565,-0.0005619,1.2503,-0.11265,3.1288e-07,0.041432,0,86.7615,0.15983,0.75714,480.9463,1422.9775
32.3594,10583.5967,38.6178,240.0009,9.1765,-0.0039884,-0.0074722,-4.4453,90.0088,0.081832,4.4844,5.3094,-10.3023,-30.6565,-0.0005619,1.2503,-0.11265,3.1288e-07,0.041432,0,86.7615,0.1598,0.76681,480.9463,1422.9775
32.3619,10583.5967,38.6178,240.0009,9.1765,-0.0039884,-0.0074722,-4.4453,90.0088,0.081832,4.4844,5.3094,-10.3023,-30.6565,-0.0005619,1.2503,-0.11265,3.1288e-07,0.041432,0,86.7615,0.15974,0.78287,480.9463,1422.9775
32.3665,10583.9185,38.6203,240.002,9.1765,-0.0042462,-0.044517,-3.8571,90.0095,0.027356,4.4841,5.3378,4.3255,-34.8379,-0.00057287,1.5654,-0.11816,3.1279e-07,0.041443,0,86.4092,0.15988,0.73019,480.9452,1422.9597
32.3672,10583.9185,38.6203,240.002,9.1765,-0.0042462,-0.044517,-3.8571,90.0095,0.027356,4.4841,5.3378,4.3255,-34.8379,-0.00057287,1.5654,-0.11816,3.1279e-07,0.041443,0,86.4092,0.15987,0.73696,480.9452,1422.9597
32.3672,10583.9185,38.6203,240.002,9.1765,-0.0042462,-0.044517,-3.8571,90.0095,0.027356,4.4841,5.3378,4.3255,-34.8379,-0.00057287,1.5654,-0.11816,3.1279e-07,0.041443,0,86.4092,0.15987,0.73696,480.9452,1422.9597
32.3749,10584.2403,38.6225,240.0019,9.1765,-0.0045801,-0.076659,-3.1188,90.0097,-0.029787,4.4839,5.1703,6.8404,-35.6352,-0.00059236,1.5355,-0.12121,3.127e-07,0.041454,0,86.0571,0.15979,0.79515,480.9441,1422.9418
32.3798,10584.2403,38.6225,240.0019,9.1765,-0.0045801,-0.076659,-3.1188,90.0097,-0.029787,4.4839,5.1703,6.8404,-35.6352,-0.00059236,1.5355,-0.12121,3.127e-07,0.041454,0,86.0571,0.15968,0.81229,480.9441,1422.9418
32.3798,10584.2403,38.6225,240.0019,9.1765,-0.0045801,-0.076659,-3.1188,90.0097,-0.029787,4.4839,5.1703,6.8404,-35.6352,-0.00059236,1.5355,-0.12121,3.127e-07,0.041454,0,86.0571,0.15968,0.81229,480.9441,1422.9418
32.3832,10584.5622,38.6245,240.0012,9.1765,-0.00498,-0.10265,-2.395,90.0095,-0.088404,4.4836,5.0115,6.379,-35.5675,-0.00061256,1.505,-0.11794,3.1262e-07,0.041465,0,85.7053,0.15959,0.86861,480.9429,1422.924
32.3866,10584.5622,38.6245,240.0012,9.1765,-0.00498,-0.10265,-2.395,90.0095,-0.088404,4.4836,5.0115,6.379,-35.5675,-0.00061256,1.505,-0.11794,3.1262e-07,0.041465,0,85.7053,0.15952,0.8602,480.9429,1422.924
32.3915,10584.8841,38.6263,239.9999,9.1764,-0.0054233,-0.12261,-1.6855,90.0087,-0.14544,4.4833,4.8711,6.3062,-35.4962,-0.00054536,1.4726,-0.102,3.1254e-07,0.041475,0,85.6607,0.15931,0.94515,480.9418,1422.9062
32.3999,10585.206,38.6282,239.9992,9.1764,-0.0058351,-0.13665,-0.99024,90.0075,-0.19477,4.4831,4.9589,7.0077,-35.4237,-0.00044184,1.4394,-0.078205,3.1247e-07,0.041486,0,85.8071,0.15909,0.93427,480.9406,1422.8883
32.4082,10585.5279,38.6302,239.9988,9.1764,-0.0061682,-0.1449,-0.30903,90.0059,-0.23259,4.4828,5.0667,8.1928,-35.3496,-0.00031806,1.4061,-0.050868,3.1241e-07,0.041497,0,85.9536,0.15897,0.91473,480.9395,1422.8705
32.4165,10585.8498,38.6323,239.9985,9.1763,-0.0063929,-0.14748,0.35841,90.004,-0.25719,4.4825,5.1838,9.5989,-35.2746,-0.00024235,1.3733,-0.022282,3.1237e-07,0.041508,0,86.1002,0.15895,0.89121,480.9383,1422.8527
32.4249,10586.1717,38.6343,239.9985,9.1763,-0.0065222,-0.14449,1.0124,90.0018,-0.26797,4.4823,5.3051,11.087,-35.1959,-0.0002158,1.3413,0.0056363,3.1234e-07,0.041518,0,86.2468,0.15905,0.86583,480.9372,1422.8348
32.4332,10586.4937,38.6365,239.9986,9.1762,-0.0065799,-0.13606,1.6533,89.9996,-0.26524,4.482,5.4255,12.5405,-35.1141,-0.00024456,1.3104,0.031469,3.1232e-07,0.041529,0,86.3935,0.15922,0.83951,480.936,1422.817
32.4415,10586.8157,38.6387,239.999,9.1762,-0.0066016,-0.12228,2.2813,89.9974,-0.25003,4.4817,5.5414,13.8734,-35.0292,-0.00031508,1.2806,0.05434,3.1231e-07,0.04154,0,86.5402,0.15945,0.81267,480.9349,1422.7992
32.4499,10587.1377,38.641,239.9996,9.1762,-0.0066234,-0.10327,2.897,89.9953,-0.22375,4.4814,5.6505,15.0321,-34.9421,-0.00040997,1.2522,0.073772,3.1231e-07,0.04155,0,86.6869,0.15969,0.7855,480.9337,1422.7813
32.4511,10587.1377,38.641,239.9996,9.1762,-0.0066234,-0.10327,2.897,89.9953,-0.22375,4.4814,5.6505,15.0321,-34.9421,-0.00040997,1.2522,0.073772,3.1231e-07,0.04155,0,86.6869,0.15966,0.79182,480.9337,1422.7813
32.4511,10587.1377,38.641,239.9996,9.1762,-0.0066234,-0.10327,2.897,89.9953,-0.22375,4.4814,5.6505,15.0321,-34.9421,-0.00040997,1.2522,0.073772,3.1231e-07,0.04155,0,86.6869,0.15966,0.79182,480.9337,1422.7813
32.4582,10587.4597,38.6433,240.0005,9.1761,-0.0066774,-0.079127,3.5005,89.9934,-0.18808,4.4812,5.7513,15.9876,-34.854,-0.00050691,1.225,0.089605,3.1233e-07,0.041561,0,86.8337,0.15991,0.75806,480.9326,1422.7635
32.4622,10587.4597,38.6433,240.0005,9.1761,-0.0066774,-0.079127,3.5005,89.9934,-0.18808,4.4812,5.7513,15.9876,-34.854,-0.00050691,1.225,0.089605,3.1233e-07,0.041561,0,86.8337,0.15982,0.78493,480.9326,1422.7635
32.4622,10587.4597,38.6433,240.0005,9.1761,-0.0066774,-0.079127,3.5005,89.9934,-0.18808,4.4812,5.7513,15.9876,-34.854,-0.00050691,1.225,0.089605,3.1233e-07,0.041561,0,86.8337,0.15982,0.78493,480.9326,1422.7635
32.4665,10587.7817,38.6457,240.0015,9.1761,-0.0067876,-0.049956,4.0923,89.9919,-0.14475,4.4809,5.843,16.7299,-34.7661,-0.00061972,0.84153,0.10191,3.1235e-07,0.041572,0,86.4813,0.16008,0.73043,480.9314,1422.7456
32.4709,10587.7817,38.6457,240.0015,9.1761,-0.0067876,-0.049956,4.0923,89.9919,-0.14475,4.4809,5.843,16.7299,-34.7661,-0.00061972,0.84153,0.10191,3.1235e-07,0.041572,0,86.4813,0.15999,0.76896,480.9314,1422.7456
32.471,10587.7817,38.6457,240.0015,9.1761,-0.0067876,-0.049956,4.0923,89.9919,-0.14475,4.4809,5.843,16.7299,-34.7661,-0.00061972,0.84153,0.10191,3.1235e-07,0.041572,0,86.4813,0.15998,0.76988,480.9314,1422.7456
32.471,10587.7817,38.6457,240.0015,9.1761,-0.0067876,-0.049956,4.0923,89.9919,-0.14475,4.4809,5.843,16.7299,-34.7661,-0.00061972,0.84153,0.10191,3.1235e-07,0.041572,0,86.4813,0.15998,0.76988,480.9314,1422.7456
32.4749,10588.1038,38.6477,240.0015,9.176,-0.006985,-0.015853,4.502,89.9907,-0.095464,4.4806,5.7212,14.018,-33.7876,-0.0007038,-0.82598,0.11093,3.1238e-07,0.041583,0,86.1293,0.1601,0.79534,480.9303,1422.7278
32.4787,10588.1038,38.6477,240.0015,9.176,-0.006985,-0.015853,4.502,89.9907,-0.095464,4.4806,5.7212,14.018,-33.7876,-0.0007038,-0.82598,0.11093,3.1238e-07,0.041583,0,86.1293,0.16002,0.80942,480.9303,1422.7278
32.4832,10588.4259,38.6496,240.0008,9.176,-0.0072793,0.021663,4.1162,89.9899,-0.041821,4.4803,5.5927,-0.55775,-29.6178,-0.00073792,-1.5757,0.11702,3.1241e-07,0.041593,0,85.7775,0.15999,0.86889,480.9291,1422.71
32.4915,10588.7479,38.6513,239.9995,9.1759,-0.0076615,0.055964,3.3728,89.9895,0.014765,4.4801,5.4588,-6.989,-27.7521,-0.00066418,-1.5458,0.12058,3.1244e-07,0.041604,0,85.6741,0.15974,0.94566,480.928,1422.6921
32.4952,10588.7479,38.6513,239.9995,9.1759,-0.0076615,0.055964,3.3728,89.9895,0.014765,4.4801,5.4588,-6.989,-27.7521,-0.00066418,-1.5458,0.12058,3.1244e-07,0.041604,0,85.6741,0.15966,0.91356,480.928,1422.6921
32.4952,10588.7479,38.6513,239.9995,9.1759,-0.0076615,0.055964,3.3728,89.9895,0.014765,4.4801,5.4588,-6.989,-27.7521,-0.00066418,-1.5458,0.12058,3.1244e-07,0.041604,0,85.6741,0.15966,0.91356,480.928,1422.6921
32.4999,10589.07,38.6531,239.9988,9.1759,-0.0080703,0.084071,2.6441,89.9896,0.073076,4.4798,5.5146,-6.5012,-27.8397,-0.00053776,-1.5156,0.12004,3.1247e-07,0.041615,0,85.8205,0.15951,0.93503,480.9268,1422.6743
32.5046,10589.07,38.6531,239.9988,9.1759,-0.0080703,0.084071,2.6441,89.9896,0.073076,4.4798,5.5146,-6.5012,-27.8397,-0.00053776,-1.5156,0.12004,3.1247e-07,0.041615,0,85.8205,0.1594,0.89972,480.9268,1422.6743
32.5082,10589.3922,38.655,239.9983,9.1758,-0.0084609,0.10611,1.9297,89.9903,0.13113,4.4795,5.5605,-6.2653,-27.9292,-0.00037479,-1.4837,0.10783,3.125e-07,0.041626,0,85.967,0.1593,0.91578,480.9257,1422.6564
32.5165,10589.7143,38.6569,239.998,9.1758,-0.008786,0.12219,1.2296,89.9913,0.18328,4.4792,5.5775,-6.7423,-28.0234,-0.00024555,-1.4506,0.085728,3.1251e-07,0.041636,0,86.1136,0.15917,0.89254,480.9246,1422.6386
32.5249,10590.0364,38.6589,239.998,9.1757,-0.0090302,0.13243,0.54363,89.9929,0.22474,4.4789,5.5707,-7.8243,-28.1173,-0.00015464,-1.4173,0.059157,3.1252e-07,0.041647,0,86.2602,0.15912,0.86737,480.9234,1422.6208
32.5332,10590.3586,38.6609,239.9981,9.1756,-0.0091891,0.13696,-0.12849,89.9947,0.25335,4.4787,5.5537,-9.1822,-28.2078,-0.00011767,-1.3843,0.030735,3.1252e-07,0.041658,0,86.4068,0.15917,0.84121,480.9223,1422.6029
32.5415,10590.6808,38.663,239.9985,9.1756,-0.0092754,0.13589,-0.78705,89.9969,0.26821,4.4784,5.5331,-10.6572,-28.2924,-0.00013359,-1.352,0.0024477,3.125e-07,0.041668,0,86.5535,0.15931,0.81446,480.9211,1422.5851
32.5499,10591.003,38.6651,239.9991,9.1755,-0.0093115,0.12933,-1.4324,89.9991,0.2694,4.4781,5.5137,-12.1289,-28.3699,-0.00019598,-1.3207,-0.02411,3.1248e-07,0.041679,0,86.7002,0.1595,0.78732,480.92,1422.5672
32.5582,10591.3252,38.6673,239.9999,9.1754,-0.0093261,0.1174,-2.0648,90.0013,0.25774,4.4778,5.4994,-13.5004,-28.4397,-0.00029102,-1.2906,-0.047917,3.1244e-07,0.04169,0,86.847,0.15974,0.75989,480.9188,1422.5494
32.5665,10591.6474,38.6695,240.0009,9.1754,-0.0093486,0.10019,-2.6847,90.0035,0.23457,4.4775,5.4924,-14.7096,-28.502,-0.00044559,-1.2617,-0.068391,3.1239e-07,0.041701,0,86.4947,0.15997,0.73221,480.9177,1422.5315
32.5749,10591.9697,38.6715,240.0009,9.1753,-0.0094266,0.077818,-3.2924,90.0054,0.2015,4.4772,5.2911,-15.7209,-28.5546,-0.00060737,-1.2341,-0.085284,3.1233e-07,0.041711,0,86.1427,0.16009,0.79642,480.9165,1422.5137
32.5754,10591.9697,38.6715,240.0009,9.1753,-0.0094266,0.077818,-3.2924,90.0054,0.2015,4.4772,5.2911,-15.7209,-28.5546,-0.00060737,-1.2341,-0.085284,3.1233e-07,0.041711,0,86.1427,0.16007,0.79881,480.9165,1422.5137
32.5754,10591.9697,38.6715,240.0009,9.1753,-0.0094266,0.077818,-3.2924,90.0054,0.2015,4.4772,5.2911,-15.7209,-28.5546,-0.00060737,-1.2341,-0.085284,3.1233e-07,0.041711,0,86.1427,0.16007,0.79881,480.9165,1422.5137
32.5832,10592.292,38.6732,240.0002,9.1752,-0.0095855,0.050382,-3.8882,90.0071,0.16026,4.477,5.1008,-16.5192,-28.6004,-0.00073984,-1.1093,-0.098611,3.1226e-07,0.041722,0,85.791,0.16008,0.86921,480.9154,1422.4958
32.5849,10592.292,38.6732,240.0002,9.1752,-0.0095855,0.050382,-3.8882,90.0071,0.16026,4.477,5.1008,-16.5192,-28.6004,-0.00073984,-1.1093,-0.098611,3.1226e-07,0.041722,0,85.791,0.16004,0.86459,480.9154,1422.4958
32.5849,10592.292,38.6732,240.0002,9.1752,-0.0095855,0.050382,-3.8882,90.0071,0.16026,4.477,5.1008,-16.5192,-28.6004,-0.00073984,-1.1093,-0.098611,3.1226e-07,0.041722,0,85.791,0.16004,0.86459,480.9154,1422.4958
32.5915,10592.6142,38.6747,239.9989,9.1752,-0.0098345,0.01798,-4.4254,90.0085,0.11258,4.4767,4.9201,-16.2117,-28.8892,-0.00073897,0.2903,-0.10857,3.1219e-07,0.041733,0,85.7496,0.15994,0.94572,480.9142,1422.478
32.5981,10592.6142,38.6747,239.9989,9.1752,-0.0098345,0.01798,-4.4254,90.0085,0.11258,4.4767,4.9201,-16.2117,-28.8892,-0.00073897,0.2903,-0.10857,3.1219e-07,0.041733,0,85.7496,0.1598,0.89497,480.9142,1422.478
32.5999,10592.9365,38.6764,239.9982,9.1751,-0.010133,-0.018899,-4.2952,90.0094,0.060076,4.4764,4.9425,-4.1302,-32.386,-0.00063318,1.5827,-0.11549,3.1212e-07,0.041744,0,85.896,0.15979,0.93519,480.9131,1422.4601
32.6082,10593.2588,38.6782,239.9977,9.175,-0.010451,-0.054692,-3.5484,90.0099,0.0042285,4.4762,4.9719,7.1653,-35.6341,-0.00046321,1.5528,-0.11974,3.1204e-07,0.041754,0,86.0425,0.15963,0.91615,480.9119,1422.4423
32.6105,10593.2588,38.6782,239.9977,9.175,-0.010451,-0.054692,-3.5484,90.0099,0.0042285,4.4762,4.9719,7.1653,-35.6341,-0.00046321,1.5528,-0.11974,3.1204e-07,0.041754,0,86.0425,0.15958,0.90079,480.9119,1422.4423
32.6105,10593.2588,38.6782,239.9977,9.175,-0.010451,-0.054692,-3.5484,90.0099,0.0042285,4.4762,4.9719,7.1653,-35.6341,-0.00046321,1.5528,-0.11974,3.1204e-07,0.041754,0,86.0425,0.15958,0.90079,480.9119,1422.4423
32.6165,10593.5812,38.68,239.9974,9.1749,-0.010754,-0.084262,-2.8162,90.0099,-0.053675,4.4759,5.0079,6.6282,-35.578,-0.0003135,1.5229,-0.12122,3.1197e-07,0.041765,0,86.1891,0.1595,0.89315,480.9108,1422.4244
32.6226,10593.5812,38.68,239.9974,9.1749,-0.010754,-0.084262,-2.8162,90.0099,-0.053675,4.4759,5.0079,6.6282,-35.578,-0.0003135,1.5229,-0.12122,3.1197e-07,0.041765,0,86.1891,0.15937,0.86974,480.9108,1422.4244
32.6236,10593.5812,38.68,239.9974,9.1749,-0.010754,-0.084262,-2.8162,90.0099,-0.053675,4.4759,5.0079,6.6282,-35.578,-0.0003135,1.5229,-0.12122,3.1197e-07,0.041765,0,86.1891,0.15935,0.8669,480.9108,1422.4244
32.6236,10593.5812,38.68,239.9974,9.1749,-0.010754,-0.084262,-2.8162,90.0099,-0.053675,4.4759,5.0079,6.6282,-35.578,-0.0003135,1.5229,-0.12122,3.1197e-07,0.041765,0,86.1891,0.15935,0.8669,480.9108,1422.4244
32.6249,10593.9035,38.6818,239.9974,9.1749,-0.011034,-0.10773,-2.0984,90.0095,-0.1123,4.4756,5.0516,6.2637,-35.5189,-0.00018646,1.4917,-0.11304,3.119e-07,0.041776,0,86.3357,0.15939,0.86827,480.9096,1422.4066
32.6261,10593.9035,38.6818,239.9974,9.1749,-0.011034,-0.10773,-2.0984,90.0095,-0.1123,4.4756,5.0516,6.2637,-35.5189,-0.00018646,1.4917,-0.11304,3.119e-07,0.041776,0,86.3357,0.15937,0.86516,480.9096,1422.4066
32.6286,10593.9035,38.6818,239.9974,9.1749,-0.011034,-0.10773,-2.0984,90.0095,-0.1123,4.4756,5.0516,6.2637,-35.5189,-0.00018646,1.4917,-0.11304,3.119e-07,0.041776,0,86.3357,0.15931,0.85999,480.9096,1422.4066
32.6332,10594.2259,38.6837,239.9975,9.1748,-0.011275,-0.12522,-1.3949,90.0085,-0.16696,4.4753,5.1203,6.4912,-35.4537,-0.00010015,1.4588,-0.092837,3.1184e-07,0.041787,0,86.4823,0.15934,0.84236,480.9085,1422.3887
32.6415,10594.5482,38.6857,239.9979,9.1747,-0.011462,-0.13684,-0.70559,90.0072,-0.21186,4.475,5.22,7.4548,-35.3806,-5.6129e-05,1.4254,-0.067136,3.1179e-07,0.041797,0,86.629,0.15935,0.81584,480.9073,1422.3709
32.6499,10594.8706,38.6877,239.9985,9.1746,-0.01159,-0.14272,-0.030169,90.0054,-0.24433,4.4747,5.3344,8.758,-35.3023,-5.548e-05,1.3923,-0.038992,3.1175e-07,0.041808,0,86.7757,0.15943,0.78888,480.9062,1422.353
32.6582,10595.193,38.6898,239.9993,9.1745,-0.011664,-0.14297,0.63161,90.0034,-0.26319,4.4744,5.4558,10.2158,-35.2202,-9.6786e-05,1.3598,-0.01045,3.1172e-07,0.041819,0,86.9224,0.15958,0.76156,480.905,1422.3352
32.6665,10595.5155,38.6919,240.0003,9.1744,-0.011699,-0.13771,1.2801,90.0012,-0.26824,4.4741,5.5791,11.7038,-35.135,-0.000218,1.3283,0.016742,3.1171e-07,0.041829,0,86.5702,0.15977,0.73394,480.9039,1422.3173
32.6749,10595.8379,38.6937,240.0003,9.1743,-0.011736,-0.12704,1.9156,89.9989,-0.26015,4.4738,5.4967,13.1157,-35.0449,-0.0003751,1.2978,0.041412,3.1171e-07,0.04184,0,86.2181,0.1599,0.79816,480.9027,1422.2995
32.6832,10596.1603,38.6952,239.9996,9.1743,-0.011805,-0.11108,2.5384,89.9968,-0.24013,4.4736,5.4107,14.3803,-34.9525,-0.00054386,1.2686,0.062869,3.1172e-07,0.041851,0,85.8665,0.15996,0.87094,480.9016,1422.2816
32.6915,10596.4828,38.6966,239.9982,9.1742,-0.01193,-0.089926,3.149,89.9948,-0.20973,4.4733,5.3188,15.4555,-34.8595,-0.00061544,1.2407,0.08078,3.1174e-07,0.041862,0,85.871,0.15992,0.94694,480.9004,1422.2637
32.6977,10596.4828,38.6966,239.9982,9.1742,-0.01193,-0.089926,3.149,89.9948,-0.20973,4.4733,5.3188,15.4555,-34.8595,-0.00061544,1.2407,0.08078,3.1174e-07,0.041862,0,85.871,0.15979,0.89816,480.9004,1422.2637
32.6977,10596.4828,38.6966,239.9982,9.1742,-0.01193,-0.089926,3.149,89.9948,-0.20973,4.4733,5.3188,15.4555,-34.8595,-0.00061544,1.2407,0.08078,3.1174e-07,0.041862,0,85.871,0.15979,0.89816,480.9004,1422.2637
32.6999,10596.8053,38.6982,239.9976,9.1741,-0.012086,-0.063685,3.7476,89.993,-0.17067,4.473,5.4138,16.3206,-34.7723,-0.00061293,1.1909,0.095096,3.1176e-07,0.041872,0,86.0174,0.15988,0.93568,480.8993,1422.2459
32.702,10596.8053,38.6982,239.9976,9.1741,-0.012086,-0.063685,3.7476,89.993,-0.17067,4.473,5.4138,16.3206,-34.7723,-0.00061293,1.1909,0.095096,3.1176e-07,0.041872,0,86.0174,0.15984,0.91742,480.8993,1422.2459
32.7063,10596.8053,38.6982,239.9976,9.1741,-0.012086,-0.063685,3.7476,89.993,-0.17067,4.473,5.4138,16.3206,-34.7723,-0.00061293,1.1909,0.095096,3.1176e-07,0.041872,0,86.0174,0.15975,0.89084,480.8993,1422.2459
32.7082,10597.1278,38.6998,239.9971,9.174,-0.012261,-0.032455,4.3235,89.9916,-0.12468,4.4728,5.4985,16.7628,-34.6321,-0.00053249,0.14256,0.10598,3.118e-07,0.041883,0,86.1639,0.15984,0.91623,480.8981,1422.228
32.7165,10597.4503,38.7015,239.9968,9.1739,-0.012441,0.0035743,4.3998,89.9905,-0.073441,4.4725,5.573,7.9258,-32.0091,-0.00042137,-1.5221,0.11369,3.1184e-07,0.041894,0,86.3104,0.1598,0.89329,480.897,1422.2102
32.7249,10597.7728,38.7032,239.9967,9.1738,-0.012634,0.040239,3.6818,89.9899,-0.018466,4.4722,5.6395,-6.7065,-27.8645,-0.00029597,-1.5581,0.11867,3.1188e-07,0.041905,0,86.457,0.15976,0.86858,480.8958,1422.1923
32.7261,10597.7728,38.7032,239.9967,9.1738,-0.012634,0.040239,3.6818,89.9899,-0.018466,4.4722,5.6395,-6.7065,-27.8645,-0.00029597,-1.5581,0.11867,3.1188e-07,0.041905,0,86.457,0.15973,0.86553,480.8958,1422.1923
32.7261,10597.7728,38.7032,239.9967,9.1738,-0.012634,0.040239,3.6818,89.9899,-0.018466,4.4722,5.6395,-6.7065,-27.8645,-0.00029597,-1.5581,0.11867,3.1188e-07,0.041905,0,86.457,0.15973,0.86553,480.8958,1422.1923
32.7332,10598.0953,38.705,239.9969,9.1737,-0.012836,0.07092,2.947,89.9898,0.038915,4.4719,5.6993,-6.73,-27.791,-0.00019793,-1.5283,0.12116,3.1193e-07,0.041915,0,86.6036,0.15972,0.84294,480.8947,1422.1744
32.7388,10598.0953,38.705,239.9969,9.1737,-0.012836,0.07092,2.947,89.9898,0.038915,4.4719,5.6993,-6.73,-27.791,-0.00019793,-1.5283,0.12116,3.1193e-07,0.041915,0,86.6036,0.15961,0.84246,480.8947,1422.1744
32.7388,10598.0953,38.705,239.9969,9.1737,-0.012836,0.07092,2.947,89.9898,0.038915,4.4719,5.6993,-6.73,-27.791,-0.00019793,-1.5283,0.12116,3.1193e-07,0.041915,0,86.6036,0.15961,0.84246,480.8947,1422.1744
32.7415,10598.4179,38.7068,239.9973,9.1736,-0.013043,0.095478,2.2266,89.9901,0.097503,4.4716,5.7537,-6.3092,-27.8787,-0.0001254,-1.4975,0.11599,3.1196e-07,0.041926,0,86.7503,0.15969,0.8167,480.8935,1422.1566
32.7442,10598.4179,38.7068,239.9973,9.1736,-0.013043,0.095478,2.2266,89.9901,0.097503,4.4716,5.7537,-6.3092,-27.8787,-0.0001254,-1.4975,0.11599,3.1196e-07,0.041926,0,86.7503,0.15963,0.8226,480.8935,1422.1566
32.7499,10598.7404,38.7087,239.9978,9.1735,-0.013244,0.11403,1.5206,89.9909,0.15359,4.4713,5.7897,-6.3568,-27.9658,-8.1761e-05,-1.4649,0.097619,3.1199e-07,0.041937,0,86.897,0.15967,0.79001,480.8924,1422.1387
32.7582,10599.063,38.7107,239.9986,9.1734,-0.01342,0.1267,0.82866,89.9922,0.2008,4.471,5.7936,-7.2102,-28.0546,-6.7376e-05,-1.4316,0.072779,3.1201e-07,0.041947,0,87.0437,0.1597,0.76292,480.8912,1422.1209
32.7665,10599.3856,38.7127,239.9996,9.1733,-0.013557,0.13361,0.15074,89.9939,0.236,4.4707,5.7823,-8.4611,-28.1416,-0.00012565,-1.3984,0.045013,3.1202e-07,0.041958,0,86.6915,0.15977,0.73547,480.8901,1422.103
32.7749,10599.7082,38.7143,239.9996,9.1732,-0.013673,0.13487,-0.5135,89.9958,0.25777,4.4704,5.5616,-9.8943,-28.2221,-0.00022422,-1.3658,0.01642,3.1202e-07,0.041969,0,86.3395,0.15979,0.79979,480.8889,1422.0851
32.7832,10600.0309,38.7158,239.9989,9.1731,-0.013779,0.13059,-1.1643,89.998,0.26571,4.4702,5.3416,-11.3824,-28.2965,-0.00035016,-1.334,-0.011144,3.1201e-07,0.04198,0,85.9878,0.15978,0.87261,480.8878,1422.0673
32.7915,10600.3535,38.717,239.9975,9.173,-0.01389,0.12088,-1.8022,90.0002,0.26032,4.4699,5.1268,-12.8128,-28.3645,-0.00040394,-1.3033,-0.036388,3.1199e-07,0.04199,0,85.985,0.15973,0.94862,480.8866,1422.0494
32.7999,10600.6761,38.7184,239.9968,9.1729,-0.013984,0.10587,-2.4272,90.0024,0.24273,4.4697,5.114,-14.107,-28.4312,-0.00041945,-1.2739,-0.058537,3.1196e-07,0.042001,0,86.1314,0.15973,0.93739,480.8855,1422.0315
32.8082,10600.9988,38.7199,239.9963,9.1728,-0.014057,0.08564,-3.04,90.0044,0.21443,4.4694,5.1088,-15.218,-28.4942,-0.00039433,-1.2457,-0.077188,3.1192e-07,0.042012,0,86.2778,0.15976,0.91762,480.8843,1422.0137
32.8125,10600.9988,38.7199,239.9963,9.1728,-0.014057,0.08564,-3.04,90.0044,0.21443,4.4694,5.1088,-15.218,-28.4942,-0.00039433,-1.2457,-0.077188,3.1192e-07,0.042012,0,86.2778,0.15967,0.89131,480.8843,1422.0137
32.8125,10600.9988,38.7199,239.9963,9.1728,-0.014057,0.08564,-3.04,90.0044,0.21443,4.4694,5.1088,-15.218,-28.4942,-0.00039433,-1.2457,-0.077188,3.1192e-07,0.042012,0,86.2778,0.15967,0.89131,480.8843,1422.0137
32.8165,10601.3215,38.7215,239.9961,9.1727,-0.014113,0.060307,-3.6407,90.0062,0.1771,4.4691,5.1122,-16.1212,-28.5534,-0.0003724,-1.2188,-0.092242,3.1186e-07,0.042023,0,86.4244,0.15982,0.89393,480.8832,1421.9958
32.8206,10601.3215,38.7215,239.9961,9.1727,-0.014113,0.060307,-3.6407,90.0062,0.1771,4.4691,5.1122,-16.1212,-28.5534,-0.0003724,-1.2188,-0.092242,3.1186e-07,0.042023,0,86.4244,0.15974,0.87671,480.8832,1421.9958
32.8237,10601.3215,38.7215,239.9961,9.1727,-0.014113,0.060307,-3.6407,90.0062,0.1771,4.4691,5.1122,-16.1212,-28.5534,-0.0003724,-1.2188,-0.092242,3.1186e-07,0.042023,0,86.4244,0.15967,0.86759,480.8832,1421.9958
32.8237,10601.3215,38.7215,239.9961,9.1727,-0.014113,0.060307,-3.6407,90.0062,0.1771,4.4691,5.1122,-16.1212,-28.5534,-0.0003724,-1.2188,-0.092242,3.1186e-07,0.042023,0,86.4244,0.15967,0.86759,480.8832,1421.9958
32.8249,10601.6441,38.723,239.996,9.1726,-0.014176,0.029968,-4.2298,90.0077,0.1325,4.4688,5.1241,-16.8103,-28.6063,-0.00033441,-0.43517,-0.10382,3.1181e-07,0.042033,0,86.5709,0.15988,0.86869,480.882,1421.9779
32.8261,10601.6441,38.723,239.996,9.1726,-0.014176,0.029968,-4.2298,90.0077,0.1325,4.4688,5.1241,-16.8103,-28.6063,-0.00033441,-0.43517,-0.10382,3.1181e-07,0.042033,0,86.5709,0.15986,0.8657,480.882,1421.9779
32.8285,10601.6441,38.723,239.996,9.1726,-0.014176,0.029968,-4.2298,90.0077,0.1325,4.4688,5.1241,-16.8103,-28.6063,-0.00033441,-0.43517,-0.10382,3.1181e-07,0.042033,0,86.5709,0.15981,0.86069,480.882,1421.9779
32.8318,10601.6441,38.723,239.996,9.1726,-0.014176,0.029968,-4.2298,90.0077,0.1325,4.4688,5.1241,-16.8103,-28.6063,-0.00033441,-0.43517,-0.10382,3.1181e-07,0.042033,0,86.5709,0.15974,0.85547,480.882,1421.9779
32.8318,10601.6441,38.723,239.996,9.1726,-0.014176,0.029968,-4.2298,90.0077,0.1325,4.4688,5.1241,-16.8103,-28.6063,-0.00033441,-0.43517,-0.10382,3.1181e-07,0.042033,0,86.5709,0.15974,0.85547,480.882,1421.9779
32.8332,10601.9668,38.7247,239.9962,9.1725,-0.014259,-0.0052803,-4.4455,90.0088,0.082308,4.4685,5.1434,-10.4167,-30.5579,-0.00027794,1.2285,-0.11214,3.1174e-07,0.042044,0,86.7176,0.15994,0.84305,480.8809,1421.9601
32.8346,10601.9668,38.7247,239.9962,9.1725,-0.014259,-0.0052803,-4.4455,90.0088,0.082308,4.4685,5.1434,-10.4167,-30.5579,-0.00027794,1.2285,-0.11214,3.1174e-07,0.042044,0,86.7176,0.15991,0.84294,480.8809,1421.9601
32.8373,10601.9668,38.7247,239.9962,9.1725,-0.014259,-0.0052803,-4.4455,90.0088,0.082308,4.4685,5.1434,-10.4167,-30.5579,-0.00027794,1.2285,-0.11214,3.1174e-07,0.042044,0,86.7176,0.15985,0.84277,480.8809,1421.9601
32.8415,10602.2896,38.7264,239.9965,9.1724,-0.014379,-0.042326,-3.8676,90.0094,0.028085,4.4683,5.1707,4.1608,-34.7284,-0.00020612,1.5655,-0.11767,3.1168e-07,0.042055,0,86.8642,0.15997,0.81696,480.8798,1421.9422
32.8421,10602.2896,38.7264,239.9965,9.1724,-0.014379,-0.042326,-3.8676,90.0094,0.028085,4.4683,5.1707,4.1608,-34.7284,-0.00020612,1.5655,-0.11767,3.1168e-07,0.042055,0,86.8642,0.15996,0.8183,480.8798,1421.9422
32.8421,10602.2896,38.7264,239.9965,9.1724,-0.014379,-0.042326,-3.8676,90.0094,0.028085,4.4683,5.1707,4.1608,-34.7284,-0.00020612,1.5655,-0.11767,3.1168e-07,0.042055,0,86.8642,0.15996,0.8183,480.8798,1421.9422
32.8499,10602.6123,38.7282,239.9971,9.1723,-0.014535,-0.074556,-3.1292,90.0097,-0.028812,4.468,5.2051,6.8727,-35.585,-0.00014904,1.5356,-0.12074,3.1162e-07,0.042066,0,87.0109,0.15998,0.7905,480.8786,1421.9243
32.8547,10602.6123,38.7282,239.9971,9.1723,-0.014535,-0.074556,-3.1292,90.0097,-0.028812,4.468,5.2051,6.8727,-35.585,-0.00014904,1.5356,-0.12074,3.1162e-07,0.042066,0,87.0109,0.15988,0.81005,480.8786,1421.9243
32.8547,10602.6123,38.7282,239.9971,9.1723,-0.014535,-0.074556,-3.1292,90.0097,-0.028812,4.468,5.2051,6.8727,-35.585,-0.00014904,1.5356,-0.12074,3.1162e-07,0.042066,0,87.0109,0.15988,0.81005,480.8786,1421.9243
32.8582,10602.935,38.73,239.9979,9.1722,-0.01472,-0.10063,-2.4053,90.0094,-0.087196,4.4677,5.2463,6.41,-35.522,-0.00010601,1.5052,-0.11759,3.1156e-07,0.042076,0,87.1576,0.15996,0.76371,480.8775,1421.9065
32.8617,10602.935,38.73,239.9979,9.1722,-0.01472,-0.10063,-2.4053,90.0094,-0.087196,4.4677,5.2463,6.41,-35.522,-0.00010601,1.5052,-0.11759,3.1156e-07,0.042076,0,87.1576,0.15989,0.78686,480.8775,1421.9065
32.8665,10603.2578,38.7319,239.9989,9.172,-0.014919,-0.12068,-1.6957,90.0087,-0.14406,4.4674,5.3037,6.3294,-35.455,-0.00012226,1.4729,-0.1019,3.1151e-07,0.042087,0,86.8054,0.15995,0.73654,480.8763,1421.8886
32.8749,10603.5806,38.7334,239.9988,9.1719,-0.015127,-0.13481,-1.0003,90.0075,-0.19334,4.4671,5.1905,7.0165,-35.3782,-0.00016712,1.4397,-0.078269,3.1147e-07,0.042098,0,86.4534,0.15986,0.80105,480.8752,1421.8707
32.8832,10603.9033,38.7347,239.9981,9.1718,-0.015328,-0.14314,-0.31899,90.0059,-0.23119,4.4668,5.1,8.1914,-35.2958,-0.0002324,1.4064,-0.05107,3.1144e-07,0.042108,0,86.1018,0.15973,0.87403,480.874,1421.8529
32.8915,10604.2261,38.7358,239.9968,9.1717,-0.015512,-0.1458,0.34859,90.004,-0.25589,4.4666,5.0211,9.5891,-35.21,-0.00022945,1.3736,-0.0226,3.1142e-07,0.042119,0,86.0737,0.15958,0.95015,480.8729,1421.835
32.8999,10604.5489,38.7371,239.9961,9.1716,-0.015635,-0.1429,1.0027,90.0018,-0.26682,4.4663,5.1418,11.0699,-35.1271,-0.00020393,1.3416,0.0052294,3.1141e-07,0.04213,0,86.2201,0.15952,0.939,480.8717,1421.8171
32.9082,10604.8717,38.7385,239.9956,9.1715,-0.015688,-0.13454,1.6437,89.9996,-0.26429,4.466,5.2612,12.5179,-35.0451,-0.00016308,1.3107,0.030999,3.1142e-07,0.042141,0,86.3666,0.15955,0.91926,480.8706,1421.7992
32.9165,10605.1946,38.7399,239.9953,9.1713,-0.015673,-0.12084,2.2719,89.9974,-0.24931,4.4658,5.3757,13.8467,-34.9639,-0.00016005,1.281,0.053828,3.1144e-07,0.042151,0,86.5131,0.15965,0.89562,480.8694,1421.7814
32.9249,10605.5174,38.7413,239.9952,9.1712,-0.015622,-0.10191,2.8877,89.9953,-0.22328,4.4655,5.4833,15.0028,-34.8808,-0.00018109,1.2525,0.073238,3.1147e-07,0.042162,0,86.6596,0.1598,0.87019,480.8683,1421.7635
32.926,10605.5174,38.7413,239.9952,9.1712,-0.015622,-0.10191,2.8877,89.9953,-0.22328,4.4655,5.4833,15.0028,-34.8808,-0.00018109,1.2525,0.073238,3.1147e-07,0.042162,0,86.6596,0.15978,0.86715,480.8683,1421.7635
32.926,10605.5174,38.7413,239.9952,9.1712,-0.015622,-0.10191,2.8877,89.9953,-0.22328,4.4655,5.4833,15.0028,-34.8808,-0.00018109,1.2525,0.073238,3.1147e-07,0.042162,0,86.6596,0.15978,0.86715,480.8683,1421.7635
32.9332,10605.8403,38.7428,239.9954,9.1711,-0.015569,-0.077848,3.4913,89.9935,-0.18787,4.4652,5.5828,15.9568,-34.7967,-0.00022055,1.2253,0.089063,3.1151e-07,0.042173,0,86.8062,0.15997,0.84386,480.8671,1421.7456
32.9371,10605.8403,38.7428,239.9954,9.1711,-0.015569,-0.077848,3.4913,89.9935,-0.18787,4.4652,5.5828,15.9568,-34.7967,-0.00022055,1.2253,0.089063,3.1151e-07,0.042173,0,86.8062,0.15989,0.84348,480.8671,1421.7456
32.9371,10605.8403,38.7428,239.9954,9.1711,-0.015569,-0.077848,3.4913,89.9935,-0.18787,4.4652,5.5828,15.9568,-34.7967,-0.00022055,1.2253,0.089063,3.1151e-07,0.042173,0,86.8062,0.15989,0.84348,480.8671,1421.7456
32.9415,10606.1631,38.7444,239.9958,9.171,-0.015543,-0.048753,4.0833,89.9919,-0.14481,4.4649,5.6733,16.6985,-34.7118,-0.000249,0.85337,0.10138,3.1156e-07,0.042184,0,86.9529,0.16012,0.81706,480.866,1421.7278
32.9459,10606.1631,38.7444,239.9958,9.171,-0.015543,-0.048753,4.0833,89.9919,-0.14481,4.4649,5.6733,16.6985,-34.7118,-0.000249,0.85337,0.10138,3.1156e-07,0.042184,0,86.9529,0.16003,0.82611,480.866,1421.7278
32.9459,10606.1631,38.7444,239.9958,9.171,-0.015543,-0.048753,4.0833,89.9919,-0.14481,4.4649,5.6733,16.6985,-34.7118,-0.000249,0.85337,0.10138,3.1156e-07,0.042184,0,86.9529,0.16003,0.82611,480.866,1421.7278
32.9499,10606.486,38.746,239.9963,9.1709,-0.015565,-0.014726,4.4985,89.9907,-0.09579,4.4647,5.7534,14.0911,-33.7668,-0.00025584,-0.80846,0.11041,3.1161e-07,0.042194,0,87.0996,0.16024,0.79058,480.8648,1421.7099
32.9538,10606.486,38.746,239.9963,9.1709,-0.015565,-0.014726,4.4985,89.9907,-0.09579,4.4647,5.7534,14.0911,-33.7668,-0.00025584,-0.80846,0.11041,3.1161e-07,0.042194,0,87.0996,0.16016,0.80741,480.8648,1421.7099
32.9582,10606.8089,38.7477,239.9971,9.1707,-0.015646,0.022761,4.121,89.9899,-0.042406,4.4644,5.825,-0.43193,-29.6157,-0.00022626,-1.5756,0.11652,3.1167e-07,0.042205,0,87.1943,0.1603,0.7639,480.8637,1421.692
32.9665,10607.1318,38.7495,239.9981,9.1706,-0.015785,0.057103,3.3777,89.9896,0.013932,4.4641,5.8892,-7.0197,-27.7107,-0.00023558,-1.5457,0.1201,3.1173e-07,0.042216,0,86.8421,0.16033,0.73697,480.8625,1421.6741
32.9701,10607.1318,38.7495,239.9981,9.1706,-0.015785,0.057103,3.3777,89.9896,0.013932,4.4641,5.8892,-7.0197,-27.7107,-0.00023558,-1.5457,0.1201,3.1173e-07,0.042216,0,86.8421,0.16026,0.7681,480.8625,1421.6741
32.9701,10607.1318,38.7495,239.9981,9.1706,-0.015785,0.057103,3.3777,89.9896,0.013932,4.4641,5.8892,-7.0197,-27.7107,-0.00023558,-1.5457,0.1201,3.1173e-07,0.042216,0,86.8421,0.16026,0.7681,480.8625,1421.6741
32.9749,10607.4547,38.7509,239.9981,9.1705,-0.015989,0.085251,2.649,89.9897,0.072007,4.4638,5.7448,-6.5306,-27.7938,-0.00025748,-1.5155,0.11966,3.1178e-07,0.042227,0,86.4902,0.16022,0.8018,480.8613,1421.6563
32.9797,10607.4547,38.7509,239.9981,9.1705,-0.015989,0.085251,2.649,89.9897,0.072007,4.4638,5.7448,-6.5306,-27.7938,-0.00025748,-1.5155,0.11966,3.1178e-07,0.042227,0,86.4902,0.16012,0.81688,480.8613,1421.6563
32.9832,10607.7776,38.7521,239.9973,9.1704,-0.016247,0.10733,1.9346,89.9903,0.12987,4.4635,5.593,-6.289,-27.8748,-0.00028378,-1.4837,0.10764,3.1183e-07,0.042237,0,86.1386,0.16001,0.87503,480.8602,1421.6384
32.9915,10608.1006,38.7531,239.996,9.1703,-0.016529,0.12345,1.2344,89.9914,0.18192,4.4633,5.4148,-6.7544,-27.9581,-0.00022788,-1.4506,0.08569,3.1187e-07,0.042248,0,86.126,0.15974,0.95137,480.859,1421.6205
32.9999,10608.4235,38.7543,239.9953,9.1701,-0.016765,0.13373,0.54844,89.9929,0.22336,4.463,5.4082,-7.827,-28.0477,-0.00013888,-1.4173,0.059252,3.1191e-07,0.042259,0,86.2724,0.15955,0.94041,480.8579,1421.6026
33.0082,10608.7465,38.7555,239.9948,9.17,-0.016918,0.1383,-0.12371,89.9947,0.25202,4.4627,5.3907,-9.1767,-28.1379,-3.3423e-05,-1.3843,0.030948,3.1193e-07,0.042269,0,86.4189,0.15945,0.92082,480.8567,1421.5847
33.0165,10609.0694,38.7568,239.9945,9.1699,-0.016964,0.13727,-0.7823,89.9968,0.26699,4.4625,5.3691,-10.6445,-28.2261,2.2981e-05,-1.3521,0.0027566,3.1194e-07,0.04228,0,86.5654,0.15947,0.89727,480.8556,1421.5669
33.0249,10609.3924,38.7581,239.9944,9.1697,-0.016926,0.13075,-1.4277,89.9991,0.26832,4.4622,5.3487,-12.1103,-28.3074,3.3161e-05,-1.3208,-0.023727,3.1194e-07,0.042291,0,86.7119,0.15958,0.87188,480.8544,1421.549
33.0332,10609.7154,38.7595,239.9945,9.1696,-0.016832,0.11886,-2.0601,90.0013,0.25685,4.4619,5.3332,-13.4772,-28.3811,-5.4586e-06,-1.2907,-0.047479,3.1192e-07,0.042302,0,86.8585,0.15976,0.84557,480.8533,1421.5311
33.0415,10610.0384,38.7609,239.9949,9.1695,-0.016719,0.10169,-2.68,90.0034,0.2339,4.4617,5.3252,-14.6829,-28.4464,-7.6729e-05,-1.2618,-0.067915,3.119e-07,0.042312,0,87.0052,0.15997,0.81875,480.8521,1421.5132
33.0499,10610.3614,38.7624,239.9955,9.1694,-0.01662,0.079356,-3.2877,90.0054,0.20106,4.4614,5.3259,-15.692,-28.5039,-0.00016208,-1.2343,-0.084787,3.1186e-07,0.042323,0,87.1518,0.16018,0.7916,480.851,1421.4953
33.0504,10610.3614,38.7624,239.9955,9.1694,-0.01662,0.079356,-3.2877,90.0054,0.20106,4.4614,5.3259,-15.692,-28.5039,-0.00016208,-1.2343,-0.084787,3.1186e-07,0.042323,0,87.1518,0.16017,0.79412,480.851,1421.4953
33.0504,10610.3614,38.7624,239.9955,9.1694,-0.01662,0.079356,-3.2877,90.0054,0.20106,4.4614,5.3259,-15.692,-28.5039,-0.00016208,-1.2343,-0.084787,3.1186e-07,0.042323,0,87.1518,0.16017,0.79412,480.851,1421.4953
33.0582,10610.6844,38.764,239.9963,9.1692,-0.016566,0.051958,-3.8836,90.0071,0.16006,4.4611,5.3357,-16.4891,-28.5544,-0.00023197,-1.1127,-0.098106,3.1182e-07,0.042334,0,87.2985,0.16036,0.76418,480.8498,1421.4775
33.0599,10610.6844,38.764,239.9963,9.1692,-0.016566,0.051958,-3.8836,90.0071,0.16006,4.4611,5.3357,-16.4891,-28.5544,-0.00023197,-1.1127,-0.098106,3.1182e-07,0.042334,0,87.2985,0.16033,0.77611,480.8498,1421.4775
33.0599,10610.6844,38.764,239.9963,9.1692,-0.016566,0.051958,-3.8836,90.0071,0.16006,4.4611,5.3357,-16.4891,-28.5544,-0.00023197,-1.1127,-0.098106,3.1182e-07,0.042334,0,87.2985,0.16033,0.77611,480.8498,1421.4775
33.0665,10611.0075,38.7656,239.9973,9.1691,-0.016571,0.019595,-4.4224,90.0084,0.11263,4.4608,5.353,-16.2106,-28.8392,-0.00031555,0.27891,-0.10807,3.1177e-07,0.042345,0,86.9464,0.1605,0.73702,480.8487,1421.4596
33.0732,10611.0075,38.7656,239.9973,9.1691,-0.016571,0.019595,-4.4224,90.0084,0.11263,4.4608,5.353,-16.2106,-28.8392,-0.00031555,0.27891,-0.10807,3.1177e-07,0.042345,0,86.9464,0.16037,0.78809,480.8487,1421.4596
33.0749,10611.3305,38.7669,239.9972,9.169,-0.016666,-0.017258,-4.2976,90.0093,0.060377,4.4606,5.1752,-4.2019,-32.3115,-0.00035945,1.5825,-0.11501,3.1172e-07,0.042355,0,86.5945,0.16047,0.80186,480.8475,1421.4417
33.0832,10611.6536,38.768,239.9965,9.1688,-0.016851,-0.053071,-3.5508,90.0098,0.0047719,4.4603,5.0067,7.1945,-35.5791,-0.00037978,1.5527,-0.11927,3.1167e-07,0.042366,0,86.2429,0.16032,0.87528,480.8464,1421.4238
33.0854,10611.6536,38.768,239.9965,9.1688,-0.016851,-0.053071,-3.5508,90.0098,0.0047719,4.4603,5.0067,7.1945,-35.5791,-0.00037978,1.5527,-0.11927,3.1167e-07,0.042366,0,86.2429,0.16027,0.86871,480.8464,1421.4238
33.0854,10611.6536,38.768,239.9965,9.1688,-0.016851,-0.053071,-3.5508,90.0098,0.0047719,4.4603,5.0067,7.1945,-35.5791,-0.00037978,1.5527,-0.11927,3.1167e-07,0.042366,0,86.2429,0.16027,0.86871,480.8464,1421.4238
33.0915,10611.9767,38.7689,239.9951,9.1687,-0.017112,-0.082661,-2.8187,90.0099,-0.052898,4.4601,4.8472,6.6565,-35.5123,-0.0003044,1.5227,-0.12078,3.1162e-07,0.042377,0,86.1304,0.16004,0.95187,480.8452,1421.4059
33.0977,10611.9767,38.7689,239.9951,9.1687,-0.017112,-0.082661,-2.8187,90.0099,-0.052898,4.4601,4.8472,6.6565,-35.5123,-0.0003044,1.5227,-0.12078,3.1162e-07,0.042377,0,86.1304,0.15993,0.90202,480.8452,1421.4059
33.0985,10611.9767,38.7689,239.9951,9.1687,-0.017112,-0.082661,-2.8187,90.0099,-0.052898,4.4601,4.8472,6.6565,-35.5123,-0.0003044,1.5227,-0.12078,3.1162e-07,0.042377,0,86.1304,0.15991,0.89713,480.8452,1421.4059
33.0985,10611.9767,38.7689,239.9951,9.1687,-0.017112,-0.082661,-2.8187,90.0099,-0.052898,4.4601,4.8472,6.6565,-35.5123,-0.0003044,1.5227,-0.12078,3.1162e-07,0.042377,0,86.1304,0.15991,0.89713,480.8452,1421.4059
33.0999,10612.2997,38.7699,239.9944,9.1686,-0.017386,-0.10615,-2.1009,90.0094,-0.1113,4.4598,4.8905,6.2899,-35.449,-0.00018017,1.4915,-0.11272,3.1157e-07,0.042388,0,86.2768,0.15979,0.94119,480.8441,1421.3881
33.1012,10612.2997,38.7699,239.9944,9.1686,-0.017386,-0.10615,-2.1009,90.0094,-0.1113,4.4598,4.8905,6.2899,-35.449,-0.00018017,1.4915,-0.11272,3.1157e-07,0.042388,0,86.2768,0.15977,0.92883,480.8441,1421.3881
33.1039,10612.2997,38.7699,239.9944,9.1686,-0.017386,-0.10615,-2.1009,90.0094,-0.1113,4.4598,4.8905,6.2899,-35.449,-0.00018017,1.4915,-0.11272,3.1157e-07,0.042388,0,86.2768,0.15972,0.90859,480.8441,1421.3881
33.1082,10612.6228,38.771,239.9939,9.1684,-0.017622,-0.12366,-1.3975,90.0085,-0.16581,4.4595,4.9581,6.51,-35.3837,-2.612e-05,1.4587,-0.09264,3.1154e-07,0.042398,0,86.4232,0.15959,0.92186,480.8429,1421.3702
33.1165,10612.9459,38.7722,239.9936,9.1683,-0.017772,-0.1353,-0.70814,90.0071,-0.21061,4.4593,5.0562,7.4661,-35.3143,8.9717e-05,1.4254,-0.067058,3.1151e-07,0.042409,0,86.5697,0.15948,0.89855,480.8418,1421.3523
33.1249,10613.269,38.7734,239.9935,9.1682,-0.017829,-0.1412,-0.032747,90.0054,-0.24304,4.459,5.1691,8.7621,-35.24,0.00016281,1.3923,-0.039028,3.1149e-07,0.04242,0,86.7163,0.15948,0.87333,480.8406,1421.3344
33.1332,10613.5921,38.7747,239.9937,9.168,-0.017799,-0.14148,0.62901,90.0033,-0.26192,4.4588,5.2889,10.2129,-35.1619,0.00017826,1.3598,-0.010591,3.1149e-07,0.042431,0,86.8628,0.15957,0.84713,480.8395,1421.3165
33.1415,10613.9153,38.776,239.994,9.1679,-0.017702,-0.13624,1.2775,90.0012,-0.26704,4.4585,5.4108,11.6944,-35.0798,0.00014118,1.3283,0.01651,3.115e-07,0.042441,0,87.0095,0.15974,0.82038,480.8383,1421.2986
33.1499,10614.2384,38.7773,239.9946,9.1678,-0.017568,-0.12559,1.9129,89.9989,-0.25906,4.4582,5.5301,13.1009,-34.9946,6.1783e-05,1.2978,0.041106,3.1151e-07,0.042452,0,87.1561,0.15996,0.79325,480.8372,1421.2808
33.1582,10614.5616,38.7788,239.9954,9.1676,-0.01743,-0.10965,2.5357,89.9968,-0.23919,4.458,5.6438,14.3611,-34.9072,-4.2637e-05,1.2687,0.062506,3.1155e-07,0.042463,0,87.3028,0.1602,0.76585,480.836,1421.2629
33.1665,10614.8847,38.7803,239.9964,9.1675,-0.017317,-0.088518,3.1463,89.9948,-0.20897,4.4577,5.7498,15.4328,-34.8186,-0.00019672,1.2408,0.080376,3.1159e-07,0.042473,0,86.9507,0.16042,0.7382,480.8349,1421.245
33.1728,10614.8847,38.7803,239.9964,9.1675,-0.017317,-0.088518,3.1463,89.9948,-0.20897,4.4577,5.7498,15.4328,-34.8186,-0.00019672,1.2408,0.080376,3.1159e-07,0.042473,0,86.9507,0.1603,0.7868,480.8349,1421.245
33.1728,10614.8847,38.7803,239.9964,9.1675,-0.017317,-0.088518,3.1463,89.9948,-0.20897,4.4577,5.7498,15.4328,-34.8186,-0.00019672,1.2408,0.080376,3.1159e-07,0.042473,0,86.9507,0.1603,0.7868,480.8349,1421.245
33.1749,10615.2079,38.7814,239.9963,9.1674,-0.017275,-0.062299,3.7449,89.993,-0.17011,4.4575,5.6444,16.2958,-34.7272,-0.00034198,1.1918,0.094665,3.1164e-07,0.042484,0,86.5988,0.16051,0.80233,480.8337,1421.2271
33.1769,10615.2079,38.7814,239.9963,9.1674,-0.017275,-0.062299,3.7449,89.993,-0.17011,4.4575,5.6444,16.2958,-34.7272,-0.00034198,1.1918,0.094665,3.1164e-07,0.042484,0,86.5988,0.16047,0.80979,480.8337,1421.2271
33.181,10615.2079,38.7814,239.9963,9.1674,-0.017275,-0.062299,3.7449,89.993,-0.17011,4.4575,5.6444,16.2958,-34.7272,-0.00034198,1.1918,0.094665,3.1164e-07,0.042484,0,86.5988,0.1604,0.82079,480.8337,1421.2271
33.1832,10615.5311,38.7824,239.9956,9.1672,-0.017322,-0.031091,4.3213,89.9916,-0.12434,4.4572,5.5312,16.744,-34.5808,-0.00045041,0.14057,0.10553,3.117e-07,0.042495,0,86.2472,0.16047,0.87532,480.8326,1421.2092
33.1915,10615.8543,38.7831,239.9943,9.1671,-0.017465,0.0049189,4.3965,89.9906,-0.073316,4.457,5.4102,7.8793,-31.9399,-0.00041259,-1.5188,0.11324,3.1176e-07,0.042506,0,86.1634,0.1603,0.95192,480.8314,1421.1913
33.1999,10616.1775,38.7841,239.9935,9.167,-0.017655,0.041556,3.6801,89.99,-0.018565,4.4567,5.4764,-6.7054,-27.8043,-0.0002894,-1.5577,0.11821,3.1182e-07,0.042516,0,86.3098,0.16011,0.94143,480.8303,1421.1734
33.201,10616.1775,38.7841,239.9935,9.167,-0.017655,0.041556,3.6801,89.99,-0.018565,4.4567,5.4764,-6.7054,-27.8043,-0.0002894,-1.5577,0.11821,3.1182e-07,0.042516,0,86.3098,0.16009,0.93065,480.8303,1421.1734
33.201,10616.1775,38.7841,239.9935,9.167,-0.017655,0.041556,3.6801,89.99,-0.018565,4.4567,5.4764,-6.7054,-27.8043,-0.0002894,-1.5577,0.11821,3.1182e-07,0.042516,0,86.3098,0.16009,0.93065,480.8303,1421.1734
33.2082,10616.5007,38.7851,239.993,9.1668,-0.017854,0.072223,2.9454,89.9898,0.038591,4.4565,5.5355,-6.7554,-27.7234,-0.00012334,-1.5279,0.12071,3.1188e-07,0.042527,0,86.4562,0.15992,0.92235,480.8291,1421.1556
33.2138,10616.5007,38.7851,239.993,9.1668,-0.017854,0.072223,2.9454,89.9898,0.038591,4.4565,5.5355,-6.7554,-27.7234,-0.00012334,-1.5279,0.12071,3.1188e-07,0.042527,0,86.4562,0.15982,0.88892,480.8291,1421.1556
33.2138,10616.5007,38.7851,239.993,9.1668,-0.017854,0.072223,2.9454,89.9898,0.038591,4.4565,5.5355,-6.7554,-27.7234,-0.00012334,-1.5279,0.12071,3.1188e-07,0.042527,0,86.4562,0.15982,0.88892,480.8291,1421.1556
33.2165,10616.8239,38.7861,239.9927,9.1667,-0.018027,0.096768,2.2252,89.9901,0.096961,4.4562,5.5886,-6.3339,-27.8148,2.0983e-05,-1.4972,0.11557,3.1194e-07,0.042538,0,86.6027,0.15977,0.8993,480.828,1421.1377
33.2193,10616.8239,38.7861,239.9927,9.1667,-0.018027,0.096768,2.2252,89.9901,0.096961,4.4562,5.5886,-6.3339,-27.8148,2.0983e-05,-1.4972,0.11557,3.1194e-07,0.042538,0,86.6027,0.15972,0.88605,480.828,1421.1377
33.2249,10617.1471,38.7872,239.9926,9.1665,-0.018159,0.11531,1.5192,89.9909,0.15285,4.456,5.6235,-6.3801,-27.9058,0.00013672,-1.4646,0.09729,3.1199e-07,0.042549,0,86.7492,0.15967,0.87435,480.8268,1421.1198
33.2332,10617.4703,38.7884,239.9928,9.1664,-0.018231,0.12797,0.82744,89.9922,0.19989,4.4557,5.6263,-7.2279,-27.9985,0.00020722,-1.4313,0.072554,3.1203e-07,0.042559,0,86.8958,0.15964,0.84839,480.8257,1421.1019
33.2415,10617.7936,38.7896,239.9931,9.1663,-0.018237,0.13487,0.14963,89.9939,0.23498,4.4555,5.6141,-8.4725,-28.0885,0.00023214,-1.3982,0.044897,3.1206e-07,0.04257,0,87.0424,0.15969,0.82181,480.8245,1421.084
33.2499,10618.1168,38.7908,239.9937,9.1661,-0.018182,0.13611,-0.51449,89.9958,0.25669,4.4552,5.5955,-9.8991,-28.1737,0.00021009,-1.3656,0.016414,3.1209e-07,0.042581,0,87.1891,0.15981,0.7948,480.8234,1421.0661
33.2582,10618.4401,38.7921,239.9944,9.166,-0.018081,0.13183,-1.1652,89.998,0.26463,4.4549,5.5757,-11.3807,-28.2528,0.00014714,-1.3339,-0.011048,3.121e-07,0.042592,0,87.3357,0.15998,0.76747,480.8222,1421.0482
33.2665,10618.7633,38.7935,239.9955,9.1658,-0.017955,0.12212,-1.803,90.0002,0.25929,4.4547,5.5592,-12.8051,-28.325,9.5239e-06,-1.3032,-0.036204,3.1209e-07,0.042602,0,86.9836,0.1602,0.73986,480.8211,1421.0303
33.2749,10619.0866,38.7945,239.9954,9.1657,-0.017851,0.10709,-2.428,90.0024,0.24179,4.4544,5.3464,-14.0943,-28.3873,-0.00015495,-1.2738,-0.058278,3.1208e-07,0.042613,0,86.6318,0.16033,0.80396,480.8199,1421.0124
33.2832,10619.4099,38.7954,239.9947,9.1656,-0.017798,0.086858,-3.0407,90.0044,0.21362,4.4542,5.1436,-15.2008,-28.4419,-0.00031976,-1.2456,-0.07687,3.1206e-07,0.042624,0,86.2802,0.16036,0.87662,480.8188,1420.9946
33.2876,10619.4099,38.7954,239.9947,9.1656,-0.017798,0.086858,-3.0407,90.0044,0.21362,4.4542,5.1436,-15.2008,-28.4419,-0.00031976,-1.2456,-0.07687,3.1206e-07,0.042624,0,86.2802,0.16028,0.86483,480.8188,1420.9946
33.2876,10619.4099,38.7954,239.9947,9.1656,-0.017798,0.086858,-3.0407,90.0044,0.21362,4.4542,5.1436,-15.2008,-28.4419,-0.00031976,-1.2456,-0.07687,3.1206e-07,0.042624,0,86.2802,0.16028,0.86483,480.8188,1420.9946
33.2915,10619.7332,38.796,239.9933,9.1654,-0.017818,0.061519,-3.6413,90.0061,0.17645,4.454,4.9517,-16.1004,-28.4903,-0.00037207,-1.2187,-0.091874,3.1203e-07,0.042634,0,86.2772,0.16028,0.95249,480.8176,1420.9767
33.2955,10619.7332,38.796,239.9933,9.1654,-0.017818,0.061519,-3.6413,90.0061,0.17645,4.454,4.9517,-16.1004,-28.4903,-0.00037207,-1.2187,-0.091874,3.1203e-07,0.042634,0,86.2772,0.16021,0.9171,480.8176,1420.9767
33.2987,10619.7332,38.796,239.9933,9.1654,-0.017818,0.061519,-3.6413,90.0061,0.17645,4.454,4.9517,-16.1004,-28.4903,-0.00037207,-1.2187,-0.091874,3.1203e-07,0.042634,0,86.2772,0.16015,0.89689,480.8176,1420.9767
33.2987,10619.7332,38.796,239.9933,9.1654,-0.017818,0.061519,-3.6413,90.0061,0.17645,4.454,4.9517,-16.1004,-28.4903,-0.00037207,-1.2187,-0.091874,3.1203e-07,0.042634,0,86.2772,0.16015,0.89689,480.8176,1420.9767
33.2999,10620.0565,38.7968,239.9926,9.1653,-0.01788,0.031175,-4.2303,90.0076,0.13203,4.4538,4.9635,-16.7865,-28.539,-0.00033715,-0.42903,-0.10341,3.1199e-07,0.042645,0,86.4235,0.1602,0.94146,480.8165,1420.9588
33.301,10620.0565,38.7968,239.9926,9.1653,-0.01788,0.031175,-4.2303,90.0076,0.13203,4.4538,4.9635,-16.7865,-28.539,-0.00033715,-0.42903,-0.10341,3.1199e-07,0.042645,0,86.4235,0.16018,0.93101,480.8165,1420.9588
33.3033,10620.0565,38.7968,239.9926,9.1653,-0.01788,0.031175,-4.2303,90.0076,0.13203,4.4538,4.9635,-16.7865,-28.539,-0.00033715,-0.42903,-0.10341,3.1199e-07,0.042645,0,86.4235,0.16014,0.91338,480.8165,1420.9588
33.3068,10620.0565,38.7968,239.9926,9.1653,-0.01788,0.031175,-4.2303,90.0076,0.13203,4.4538,4.9635,-16.7865,-28.539,-0.00033715,-0.42903,-0.10341,3.1199e-07,0.042645,0,86.4235,0.16007,0.8928,480.8165,1420.9588
33.3068,10620.0565,38.7968,239.9926,9.1653,-0.01788,0.031175,-4.2303,90.0076,0.13203,4.4538,4.9635,-16.7865,-28.539,-0.00033715,-0.42903,-0.10341,3.1199e-07,0.042645,0,86.4235,0.16007,0.8928,480.8165,1420.9588
33.3082,10620.3798,38.7977,239.9921,9.1652,-0.017964,-0.0040774,-4.4431,90.0087,0.082031,4.4535,4.9821,-10.3357,-30.5058,-0.00021354,1.2294,-0.11172,3.1194e-07,0.042656,0,86.57,0.16011,0.92238,480.8153,1420.9409
33.3096,10620.3798,38.7977,239.9921,9.1652,-0.017964,-0.0040774,-4.4431,90.0087,0.082031,4.4535,4.9821,-10.3357,-30.5058,-0.00021354,1.2294,-0.11172,3.1194e-07,0.042656,0,86.57,0.16008,0.91245,480.8153,1420.9409
33.3123,10620.3798,38.7977,239.9921,9.1652,-0.017964,-0.0040774,-4.4431,90.0087,0.082031,4.4535,4.9821,-10.3357,-30.5058,-0.00021354,1.2294,-0.11172,3.1194e-07,0.042656,0,86.57,0.16003,0.89623,480.8153,1420.9409
33.3165,10620.7031,38.7986,239.9918,9.165,-0.018052,-0.041103,-3.8647,90.0094,0.028016,4.4533,5.0082,4.1954,-34.6669,-7.0869e-05,1.565,-0.11724,3.119e-07,0.042667,0,86.7164,0.16002,0.89949,480.8142,1420.923
33.317,10620.7031,38.7986,239.9918,9.165,-0.018052,-0.041103,-3.8647,90.0094,0.028016,4.4533,5.0082,4.1954,-34.6669,-7.0869e-05,1.565,-0.11724,3.119e-07,0.042667,0,86.7164,0.16001,0.89676,480.8142,1420.923
33.317,10620.7031,38.7986,239.9918,9.165,-0.018052,-0.041103,-3.8647,90.0094,0.028016,4.4533,5.0082,4.1954,-34.6669,-7.0869e-05,1.565,-0.11724,3.119e-07,0.042667,0,86.7164,0.16001,0.89676,480.8142,1420.923
33.3249,10621.0265,38.7996,239.9917,9.1649,-0.018142,-0.073309,-3.1265,90.0096,-0.028668,4.4531,5.0414,6.8961,-35.5242,5.7464e-05,1.5352,-0.1203,3.1186e-07,0.042677,0,86.863,0.15994,0.87479,480.813,1420.9051
33.3296,10621.0265,38.7996,239.9917,9.1649,-0.018142,-0.073309,-3.1265,90.0096,-0.028668,4.4531,5.0414,6.8961,-35.5242,5.7464e-05,1.5352,-0.1203,3.1186e-07,0.042677,0,86.863,0.15986,0.86351,480.813,1420.9051
33.3296,10621.0265,38.7996,239.9917,9.1649,-0.018142,-0.073309,-3.1265,90.0096,-0.028668,4.4531,5.0414,6.8961,-35.5242,5.7464e-05,1.5352,-0.1203,3.1186e-07,0.042677,0,86.863,0.15986,0.86351,480.813,1420.9051
33.3332,10621.3498,38.8007,239.9918,9.1647,-0.018227,-0.099364,-2.4028,90.0094,-0.086837,4.4528,5.0814,6.4336,-35.4652,0.00015588,1.5048,-0.11714,3.1182e-07,0.042688,0,87.0095,0.15988,0.84909,480.8118,1420.8872
33.3368,10621.3498,38.8007,239.9918,9.1647,-0.018227,-0.099364,-2.4028,90.0094,-0.086837,4.4528,5.0814,6.4336,-35.4652,0.00015588,1.5048,-0.11714,3.1182e-07,0.042688,0,87.0095,0.15981,0.84783,480.8118,1420.8872
33.3415,10621.6731,38.8018,239.9922,9.1646,-0.018299,-0.11939,-1.6933,90.0087,-0.14348,4.4526,5.1377,6.354,-35.4012,0.0002222,1.4725,-0.10149,3.1179e-07,0.042699,0,87.1561,0.15984,0.82278,480.8107,1420.8693
33.3499,10621.9965,38.8029,239.9927,9.1645,-0.018341,-0.1335,-0.9981,90.0075,-0.19256,4.4523,5.2262,7.0385,-35.3294,0.00025339,1.4393,-0.077943,3.1176e-07,0.04271,0,87.3028,0.15985,0.79602,480.8095,1420.8514
33.3582,10622.3199,38.8041,239.9935,9.1643,-0.01834,-0.14182,-0.31689,90.0059,-0.23025,4.4521,5.3353,8.2086,-35.2519,0.00025089,1.4061,-0.050842,3.1175e-07,0.04272,0,87.4494,0.1599,0.76888,480.8084,1420.8335
33.3665,10622.6432,38.8054,239.9945,9.1642,-0.018292,-0.14446,0.35057,90.004,-0.25484,4.4518,5.4542,9.6005,-35.1706,0.0001701,1.3734,-0.022477,3.1175e-07,0.042731,0,87.0973,0.16002,0.74139,480.8072,1420.8156
33.3749,10622.9666,38.8063,239.9944,9.164,-0.018224,-0.14153,1.0046,90.0018,-0.26571,4.4516,5.3745,11.0753,-35.0835,4.7169e-05,1.3414,0.0052489,3.1177e-07,0.042742,0,86.7455,0.16009,0.80555,480.8061,1420.7978
33.3832,10623.29,38.807,239.9937,9.1639,-0.018157,-0.13316,1.6455,89.9996,-0.26318,4.4514,5.2959,12.5172,-34.9934,-0.00010104,1.3105,0.030922,3.1179e-07,0.042753,0,86.394,0.16011,0.87823,480.8049,1420.7799
33.3915,10623.6134,38.8075,239.9923,9.1637,-0.018113,-0.11945,2.2736,89.9974,-0.24823,4.4512,5.2147,13.8402,-34.9016,-0.00017106,1.2808,0.053662,3.1183e-07,0.042763,0,86.3888,0.16008,0.95412,480.8038,1420.762
33.3999,10623.9368,38.8082,239.9916,9.1636,-0.018068,-0.1005,2.8893,89.9954,-0.22228,4.451,5.3219,14.9909,-34.8145,-0.00019377,1.2524,0.072997,3.1188e-07,0.042774,0,86.5351,0.16008,0.9429,480.8026,1420.7441
33.4012,10623.9368,38.8082,239.9916,9.1636,-0.018068,-0.1005,2.8893,89.9954,-0.22228,4.451,5.3219,14.9909,-34.8145,-0.00019377,1.2524,0.072997,3.1188e-07,0.042774,0,86.5351,0.16006,0.93083,480.8026,1420.7441
33.4012,10623.9368,38.8082,239.9916,9.1636,-0.018068,-0.1005,2.8893,89.9954,-0.22228,4.451,5.3219,14.9909,-34.8145,-0.00019377,1.2524,0.072997,3.1188e-07,0.042774,0,86.5351,0.16006,0.93083,480.8026,1420.7441
33.4082,10624.2602,38.809,239.9911,9.1635,-0.018022,-0.076427,3.4929,89.9935,-0.18699,4.4507,5.4204,15.9403,-34.7303,-0.00016455,1.2252,0.08876,3.1193e-07,0.042785,0,86.6815,0.1601,0.92313,480.8015,1420.7262
33.4122,10624.2602,38.809,239.9911,9.1635,-0.018022,-0.076427,3.4929,89.9935,-0.18699,4.4507,5.4204,15.9403,-34.7303,-0.00016455,1.2252,0.08876,3.1193e-07,0.042785,0,86.6815,0.16002,0.89762,480.8015,1420.7262
33.4122,10624.2602,38.809,239.9911,9.1635,-0.018022,-0.076427,3.4929,89.9935,-0.18699,4.4507,5.4204,15.9403,-34.7303,-0.00016455,1.2252,0.08876,3.1193e-07,0.042785,0,86.6815,0.16002,0.89762,480.8015,1420.7262
33.4165,10624.5836,38.8098,239.9908,9.1633,-0.017972,-0.04732,4.0847,89.9919,-0.14408,4.4505,5.5095,16.6783,-34.6493,-0.00012061,0.83754,0.10103,3.12e-07,0.042796,0,86.828,0.16013,0.89954,480.8003,1420.7083
33.4209,10624.5836,38.8098,239.9908,9.1633,-0.017972,-0.04732,4.0847,89.9919,-0.14408,4.4505,5.5095,16.6783,-34.6493,-0.00012061,0.83754,0.10103,3.12e-07,0.042796,0,86.828,0.16005,0.88045,480.8003,1420.7083
33.421,10624.5836,38.8098,239.9908,9.1633,-0.017972,-0.04732,4.0847,89.9919,-0.14408,4.4505,5.5095,16.6783,-34.6493,-0.00012061,0.83754,0.10103,3.12e-07,0.042796,0,86.828,0.16004,0.88014,480.8003,1420.7083
33.421,10624.5836,38.8098,239.9908,9.1633,-0.017972,-0.04732,4.0847,89.9919,-0.14408,4.4505,5.5095,16.6783,-34.6493,-0.00012061,0.83754,0.10103,3.12e-07,0.042796,0,86.828,0.16004,0.88014,480.8003,1420.7083
33.4249,10624.907,38.8107,239.9907,9.1632,-0.017934,-0.013281,4.4924,89.9907,-0.095232,4.4503,5.5882,13.9254,-33.6693,-5.468e-05,-0.819,0.11003,3.1207e-07,0.042806,0,86.9745,0.16016,0.87481,480.7992,1420.6904
33.4288,10624.907,38.8107,239.9907,9.1632,-0.017934,-0.013281,4.4924,89.9907,-0.095232,4.4503,5.5882,13.9254,-33.6693,-5.468e-05,-0.819,0.11003,3.1207e-07,0.042806,0,86.9745,0.16008,0.8654,480.7992,1420.6904
33.4332,10625.2304,38.8116,239.9909,9.163,-0.017921,0.024155,4.1098,89.9899,-0.042036,4.4501,5.6585,-0.55173,-29.5356,3.1132e-05,-1.5748,0.11611,3.1215e-07,0.042817,0,87.1211,0.16017,0.84925,480.798,1420.6725
33.4415,10625.5539,38.8126,239.9912,9.1629,-0.017937,0.058403,3.3668,89.9896,0.014105,4.4498,5.7215,-7.0379,-27.6621,0.00010479,-1.5449,0.11969,3.1222e-07,0.042828,0,87.2676,0.16017,0.82318,480.7969,1420.6546
33.445,10625.5539,38.8126,239.9912,9.1629,-0.017937,0.058403,3.3668,89.9896,0.014105,4.4498,5.7215,-7.0379,-27.6621,0.00010479,-1.5449,0.11969,3.1222e-07,0.042828,0,87.2676,0.16011,0.82977,480.7969,1420.6546
33.445,10625.5539,38.8126,239.9912,9.1629,-0.017937,0.058403,3.3668,89.9896,0.014105,4.4498,5.7215,-7.0379,-27.6621,0.00010479,-1.5449,0.11969,3.1222e-07,0.042828,0,87.2676,0.16011,0.82977,480.7969,1420.6546
33.4499,10625.8773,38.8136,239.9918,9.1628,-0.01798,0.08646,2.6384,89.9897,0.071979,4.4496,5.7788,-6.5496,-27.75,0.00015908,-1.5148,0.11917,3.1229e-07,0.042838,0,87.4143,0.16016,0.79671,480.7957,1420.6367
33.4547,10625.8773,38.8136,239.9918,9.1628,-0.01798,0.08646,2.6384,89.9897,0.071979,4.4496,5.7788,-6.5496,-27.75,0.00015908,-1.5148,0.11917,3.1229e-07,0.042838,0,87.4143,0.16007,0.81522,480.7957,1420.6367
33.4582,10626.2008,38.8147,239.9925,9.1626,-0.018039,0.10845,1.9243,89.9903,0.1296,4.4493,5.8266,-6.3131,-27.8359,0.00019539,-1.483,0.10709,3.1236e-07,0.042849,0,87.5609,0.16014,0.76986,480.7946,1420.6188
33.4665,10626.5242,38.8159,239.9935,9.1625,-0.018093,0.12448,1.2245,89.9914,0.18139,4.4491,5.8463,-6.782,-27.9234,0.0001671,-1.45,0.085182,3.1242e-07,0.04286,0,87.2089,0.16013,0.74262,480.7934,1420.6009
33.4749,10626.8477,38.8167,239.9934,9.1624,-0.018141,0.13469,0.53875,89.9929,0.22258,4.4489,5.6397,-7.8527,-28.0085,0.00010693,-1.4167,0.05882,3.1247e-07,0.042871,0,86.8571,0.16007,0.80697,480.7923,1420.583
33.4832,10627.1712,38.8173,239.9927,9.1622,-0.018175,0.13918,-0.13314,89.9948,0.25103,4.4487,5.4248,-9.1981,-28.0903,2.2325e-05,-1.3838,0.030613,3.125e-07,0.042881,0,86.5056,0.15998,0.87977,480.7911,1420.5651
33.4915,10627.4946,38.8178,239.9913,9.1621,-0.018195,0.13807,-0.79148,89.9969,0.26583,4.4485,5.208,-10.6601,-28.1678,4.4102e-06,-1.3515,0.0025345,3.1253e-07,0.042892,0,86.4878,0.15986,0.95572,480.79,1420.5472
33.4999,10627.8181,38.8184,239.9906,9.1619,-0.018165,0.13147,-1.4366,89.9991,0.26706,4.4483,5.1876,-12.1191,-28.2449,1.1558e-05,-1.3203,-0.023833,3.1255e-07,0.042903,0,86.6341,0.15982,0.94455,480.7888,1420.5293
33.5082,10628.1416,38.819,239.9901,9.1618,-0.018081,0.1195,-2.0688,90.0013,0.25554,4.4481,5.1717,-13.479,-28.3184,4.0221e-05,-1.2902,-0.047474,3.1255e-07,0.042914,0,86.7805,0.15986,0.92482,480.7877,1420.5114
33.5165,10628.4651,38.8197,239.9898,9.1616,-0.017945,0.10226,-2.6885,90.0034,0.23259,4.4479,5.1627,-14.6781,-28.3874,4.0207e-05,-1.2614,-0.067811,3.1254e-07,0.042924,0,86.927,0.15995,0.9012,480.7865,1420.4935
33.5249,10628.7886,38.8205,239.9897,9.1615,-0.017791,0.079856,-3.296,90.0054,0.1998,4.4477,5.1624,-15.6812,-28.4487,2.6568e-05,-1.2338,-0.084597,3.1252e-07,0.042935,0,87.0735,0.16007,0.8758,480.7853,1420.4756
33.5255,10628.7886,38.8205,239.9897,9.1615,-0.017791,0.079856,-3.296,90.0054,0.1998,4.4477,5.1624,-15.6812,-28.4487,2.6568e-05,-1.2338,-0.084597,3.1252e-07,0.042935,0,87.0735,0.16006,0.87391,480.7853,1420.4756
33.5255,10628.7886,38.8205,239.9897,9.1615,-0.017791,0.079856,-3.296,90.0054,0.1998,4.4477,5.1624,-15.6812,-28.4487,2.6568e-05,-1.2338,-0.084597,3.1252e-07,0.042935,0,87.0735,0.16006,0.87391,480.7853,1420.4756
33.5332,10629.1121,38.8213,239.9898,9.1614,-0.017647,0.05239,-3.8916,90.007,0.1589,4.4475,5.1711,-16.4731,-28.5032,1.261e-05,-1.1083,-0.097846,3.125e-07,0.042946,0,87.22,0.1602,0.8495,480.7842,1420.4578
33.535,10629.1121,38.8213,239.9898,9.1614,-0.017647,0.05239,-3.8916,90.007,0.1589,4.4475,5.1711,-16.4731,-28.5032,1.261e-05,-1.1083,-0.097846,3.125e-07,0.042946,0,87.22,0.16017,0.84897,480.7842,1420.4578
33.535,10629.1121,38.8213,239.9898,9.1614,-0.017647,0.05239,-3.8916,90.007,0.1589,4.4475,5.1711,-16.4731,-28.5032,1.261e-05,-1.1083,-0.097846,3.125e-07,0.042946,0,87.22,0.16017,0.84897,480.7842,1420.4578
33.5415,10629.4356,38.8222,239.9902,9.1612,-0.017536,0.01996,-4.4283,90.0084,0.1116,4.4473,5.1875,-16.1541,-28.8012,1.1969e-05,0.3028,-0.10776,3.1246e-07,0.042957,0,87.3666,0.16031,0.8232,480.783,1420.4399
33.5481,10629.4356,38.8222,239.9902,9.1612,-0.017536,0.01996,-4.4283,90.0084,0.1116,4.4473,5.1875,-16.1541,-28.8012,1.1969e-05,0.3028,-0.10776,3.1246e-07,0.042957,0,87.3666,0.16019,0.83422,480.783,1420.4399
33.5499,10629.7591,38.8231,239.9907,9.1611,-0.017475,-0.016942,-4.292,90.0093,0.059497,4.447,5.2116,-3.9652,-32.3274,4.4251e-05,1.582,-0.11465,3.1243e-07,0.042967,0,87.5132,0.16038,0.7968,480.7819,1420.422
33.5582,10630.0827,38.8241,239.9915,9.161,-0.017467,-0.052709,-3.5455,90.0098,0.0040663,4.4468,5.243,7.2118,-35.5389,8.6097e-05,1.5521,-0.11889,3.1239e-07,0.042978,0,87.6239,0.16041,0.77014,480.7807,1420.4041
33.5604,10630.0827,38.8241,239.9915,9.161,-0.017467,-0.052709,-3.5455,90.0098,0.0040663,4.4468,5.243,7.2118,-35.5389,8.6097e-05,1.5521,-0.11889,3.1239e-07,0.042978,0,87.6239,0.16037,0.78519,480.7807,1420.4041
33.5604,10630.0827,38.8241,239.9915,9.161,-0.017467,-0.052709,-3.5455,90.0098,0.0040663,4.4468,5.243,7.2118,-35.5389,8.6097e-05,1.5521,-0.11889,3.1239e-07,0.042978,0,87.6239,0.16037,0.78519,480.7807,1420.4041
33.5665,10630.4062,38.8252,239.9925,9.1608,-0.017505,-0.082254,-2.8136,90.0098,-0.053417,4.4466,5.2814,6.6757,-35.4765,7.7046e-05,1.5223,-0.12037,3.1236e-07,0.042989,0,87.2719,0.16041,0.74322,480.7796,1420.3862
33.5726,10630.4062,38.8252,239.9925,9.1608,-0.017505,-0.082254,-2.8136,90.0098,-0.053417,4.4466,5.2814,6.6757,-35.4765,7.7046e-05,1.5223,-0.12037,3.1236e-07,0.042989,0,87.2719,0.16029,0.78971,480.7796,1420.3862
33.5735,10630.4062,38.8252,239.9925,9.1608,-0.017505,-0.082254,-2.8136,90.0098,-0.053417,4.4466,5.2814,6.6757,-35.4765,7.7046e-05,1.5223,-0.12037,3.1236e-07,0.042989,0,87.2719,0.16028,0.79442,480.7796,1420.3862
33.5735,10630.4062,38.8252,239.9925,9.1608,-0.017505,-0.082254,-2.8136,90.0098,-0.053417,4.4466,5.2814,6.6757,-35.4765,7.7046e-05,1.5223,-0.12037,3.1236e-07,0.042989,0,87.2719,0.16028,0.79442,480.7796,1420.3862
33.5749,10630.7298,38.8259,239.9924,9.1607,-0.017596,-0.1057,-2.096,90.0094,-0.11162,4.4464,5.1249,6.3114,-35.409,5.1928e-05,1.4911,-0.11219,3.1233e-07,0.042999,0,86.9201,0.16028,0.80783,480.7784,1420.3683
33.5762,10630.7298,38.8259,239.9924,9.1607,-0.017596,-0.1057,-2.096,90.0094,-0.11162,4.4464,5.1249,6.3114,-35.409,5.1928e-05,1.4911,-0.11219,3.1233e-07,0.042999,0,86.9201,0.16026,0.81248,480.7784,1420.3683
33.5789,10630.7298,38.8259,239.9924,9.1607,-0.017596,-0.1057,-2.096,90.0094,-0.11162,4.4464,5.1249,6.3114,-35.409,5.1928e-05,1.4911,-0.11219,3.1233e-07,0.042999,0,86.9201,0.16021,0.8201,480.7784,1420.3683
33.5832,10631.0533,38.8265,239.9917,9.1606,-0.01772,-0.12317,-1.3927,90.0084,-0.16587,4.4462,4.9951,6.539,-35.3355,1.5809e-05,1.4582,-0.092105,3.1231e-07,0.04301,0,86.5686,0.16008,0.88087,480.7773,1420.3504
33.5915,10631.3769,38.8268,239.9903,9.1604,-0.017849,-0.13477,-0.70356,90.0071,-0.21041,4.446,4.8979,7.4953,-35.2555,5.7246e-05,1.4249,-0.06658,3.123e-07,0.043021,0,86.548,0.15984,0.95701,480.7761,1420.3325
33.5999,10631.7004,38.8273,239.9896,9.1603,-0.017921,-0.14064,-0.028339,90.0053,-0.24261,4.4458,5.0103,8.7879,-35.1771,0.0001272,1.3919,-0.038635,3.123e-07,0.043032,0,86.6943,0.15969,0.94599,480.775,1420.3146
33.6082,10632.024,38.8278,239.989,9.1601,-0.017907,-0.14087,0.63325,90.0033,-0.26129,4.4456,5.1293,10.2336,-35.0991,0.00020988,1.3594,-0.010303,3.1231e-07,0.043042,0,86.8407,0.15963,0.92637,480.7738,1420.2967
33.6165,10632.3475,38.8284,239.9887,9.16,-0.017795,-0.13559,1.2815,90.0011,-0.26628,4.4454,5.2496,11.7089,-35.0209,0.00024408,1.3279,0.016689,3.1233e-07,0.043053,0,86.9871,0.15968,0.90282,480.7727,1420.2788
33.6249,10632.6711,38.8291,239.9887,9.1599,-0.017612,-0.12492,1.9168,89.9989,-0.25821,4.4452,5.3674,13.1088,-34.9398,0.00023655,1.2975,0.041175,3.1236e-07,0.043064,0,87.1336,0.15982,0.87744,480.7715,1420.2609
33.6332,10632.9947,38.8298,239.9888,9.1597,-0.01739,-0.10894,2.5395,89.9967,-0.2383,4.445,5.4796,14.3624,-34.8564,0.00018824,1.2684,0.062473,3.1241e-07,0.043075,0,87.2802,0.16,0.85116,480.7704,1420.243
33.6415,10633.3183,38.8306,239.9891,9.1596,-0.017168,-0.087779,3.1499,89.9947,-0.2081,4.4448,5.5842,15.4281,-34.7711,0.00011749,1.2405,0.080254,3.1247e-07,0.043085,0,87.4267,0.1602,0.82438,480.7692,1420.2251
33.648,10633.3183,38.8306,239.9891,9.1596,-0.017168,-0.087779,3.1499,89.9947,-0.2081,4.4448,5.5842,15.4281,-34.7711,0.00011749,1.2405,0.080254,3.1247e-07,0.043085,0,87.4267,0.16008,0.83507,480.7692,1420.2251
33.648,10633.3183,38.8306,239.9891,9.1596,-0.017168,-0.087779,3.1499,89.9947,-0.2081,4.4448,5.5842,15.4281,-34.7711,0.00011749,1.2405,0.080254,3.1247e-07,0.043085,0,87.4267,0.16008,0.83507,480.7692,1420.2251
33.6499,10633.6419,38.8314,239.9897,9.1595,-0.016976,-0.06153,3.7484,89.993,-0.1693,4.4447,5.6803,16.2857,-34.6849,4.9024e-05,1.1889,0.094468,3.1253e-07,0.043096,0,87.5733,0.16038,0.79727,480.7681,1420.2072
33.6517,10633.6419,38.8314,239.9897,9.1595,-0.016976,-0.06153,3.7484,89.993,-0.1693,4.4447,5.6803,16.2857,-34.6849,4.9024e-05,1.1889,0.094468,3.1253e-07,0.043096,0,87.5733,0.16035,0.80562,480.7681,1420.2072
33.6554,10633.6419,38.8314,239.9897,9.1595,-0.016976,-0.06153,3.7484,89.993,-0.1693,4.4447,5.6803,16.2857,-34.6849,4.9024e-05,1.1889,0.094468,3.1253e-07,0.043096,0,87.5733,0.16028,0.8183,480.7681,1420.2072
33.6582,10633.9655,38.8323,239.9905,9.1593,-0.016838,-0.030294,4.3233,89.9916,-0.12363,4.4444,5.7667,16.7049,-34.5368,3.878e-06,0.12172,0.10527,3.1261e-07,0.043107,0,87.7069,0.16053,0.77022,480.7669,1420.1893
33.6665,10634.2891,38.8333,239.9915,9.1592,-0.016764,0.0057338,4.3895,89.9906,-0.072729,4.4442,5.8434,7.6922,-31.8607,-4.1183e-05,-1.5329,0.11294,3.1268e-07,0.043118,0,87.3548,0.16062,0.74331,480.7658,1420.1714
33.6749,10634.6127,38.834,239.9914,9.1591,-0.016778,0.042313,3.6663,89.99,-0.018122,4.444,5.7119,-6.8522,-27.733,-6.6727e-05,-1.5569,0.11788,3.1276e-07,0.043128,0,87.0031,0.16056,0.80697,480.7646,1420.1535
33.676,10634.6127,38.834,239.9914,9.1591,-0.016778,0.042313,3.6663,89.99,-0.018122,4.444,5.7119,-6.8522,-27.733,-6.6727e-05,-1.5569,0.11788,3.1276e-07,0.043128,0,87.0031,0.16054,0.81125,480.7646,1420.1535
33.676,10634.6127,38.834,239.9914,9.1591,-0.016778,0.042313,3.6663,89.99,-0.018122,4.444,5.7119,-6.8522,-27.733,-6.6727e-05,-1.5569,0.11788,3.1276e-07,0.043128,0,87.0031,0.16054,0.81125,480.7646,1420.1535
33.6832,10634.9363,38.8344,239.9907,9.159,-0.016872,0.072865,2.932,89.9898,0.038874,4.4439,5.5733,-6.7686,-27.6812,-9.0577e-05,-1.5271,0.12034,3.1284e-07,0.043139,0,86.6516,0.16037,0.88016,480.7634,1420.1356
33.6888,10634.9363,38.8344,239.9907,9.159,-0.016872,0.072865,2.932,89.9898,0.038874,4.4439,5.5733,-6.7686,-27.6812,-9.0577e-05,-1.5271,0.12034,3.1284e-07,0.043139,0,86.6516,0.16027,0.86561,480.7634,1420.1356
33.6888,10634.9363,38.8344,239.9907,9.159,-0.016872,0.072865,2.932,89.9898,0.038874,4.4439,5.5733,-6.7686,-27.6812,-9.0577e-05,-1.5271,0.12034,3.1284e-07,0.043139,0,86.6516,0.16027,0.86561,480.7634,1420.1356
33.6915,10635.2599,38.8346,239.9893,9.1588,-0.017029,0.097299,2.2121,89.9901,0.097065,4.4437,5.431,-6.3495,-27.762,-2.1201e-05,-1.4964,0.11509,3.1291e-07,0.04315,0,86.4879,0.16009,0.95652,480.7623,1420.1177
33.6943,10635.2599,38.8346,239.9893,9.1588,-0.017029,0.097299,2.2121,89.9901,0.097065,4.4437,5.431,-6.3495,-27.762,-2.1201e-05,-1.4964,0.11509,3.1291e-07,0.04315,0,86.4879,0.16004,0.93006,480.7623,1420.1177
33.6999,10635.5835,38.8351,239.9886,9.1587,-0.017181,0.11573,1.5065,89.9909,0.15272,4.4435,5.4654,-6.4022,-27.8488,9.0794e-05,-1.4637,0.096739,3.1298e-07,0.043161,0,86.6342,0.15984,0.94573,480.7611,1420.0998
33.7082,10635.9072,38.8355,239.9881,9.1586,-0.017274,0.12829,0.81507,89.9922,0.1995,4.4433,5.4674,-7.2549,-27.9415,0.0002277,-1.4305,0.072022,3.1303e-07,0.043171,0,86.7806,0.15967,0.92633,480.76,1420.0819
33.7165,10636.2308,38.836,239.9878,9.1584,-0.01727,0.13508,0.13759,89.9939,0.23433,4.4432,5.4539,-8.4986,-28.0352,0.00032301,-1.3974,0.044428,3.1308e-07,0.043182,0,86.927,0.1596,0.90295,480.7588,1420.064
33.7249,10636.5544,38.8366,239.9877,9.1583,-0.017171,0.13623,-0.52622,89.9958,0.25582,4.443,5.4343,-9.9215,-28.1243,0.00037185,-1.3649,0.016034,3.1312e-07,0.043193,0,87.0735,0.15963,0.87768,480.7577,1420.0461
33.7332,10636.8781,38.8372,239.9878,9.1582,-0.016992,0.13184,-1.1767,89.998,0.26357,4.4428,5.4135,-11.3979,-28.2073,0.00036406,-1.3332,-0.011323,3.1314e-07,0.043204,0,87.22,0.15976,0.85146,480.7565,1420.0282
33.7415,10637.2017,38.8379,239.9882,9.158,-0.016762,0.12204,-1.8141,90.0002,0.2581,4.4426,5.3962,-12.8161,-28.2826,0.00030891,-1.3026,-0.036369,3.1315e-07,0.043214,0,87.3666,0.15995,0.82471,480.7554,1420.0103
33.7499,10637.5254,38.8387,239.9887,9.1579,-0.016515,0.10692,-2.4388,90.0023,0.24052,4.4424,5.3853,-14.0987,-28.3497,0.00022049,-1.2732,-0.058336,3.1315e-07,0.043225,0,87.5132,0.16017,0.7976,480.7542,1419.9924
33.7582,10637.849,38.8395,239.9895,9.1578,-0.016283,0.086595,-3.0512,90.0043,0.21231,4.4423,5.3825,-15.199,-28.4092,0.00011851,-1.2451,-0.076831,3.1315e-07,0.043236,0,87.6598,0.16039,0.77022,480.7531,1419.9745
33.7629,10637.849,38.8395,239.9895,9.1578,-0.016283,0.086595,-3.0512,90.0043,0.21231,4.4423,5.3825,-15.199,-28.4092,0.00011851,-1.2451,-0.076831,3.1315e-07,0.043236,0,87.6598,0.1603,0.79888,480.7531,1419.9745
33.7629,10637.849,38.8395,239.9895,9.1578,-0.016283,0.086595,-3.0512,90.0043,0.21231,4.4423,5.3825,-15.199,-28.4092,0.00011851,-1.2451,-0.076831,3.1315e-07,0.043236,0,87.6598,0.1603,0.79888,480.7531,1419.9745
33.7665,10638.1727,38.8404,239.9905,9.1577,-0.016094,0.061168,-3.6516,90.0061,0.17517,4.4421,5.3887,-16.093,-28.4618,-1.6202e-05,-1.2183,-0.091752,3.1313e-07,0.043246,0,87.3078,0.16058,0.74263,480.7519,1419.9566
33.7702,10638.1727,38.8404,239.9905,9.1577,-0.016094,0.061168,-3.6516,90.0061,0.17517,4.4421,5.3887,-16.093,-28.4618,-1.6202e-05,-1.2183,-0.091752,3.1313e-07,0.043246,0,87.3078,0.16051,0.77439,480.7519,1419.9566
33.774,10638.1727,38.8404,239.9905,9.1577,-0.016094,0.061168,-3.6516,90.0061,0.17517,4.4421,5.3887,-16.093,-28.4618,-1.6202e-05,-1.2183,-0.091752,3.1313e-07,0.043246,0,87.3078,0.16044,0.79729,480.7519,1419.9566
33.774,10638.1727,38.8404,239.9905,9.1577,-0.016094,0.061168,-3.6516,90.0061,0.17517,4.4421,5.3887,-16.093,-28.4618,-1.6202e-05,-1.2183,-0.091752,3.1313e-07,0.043246,0,87.3078,0.16044,0.79729,480.7519,1419.9566
33.7749,10638.4964,38.8409,239.9905,9.1575,-0.015987,0.030739,-4.2403,90.0075,0.13081,4.4419,5.2054,-16.7745,-28.5063,-0.00012944,-0.39685,-0.10322,3.1311e-07,0.043257,0,86.9561,0.16063,0.80472,480.7508,1419.9387
33.7757,10638.4964,38.8409,239.9905,9.1575,-0.015987,0.030739,-4.2403,90.0075,0.13081,4.4419,5.2054,-16.7745,-28.5063,-0.00012944,-0.39685,-0.10322,3.1311e-07,0.043257,0,86.9561,0.16061,0.80811,480.7508,1419.9387
33.7774,10638.4964,38.8409,239.9905,9.1575,-0.015987,0.030739,-4.2403,90.0075,0.13081,4.4419,5.2054,-16.7745,-28.5063,-0.00012944,-0.39685,-0.10322,3.1311e-07,0.043257,0,86.9561,0.16058,0.81409,480.7508,1419.9387
33.7808,10638.4964,38.8409,239.9905,9.1575,-0.015987,0.030739,-4.2403,90.0075,0.13081,4.4419,5.2054,-16.7745,-28.5063,-0.00012944,-0.39685,-0.10322,3.1311e-07,0.043257,0,86.9561,0.16052,0.82339,480.7508,1419.9387
33.782,10638.4964,38.8409,239.9905,9.1575,-0.015987,0.030739,-4.2403,90.0075,0.13081,4.4419,5.2054,-16.7745,-28.5063,-0.00012944,-0.39685,-0.10322,3.1311e-07,0.043257,0,86.9561,0.1605,0.82604,480.7508,1419.9387
33.782,10638.4964,38.8409,239.9905,9.1575,-0.015987,0.030739,-4.2403,90.0075,0.13081,4.4419,5.2054,-16.7745,-28.5063,-0.00012944,-0.39685,-0.10322,3.1311e-07,0.043257,0,86.9561,0.1605,0.82604,480.7508,1419.9387
33.7832,10638.82,38.8413,239.9898,9.1574,-0.015973,-0.0045972,-4.4377,90.0086,0.080902,4.4417,5.0266,-10.0317,-30.5446,-0.00019479,1.2571,-0.11147,3.1308e-07,0.043268,0,86.6046,0.16054,0.87779,480.7496,1419.9208
33.7844,10638.82,38.8413,239.9898,9.1574,-0.015973,-0.0045972,-4.4377,90.0086,0.080902,4.4417,5.0266,-10.0317,-30.5446,-0.00019479,1.2571,-0.11147,3.1308e-07,0.043268,0,86.6046,0.16052,0.87436,480.7496,1419.9208
33.7867,10638.82,38.8413,239.9898,9.1574,-0.015973,-0.0045972,-4.4377,90.0086,0.080902,4.4417,5.0266,-10.0317,-30.5446,-0.00019479,1.2571,-0.11147,3.1308e-07,0.043268,0,86.6046,0.16047,0.86859,480.7496,1419.9208
33.7915,10639.1437,38.8415,239.9884,9.1573,-0.016053,-0.041578,-3.8461,90.0093,0.027007,4.4416,4.8574,4.4624,-34.6842,-0.00012744,1.564,-0.11694,3.1305e-07,0.043279,0,86.3305,0.16031,0.95425,480.7485,1419.9029
33.7921,10639.1437,38.8415,239.9884,9.1573,-0.016053,-0.041578,-3.8461,90.0093,0.027007,4.4416,4.8574,4.4624,-34.6842,-0.00012744,1.564,-0.11694,3.1305e-07,0.043279,0,86.3305,0.1603,0.94856,480.7485,1419.9029
33.7921,10639.1437,38.8415,239.9884,9.1573,-0.016053,-0.041578,-3.8461,90.0093,0.027007,4.4416,4.8574,4.4624,-34.6842,-0.00012744,1.564,-0.11694,3.1305e-07,0.043279,0,86.3305,0.1603,0.94856,480.7485,1419.9029
33.7999,10639.4674,38.8418,239.9877,9.1572,-0.01617,-0.073629,-3.1083,90.0095,-0.029534,4.4414,4.8905,6.905,-35.4655,-3.3929e-06,1.5342,-0.11998,3.1302e-07,0.043289,0,86.4768,0.16009,0.94367,480.7473,1419.885
33.8047,10639.4674,38.8418,239.9877,9.1572,-0.01617,-0.073629,-3.1083,90.0095,-0.029534,4.4414,4.8905,6.905,-35.4655,-3.3929e-06,1.5342,-0.11998,3.1302e-07,0.043289,0,86.4768,0.16001,0.90718,480.7473,1419.885
33.8047,10639.4674,38.8418,239.9877,9.1572,-0.01617,-0.073629,-3.1083,90.0095,-0.029534,4.4414,4.8905,6.905,-35.4655,-3.3929e-06,1.5342,-0.11998,3.1302e-07,0.043289,0,86.4768,0.16001,0.90718,480.7473,1419.885
33.8082,10639.7911,38.8422,239.9872,9.157,-0.016285,-0.099532,-2.385,90.0093,-0.087546,4.4413,4.9299,6.4445,-35.4065,0.00016087,1.5037,-0.11663,3.13e-07,0.0433,0,86.6232,0.15988,0.92448,480.7462,1419.8671
33.8117,10639.7911,38.8422,239.9872,9.157,-0.016285,-0.099532,-2.385,90.0093,-0.087546,4.4413,4.9299,6.4445,-35.4065,0.00016087,1.5037,-0.11663,3.13e-07,0.0433,0,86.6232,0.15982,0.90168,480.7462,1419.8671
33.8165,10640.1148,38.8427,239.9869,9.1569,-0.016354,-0.11941,-1.676,90.0086,-0.14394,4.4411,4.9855,6.3762,-35.3462,0.00029703,1.4714,-0.10078,3.1298e-07,0.043311,0,86.7696,0.15973,0.90134,480.745,1419.8492
33.8249,10640.4385,38.8432,239.9869,9.1568,-0.016359,-0.13337,-0.98125,90.0074,-0.19268,4.4409,5.0733,7.073,-35.2784,0.0003986,1.4383,-0.0772,3.1297e-07,0.043322,0,86.9161,0.15965,0.87631,480.7438,1419.8313
33.8332,10640.7621,38.8437,239.987,9.1567,-0.016287,-0.14155,-0.30047,90.0058,-0.23001,4.4408,5.1813,8.2456,-35.2049,0.00045073,1.4051,-0.050133,3.1298e-07,0.043332,0,87.0626,0.15966,0.85026,480.7427,1419.8134
33.8415,10641.0858,38.8443,239.9874,9.1565,-0.016142,-0.14405,0.36658,90.0038,-0.25426,4.4406,5.2991,9.6357,-35.1268,0.00045181,1.3724,-0.021846,3.1299e-07,0.043343,0,87.2091,0.15975,0.82361,480.7415,1419.7955
33.8499,10641.4096,38.845,239.988,9.1564,-0.015938,-0.141,1.0202,90.0017,-0.26483,4.4404,5.4208,11.106,-35.0448,0.00040434,1.3405,0.0057698,3.1302e-07,0.043354,0,87.3557,0.15991,0.79656,480.7404,1419.7776
33.8582,10641.7333,38.8458,239.9888,9.1563,-0.0157,-0.1325,1.6607,89.9995,-0.26204,4.4403,5.5417,12.5415,-34.9596,0.00031847,1.3097,0.031316,3.1306e-07,0.043365,0,87.5024,0.16012,0.76921,480.7392,1419.7597
33.8665,10642.057,38.8466,239.9898,9.1562,-0.015454,-0.11866,2.2884,89.9973,-0.2469,4.4401,5.658,13.8573,-34.8724,0.00016454,1.2801,0.053929,3.1311e-07,0.043375,0,87.1504,0.16036,0.74159,480.7381,1419.7418
33.8749,10642.3807,38.847,239.9897,9.1561,-0.01525,-0.099589,2.9038,89.9953,-0.22083,4.4399,5.5649,15.0008,-34.7812,-6.5652e-06,1.2517,0.07314,3.1317e-07,0.043386,0,86.7987,0.16048,0.80563,480.7369,1419.7239
33.8765,10642.3807,38.847,239.9897,9.1561,-0.01525,-0.099589,2.9038,89.9953,-0.22083,4.4399,5.5649,15.0008,-34.7812,-6.5652e-06,1.2517,0.07314,3.1317e-07,0.043386,0,86.7987,0.16045,0.81197,480.7369,1419.7239
33.8765,10642.3807,38.847,239.9897,9.1561,-0.01525,-0.099589,2.9038,89.9953,-0.22083,4.4399,5.5649,15.0008,-34.7812,-6.5652e-06,1.2517,0.07314,3.1317e-07,0.043386,0,86.7987,0.16045,0.81197,480.7369,1419.7239
33.8832,10642.7044,38.8473,239.989,9.1559,-0.015115,-0.075391,3.507,89.9934,-0.18546,4.4398,5.4654,15.943,-34.6891,-0.00016599,1.2246,0.08879,3.1325e-07,0.043397,0,86.4472,0.1605,0.87823,480.7358,1419.706
33.8875,10642.7044,38.8473,239.989,9.1559,-0.015115,-0.075391,3.507,89.9934,-0.18546,4.4398,5.4654,15.943,-34.6891,-0.00016599,1.2246,0.08879,3.1325e-07,0.043397,0,86.4472,0.16042,0.86748,480.7358,1419.706
33.8875,10642.7044,38.8473,239.989,9.1559,-0.015115,-0.075391,3.507,89.9934,-0.18546,4.4398,5.4654,15.943,-34.6891,-0.00016599,1.2246,0.08879,3.1325e-07,0.043397,0,86.4472,0.16042,0.86748,480.7358,1419.706
33.8915,10643.0282,38.8474,239.9877,9.1558,-0.015067,-0.046166,4.0985,89.9919,-0.14254,4.4397,5.3589,16.6743,-34.5977,-0.00019513,0.79189,0.10096,3.1333e-07,0.043408,0,86.394,0.16039,0.95409,480.7346,1419.6881
33.8956,10643.0282,38.8474,239.9877,9.1558,-0.015067,-0.046166,4.0985,89.9919,-0.14254,4.4397,5.3589,16.6743,-34.5977,-0.00019513,0.79189,0.10096,3.1333e-07,0.043408,0,86.394,0.16032,0.91881,480.7346,1419.6881
33.8962,10643.0282,38.8474,239.9877,9.1558,-0.015067,-0.046166,4.0985,89.9919,-0.14254,4.4397,5.3589,16.6743,-34.5977,-0.00019513,0.79189,0.10096,3.1333e-07,0.043408,0,86.394,0.16031,0.91443,480.7346,1419.6881
33.8962,10643.0282,38.8474,239.9877,9.1558,-0.015067,-0.046166,4.0985,89.9919,-0.14254,4.4397,5.3589,16.6743,-34.5977,-0.00019513,0.79189,0.10096,3.1333e-07,0.043408,0,86.394,0.16031,0.91443,480.7346,1419.6881
33.8999,10643.3519,38.8477,239.987,9.1557,-0.015066,-0.012012,4.4844,89.9907,-0.093724,4.4395,5.4372,13.5067,-33.5017,-0.00013055,-0.86067,0.10987,3.1341e-07,0.043418,0,86.5403,0.16027,0.94353,480.7335,1419.6702
33.9035,10643.3519,38.8477,239.987,9.1557,-0.015066,-0.012012,4.4844,89.9907,-0.093724,4.4395,5.4372,13.5067,-33.5017,-0.00013055,-0.86067,0.10987,3.1341e-07,0.043418,0,86.5403,0.16021,0.91447,480.7335,1419.6702
33.9082,10643.6756,38.848,239.9865,9.1556,-0.015091,0.025358,4.0819,89.9899,-0.040606,4.4394,5.5065,-0.93993,-29.3786,2.2926e-05,-1.5734,0.11589,3.135e-07,0.043429,0,86.6867,0.16014,0.9245,480.7323,1419.6523
33.9165,10643.9993,38.8484,239.9862,9.1555,-0.015114,0.059374,3.3396,89.9896,0.015429,4.4392,5.5682,-7.039,-27.6165,0.0001673,-1.5435,0.11942,3.1359e-07,0.04344,0,86.8331,0.16002,0.90162,480.7312,1419.6344
33.9201,10643.9993,38.8484,239.9862,9.1555,-0.015114,0.059374,3.3396,89.9896,0.015429,4.4392,5.5682,-7.039,-27.6165,0.0001673,-1.5435,0.11942,3.1359e-07,0.04344,0,86.8331,0.15996,0.88569,480.7312,1419.6344
33.9201,10643.9993,38.8484,239.9862,9.1555,-0.015114,0.059374,3.3396,89.9896,0.015429,4.4392,5.5682,-7.039,-27.6165,0.0001673,-1.5435,0.11942,3.1359e-07,0.04344,0,86.8331,0.15996,0.88569,480.7312,1419.6344
33.9249,10644.3231,38.8488,239.9861,9.1554,-0.015128,0.087203,2.6118,89.9897,0.07317,4.4391,5.6242,-6.5541,-27.7085,0.00029255,-1.5134,0.11862,3.1368e-07,0.04345,0,86.9796,0.15992,0.87684,480.73,1419.6165
33.9296,10644.3231,38.8488,239.9861,9.1554,-0.015128,0.087203,2.6118,89.9897,0.07317,4.4391,5.6242,-6.5541,-27.7085,0.00029255,-1.5134,0.11862,3.1368e-07,0.04345,0,86.9796,0.15984,0.8663,480.73,1419.6165
33.9332,10644.6468,38.8493,239.9863,9.1552,-0.015123,0.10897,1.8983,89.9903,0.13053,4.4389,5.6701,-6.3348,-27.7984,0.00038361,-1.4816,0.10621,3.1376e-07,0.043461,0,87.1261,0.15985,0.85108,480.7289,1419.5986
33.9415,10644.9706,38.8499,239.9866,9.1551,-0.015086,0.12479,1.1991,89.9914,0.18189,4.4388,5.6879,-6.824,-27.8891,0.00043699,-1.4485,0.084195,3.1383e-07,0.043472,0,87.2726,0.15983,0.8247,480.7277,1419.5807
33.9499,10645.2943,38.8505,239.9872,9.155,-0.015004,0.13478,0.514,89.9929,0.2226,4.4386,5.6827,-7.9012,-27.9792,0.00045173,-1.4153,0.057835,3.1389e-07,0.043483,0,87.4192,0.15986,0.79786,480.7265,1419.5628
33.9582,10645.6181,38.8511,239.988,9.1549,-0.014871,0.13906,-0.15731,89.9948,0.25057,4.4385,5.6675,-9.2469,-28.0658,0.00042854,-1.3824,0.029695,3.1394e-07,0.043493,0,87.5658,0.15995,0.77065,480.7254,1419.5449
33.9665,10645.9418,38.8519,239.989,9.1548,-0.014695,0.13775,-0.81509,89.9969,0.26493,4.4383,5.6487,-10.7054,-28.1473,0.0003265,-1.3503,0.0017324,3.1398e-07,0.043504,0,87.2139,0.16011,0.74313,480.7242,1419.527
33.9749,10646.2656,38.8523,239.989,9.1547,-0.01451,0.13096,-1.4597,89.9991,0.26577,4.4382,5.4327,-12.1578,-28.22,0.00018432,-1.3191,-0.024491,3.1401e-07,0.043515,0,86.8622,0.1602,0.80534,480.7231,1419.5091
33.9832,10646.5894,38.8525,239.9883,9.1546,-0.014342,0.1188,-2.0914,90.0013,0.25393,4.4381,5.2196,-13.5094,-28.2851,2.307e-05,-1.2891,-0.047975,3.1403e-07,0.043526,0,86.5108,0.16024,0.87777,480.7219,1419.4912
33.9915,10646.9131,38.8525,239.987,9.1545,-0.014214,0.10137,-2.7106,90.0034,0.23074,4.4379,5.0156,-14.6993,-28.3433,-5.1784e-05,-1.2603,-0.068153,3.1404e-07,0.043536,0,86.3737,0.1602,0.95351,480.7208,1419.4733
33.9999,10647.2369,38.8527,239.9863,9.1544,-0.014105,0.078781,-3.3176,90.0053,0.19779,4.4378,5.0155,-15.6929,-28.4004,-6.8446e-05,-1.2328,-0.084789,3.1403e-07,0.043547,0,86.52,0.16018,0.94224,480.7196,1419.4554
34.0009,10647.2369,38.8527,239.9863,9.1544,-0.014105,0.078781,-3.3176,90.0053,0.19779,4.4378,5.0155,-15.6929,-28.4004,-6.8446e-05,-1.2328,-0.084789,3.1403e-07,0.043547,0,86.52,0.16016,0.93294,480.7196,1419.4554
34.0009,10647.2369,38.8527,239.9863,9.1544,-0.014105,0.078781,-3.3176,90.0053,0.19779,4.4378,5.0155,-15.6929,-28.4004,-6.8446e-05,-1.2328,-0.084789,3.1403e-07,0.043547,0,86.52,0.16016,0.93294,480.7196,1419.4554
34.0082,10647.5607,38.8529,239.9858,9.1542,-0.014007,0.051135,-3.9127,90.007,0.15679,4.4377,5.0239,-16.476,-28.4547,-1.4522e-05,-1.0958,-0.097904,3.1402e-07,0.043558,0,86.6664,0.16015,0.92245,480.7185,1419.4375
34.0102,10647.5607,38.8529,239.9858,9.1542,-0.014007,0.051135,-3.9127,90.007,0.15679,4.4377,5.0239,-16.476,-28.4547,-1.4522e-05,-1.0958,-0.097904,3.1402e-07,0.043558,0,86.6664,0.16012,0.9089,480.7185,1419.4375
34.0102,10647.5607,38.8529,239.9858,9.1542,-0.014007,0.051135,-3.9127,90.007,0.15679,4.4377,5.0239,-16.476,-28.4547,-1.4522e-05,-1.0958,-0.097904,3.1402e-07,0.043558,0,86.6664,0.16012,0.9089,480.7185,1419.4375
34.0165,10647.8845,38.8533,239.9856,9.1541,-0.013911,0.018529,-4.4435,90.0083,0.10946,4.4376,5.0394,-16.045,-28.7852,5.6788e-05,0.36416,-0.1077,3.14e-07,0.043569,0,86.8128,0.16014,0.89932,480.7173,1419.4196
34.0228,10647.8845,38.8533,239.9856,9.1541,-0.013911,0.018529,-4.4435,90.0083,0.10946,4.4376,5.0394,-16.045,-28.7852,5.6788e-05,0.36416,-0.1077,3.14e-07,0.043569,0,86.8128,0.16003,0.87605,480.7173,1419.4196
34.0249,10648.2082,38.8536,239.9855,9.154,-0.01383,-0.0185,-4.2779,90.0092,0.057384,4.4374,5.0626,-3.4052,-32.4386,0.00016147,1.5811,-0.11449,3.1398e-07,0.043579,0,86.9592,0.16013,0.87462,480.7162,1419.4017
34.0332,10648.532,38.8541,239.9857,9.1539,-0.01377,-0.054148,-3.5318,90.0097,0.0020266,4.4373,5.0931,7.2135,-35.4987,0.0002585,1.5513,-0.11866,3.1396e-07,0.04359,0,87.1057,0.16011,0.84905,480.715,1419.3838
34.0355,10648.532,38.8541,239.9857,9.1539,-0.01377,-0.054148,-3.5318,90.0097,0.0020266,4.4373,5.0931,7.2135,-35.4987,0.0002585,1.5513,-0.11866,3.1396e-07,0.04359,0,87.1057,0.16007,0.84914,480.715,1419.3838
34.0355,10648.532,38.8541,239.9857,9.1539,-0.01377,-0.054148,-3.5318,90.0097,0.0020266,4.4373,5.0931,7.2135,-35.4987,0.0002585,1.5513,-0.11866,3.1396e-07,0.04359,0,87.1057,0.16007,0.84914,480.715,1419.3838
34.0415,10648.8558,38.8546,239.9861,9.1538,-0.013728,-0.08358,-2.8002,90.0097,-0.055349,4.4372,5.1306,6.6818,-35.4395,0.00033178,1.5214,-0.12003,3.1394e-07,0.043601,0,87.2522,0.16008,0.82293,480.7139,1419.3659
34.0475,10648.8558,38.8546,239.9861,9.1538,-0.013728,-0.08358,-2.8002,90.0097,-0.055349,4.4372,5.1306,6.6818,-35.4395,0.00033178,1.5214,-0.12003,3.1394e-07,0.043601,0,87.2522,0.15997,0.8348,480.7139,1419.3659
34.0487,10648.8558,38.8546,239.9861,9.1538,-0.013728,-0.08358,-2.8002,90.0097,-0.055349,4.4372,5.1306,6.6818,-35.4395,0.00033178,1.5214,-0.12003,3.1394e-07,0.043601,0,87.2522,0.15995,0.83641,480.7139,1419.3659
34.0487,10648.8558,38.8546,239.9861,9.1538,-0.013728,-0.08358,-2.8002,90.0097,-0.055349,4.4372,5.1306,6.6818,-35.4395,0.00033178,1.5214,-0.12003,3.1394e-07,0.043601,0,87.2522,0.15995,0.83641,480.7139,1419.3659
34.0499,10649.1796,38.8551,239.9866,9.1537,-0.013699,-0.10691,-2.083,90.0092,-0.11339,4.437,5.1759,6.3248,-35.3771,0.0003822,1.4902,-0.11147,3.1393e-07,0.043612,0,87.3988,0.16005,0.79636,480.7127,1419.348
34.051,10649.1796,38.8551,239.9866,9.1537,-0.013699,-0.10691,-2.083,90.0092,-0.11339,4.437,5.1759,6.3248,-35.3771,0.0003822,1.4902,-0.11147,3.1393e-07,0.043612,0,87.3988,0.16003,0.80216,480.7127,1419.348
34.0534,10649.1796,38.8551,239.9866,9.1537,-0.013699,-0.10691,-2.083,90.0092,-0.11339,4.437,5.1759,6.3248,-35.3771,0.0003822,1.4902,-0.11147,3.1393e-07,0.043612,0,87.3988,0.15999,0.81193,480.7127,1419.348
34.0582,10649.5034,38.8558,239.9874,9.1536,-0.013665,-0.12427,-1.3801,90.0083,-0.16729,4.4369,5.2468,6.5757,-35.3085,0.00040801,1.4573,-0.091253,3.1392e-07,0.043622,0,87.5454,0.16004,0.7694,480.7115,1419.3301
34.0665,10649.8272,38.8564,239.9885,9.1535,-0.013607,-0.13577,-0.6913,90.0069,-0.21142,4.4367,5.3477,7.5405,-35.2329,0.00036477,1.4241,-0.065709,3.1392e-07,0.043633,0,87.1935,0.16006,0.74207,480.7104,1419.3122
34.0749,10650.151,38.8568,239.9884,9.1534,-0.013531,-0.14153,-0.016406,90.0051,-0.24319,4.4366,5.2603,8.8348,-35.1505,0.00028508,1.3911,-0.037801,3.1394e-07,0.043644,0,86.8418,0.16004,0.8063,480.7092,1419.2943
34.0832,10650.4748,38.8569,239.9877,9.1533,-0.01344,-0.14167,0.64487,90.0031,-0.26148,4.4365,5.1815,10.2786,-35.0643,0.00017727,1.3587,-0.0095545,3.1396e-07,0.043655,0,86.4904,0.15999,0.87899,480.7081,1419.2764
34.0915,10650.7986,38.8569,239.9864,9.1532,-0.013342,-0.1363,1.2929,90.0009,-0.2661,4.4364,5.1064,11.749,-34.9757,0.00013661,1.3272,0.017315,3.14e-07,0.043665,0,86.4407,0.15991,0.95486,480.7069,1419.2585
34.0999,10651.1224,38.857,239.9857,9.1531,-0.01321,-0.12552,1.9279,89.9987,-0.25773,4.4363,5.2237,13.1416,-34.8906,0.00012546,1.2968,0.041665,3.1405e-07,0.043676,0,86.587,0.1599,0.94365,480.7058,1419.2406
34.1082,10651.4462,38.8572,239.9852,9.153,-0.01304,-0.10946,2.5503,89.9966,-0.23759,4.4362,5.3348,14.3871,-34.8074,0.00014387,1.2677,0.062823,3.1411e-07,0.043687,0,86.7334,0.15993,0.92391,480.7046,1419.2227
34.1165,10651.77,38.8574,239.985,9.1529,-0.012839,-0.088206,3.1604,89.9946,-0.20721,4.4361,5.4379,15.4445,-34.726,0.00014394,1.2399,0.080471,3.1419e-07,0.043698,0,86.8798,0.16002,0.90029,480.7035,1419.2048
34.1233,10651.77,38.8574,239.985,9.1529,-0.012839,-0.088206,3.1604,89.9946,-0.20721,4.4361,5.4379,15.4445,-34.726,0.00014394,1.2399,0.080471,3.1419e-07,0.043698,0,86.8798,0.1599,0.8756,480.7035,1419.2048
34.1233,10651.77,38.8574,239.985,9.1529,-0.012839,-0.088206,3.1604,89.9946,-0.20721,4.4361,5.4379,15.4445,-34.726,0.00014394,1.2399,0.080471,3.1419e-07,0.043698,0,86.8798,0.1599,0.8756,480.7035,1419.2048
34.1249,10652.0938,38.8577,239.9849,9.1528,-0.012634,-0.061869,3.7586,89.9928,-0.1683,4.436,5.5325,16.2943,-34.6439,0.00014709,1.1817,0.094564,3.1427e-07,0.043708,0,87.0262,0.16012,0.87487,480.7023,1419.1869
34.1264,10652.0938,38.8577,239.9849,9.1528,-0.012634,-0.061869,3.7586,89.9928,-0.1683,4.436,5.5325,16.2943,-34.6439,0.00014709,1.1817,0.094564,3.1427e-07,0.043708,0,87.0262,0.16009,0.87126,480.7023,1419.1869
34.1296,10652.0938,38.8577,239.9849,9.1528,-0.012634,-0.061869,3.7586,89.9928,-0.1683,4.436,5.5325,16.2943,-34.6439,0.00014709,1.1817,0.094564,3.1427e-07,0.043708,0,87.0262,0.16003,0.86553,480.7023,1419.1869
34.1332,10652.4176,38.8581,239.9851,9.1527,-0.012449,-0.030548,4.3301,89.9914,-0.12258,4.4359,5.6174,16.6462,-34.4836,0.00015772,0.086278,0.10526,3.1436e-07,0.043719,0,87.1727,0.16021,0.84891,480.7012,1419.169
34.1415,10652.7415,38.8586,239.9855,9.1526,-0.012302,0.005536,4.3794,89.9904,-0.071688,4.4358,5.6928,7.3704,-31.7405,0.0001951,-1.5649,0.11285,3.1445e-07,0.04373,0,87.3192,0.16027,0.82282,480.7,1419.1511
34.1499,10653.0653,38.8591,239.9861,9.1525,-0.012204,0.042031,3.6409,89.9898,-0.017123,4.4356,5.7602,-7.1479,-27.6268,0.00024492,-1.5556,0.11772,3.1454e-07,0.04374,0,87.4658,0.16031,0.79643,480.6989,1419.1332
34.1511,10653.0653,38.8591,239.9861,9.1525,-0.012204,0.042031,3.6409,89.9898,-0.017123,4.4356,5.7602,-7.1479,-27.6268,0.00024492,-1.5556,0.11772,3.1454e-07,0.04374,0,87.4658,0.16029,0.80254,480.6989,1419.1332
34.1511,10653.0653,38.8591,239.9861,9.1525,-0.012204,0.042031,3.6409,89.9898,-0.017123,4.4356,5.7602,-7.1479,-27.6268,0.00024492,-1.5556,0.11772,3.1454e-07,0.04374,0,87.4658,0.16029,0.80254,480.6989,1419.1332
34.1582,10653.3891,38.8596,239.9869,9.1524,-0.012149,0.072371,2.9072,89.9897,0.039796,4.4355,5.8211,-6.7668,-27.6631,0.00028279,-1.5259,0.1201,3.1464e-07,0.043751,0,87.5973,0.16031,0.76975,480.6977,1419.1153
34.1638,10653.3891,38.8596,239.9869,9.1524,-0.012149,0.072371,2.9072,89.9897,0.039796,4.4355,5.8211,-6.7668,-27.6631,0.00028279,-1.5259,0.1201,3.1464e-07,0.043751,0,87.5973,0.16021,0.80396,480.6977,1419.1153
34.1638,10653.3891,38.8596,239.9869,9.1524,-0.012149,0.072371,2.9072,89.9897,0.039796,4.4355,5.8211,-6.7668,-27.6631,0.00028279,-1.5259,0.1201,3.1464e-07,0.043751,0,87.5973,0.16021,0.80396,480.6977,1419.1153
34.1665,10653.7129,38.8603,239.9879,9.1524,-0.012127,0.096598,2.1879,89.99,0.097868,4.4354,5.8764,-6.3535,-27.7481,0.00026796,-1.4951,0.11461,3.1472e-07,0.043762,0,87.2454,0.16029,0.74272,480.6966,1419.0974
34.1692,10653.7129,38.8603,239.9879,9.1524,-0.012127,0.096598,2.1879,89.99,0.097868,4.4354,5.8764,-6.3535,-27.7481,0.00026796,-1.4951,0.11461,3.1472e-07,0.043762,0,87.2454,0.16024,0.7678,480.6966,1419.0974
34.1749,10654.0368,38.8606,239.9878,9.1523,-0.01214,0.11483,1.4828,89.9908,0.15329,4.4353,5.7103,-6.4207,-27.8308,0.00023074,-1.4625,0.096,3.1481e-07,0.043773,0,86.8937,0.16017,0.80719,480.6954,1419.0795
34.1832,10654.3606,38.8607,239.9871,9.1522,-0.012164,0.12719,0.79192,89.9921,0.19971,4.4352,5.5141,-7.2896,-27.9152,0.00017766,-1.4293,0.071201,3.1488e-07,0.043783,0,86.5424,0.16,0.88008,480.6942,1419.0616
34.1915,10654.6845,38.8606,239.9858,9.1521,-0.012181,0.13379,0.11497,89.9938,0.23415,4.4351,5.3052,-8.5385,-27.9983,0.00019845,-1.3962,0.043612,3.1494e-07,0.043794,0,86.5034,0.1598,0.9561,480.6931,1419.0437
34.1999,10655.0083,38.8606,239.9851,9.152,-0.012139,0.13474,-0.54832,89.9957,0.25524,4.435,5.2853,-9.9614,-28.0833,0.00024385,-1.3637,0.015276,3.1499e-07,0.043805,0,86.6497,0.15969,0.945,480.6919,1419.0258
34.2082,10655.3321,38.8608,239.9846,9.1519,-0.012019,0.13017,-1.1983,89.9978,0.26263,4.4349,5.264,-11.4345,-28.1662,0.0003029,-1.332,-0.011982,3.1503e-07,0.043816,0,86.796,0.15967,0.92532,480.6908,1419.0079
34.2165,10655.656,38.861,239.9844,9.1518,-0.011817,0.12019,-1.8352,90,0.25684,4.4348,5.2458,-12.8469,-28.2452,0.00031876,-1.3015,-0.036906,3.1506e-07,0.043826,0,86.9424,0.15974,0.90174,480.6896,1418.99
34.2249,10655.9798,38.8612,239.9843,9.1517,-0.011565,0.1049,-2.4594,90.0022,0.23899,4.4347,5.234,-14.1224,-28.3162,0.00030215,-1.2722,-0.058743,3.1508e-07,0.043837,0,87.0888,0.15988,0.87635,480.6885,1418.9721
34.2332,10656.3037,38.8615,239.9845,9.1516,-0.011295,0.084401,-3.0713,90.0042,0.21059,4.4346,5.2304,-15.2151,-28.3796,0.00025651,-1.2441,-0.077108,3.1509e-07,0.043848,0,87.2353,0.16004,0.85006,480.6873,1418.9542
34.2384,10656.3037,38.8615,239.9845,9.1516,-0.011295,0.084401,-3.0713,90.0042,0.21059,4.4346,5.2304,-15.2151,-28.3796,0.00025651,-1.2441,-0.077108,3.1509e-07,0.043848,0,87.2353,0.15995,0.85028,480.6873,1418.9542
34.2384,10656.3037,38.8615,239.9845,9.1516,-0.011295,0.084401,-3.0713,90.0042,0.21059,4.4346,5.2304,-15.2151,-28.3796,0.00025651,-1.2441,-0.077108,3.1509e-07,0.043848,0,87.2353,0.15995,0.85028,480.6873,1418.9542
34.2415,10656.6275,38.8619,239.9849,9.1516,-0.011042,0.058807,-3.6713,90.0059,0.17331,4.4346,5.2358,-16.1015,-28.4353,0.00020496,-1.2173,-0.091908,3.1509e-07,0.043859,0,87.3818,0.16021,0.82327,480.6862,1418.9363
34.2447,10656.6275,38.8619,239.9849,9.1516,-0.011042,0.058807,-3.6713,90.0059,0.17331,4.4346,5.2358,-16.1015,-28.4353,0.00020496,-1.2173,-0.091908,3.1509e-07,0.043859,0,87.3818,0.16015,0.83062,480.6862,1418.9363
34.2495,10656.6275,38.8619,239.9849,9.1516,-0.011042,0.058807,-3.6713,90.0059,0.17331,4.4346,5.2358,-16.1015,-28.4353,0.00020496,-1.2173,-0.091908,3.1509e-07,0.043859,0,87.3818,0.16006,0.83826,480.6862,1418.9363
34.2495,10656.6275,38.8619,239.9849,9.1516,-0.011042,0.058807,-3.6713,90.0059,0.17331,4.4346,5.2358,-16.1015,-28.4353,0.00020496,-1.2173,-0.091908,3.1509e-07,0.043859,0,87.3818,0.16006,0.83826,480.6862,1418.9363
34.2499,10656.9514,38.8624,239.9855,9.1515,-0.010831,0.028213,-4.2596,90.0074,0.12887,4.4344,5.2496,-16.7758,-28.4847,0.0001689,-0.33851,-0.10327,3.1508e-07,0.043869,0,87.5284,0.16034,0.79639,480.685,1418.9184
34.2502,10656.9514,38.8624,239.9855,9.1515,-0.010831,0.028213,-4.2596,90.0074,0.12887,4.4344,5.2496,-16.7758,-28.4847,0.0001689,-0.33851,-0.10327,3.1508e-07,0.043869,0,87.5284,0.16034,0.79806,480.685,1418.9184
34.2508,10656.9514,38.8624,239.9855,9.1515,-0.010831,0.028213,-4.2596,90.0074,0.12887,4.4344,5.2496,-16.7758,-28.4847,0.0001689,-0.33851,-0.10327,3.1508e-07,0.043869,0,87.5284,0.16033,0.80124,480.685,1418.9184
34.2521,10656.9514,38.8624,239.9855,9.1515,-0.010831,0.028213,-4.2596,90.0074,0.12887,4.4344,5.2496,-16.7758,-28.4847,0.0001689,-0.33851,-0.10327,3.1508e-07,0.043869,0,87.5284,0.1603,0.80703,480.685,1418.9184
34.2546,10656.9514,38.8624,239.9855,9.1515,-0.010831,0.028213,-4.2596,90.0074,0.12887,4.4344,5.2496,-16.7758,-28.4847,0.0001689,-0.33851,-0.10327,3.1508e-07,0.043869,0,87.5284,0.16026,0.81663,480.685,1418.9184
34.2574,10656.9514,38.8624,239.9855,9.1515,-0.010831,0.028213,-4.2596,90.0074,0.12887,4.4344,5.2496,-16.7758,-28.4847,0.0001689,-0.33851,-0.10327,3.1508e-07,0.043869,0,87.5284,0.16021,0.82489,480.685,1418.9184
34.2574,10656.9514,38.8624,239.9855,9.1515,-0.010831,0.028213,-4.2596,90.0074,0.12887,4.4344,5.2496,-16.7758,-28.4847,0.0001689,-0.33851,-0.10327,3.1508e-07,0.043869,0,87.5284,0.16021,0.82489,480.685,1418.9184
34.2582,10657.2752,38.8629,239.9863,9.1514,-0.010678,-0.0072833,-4.4291,90.0084,0.07894,4.4343,5.2707,-9.5057,-30.6722,0.00016814,1.3123,-0.11143,3.1507e-07,0.04388,0,87.6288,0.16044,0.7697,480.6839,1418.9005
34.259,10657.2752,38.8629,239.9863,9.1514,-0.010678,-0.0072833,-4.4291,90.0084,0.07894,4.4343,5.2707,-9.5057,-30.6722,0.00016814,1.3123,-0.11143,3.1507e-07,0.04388,0,87.6288,0.16042,0.77575,480.6839,1418.9005
34.2606,10657.2752,38.8629,239.9863,9.1514,-0.010678,-0.0072833,-4.4291,90.0084,0.07894,4.4343,5.2707,-9.5057,-30.6722,0.00016814,1.3123,-0.11143,3.1507e-07,0.04388,0,87.6288,0.16039,0.78651,480.6839,1418.9005
34.2637,10657.2752,38.8629,239.9863,9.1514,-0.010678,-0.0072833,-4.4291,90.0084,0.07894,4.4343,5.2707,-9.5057,-30.6722,0.00016814,1.3123,-0.11143,3.1507e-07,0.04388,0,87.6288,0.16034,0.80356,480.6839,1418.9005
34.2665,10657.5991,38.8635,239.9873,9.1513,-0.010589,-0.044193,-3.8111,90.0091,0.025062,4.4342,5.2995,4.9653,-34.8091,0.00015334,1.5624,-0.11683,3.1506e-07,0.043891,0,87.2769,0.16048,0.74282,480.6827,1418.8826
34.2672,10657.5991,38.8635,239.9873,9.1513,-0.010589,-0.044193,-3.8111,90.0091,0.025062,4.4342,5.2995,4.9653,-34.8091,0.00015334,1.5624,-0.11683,3.1506e-07,0.043891,0,87.2769,0.16047,0.74962,480.6827,1418.8826
34.2672,10657.5991,38.8635,239.9873,9.1513,-0.010589,-0.044193,-3.8111,90.0091,0.025062,4.4342,5.2995,4.9653,-34.8091,0.00015334,1.5624,-0.11683,3.1506e-07,0.043891,0,87.2769,0.16047,0.74962,480.6827,1418.8826
34.2749,10657.9229,38.8637,239.9872,9.1512,-0.010576,-0.075952,-3.0741,90.0093,-0.031427,4.4341,5.1329,6.8968,-35.4442,0.0001294,1.5326,-0.1198,3.1505e-07,0.043902,0,86.9253,0.16038,0.80752,480.6816,1418.8647
34.2798,10657.9229,38.8637,239.9872,9.1512,-0.010576,-0.075952,-3.0741,90.0093,-0.031427,4.4341,5.1329,6.8968,-35.4442,0.0001294,1.5326,-0.1198,3.1505e-07,0.043902,0,86.9253,0.16029,0.82382,480.6816,1418.8647
34.2798,10657.9229,38.8637,239.9872,9.1512,-0.010576,-0.075952,-3.0741,90.0093,-0.031427,4.4341,5.1329,6.8968,-35.4442,0.0001294,1.5326,-0.1198,3.1505e-07,0.043902,0,86.9253,0.16029,0.82382,480.6816,1418.8647
34.2832,10658.2468,38.8638,239.9865,9.1512,-0.010629,-0.10157,-2.3516,90.009,-0.089356,4.434,4.9749,6.4405,-35.3771,0.00010473,1.5021,-0.1161,3.1505e-07,0.043912,0,86.574,0.16017,0.88068,480.6804,1418.8468
34.2866,10658.2468,38.8638,239.9865,9.1512,-0.010629,-0.10157,-2.3516,90.009,-0.089356,4.434,4.9749,6.4405,-35.3771,0.00010473,1.5021,-0.1161,3.1505e-07,0.043912,0,86.574,0.16011,0.87176,480.6804,1418.8468
34.2915,10658.5707,38.8636,239.9852,9.1511,-0.010727,-0.12117,-1.6433,90.0083,-0.1455,4.434,4.8361,6.3941,-35.3062,0.0001669,1.4697,-0.099809,3.1505e-07,0.043923,0,86.5264,0.15988,0.95692,480.6792,1418.8289
34.2999,10658.8945,38.8637,239.9845,9.151,-0.010793,-0.13486,-0.94927,90.0071,-0.19377,4.4339,4.9248,7.1185,-35.2342,0.00026509,1.4366,-0.076057,3.1506e-07,0.043934,0,86.6727,0.15966,0.94606,480.6781,1418.811
34.3082,10659.2184,38.8638,239.984,9.1509,-0.010784,-0.14277,-0.2692,90.0055,-0.23055,4.4338,5.0326,8.3016,-35.1607,0.00038348,1.4035,-0.048952,3.1508e-07,0.043945,0,86.819,0.15952,0.92656,480.6769,1418.7931
34.3165,10659.5422,38.8639,239.9837,9.1509,-0.010669,-0.14501,0.39714,90.0036,-0.25422,4.4338,5.1493,9.6945,-35.0864,0.00045426,1.3708,-0.020704,3.1512e-07,0.043955,0,86.9654,0.1595,0.9031,480.6758,1418.7752
34.3249,10659.8661,38.8641,239.9837,9.1508,-0.010462,-0.14171,1.0501,90.0014,-0.26423,4.4337,5.2697,11.1627,-35.0085,0.00047672,1.339,0.0068047,3.1516e-07,0.043966,0,87.1118,0.15959,0.87779,480.6746,1418.7573
34.3332,10660.19,38.8644,239.9838,9.1507,-0.010187,-0.13295,1.6899,89.9992,-0.26095,4.4336,5.3891,12.5922,-34.9274,0.00044499,1.3082,0.032204,3.1522e-07,0.043977,0,87.2583,0.15975,0.85155,480.6735,1418.7394
34.3415,10660.5138,38.8647,239.9842,9.1506,-0.009879,-0.11887,2.317,89.9971,-0.24538,4.4335,5.504,13.8994,-34.8434,0.00037266,1.2786,0.054649,3.1529e-07,0.043988,0,87.4048,0.15996,0.82479,480.6723,1418.7215
34.3499,10660.8377,38.8651,239.9848,9.1506,-0.0095741,-0.099564,2.9317,89.995,-0.21895,4.4334,5.612,15.033,-34.7573,0.000277,1.2503,0.073688,3.1537e-07,0.043998,0,87.5513,0.16018,0.79769,480.6712,1418.7036
34.3521,10660.8377,38.8651,239.9848,9.1506,-0.0095741,-0.099564,2.9317,89.995,-0.21895,4.4334,5.612,15.033,-34.7573,0.000277,1.2503,0.073688,3.1537e-07,0.043998,0,87.5513,0.16014,0.8082,480.6712,1418.7036
34.3521,10660.8377,38.8651,239.9848,9.1506,-0.0095741,-0.099564,2.9317,89.995,-0.21895,4.4334,5.612,15.033,-34.7573,0.000277,1.2503,0.073688,3.1537e-07,0.043998,0,87.5513,0.16014,0.8082,480.6712,1418.7036
34.3582,10661.1616,38.8656,239.9856,9.1505,-0.0093035,-0.075133,3.5344,89.9932,-0.18333,4.4334,5.7118,15.9653,-34.6702,0.00018071,1.2233,0.089172,3.1547e-07,0.044009,0,87.6979,0.16039,0.77034,480.67,1418.6857
34.363,10661.1616,38.8656,239.9856,9.1505,-0.0093035,-0.075133,3.5344,89.9932,-0.18333,4.4334,5.7118,15.9653,-34.6702,0.00018071,1.2233,0.089172,3.1547e-07,0.044009,0,87.6979,0.1603,0.80097,480.67,1418.6857
34.363,10661.1616,38.8656,239.9856,9.1505,-0.0093035,-0.075133,3.5344,89.9932,-0.18333,4.4334,5.7118,15.9653,-34.6702,0.00018071,1.2233,0.089172,3.1547e-07,0.044009,0,87.6979,0.1603,0.80097,480.67,1418.6857
34.3665,10661.4855,38.8661,239.9867,9.1504,-0.0090903,-0.04568,4.1253,89.9917,-0.14021,4.4333,5.8025,16.6871,-34.5834,6.8261e-05,0.71675,0.10119,3.1557e-07,0.04402,0,87.3461,0.16055,0.74282,480.6689,1418.6678
34.37,10661.4855,38.8661,239.9867,9.1504,-0.0090903,-0.04568,4.1253,89.9917,-0.14021,4.4333,5.8025,16.6871,-34.5834,6.8261e-05,0.71675,0.10119,3.1557e-07,0.04402,0,87.3461,0.16048,0.77453,480.6689,1418.6678
34.3716,10661.4855,38.8661,239.9867,9.1504,-0.0090903,-0.04568,4.1253,89.9917,-0.14021,4.4333,5.8025,16.6871,-34.5834,6.8261e-05,0.71675,0.10119,3.1557e-07,0.04402,0,87.3461,0.16046,0.78565,480.6689,1418.6678
34.3716,10661.4855,38.8661,239.9867,9.1504,-0.0090903,-0.04568,4.1253,89.9917,-0.14021,4.4333,5.8025,16.6871,-34.5834,6.8261e-05,0.71675,0.10119,3.1557e-07,0.04402,0,87.3461,0.16046,0.78565,480.6689,1418.6678
34.3749,10661.8094,38.8663,239.9866,9.1504,-0.0089651,-0.011303,4.4753,89.9905,-0.091283,4.4332,5.6805,12.8397,-33.2994,-1.3943e-05,-0.93326,0.10996,3.1567e-07,0.04403,0,86.9945,0.16055,0.80748,480.6677,1418.6499
34.3781,10661.8094,38.8663,239.9866,9.1504,-0.0089651,-0.011303,4.4753,89.9905,-0.091283,4.4332,5.6805,12.8397,-33.2994,-1.3943e-05,-0.93326,0.10996,3.1567e-07,0.04403,0,86.9945,0.1605,0.81919,480.6677,1418.6499
34.3832,10662.1332,38.8664,239.9859,9.1503,-0.0089369,0.025991,4.0381,89.9897,-0.038116,4.4331,5.5519,-1.5928,-29.1754,-4.9591e-05,-1.5714,0.11588,3.1578e-07,0.044041,0,86.6432,0.16042,0.88074,480.6666,1418.632
34.3915,10662.4571,38.8662,239.9846,9.1502,-0.0089961,0.059642,3.2968,89.9894,0.017915,4.4331,5.4181,-7.0218,-27.5892,2.0045e-05,-1.5416,0.11931,3.1589e-07,0.044052,0,86.5238,0.16017,0.95721,480.6654,1418.6141
34.3953,10662.4571,38.8662,239.9846,9.1502,-0.0089961,0.059642,3.2968,89.9894,0.017915,4.4331,5.4181,-7.0218,-27.5892,2.0045e-05,-1.5416,0.11931,3.1589e-07,0.044052,0,86.5238,0.1601,0.92389,480.6654,1418.6141
34.3953,10662.4571,38.8662,239.9846,9.1502,-0.0089961,0.059642,3.2968,89.9894,0.017915,4.4331,5.4181,-7.0218,-27.5892,2.0045e-05,-1.5416,0.11931,3.1589e-07,0.044052,0,86.5238,0.1601,0.92389,480.6654,1418.6141
34.3999,10662.781,38.8662,239.9839,9.1502,-0.0090816,0.087114,2.5699,89.9896,0.075606,4.433,5.4738,-6.5429,-27.677,0.00014155,-1.5114,0.11803,3.16e-07,0.044063,0,86.6701,0.15992,0.94659,480.6642,1418.5962
34.4044,10662.781,38.8662,239.9839,9.1502,-0.0090816,0.087114,2.5699,89.9896,0.075606,4.433,5.4738,-6.5429,-27.677,0.00014155,-1.5114,0.11803,3.16e-07,0.044063,0,86.6701,0.15984,0.91166,480.6642,1418.5962
34.4082,10663.1049,38.8663,239.9834,9.1501,-0.0091487,0.10853,1.8573,89.9902,0.13268,4.433,5.5178,-6.3528,-27.767,0.00029861,-1.4795,0.10502,3.1609e-07,0.044073,0,86.8164,0.15971,0.92739,480.6631,1418.5783
34.4165,10663.4288,38.8664,239.9831,9.15,-0.00915,0.12401,1.159,89.9913,0.18347,4.4329,5.533,-6.8793,-27.8617,0.00042163,-1.4464,0.082756,3.1619e-07,0.044084,0,86.9628,0.15957,0.9042,480.6619,1418.5604
34.4249,10663.7527,38.8665,239.983,9.15,-0.0090714,0.13367,0.47479,89.9928,0.22349,4.4328,5.5259,-7.9721,-27.9557,0.00050624,-1.4132,0.056314,3.1627e-07,0.044095,0,87.1092,0.15952,0.8791,480.6608,1418.5425
34.4332,10664.0766,38.8668,239.9832,9.1499,-0.0089095,0.13762,-0.19565,89.9947,0.25072,4.4328,5.5093,-9.3231,-28.0461,0.00053692,-1.3804,0.028199,3.1634e-07,0.044106,0,87.2556,0.15957,0.853,480.6596,1418.5246
34.4415,10664.4004,38.8671,239.9836,9.1498,-0.0086781,0.13599,-0.85259,89.9968,0.26436,4.4327,5.4895,-10.7804,-28.1305,0.00051518,-1.3483,0.00035156,3.164e-07,0.044116,0,87.4021,0.1597,0.82633,480.6585,1418.5067
34.4499,10664.7243,38.8674,239.9842,9.1498,-0.0084001,0.12889,-1.4963,89.999,0.26453,4.4326,5.4713,-12.2264,-28.2079,0.00044782,-1.3172,-0.0257,3.1645e-07,0.044127,0,87.5487,0.15989,0.79928,480.6573,1418.4888
34.4582,10665.0482,38.8679,239.985,9.1497,-0.0081045,0.11642,-2.1272,90.0012,0.25211,4.4326,5.4583,-13.568,-28.2775,0.00034894,-1.2873,-0.048984,3.1648e-07,0.044138,0,87.6952,0.16011,0.77194,480.6562,1418.4709
34.4665,10665.3721,38.8684,239.986,9.1497,-0.0078206,0.098691,-2.7457,90.0033,0.22842,4.4325,5.4526,-14.7463,-28.3397,0.00019642,-1.2587,-0.068952,3.1651e-07,0.044149,0,87.3434,0.16033,0.74435,480.655,1418.453
34.4749,10665.696,38.8686,239.9861,9.1496,-0.0075932,0.075811,-3.3519,90.0052,0.19508,4.4324,5.274,-15.7279,-28.3927,3.4474e-05,-1.2313,-0.085382,3.1653e-07,0.044159,0,86.9918,0.16044,0.79885,480.6539,1418.4351
34.4765,10665.696,38.8686,239.9861,9.1496,-0.0075932,0.075811,-3.3519,90.0052,0.19508,4.4324,5.274,-15.7279,-28.3927,3.4474e-05,-1.2313,-0.085382,3.1653e-07,0.044159,0,86.9918,0.16041,0.80686,480.6539,1418.4351
34.4765,10665.696,38.8686,239.9861,9.1496,-0.0075932,0.075811,-3.3519,90.0052,0.19508,4.4324,5.274,-15.7279,-28.3927,3.4474e-05,-1.2313,-0.085382,3.1653e-07,0.044159,0,86.9918,0.16041,0.80686,480.6539,1418.4351
34.4832,10666.0199,38.8686,239.9855,9.1496,-0.0074488,0.047878,-3.9464,90.0068,0.1538,4.4324,5.0851,-16.4989,-28.4388,-9.7344e-05,-1.0758,-0.098305,3.1653e-07,0.04417,0,86.6405,0.16043,0.87051,480.6527,1418.4172
34.4857,10666.0199,38.8686,239.9855,9.1496,-0.0074488,0.047878,-3.9464,90.0068,0.1538,4.4324,5.0851,-16.4989,-28.4388,-9.7344e-05,-1.0758,-0.098305,3.1653e-07,0.04417,0,86.6405,0.16038,0.86612,480.6527,1418.4172
34.4857,10666.0199,38.8686,239.9855,9.1496,-0.0074488,0.047878,-3.9464,90.0068,0.1538,4.4324,5.0851,-16.4989,-28.4388,-9.7344e-05,-1.0758,-0.098305,3.1653e-07,0.04417,0,86.6405,0.16038,0.86612,480.6527,1418.4172
34.4915,10666.3438,38.8684,239.9842,9.1495,-0.0073958,0.014992,-4.4676,90.0081,0.10627,4.4324,4.9054,-15.8886,-28.8051,-0.00010162,0.46195,-0.10793,3.1654e-07,0.044181,0,86.2895,0.16029,0.94649,480.6516,1418.3993
34.4973,10666.3438,38.8684,239.9842,9.1495,-0.0073958,0.014992,-4.4676,90.0081,0.10627,4.4324,4.9054,-15.8886,-28.8051,-0.00010162,0.46195,-0.10793,3.1654e-07,0.044181,0,86.2895,0.16018,0.90469,480.6516,1418.3993
34.4999,10666.6677,38.8684,239.9836,9.1495,-0.0073962,-0.022238,-4.2553,90.009,0.054081,4.4323,4.9289,-2.5324,-32.6501,-5.4948e-07,1.58,-0.11456,3.1654e-07,0.044192,0,86.4358,0.16013,0.93574,480.6504,1418.3814
34.5082,10666.9916,38.8685,239.9832,9.1494,-0.0074185,-0.057699,-3.5098,90.0094,-0.0013136,4.4323,4.9592,7.1985,-35.4629,0.00016048,1.5502,-0.11862,3.1654e-07,0.044202,0,86.5821,0.15996,0.9166,480.6492,1418.3635
34.5108,10666.9916,38.8685,239.9832,9.1494,-0.0074185,-0.057699,-3.5098,90.0094,-0.0013136,4.4323,4.9592,7.1985,-35.4629,0.00016048,1.5502,-0.11862,3.1654e-07,0.044202,0,86.5821,0.15992,0.90193,480.6492,1418.3635
34.5108,10666.9916,38.8685,239.9832,9.1494,-0.0074185,-0.057699,-3.5098,90.0094,-0.0013136,4.4323,4.9592,7.1985,-35.4629,0.00016048,1.5502,-0.11862,3.1654e-07,0.044202,0,86.5821,0.15992,0.90193,480.6492,1418.3635
34.5165,10667.3155,38.8686,239.983,9.1493,-0.0074284,-0.086947,-2.7787,90.0094,-0.058671,4.4322,4.9959,6.674,-35.4074,0.00030252,1.5203,-0.11979,3.1654e-07,0.044213,0,86.7285,0.15982,0.89354,480.6481,1418.3456
34.5223,10667.3155,38.8686,239.983,9.1493,-0.0074284,-0.086947,-2.7787,90.0094,-0.058671,4.4322,4.9959,6.674,-35.4074,0.00030252,1.5203,-0.11979,3.1654e-07,0.044213,0,86.7285,0.15972,0.87544,480.6481,1418.3456
34.524,10667.3155,38.8686,239.983,9.1493,-0.0074284,-0.086947,-2.7787,90.0094,-0.058671,4.4322,4.9959,6.674,-35.4074,0.00030252,1.5203,-0.11979,3.1654e-07,0.044213,0,86.7285,0.15969,0.87174,480.6481,1418.3456
34.524,10667.3155,38.8686,239.983,9.1493,-0.0074284,-0.086947,-2.7787,90.0094,-0.058671,4.4322,4.9959,6.674,-35.4074,0.00030252,1.5203,-0.11979,3.1654e-07,0.044213,0,86.7285,0.15969,0.87174,480.6481,1418.3456
34.5249,10667.6395,38.8688,239.983,9.1493,-0.0074173,-0.1101,-2.0621,90.0089,-0.1166,4.4322,5.0406,6.3292,-35.3489,0.00042244,1.4889,-0.1106,3.1655e-07,0.044224,0,86.8749,0.15971,0.86862,480.6469,1418.3277
34.5257,10667.6395,38.8688,239.983,9.1493,-0.0074173,-0.1101,-2.0621,90.0089,-0.1166,4.4322,5.0406,6.3292,-35.3489,0.00042244,1.4889,-0.1106,3.1655e-07,0.044224,0,86.8749,0.15969,0.86729,480.6469,1418.3277
34.5274,10667.6395,38.8688,239.983,9.1493,-0.0074173,-0.1101,-2.0621,90.0089,-0.1166,4.4322,5.0406,6.3292,-35.3489,0.00042244,1.4889,-0.1106,3.1655e-07,0.044224,0,86.8749,0.15966,0.86496,480.6469,1418.3277
34.5307,10667.6395,38.8688,239.983,9.1493,-0.0074173,-0.1101,-2.0621,90.0089,-0.1166,4.4322,5.0406,6.3292,-35.3489,0.00042244,1.4889,-0.1106,3.1655e-07,0.044224,0,86.8749,0.1596,0.86133,480.6469,1418.3277
34.5332,10667.9634,38.869,239.9833,9.1492,-0.0073675,-0.12729,-1.3597,90.008,-0.17008,4.4321,5.112,6.6188,-35.2841,0.00050223,1.4561,-0.090107,3.1656e-07,0.044235,0,87.0214,0.15965,0.84269,480.6458,1418.3098
34.5415,10668.2873,38.8693,239.9837,9.1492,-0.007265,-0.13862,-0.67139,90.0065,-0.21365,4.4321,5.2126,7.6006,-35.2116,0.00054037,1.4228,-0.064465,3.1659e-07,0.044245,0,87.1679,0.15965,0.81614,480.6446,1418.2919
34.5499,10668.6112,38.8697,239.9844,9.1491,-0.007105,-0.14421,0.0030061,90.0048,-0.24483,4.432,5.3271,8.9012,-35.1342,0.00053529,1.3899,-0.036544,3.1663e-07,0.044256,0,87.3144,0.15973,0.78916,480.6435,1418.274
34.5582,10668.9351,38.8701,239.9853,9.1491,-0.0068932,-0.14419,0.66381,90.0027,-0.2625,4.4319,5.4481,10.3463,-35.053,0.00048855,1.3575,-0.0083694,3.1668e-07,0.044267,0,87.1301,0.15987,0.76183,480.6423,1418.2561
34.5665,10669.259,38.8706,239.9864,9.1491,-0.0066446,-0.13866,1.3113,90.0005,-0.26655,4.4319,5.5706,11.8128,-34.9688,0.00036236,1.3261,0.018376,3.1674e-07,0.044278,0,86.7782,0.16006,0.7342,480.6412,1418.2382
34.5749,10669.5829,38.8708,239.9864,9.149,-0.0064019,-0.12773,1.9459,89.9983,-0.25767,4.4318,5.4875,13.1985,-34.8797,0.000201,1.2958,0.042571,3.1682e-07,0.044288,0,86.4266,0.16018,0.79826,480.64,1418.2203
34.5832,10669.9069,38.8708,239.9858,9.149,-0.0061943,-0.11151,2.5679,89.9962,-0.23708,4.4318,5.4005,14.435,-34.7884,2.866e-05,1.2668,0.06356,3.169e-07,0.044299,0,86.0753,0.16022,0.87088,480.6389,1418.2024
34.5915,10670.2308,38.8705,239.9846,9.1489,-0.0060455,-0.090113,3.1776,89.9942,-0.20635,4.4318,5.3077,15.4824,-34.6965,-4.6031e-05,1.239,0.081035,3.17e-07,0.04431,0,85.8784,0.16017,0.94673,480.6377,1418.1845
34.5986,10670.2308,38.8705,239.9846,9.1489,-0.0060455,-0.090113,3.1776,89.9942,-0.20635,4.4318,5.3077,15.4824,-34.6965,-4.6031e-05,1.239,0.081035,3.17e-07,0.04431,0,85.8784,0.16004,0.8984,480.6377,1418.1845
34.5986,10670.2308,38.8705,239.9846,9.1489,-0.0060455,-0.090113,3.1776,89.9942,-0.20635,4.4318,5.3077,15.4824,-34.6965,-4.6031e-05,1.239,0.081035,3.17e-07,0.04431,0,85.8784,0.16004,0.8984,480.6377,1418.1845
34.5999,10670.5547,38.8705,239.984,9.1489,-0.0059303,-0.063633,3.7755,89.9925,-0.16717,4.4318,5.4018,16.3219,-34.6105,-4.5843e-05,1.1703,0.094964,3.171e-07,0.044321,0,86.0246,0.16013,0.93544,480.6366,1418.1666
34.6,10670.5547,38.8705,239.984,9.1489,-0.0059303,-0.063633,3.7755,89.9925,-0.16717,4.4318,5.4018,16.3219,-34.6105,-4.5843e-05,1.1703,0.094964,3.171e-07,0.044321,0,86.0246,0.16012,0.93432,480.6366,1418.1666
34.6,10670.5547,38.8705,239.984,9.1489,-0.0059303,-0.063633,3.7755,89.9925,-0.16717,4.4318,5.4018,16.3219,-34.6105,-4.5843e-05,1.1703,0.094964,3.171e-07,0.044321,0,86.0246,0.16012,0.93432,480.6366,1418.1666
34.6012,10670.5547,38.8705,239.984,9.1489,-0.0059303,-0.063633,3.7755,89.9925,-0.16717,4.4318,5.4018,16.3219,-34.6105,-4.5843e-05,1.1703,0.094964,3.171e-07,0.044321,0,86.0246,0.1601,0.92476,480.6366,1418.1666
34.6025,10670.5547,38.8705,239.984,9.1489,-0.0059303,-0.063633,3.7755,89.9925,-0.16717,4.4318,5.4018,16.3219,-34.6105,-4.5843e-05,1.1703,0.094964,3.171e-07,0.044321,0,86.0246,0.16008,0.91631,480.6366,1418.1666
34.6049,10670.5547,38.8705,239.984,9.1489,-0.0059303,-0.063633,3.7755,89.9925,-0.16717,4.4318,5.4018,16.3219,-34.6105,-4.5843e-05,1.1703,0.094964,3.171e-07,0.044321,0,86.0246,0.16003,0.90224,480.6366,1418.1666
34.6082,10670.8786,38.8706,239.9836,9.1488,-0.0058361,-0.032171,4.3415,89.9911,-0.12125,4.4318,5.4856,16.5683,-34.424,3.2146e-05,0.035649,0.10552,3.1722e-07,0.044331,0,86.1709,0.16007,0.91599,480.6354,1418.1487
34.6165,10671.2025,38.8707,239.9834,9.1488,-0.0057487,0.0040088,4.3667,89.9901,-0.07023,4.4317,5.5594,6.9271,-31.5873,0.00014102,-1.5843,0.11298,3.1734e-07,0.044342,0,86.3173,0.16002,0.89303,480.6342,1418.1309
34.6249,10671.5265,38.8708,239.9834,9.1488,-0.0056754,0.040397,3.6189,89.9895,-0.015599,4.4317,5.6254,-7.3155,-27.556,0.00026154,-1.5545,0.11774,3.1746e-07,0.044353,0,86.4637,0.15997,0.86831,480.6331,1418.113
34.6262,10671.5265,38.8708,239.9834,9.1488,-0.0056754,0.040397,3.6189,89.9895,-0.015599,4.4317,5.6254,-7.3155,-27.556,0.00026154,-1.5545,0.11774,3.1746e-07,0.044353,0,86.4637,0.15995,0.86634,480.6331,1418.113
34.6262,10671.5265,38.8708,239.9834,9.1488,-0.0056754,0.040397,3.6189,89.9895,-0.015599,4.4317,5.6254,-7.3155,-27.556,0.00026154,-1.5545,0.11774,3.1746e-07,0.044353,0,86.4637,0.15995,0.86634,480.6331,1418.113
34.6332,10671.8504,38.8711,239.9837,9.1487,-0.0056116,0.070555,2.8858,89.9894,0.041335,4.4316,5.6849,-6.7552,-27.6476,0.00035407,-1.5248,0.11998,3.1757e-07,0.044363,0,86.6102,0.15993,0.84265,480.6319,1418.0951
34.6389,10671.8504,38.8711,239.9837,9.1487,-0.0056116,0.070555,2.8858,89.9894,0.041335,4.4316,5.6849,-6.7552,-27.6476,0.00035407,-1.5248,0.11998,3.1757e-07,0.044363,0,86.6102,0.15983,0.84685,480.6319,1418.0951
34.6389,10671.8504,38.8711,239.9837,9.1487,-0.0056116,0.070555,2.8858,89.9894,0.041335,4.4316,5.6849,-6.7552,-27.6476,0.00035407,-1.5248,0.11998,3.1757e-07,0.044363,0,86.6102,0.15983,0.84685,480.6319,1418.0951
34.6415,10672.1743,38.8714,239.9841,9.1487,-0.0055543,0.094603,2.167,89.9897,0.099351,4.4316,5.7389,-6.3508,-27.7358,0.00042092,-1.494,0.11414,3.1769e-07,0.044374,0,86.7567,0.15989,0.81639,480.6308,1418.0772
34.6441,10672.1743,38.8714,239.9841,9.1487,-0.0055543,0.094603,2.167,89.9897,0.099351,4.4316,5.7389,-6.3508,-27.7358,0.00042092,-1.494,0.11414,3.1769e-07,0.044374,0,86.7567,0.15984,0.8245,480.6308,1418.0772
34.6493,10672.1743,38.8714,239.9841,9.1487,-0.0055543,0.094603,2.167,89.9897,0.099351,4.4316,5.7389,-6.3508,-27.7358,0.00042092,-1.494,0.11414,3.1769e-07,0.044374,0,86.7567,0.15975,0.83561,480.6308,1418.0772
34.6499,10672.4982,38.8717,239.9848,9.1487,-0.0054914,0.11266,1.4624,89.9905,0.15455,4.4315,5.7735,-6.44,-27.8235,0.00045858,-1.4613,0.095256,3.1779e-07,0.044385,0,86.9032,0.15987,0.78968,480.6296,1418.0593
34.6528,10672.4982,38.8717,239.9848,9.1487,-0.0054914,0.11266,1.4624,89.9905,0.15455,4.4315,5.7735,-6.44,-27.8235,0.00045858,-1.4613,0.095256,3.1779e-07,0.044385,0,86.9032,0.15981,0.80564,480.6296,1418.0593
34.6582,10672.8222,38.8721,239.9857,9.1486,-0.005404,0.12485,0.772,89.9918,0.20061,4.4315,5.7763,-7.3255,-27.9129,0.00046696,-1.4282,0.070354,3.1789e-07,0.044396,0,87.0497,0.15988,0.76259,480.6285,1418.0414
34.6665,10673.1461,38.8726,239.9868,9.1486,-0.0052802,0.13128,0.095515,89.9935,0.23463,4.4315,5.765,-8.5811,-28.0002,0.00040277,-1.3951,0.042738,3.1798e-07,0.044406,0,86.6979,0.15995,0.73513,480.6273,1418.0235
34.6749,10673.47,38.8728,239.9868,9.1486,-0.0051382,0.13208,-0.56733,89.9954,0.2553,4.4314,5.545,-10.0062,-28.0809,0.00029873,-1.3627,0.014429,3.1806e-07,0.044417,0,86.3464,0.15997,0.79928,480.6262,1418.0056
34.6832,10673.794,38.8727,239.9862,9.1485,-0.0049901,0.12735,-1.2168,89.9976,0.26228,4.4314,5.3261,-11.4781,-28.1555,0.00016805,-1.331,-0.012749,3.1813e-07,0.044428,0,85.9951,0.15995,0.87194,480.625,1417.9877
34.6915,10674.1179,38.8725,239.9849,9.1485,-0.0048516,0.11721,-1.8533,89.9998,0.25612,4.4314,5.1126,-12.8859,-28.2237,0.00011039,-1.3005,-0.037564,3.1818e-07,0.044439,0,85.9498,0.15989,0.94779,480.6239,1417.9698
34.6999,10674.4418,38.8724,239.9843,9.1485,-0.0046988,0.10176,-2.4772,90.0019,0.23796,4.4314,5.101,-14.155,-28.2906,9.1929e-05,-1.2713,-0.05928,3.1823e-07,0.044449,0,86.0961,0.15988,0.93654,480.6227,1417.9519
34.7082,10674.7658,38.8725,239.9839,9.1484,-0.0045302,0.081121,-3.0887,90.0039,0.20929,4.4314,5.097,-15.2406,-28.354,0.00011511,-1.2432,-0.07752,3.1827e-07,0.04446,0,86.2424,0.15989,0.91674,480.6216,1417.934
34.7138,10674.7658,38.8725,239.9839,9.1484,-0.0045302,0.081121,-3.0887,90.0039,0.20929,4.4314,5.097,-15.2406,-28.354,0.00011511,-1.2432,-0.07752,3.1827e-07,0.04446,0,86.2424,0.15979,0.88895,480.6216,1417.934
34.7138,10674.7658,38.8725,239.9839,9.1484,-0.0045302,0.081121,-3.0887,90.0039,0.20929,4.4314,5.097,-15.2406,-28.354,0.00011511,-1.2432,-0.07752,3.1827e-07,0.04446,0,86.2424,0.15979,0.88895,480.6216,1417.934
34.7165,10675.0897,38.8725,239.9837,9.1484,-0.0043467,0.055382,-3.6883,90.0056,0.17181,4.4314,5.1016,-16.1196,-28.4135,0.000137,-1.2165,-0.092202,3.1829e-07,0.044471,0,86.3888,0.15994,0.89305,480.6204,1417.9161
34.7192,10675.0897,38.8725,239.9837,9.1484,-0.0043467,0.055382,-3.6883,90.0056,0.17181,4.4314,5.1016,-16.1196,-28.4135,0.000137,-1.2165,-0.092202,3.1829e-07,0.044471,0,86.3888,0.15989,0.88348,480.6204,1417.9161
34.7249,10675.4137,38.8727,239.9838,9.1484,-0.0041713,0.024647,-4.2762,90.0071,0.12723,4.4314,5.1145,-16.787,-28.467,0.00017464,-0.28355,-0.10346,3.1832e-07,0.044482,0,86.5352,0.15999,0.86786,480.6192,1417.8982
34.7328,10675.4137,38.8727,239.9838,9.1484,-0.0041713,0.024647,-4.2762,90.0071,0.12723,4.4314,5.1145,-16.787,-28.467,0.00017464,-0.28355,-0.10346,3.1832e-07,0.044482,0,86.5352,0.15985,0.85943,480.6192,1417.8982
34.7328,10675.4137,38.8727,239.9838,9.1484,-0.0041713,0.024647,-4.2762,90.0071,0.12723,4.4314,5.1145,-16.787,-28.467,0.00017464,-0.28355,-0.10346,3.1832e-07,0.044482,0,86.5352,0.15985,0.85943,480.6192,1417.8982
34.7332,10675.7376,38.8729,239.984,9.1484,-0.0040193,-0.010988,-4.4195,90.0081,0.0772,4.4313,5.1347,-9.0191,-30.7946,0.00023212,1.3657,-0.11153,3.1833e-07,0.044492,0,86.6816,0.16003,0.84221,480.6181,1417.8803
34.7336,10675.7376,38.8729,239.984,9.1484,-0.0040193,-0.010988,-4.4195,90.0081,0.0772,4.4313,5.1347,-9.0191,-30.7946,0.00023212,1.3657,-0.11153,3.1833e-07,0.044492,0,86.6816,0.16002,0.8426,480.6181,1417.8803
34.7344,10675.7376,38.8729,239.984,9.1484,-0.0040193,-0.010988,-4.4195,90.0081,0.0772,4.4313,5.1347,-9.0191,-30.7946,0.00023212,1.3657,-0.11153,3.1833e-07,0.044492,0,86.6816,0.16001,0.84333,480.6181,1417.8803
34.7359,10675.7376,38.8729,239.984,9.1484,-0.0040193,-0.010988,-4.4195,90.0081,0.0772,4.4313,5.1347,-9.0191,-30.7946,0.00023212,1.3657,-0.11153,3.1833e-07,0.044492,0,86.6816,0.15998,0.84463,480.6181,1417.8803
34.739,10675.7376,38.8729,239.984,9.1484,-0.0040193,-0.010988,-4.4195,90.0081,0.0772,4.4313,5.1347,-9.0191,-30.7946,0.00023212,1.3657,-0.11153,3.1833e-07,0.044492,0,86.6816,0.15993,0.8467,480.6181,1417.8803
34.7415,10676.0615,38.8732,239.9845,9.1483,-0.0039039,-0.047817,-3.776,90.0088,0.023271,4.4313,5.1627,5.4428,-34.9314,0.00030118,1.5607,-0.11684,3.1835e-07,0.044503,0,86.8281,0.16005,0.8161,480.6169,1417.8624
34.7423,10676.0615,38.8732,239.9845,9.1483,-0.0039039,-0.047817,-3.776,90.0088,0.023271,4.4313,5.1627,5.4428,-34.9314,0.00030118,1.5607,-0.11684,3.1835e-07,0.044503,0,86.8281,0.16004,0.81882,480.6169,1417.8624
34.7423,10676.0615,38.8732,239.9845,9.1483,-0.0039039,-0.047817,-3.776,90.0088,0.023271,4.4313,5.1627,5.4428,-34.9314,0.00030118,1.5607,-0.11684,3.1835e-07,0.044503,0,86.8281,0.16004,0.81882,480.6169,1417.8624
34.7499,10676.3855,38.8735,239.9851,9.1483,-0.0038247,-0.079284,-3.0398,90.0089,-0.03323,4.4313,5.1978,6.8804,-35.4341,0.00035348,1.531,-0.11977,3.1837e-07,0.044514,0,86.9746,0.16005,0.78964,480.6158,1417.8445
34.755,10676.3855,38.8735,239.9851,9.1483,-0.0038247,-0.079284,-3.0398,90.0089,-0.03323,4.4313,5.1978,6.8804,-35.4341,0.00035348,1.531,-0.11977,3.1837e-07,0.044514,0,86.9746,0.15995,0.8145,480.6158,1417.8445
34.755,10676.3855,38.8735,239.9851,9.1483,-0.0038247,-0.079284,-3.0398,90.0089,-0.03323,4.4313,5.1978,6.8804,-35.4341,0.00035348,1.531,-0.11977,3.1837e-07,0.044514,0,86.9746,0.15995,0.8145,480.6158,1417.8445
34.7582,10676.7094,38.8739,239.986,9.1483,-0.0037748,-0.10462,-2.3181,90.0087,-0.091147,4.4312,5.2396,6.4276,-35.372,0.00039135,1.5005,-0.11572,3.184e-07,0.044525,0,87.1212,0.16003,0.76282,480.6146,1417.8266
34.7614,10676.7094,38.8739,239.986,9.1483,-0.0037748,-0.10462,-2.3181,90.0087,-0.091147,4.4312,5.2396,6.4276,-35.372,0.00039135,1.5005,-0.11572,3.184e-07,0.044525,0,87.1212,0.15997,0.78733,480.6146,1417.8266
34.7665,10677.0334,38.8744,239.9871,9.1483,-0.0037378,-0.12393,-1.6105,90.0079,-0.14711,4.4312,5.2995,6.403,-35.3054,0.00036913,1.4681,-0.098976,3.1843e-07,0.044535,0,86.7694,0.16001,0.73564,480.6135,1417.8087
34.7749,10677.3573,38.8746,239.9871,9.1483,-0.0037089,-0.13735,-0.91717,90.0067,-0.19497,4.4312,5.1893,7.1555,-35.2291,0.00031796,1.435,-0.075049,3.1847e-07,0.044546,0,86.4178,0.15991,0.79999,480.6123,1417.7909
34.7832,10677.6813,38.8745,239.9865,9.1482,-0.0036734,-0.145,-0.2378,90.0051,-0.23127,4.4312,5.0999,8.3499,-35.1474,0.00024595,1.4019,-0.047865,3.1852e-07,0.044557,0,86.0666,0.15978,0.87281,480.6112,1417.773
34.7915,10678.0052,38.8743,239.9852,9.1482,-0.0036225,-0.14698,0.42787,90.0031,-0.25441,4.4312,5.0213,9.748,-35.0625,0.00024157,1.3693,-0.019623,3.1859e-07,0.044568,0,85.9994,0.15963,0.94876,480.61,1417.7551
34.7999,10678.3292,38.8742,239.9846,9.1482,-0.003515,-0.14341,1.0801,90.001,-0.2639,4.4312,5.1416,11.2162,-34.9805,0.00025975,1.3375,0.0078119,3.1867e-07,0.044578,0,86.1457,0.15958,0.93757,480.6089,1417.7372
34.8082,10678.6531,38.8742,239.9842,9.1482,-0.0033413,-0.13441,1.7193,89.9988,-0.26013,4.4312,5.2603,12.6416,-34.8994,0.00029385,1.3067,0.033095,3.1876e-07,0.044589,0,86.292,0.1596,0.91782,480.6077,1417.7193
34.8165,10678.9771,38.8743,239.984,9.1482,-0.0031037,-0.12008,2.3458,89.9966,-0.24413,4.4312,5.3737,13.9421,-34.8192,0.00029141,1.2772,0.055402,3.1886e-07,0.0446,0,86.4383,0.1597,0.89418,480.6065,1417.7014
34.8249,10679.301,38.8744,239.984,9.1481,-0.0028359,-0.10054,2.9599,89.9946,-0.21734,4.4312,5.4802,15.0677,-34.7372,0.00026641,1.249,0.074293,3.1897e-07,0.044611,0,86.5847,0.15984,0.86874,480.6054,1417.6835
34.8276,10679.301,38.8744,239.984,9.1481,-0.0028359,-0.10054,2.9599,89.9946,-0.21734,4.4312,5.4802,15.0677,-34.7372,0.00026641,1.249,0.074293,3.1897e-07,0.044611,0,86.5847,0.15979,0.86493,480.6054,1417.6835
34.8276,10679.301,38.8744,239.984,9.1481,-0.0028359,-0.10054,2.9599,89.9946,-0.21734,4.4312,5.4802,15.0677,-34.7372,0.00026641,1.249,0.074293,3.1897e-07,0.044611,0,86.5847,0.15979,0.86493,480.6054,1417.6835
34.8332,10679.625,38.8746,239.9843,9.1481,-0.0025693,-0.075871,3.5619,89.9928,-0.18141,4.4312,5.5785,15.9914,-34.6541,0.00022586,1.222,0.089631,3.191e-07,0.044621,0,86.7311,0.15999,0.84241,480.6042,1417.6656
34.8385,10679.625,38.8746,239.9843,9.1481,-0.0025693,-0.075871,3.5619,89.9928,-0.18141,4.4312,5.5785,15.9914,-34.6541,0.00022586,1.222,0.089631,3.191e-07,0.044621,0,86.7311,0.1599,0.84659,480.6042,1417.6656
34.8385,10679.625,38.8746,239.9843,9.1481,-0.0025693,-0.075871,3.5619,89.9928,-0.18141,4.4312,5.5785,15.9914,-34.6541,0.00022586,1.222,0.089631,3.191e-07,0.044621,0,86.7311,0.1599,0.84659,480.6042,1417.6656
34.8415,10679.9489,38.8749,239.9848,9.1481,-0.0023342,-0.046188,4.1523,89.9913,-0.13807,4.4312,5.6678,16.7047,-34.5706,0.00019625,0.64867,0.10151,3.1923e-07,0.044632,0,86.8776,0.16013,0.8157,480.6031,1417.6477
34.8445,10679.9489,38.8749,239.9848,9.1481,-0.0023342,-0.046188,4.1523,89.9913,-0.13807,4.4312,5.6678,16.7047,-34.5706,0.00019625,0.64867,0.10151,3.1923e-07,0.044632,0,86.8776,0.16008,0.82518,480.6031,1417.6477
34.847,10679.9489,38.8749,239.9848,9.1481,-0.0023342,-0.046188,4.1523,89.9913,-0.13807,4.4312,5.6678,16.7047,-34.5706,0.00019625,0.64867,0.10151,3.1923e-07,0.044632,0,86.8776,0.16003,0.83121,480.6031,1417.6477
34.847,10679.9489,38.8749,239.9848,9.1481,-0.0023342,-0.046188,4.1523,89.9913,-0.13807,4.4312,5.6678,16.7047,-34.5706,0.00019625,0.64867,0.10151,3.1923e-07,0.044632,0,86.8776,0.16003,0.83121,480.6031,1417.6477
34.8499,10680.2729,38.8752,239.9854,9.1481,-0.0021484,-0.011586,4.4698,89.9901,-0.088987,4.4312,5.7469,12.2423,-33.1253,0.00019131,-1.0003,0.11016,3.1937e-07,0.044643,0,87.0241,0.16023,0.78923,480.6019,1417.6298
34.8527,10680.2729,38.8752,239.9854,9.1481,-0.0021484,-0.011586,4.4698,89.9901,-0.088987,4.4312,5.7469,12.2423,-33.1253,0.00019131,-1.0003,0.11016,3.1937e-07,0.044643,0,87.0241,0.16018,0.80469,480.6019,1417.6298
34.8582,10680.5969,38.8756,239.9863,9.1481,-0.0020235,0.025662,4.0007,89.9894,-0.035721,4.4311,5.8176,-2.1891,-29.0097,0.00021815,-1.5697,0.11598,3.1951e-07,0.044654,0,87.099,0.16029,0.76255,480.6008,1417.6119
34.8665,10680.9208,38.8761,239.9874,9.1481,-0.0019558,0.059001,3.2601,89.9891,0.020362,4.4311,5.8814,-7.0002,-27.5997,0.0002029,-1.5399,0.11932,3.1965e-07,0.044664,0,86.7473,0.1603,0.73561,480.5996,1417.594
34.8705,10680.9208,38.8761,239.9874,9.1481,-0.0019558,0.059001,3.2601,89.9891,0.020362,4.4311,5.8814,-7.0002,-27.5997,0.0002029,-1.5399,0.11932,3.1965e-07,0.044664,0,86.7473,0.16023,0.77322,480.5996,1417.594
34.8705,10680.9208,38.8761,239.9874,9.1481,-0.0019558,0.059001,3.2601,89.9891,0.020362,4.4311,5.8814,-7.0002,-27.5997,0.0002029,-1.5399,0.11932,3.1965e-07,0.044664,0,86.7473,0.16023,0.77322,480.5996,1417.594
34.8749,10681.2448,38.8763,239.9874,9.1481,-0.0019541,0.086168,2.534,89.9893,0.078062,4.4311,5.7367,-6.5272,-27.6831,0.00017494,-1.5097,0.11761,3.1979e-07,0.044675,0,86.3958,0.16019,0.80028,480.5985,1417.5761
34.8793,10681.2448,38.8763,239.9874,9.1481,-0.0019541,0.086168,2.534,89.9893,0.078062,4.4311,5.7367,-6.5272,-27.6831,0.00017494,-1.5097,0.11761,3.1979e-07,0.044675,0,86.3958,0.16011,0.81836,480.5985,1417.5761
34.8832,10681.5688,38.8762,239.9868,9.1481,-0.0020042,0.10729,1.8222,89.9899,0.13494,4.4311,5.5821,-6.3638,-27.7649,0.00014163,-1.4777,0.10402,3.1992e-07,0.044686,0,86.0445,0.15998,0.87334,480.5973,1417.5582
34.8915,10681.8927,38.876,239.9855,9.1481,-0.002078,0.12247,1.1247,89.991,0.18524,4.4311,5.4004,-6.9256,-27.8491,0.00018975,-1.4447,0.081508,3.2004e-07,0.044697,0,86.0198,0.15971,0.9495,480.5962,1417.5404
34.8999,10682.2167,38.8759,239.9849,9.1481,-0.0021069,0.13184,0.44117,89.9926,0.22466,4.4311,5.3927,-8.034,-27.939,0.00027043,-1.4115,0.054967,3.2016e-07,0.044707,0,86.166,0.15952,0.93851,480.595,1417.5225
34.9082,10682.5407,38.8759,239.9845,9.1481,-0.0020541,0.13552,-0.22854,89.9945,0.25124,4.4311,5.3752,-9.3914,-28.0292,0.00036723,-1.3787,0.026848,3.2026e-07,0.044718,0,86.3123,0.15942,0.9189,480.5939,1417.5046
34.9165,10682.8646,38.876,239.9843,9.1481,-0.0019004,0.13361,-0.88476,89.9966,0.26423,4.4312,5.3543,-10.8494,-28.1172,0.00041569,-1.3467,-0.00092094,3.2035e-07,0.044729,0,86.4586,0.15943,0.89534,480.5927,1417.4867
34.9249,10683.1886,38.8761,239.9843,9.1481,-0.0016674,0.12624,-1.5278,89.9988,0.26378,4.4312,5.3352,-12.2909,-28.1983,0.00041938,-1.3156,-0.02684,3.2043e-07,0.04474,0,86.605,0.15954,0.86995,480.5915,1417.4688
34.9332,10683.5126,38.8763,239.9845,9.1481,-0.0013839,0.11351,-2.1581,90.001,0.25081,4.4312,5.3214,-13.6248,-28.2718,0.00037633,-1.2858,-0.049961,3.205e-07,0.04475,0,86.7514,0.15971,0.84364,480.5904,1417.4509
34.9415,10683.8365,38.8765,239.985,9.1481,-0.0010867,0.095526,-2.7758,90.003,0.22665,4.4312,5.3151,-14.7935,-28.3369,0.00030293,-1.2572,-0.069752,3.2056e-07,0.044761,0,86.8979,0.15991,0.81682,480.5892,1417.433
34.9499,10684.1605,38.8769,239.9857,9.1481,-0.00080964,0.072394,-3.3815,90.0049,0.19292,4.4312,5.3175,-15.7647,-28.3944,0.00021767,-1.2299,-0.086006,3.2061e-07,0.044772,0,87.0444,0.16011,0.78967,480.5881,1417.4151
34.9521,10684.1605,38.8769,239.9857,9.1481,-0.00080964,0.072394,-3.3815,90.0049,0.19292,4.4312,5.3175,-15.7647,-28.3944,0.00021767,-1.2299,-0.086006,3.2061e-07,0.044772,0,87.0444,0.16007,0.80227,480.5881,1417.4151
34.9521,10684.1605,38.8769,239.9857,9.1481,-0.00080964,0.072394,-3.3815,90.0049,0.19292,4.4312,5.3175,-15.7647,-28.3944,0.00021767,-1.2299,-0.086006,3.2061e-07,0.044772,0,87.0444,0.16007,0.80227,480.5881,1417.4151
34.9582,10684.4845,38.8773,239.9866,9.1481,-0.00058035,0.044215,-3.9753,90.0065,0.15133,4.4312,5.3289,-16.5255,-28.4451,0.00015143,-1.0567,-0.098763,3.2066e-07,0.044783,0,87.1777,0.16027,0.76227,480.5869,1417.3972
34.9612,10684.4845,38.8773,239.9866,9.1481,-0.00058035,0.044215,-3.9753,90.0065,0.15133,4.4312,5.3289,-16.5255,-28.4451,0.00015143,-1.0567,-0.098763,3.2066e-07,0.044783,0,87.1777,0.16021,0.78537,480.5869,1417.3972
34.9612,10684.4845,38.8773,239.9866,9.1481,-0.00058035,0.044215,-3.9753,90.0065,0.15133,4.4312,5.3289,-16.5255,-28.4451,0.00015143,-1.0567,-0.098763,3.2066e-07,0.044783,0,87.1777,0.16021,0.78537,480.5869,1417.3972
34.9665,10684.8084,38.8778,239.9877,9.1481,-0.00041254,0.011088,-4.4874,90.0078,0.10357,4.4312,5.3475,-15.7436,-28.8606,7.1601e-05,0.55009,-0.10824,3.2069e-07,0.044793,0,86.8259,0.16038,0.73522,480.5858,1417.3793
34.9719,10684.8084,38.8778,239.9877,9.1481,-0.00041254,0.011088,-4.4874,90.0078,0.10357,4.4312,5.3475,-15.7436,-28.8606,7.1601e-05,0.55009,-0.10824,3.2069e-07,0.044793,0,86.8259,0.16029,0.78327,480.5858,1417.3793
34.9749,10685.1324,38.8779,239.9877,9.1481,-0.00033534,-0.026307,-4.2331,90.0087,0.05123,4.4312,5.1712,-1.7525,-32.8752,3.1062e-05,1.579,-0.11474,3.2073e-07,0.044804,0,86.4744,0.16034,0.79992,480.5846,1417.3614
34.9832,10685.4564,38.8779,239.987,9.1481,-0.00034825,-0.061582,-3.488,90.0091,-0.0042542,4.4312,5.004,7.1778,-35.4573,7.7034e-06,1.5491,-0.11869,3.2076e-07,0.044815,0,86.1232,0.16018,0.87318,480.5835,1417.3436
34.986,10685.4564,38.8779,239.987,9.1481,-0.00034825,-0.061582,-3.488,90.0091,-0.0042542,4.4312,5.004,7.1778,-35.4573,7.7034e-06,1.5491,-0.11869,3.2076e-07,0.044815,0,86.1232,0.16013,0.8679,480.5835,1417.3436
34.986,10685.4564,38.8779,239.987,9.1481,-0.00034825,-0.061582,-3.488,90.0091,-0.0042542,4.4312,5.004,7.1778,-35.4573,7.7034e-06,1.5491,-0.11869,3.2076e-07,0.044815,0,86.1232,0.16013,0.8679,480.5835,1417.3436
34.9915,10685.7804,38.8776,239.9858,9.1481,-0.00043636,-0.090649,-2.7575,90.0091,-0.061649,4.4312,4.8456,6.66,-35.3915,7.9575e-05,1.5192,-0.11967,3.208e-07,0.044825,0,85.9946,0.15989,0.9496,480.5823,1417.3257
34.9971,10685.7804,38.8776,239.9858,9.1481,-0.00043636,-0.090649,-2.7575,90.0091,-0.061649,4.4312,4.8456,6.66,-35.3915,7.9575e-05,1.5192,-0.11967,3.208e-07,0.044825,0,85.9946,0.1598,0.90819,480.5823,1417.3257
34.9993,10685.7804,38.8776,239.9858,9.1481,-0.00043636,-0.090649,-2.7575,90.0091,-0.061649,4.4312,4.8456,6.66,-35.3915,7.9575e-05,1.5192,-0.11967,3.208e-07,0.044825,0,85.9946,0.15975,0.89681,480.5823,1417.3257
34.9993,10685.7804,38.8776,239.9858,9.1481,-0.00043636,-0.090649,-2.7575,90.0091,-0.061649,4.4312,4.8456,6.66,-35.3915,7.9575e-05,1.5192,-0.11967,3.208e-07,0.044825,0,85.9946,0.15975,0.89681,480.5823,1417.3257
34.9999,10686.1044,38.8776,239.9852,9.1481,-0.00053609,-0.11363,-2.0413,90.0085,-0.11952,4.4312,4.8905,6.3267,-35.3291,0.00019897,1.4878,-0.1099,3.2085e-07,0.044836,0,86.1408,0.15964,0.93889,480.5812,1417.3078
35.0004,10686.1044,38.8776,239.9852,9.1481,-0.00053609,-0.11363,-2.0413,90.0085,-0.11952,4.4312,4.8905,6.3267,-35.3291,0.00019897,1.4878,-0.1099,3.2085e-07,0.044836,0,86.1408,0.15963,0.93451,480.5812,1417.3078
35.0014,10686.1044,38.8776,239.9852,9.1481,-0.00053609,-0.11363,-2.0413,90.0085,-0.11952,4.4312,4.8905,6.3267,-35.3291,0.00019897,1.4878,-0.1099,3.2085e-07,0.044836,0,86.1408,0.15961,0.9264,480.5812,1417.3078
35.0035,10686.1044,38.8776,239.9852,9.1481,-0.00053609,-0.11363,-2.0413,90.0085,-0.11952,4.4312,4.8905,6.3267,-35.3291,0.00019897,1.4878,-0.1099,3.2085e-07,0.044836,0,86.1408,0.15957,0.91252,480.5812,1417.3078
35.0077,10686.1044,38.8776,239.9852,9.1481,-0.00053609,-0.11363,-2.0413,90.0085,-0.11952,4.4312,4.8905,6.3267,-35.3291,0.00019897,1.4878,-0.1099,3.2085e-07,0.044836,0,86.1408,0.1595,0.89209,480.5812,1417.3078
35.0082,10686.4283,38.8776,239.9847,9.1481,-0.00059577,-0.13064,-1.3394,90.0075,-0.17267,4.4313,4.9626,6.652,-35.2641,0.00034687,1.4549,-0.089142,3.209e-07,0.044847,0,86.2871,0.15943,0.91953,480.58,1417.2899
35.0108,10686.4283,38.8776,239.9847,9.1481,-0.00059577,-0.13064,-1.3394,90.0075,-0.17267,4.4313,4.9626,6.652,-35.2641,0.00034687,1.4549,-0.089142,3.209e-07,0.044847,0,86.2871,0.15939,0.9042,480.58,1417.2899
35.0165,10686.7523,38.8777,239.9845,9.1481,-0.0005687,-0.1418,-0.65157,90.0061,-0.21578,4.4313,5.0626,7.6503,-35.1954,0.00045595,1.4217,-0.063385,3.2097e-07,0.044858,0,86.4334,0.15932,0.89619,480.5788,1417.272
35.0249,10687.0763,38.8778,239.9845,9.1481,-0.00044895,-0.14723,0.022359,90.0043,-0.24643,4.4313,5.1761,8.9582,-35.1221,0.00052118,1.3887,-0.035429,3.2104e-07,0.044868,0,86.5798,0.15932,0.87097,480.5777,1417.2541
35.0332,10687.4003,38.878,239.9848,9.1481,-0.00024273,-0.14704,0.6827,90.0023,-0.26357,4.4313,5.2961,10.4057,-35.0449,0.0005282,1.3564,-0.0072901,3.2113e-07,0.044879,0,86.7262,0.15942,0.84477,480.5765,1417.2362
35.0415,10687.7243,38.8782,239.9852,9.1481,2.6711e-05,-0.14135,1.3298,90.0001,-0.26709,4.4313,5.4174,11.8704,-34.9637,0.00048258,1.3251,0.01936,3.2123e-07,0.04489,0,86.8726,0.15959,0.81802,480.5754,1417.2183
35.0499,10688.0483,38.8786,239.9859,9.1481,0.00032914,-0.13027,1.9639,89.9978,-0.25773,4.4313,5.5358,13.2506,-34.8795,0.00039514,1.2948,0.043431,3.2134e-07,0.044901,0,87.0191,0.15981,0.79091,480.5742,1417.2004
35.0582,10688.3722,38.879,239.9868,9.1482,0.00063171,-0.11391,2.5855,89.9957,-0.23673,4.4313,5.6484,14.48,-34.7931,0.0002836,1.2659,0.064282,3.2147e-07,0.044911,0,87.1656,0.16005,0.76352,480.5731,1417.1825
35.0665,10688.6962,38.8794,239.9879,9.1482,0.00090449,-0.092361,3.1949,89.9937,-0.20565,4.4314,5.7532,15.5195,-34.7056,0.00012365,1.2382,0.081617,3.216e-07,0.044922,0,86.8139,0.16027,0.73589,480.5719,1417.1647
35.0739,10688.6962,38.8794,239.9879,9.1482,0.00090449,-0.092361,3.1949,89.9937,-0.20565,4.4314,5.7532,15.5195,-34.7056,0.00012365,1.2382,0.081617,3.216e-07,0.044922,0,86.8139,0.16014,0.79621,480.5719,1417.1647
35.0739,10688.6962,38.8794,239.9879,9.1482,0.00090449,-0.092361,3.1949,89.9937,-0.20565,4.4314,5.7532,15.5195,-34.7056,0.00012365,1.2382,0.081617,3.216e-07,0.044922,0,86.8139,0.16014,0.79621,480.5719,1417.1647
35.0749,10689.0202,38.8796,239.9879,9.1482,0.0011026,-0.065737,3.7923,89.992,-0.16618,4.4314,5.6468,16.351,-34.6154,-2.5257e-05,1.161,0.095411,3.2175e-07,0.044933,0,86.4624,0.16035,0.79987,480.5708,1417.1468
35.0752,10689.0202,38.8796,239.9879,9.1482,0.0011026,-0.065737,3.7923,89.992,-0.16618,4.4314,5.6468,16.351,-34.6154,-2.5257e-05,1.161,0.095411,3.2175e-07,0.044933,0,86.4624,0.16035,0.80159,480.5708,1417.1468
35.0752,10689.0202,38.8796,239.9879,9.1482,0.0011026,-0.065737,3.7923,89.992,-0.16618,4.4314,5.6468,16.351,-34.6154,-2.5257e-05,1.161,0.095411,3.2175e-07,0.044933,0,86.4624,0.16035,0.80159,480.5708,1417.1468
35.0761,10689.0202,38.8796,239.9879,9.1482,0.0011026,-0.065737,3.7923,89.992,-0.16618,4.4314,5.6468,16.351,-34.6154,-2.5257e-05,1.161,0.095411,3.2175e-07,0.044933,0,86.4624,0.16033,0.80609,480.5708,1417.1468
35.0771,10689.0202,38.8796,239.9879,9.1482,0.0011026,-0.065737,3.7923,89.992,-0.16618,4.4314,5.6468,16.351,-34.6154,-2.5257e-05,1.161,0.095411,3.2175e-07,0.044933,0,86.4624,0.16031,0.81018,480.5708,1417.1468
35.079,10689.0202,38.8796,239.9879,9.1482,0.0011026,-0.065737,3.7923,89.992,-0.16618,4.4314,5.6468,16.351,-34.6154,-2.5257e-05,1.161,0.095411,3.2175e-07,0.044933,0,86.4624,0.16028,0.81729,480.5708,1417.1468
35.0828,10689.0202,38.8796,239.9879,9.1482,0.0011026,-0.065737,3.7923,89.992,-0.16618,4.4314,5.6468,16.351,-34.6154,-2.5257e-05,1.161,0.095411,3.2175e-07,0.044933,0,86.4624,0.16021,0.82805,480.5708,1417.1468
35.0832,10689.3442,38.8795,239.9873,9.1482,0.0012082,-0.034134,4.354,89.9906,-0.12004,4.4314,5.5325,16.5126,-34.3997,-0.00013675,-0.0084238,0.10584,3.219e-07,0.044944,0,86.1113,0.16031,0.87278,480.5696,1417.1289
35.0853,10689.3442,38.8795,239.9873,9.1482,0.0012082,-0.034134,4.354,89.9906,-0.12004,4.4314,5.5325,16.5126,-34.3997,-0.00013675,-0.0084238,0.10584,3.219e-07,0.044944,0,86.1113,0.16027,0.86877,480.5696,1417.1289
35.0915,10689.6682,38.8793,239.986,9.1482,0.001216,0.0021487,4.3581,89.9896,-0.068861,4.4315,5.4107,6.5476,-31.4659,-0.00010131,-1.5838,0.1132,3.2206e-07,0.044954,0,85.991,0.16012,0.94924,480.5685,1417.111
35.0999,10689.9922,38.8793,239.9854,9.1483,0.0011745,0.038466,3.6106,89.989,-0.014122,4.4315,5.4762,-7.2976,-27.5419,1.5937e-05,-1.554,0.11786,3.2222e-07,0.044965,0,86.1372,0.15993,0.93873,480.5673,1417.0931
35.1013,10689.9922,38.8793,239.9854,9.1483,0.0011745,0.038466,3.6106,89.989,-0.014122,4.4315,5.4762,-7.2976,-27.5419,1.5937e-05,-1.554,0.11786,3.2222e-07,0.044965,0,86.1372,0.1599,0.92736,480.5673,1417.0931
35.1013,10689.9922,38.8793,239.9854,9.1483,0.0011745,0.038466,3.6106,89.989,-0.014122,4.4315,5.4762,-7.2976,-27.5419,1.5937e-05,-1.554,0.11786,3.2222e-07,0.044965,0,86.1372,0.1599,0.92736,480.5673,1417.0931
35.1082,10690.3162,38.8793,239.985,9.1483,0.0011221,0.068554,2.8777,89.9889,0.042871,4.4315,5.5347,-6.7433,-27.6335,0.00017544,-1.5243,0.11996,3.2237e-07,0.044976,0,86.2834,0.15974,0.91964,480.5662,1417.0752
35.1141,10690.3162,38.8793,239.985,9.1483,0.0011221,0.068554,2.8777,89.9889,0.042871,4.4315,5.5347,-6.7433,-27.6335,0.00017544,-1.5243,0.11996,3.2237e-07,0.044976,0,86.2834,0.15963,0.89001,480.5662,1417.0752
35.1141,10690.3162,38.8793,239.985,9.1483,0.0011221,0.068554,2.8777,89.9889,0.042871,4.4315,5.5347,-6.7433,-27.6335,0.00017544,-1.5243,0.11996,3.2237e-07,0.044976,0,86.2834,0.15963,0.89001,480.5662,1417.0752
35.1165,10690.6402,38.8794,239.9848,9.1483,0.0010956,0.092535,2.1591,89.9893,0.10088,4.4315,5.5871,-6.3474,-27.7255,0.00031314,-1.4935,0.11381,3.2253e-07,0.044987,0,86.4298,0.15958,0.89659,480.565,1417.0573
35.119,10690.6402,38.8794,239.9848,9.1483,0.0010956,0.092535,2.1591,89.9893,0.10088,4.4315,5.5871,-6.3474,-27.7255,0.00031314,-1.4935,0.11381,3.2253e-07,0.044987,0,86.4298,0.15954,0.88713,480.565,1417.0573
35.1239,10690.6402,38.8794,239.9848,9.1483,0.0010956,0.092535,2.1591,89.9893,0.10088,4.4315,5.5871,-6.3474,-27.7255,0.00031314,-1.4935,0.11381,3.2253e-07,0.044987,0,86.4298,0.15945,0.87394,480.565,1417.0573
35.1249,10690.9642,38.8795,239.9848,9.1483,0.001109,0.11053,1.4548,89.9901,0.15592,4.4315,5.6197,-6.4556,-27.8174,0.00042197,-1.4608,0.094776,3.2267e-07,0.044997,0,86.5761,0.15948,0.87164,480.5638,1417.0394
35.1297,10690.9642,38.8795,239.9848,9.1483,0.001109,0.11053,1.4548,89.9901,0.15592,4.4315,5.6197,-6.4556,-27.8174,0.00042197,-1.4608,0.094776,3.2267e-07,0.044997,0,86.5761,0.15939,0.86451,480.5638,1417.0394
35.1332,10691.2882,38.8797,239.985,9.1483,0.0011811,0.12265,0.76461,89.9914,0.20175,4.4316,5.6209,-7.3504,-27.9109,0.00048561,-1.4276,0.069806,3.2281e-07,0.045008,0,86.7225,0.15945,0.84567,480.5627,1417.0215
35.1415,10691.6122,38.88,239.9854,9.1484,0.0013157,0.12902,0.08835,89.9931,0.23551,4.4316,5.6083,-8.6104,-28.0013,0.00050379,-1.3946,0.042163,3.2294e-07,0.045019,0,86.869,0.15949,0.8191,480.5615,1417.0037
35.1499,10691.9362,38.8803,239.9861,9.1484,0.0015077,0.12976,-0.57427,89.9951,0.2559,4.4316,5.59,-10.0373,-28.0869,0.00047563,-1.3621,0.013869,3.2306e-07,0.04503,0,87.0154,0.15961,0.7921,480.5604,1416.9858
35.1582,10692.2602,38.8808,239.9869,9.1484,0.0017414,0.12497,-1.2236,89.9972,0.26261,4.4316,5.5709,-11.5085,-28.1663,0.00040775,-1.3306,-0.013265,3.2317e-07,0.04504,0,87.1619,0.15978,0.76478,480.5592,1416.9679
35.1665,10692.5842,38.8812,239.988,9.1484,0.001995,0.11478,-1.8599,89.9994,0.2562,4.4316,5.5554,-12.9141,-28.2388,0.00026678,-1.3001,-0.038023,3.2327e-07,0.045051,0,86.8102,0.15998,0.73718,480.5581,1416.95
35.1749,10692.9082,38.8814,239.988,9.1485,0.0022222,0.099277,-2.4836,90.0015,0.23781,4.4317,5.3439,-14.1801,-28.3014,0.00010074,-1.2709,-0.059671,3.2336e-07,0.045062,0,86.4588,0.1601,0.80115,480.5569,1416.9321
35.1832,10693.2322,38.8813,239.9874,9.1485,0.0023942,0.078581,-3.0949,90.0035,0.20895,4.4317,5.1425,-15.2618,-28.3564,-6.4035e-05,-1.2429,-0.077841,3.2344e-07,0.045073,0,86.1077,0.16012,0.87366,480.5558,1416.9142
35.1891,10693.2322,38.8813,239.9874,9.1485,0.0023942,0.078581,-3.0949,90.0035,0.20895,4.4317,5.1425,-15.2618,-28.3564,-6.4035e-05,-1.2429,-0.077841,3.2344e-07,0.045073,0,86.1077,0.16001,0.86402,480.5558,1416.9142
35.1891,10693.2322,38.8813,239.9874,9.1485,0.0023942,0.078581,-3.0949,90.0035,0.20895,4.4317,5.1425,-15.2618,-28.3564,-6.4035e-05,-1.2429,-0.077841,3.2344e-07,0.045073,0,86.1077,0.16001,0.86402,480.5558,1416.9142
35.1915,10693.5562,38.8811,239.9862,9.1485,0.0024907,0.05279,-3.6944,90.0052,0.17131,4.4318,4.9518,-16.1368,-28.4053,-0.00011411,-1.2161,-0.092451,3.2351e-07,0.045083,0,86.0804,0.16003,0.9494,480.5546,1416.8963
35.194,10693.5562,38.8811,239.9862,9.1485,0.0024907,0.05279,-3.6944,90.0052,0.17131,4.4318,4.9518,-16.1368,-28.4053,-0.00011411,-1.2161,-0.092451,3.2351e-07,0.045083,0,86.0804,0.15998,0.92824,480.5546,1416.8963
35.1989,10693.5562,38.8811,239.9862,9.1485,0.0024907,0.05279,-3.6944,90.0052,0.17131,4.4318,4.9518,-16.1368,-28.4053,-0.00011411,-1.2161,-0.092451,3.2351e-07,0.045083,0,86.0804,0.15989,0.89878,480.5546,1416.8963
35.1999,10693.8802,38.8811,239.9856,9.1485,0.0025441,0.022004,-4.2821,90.0067,0.1266,4.4318,4.9646,-16.7999,-28.4548,-7.7394e-05,-0.25381,-0.10364,3.2357e-07,0.045094,0,86.2266,0.15993,0.93841,480.5535,1416.8784
35.2045,10693.8802,38.8811,239.9856,9.1485,0.0025441,0.022004,-4.2821,90.0067,0.1266,4.4318,4.9646,-16.7999,-28.4548,-7.7394e-05,-0.25381,-0.10364,3.2357e-07,0.045094,0,86.2266,0.15985,0.90652,480.5535,1416.8784
35.208,10693.8802,38.8811,239.9856,9.1485,0.0025441,0.022004,-4.2821,90.0067,0.1266,4.4318,4.9646,-16.7999,-28.4548,-7.7394e-05,-0.25381,-0.10364,3.2357e-07,0.045094,0,86.2266,0.15978,0.89079,480.5535,1416.8784
35.208,10693.8802,38.8811,239.9856,9.1485,0.0025441,0.022004,-4.2821,90.0067,0.1266,4.4318,4.9646,-16.7999,-28.4548,-7.7394e-05,-0.25381,-0.10364,3.2357e-07,0.045094,0,86.2266,0.15978,0.89079,480.5535,1416.8784
35.2082,10694.2042,38.8811,239.9851,9.1486,0.0025731,-0.01368,-4.4113,90.0077,0.076486,4.4319,4.9843,-8.7612,-30.8563,4.9486e-05,1.3953,-0.11166,3.2363e-07,0.045105,0,86.3729,0.15982,0.91933,480.5523,1416.8606
35.2084,10694.2042,38.8811,239.9851,9.1486,0.0025731,-0.01368,-4.4113,90.0077,0.076486,4.4319,4.9843,-8.7612,-30.8563,4.9486e-05,1.3953,-0.11166,3.2363e-07,0.045105,0,86.3729,0.15982,0.91809,480.5523,1416.8606
35.2088,10694.2042,38.8811,239.9851,9.1486,0.0025731,-0.01368,-4.4113,90.0077,0.076486,4.4319,4.9843,-8.7612,-30.8563,4.9486e-05,1.3953,-0.11166,3.2363e-07,0.045105,0,86.3729,0.15981,0.91566,480.5523,1416.8606
35.2095,10694.2042,38.8811,239.9851,9.1486,0.0025731,-0.01368,-4.4113,90.0077,0.076486,4.4319,4.9843,-8.7612,-30.8563,4.9486e-05,1.3953,-0.11166,3.2363e-07,0.045105,0,86.3729,0.1598,0.91109,480.5523,1416.8606
35.211,10694.2042,38.8811,239.9851,9.1486,0.0025731,-0.01368,-4.4113,90.0077,0.076486,4.4319,4.9843,-8.7612,-30.8563,4.9486e-05,1.3953,-0.11166,3.2363e-07,0.045105,0,86.3729,0.15977,0.90292,480.5523,1416.8606
35.2141,10694.2042,38.8811,239.9851,9.1486,0.0025731,-0.01368,-4.4113,90.0077,0.076486,4.4319,4.9843,-8.7612,-30.8563,4.9486e-05,1.3953,-0.11166,3.2363e-07,0.045105,0,86.3729,0.15972,0.88987,480.5523,1416.8606
35.2165,10694.5283,38.8812,239.9849,9.1486,0.0025983,-0.050441,-3.7537,90.0084,0.022491,4.4319,5.0111,5.7028,-34.997,0.000191,1.5597,-0.11692,3.2369e-07,0.045116,0,86.5192,0.15973,0.89644,480.5511,1416.8427
35.2174,10694.5283,38.8812,239.9849,9.1486,0.0025983,-0.050441,-3.7537,90.0084,0.022491,4.4319,5.0111,5.7028,-34.997,0.000191,1.5597,-0.11692,3.2369e-07,0.045116,0,86.5192,0.15971,0.89291,480.5511,1416.8427
35.2174,10694.5283,38.8812,239.9849,9.1486,0.0025983,-0.050441,-3.7537,90.0084,0.022491,4.4319,5.0111,5.7028,-34.997,0.000191,1.5597,-0.11692,3.2369e-07,0.045116,0,86.5192,0.15971,0.89291,480.5511,1416.8427
35.2249,10694.8523,38.8814,239.9849,9.1486,0.002622,-0.081721,-3.018,90.0086,-0.034052,4.4319,5.0452,6.8654,-35.427,0.00031553,1.53,-0.11979,3.2375e-07,0.045126,0,86.6655,0.15964,0.87173,480.55,1416.8248
35.23,10694.8523,38.8814,239.9849,9.1486,0.002622,-0.081721,-3.018,90.0086,-0.034052,4.4319,5.0452,6.8654,-35.427,0.00031553,1.53,-0.11979,3.2375e-07,0.045126,0,86.6655,0.15955,0.86428,480.55,1416.8248
35.23,10694.8523,38.8814,239.9849,9.1486,0.002622,-0.081721,-3.018,90.0086,-0.034052,4.4319,5.0452,6.8654,-35.427,0.00031553,1.53,-0.11979,3.2375e-07,0.045126,0,86.6655,0.15955,0.86428,480.55,1416.8248
35.2332,10695.1763,38.8816,239.9852,9.1487,0.0026512,-0.10687,-2.2967,90.0083,-0.091983,4.432,5.0858,6.4162,-35.3689,0.00040948,1.4994,-0.11557,3.2382e-07,0.045137,0,86.8119,0.15957,0.84604,480.5488,1416.8069
35.2363,10695.1763,38.8816,239.9852,9.1487,0.0026512,-0.10687,-2.2967,90.0083,-0.091983,4.432,5.0858,6.4162,-35.3689,0.00040948,1.4994,-0.11557,3.2382e-07,0.045137,0,86.8119,0.15951,0.84798,480.5488,1416.8069
35.2415,10695.5003,38.8819,239.9856,9.1487,0.002695,-0.12601,-1.5897,90.0075,-0.14787,4.432,5.1451,6.403,-35.3055,0.00047011,1.467,-0.098562,3.239e-07,0.045148,0,86.9584,0.15953,0.81973,480.5477,1416.789
35.2499,10695.8243,38.8822,239.9862,9.1487,0.0027713,-0.13926,-0.89681,90.0063,-0.19554,4.432,5.2372,7.1713,-35.234,0.00049486,1.4339,-0.074523,3.2399e-07,0.045159,0,87.1048,0.15953,0.79296,480.5465,1416.7711
35.2582,10696.1483,38.8827,239.9871,9.1488,0.0028913,-0.14673,-0.21791,90.0046,-0.23158,4.432,5.3477,8.3729,-35.1572,0.00048513,1.4008,-0.047292,3.2408e-07,0.045169,0,87.2513,0.1596,0.76582,480.5454,1416.7532
35.2665,10696.4723,38.8832,239.9882,9.1488,0.0030572,-0.14855,0.44731,90.0027,-0.25445,4.4321,5.4672,9.7744,-35.0766,0.00039626,1.3683,-0.019042,3.2419e-07,0.04518,0,86.8997,0.15972,0.73835,480.5442,1416.7353
35.2749,10696.7964,38.8833,239.9882,9.1488,0.0032397,-0.14482,1.0991,90.0006,-0.26366,4.4321,5.3875,11.2437,-34.9904,0.00026513,1.3365,0.0083663,3.2431e-07,0.045191,0,86.5482,0.15979,0.80237,480.5431,1416.7175
35.2832,10697.1204,38.8833,239.9875,9.1489,0.0034174,-0.13566,1.7379,89.9984,-0.25961,4.4322,5.3085,12.6678,-34.9011,0.00010916,1.3058,0.033598,3.2445e-07,0.045202,0,86.1971,0.15982,0.87491,480.5419,1416.6996
35.2915,10697.4444,38.8831,239.9863,9.1489,0.0035682,-0.12118,2.364,89.9962,-0.24337,4.4322,5.2265,13.9656,-34.8103,3.2307e-05,1.2763,0.055837,3.246e-07,0.045212,0,86.1661,0.15979,0.95066,480.5408,1416.6817
35.2999,10697.7684,38.883,239.9857,9.149,0.0037135,-0.10148,2.9777,89.9942,-0.21636,4.4323,5.3326,15.0872,-34.7241,4.1553e-06,1.2481,0.074654,3.2476e-07,0.045223,0,86.3123,0.15979,0.93943,480.5396,1416.6638
35.3028,10697.7684,38.883,239.9857,9.149,0.0037135,-0.10148,2.9777,89.9942,-0.21636,4.4323,5.3326,15.0872,-34.7241,4.1553e-06,1.2481,0.074654,3.2476e-07,0.045223,0,86.3123,0.15973,0.91724,480.5396,1416.6638
35.3028,10697.7684,38.883,239.9857,9.149,0.0037135,-0.10148,2.9777,89.9942,-0.21636,4.4323,5.3326,15.0872,-34.7241,4.1553e-06,1.2481,0.074654,3.2476e-07,0.045223,0,86.3123,0.15973,0.91724,480.5396,1416.6638
35.3082,10698.0925,38.8831,239.9853,9.149,0.0038557,-0.076663,3.5794,89.9924,-0.18026,4.4324,5.4299,16.0066,-34.641,3.1128e-05,1.2212,0.089917,3.2492e-07,0.045234,0,86.4585,0.1598,0.91966,480.5385,1416.6459
35.3136,10698.0925,38.8831,239.9853,9.149,0.0038557,-0.076663,3.5794,89.9924,-0.18026,4.4324,5.4299,16.0066,-34.641,3.1128e-05,1.2212,0.089917,3.2492e-07,0.045234,0,86.4585,0.1597,0.89214,480.5385,1416.6459
35.3138,10698.0925,38.8831,239.9853,9.149,0.0038557,-0.076663,3.5794,89.9924,-0.18026,4.4324,5.4299,16.0066,-34.641,3.1128e-05,1.2212,0.089917,3.2492e-07,0.045234,0,86.4585,0.15969,0.89107,480.5385,1416.6459
35.3138,10698.0925,38.8831,239.9853,9.149,0.0038557,-0.076663,3.5794,89.9924,-0.18026,4.4324,5.4299,16.0066,-34.641,3.1128e-05,1.2212,0.089917,3.2492e-07,0.045234,0,86.4585,0.15969,0.89107,480.5385,1416.6459
35.3165,10698.4165,38.8832,239.9851,9.1491,0.0039983,-0.046835,4.1693,89.9909,-0.13678,4.4324,5.5177,16.7156,-34.5613,7.29e-05,0.61045,0.10173,3.251e-07,0.045245,0,86.6048,0.15982,0.89619,480.5373,1416.628
35.3192,10698.4165,38.8832,239.9851,9.1491,0.0039983,-0.046835,4.1693,89.9909,-0.13678,4.4324,5.5177,16.7156,-34.5613,7.29e-05,0.61045,0.10173,3.251e-07,0.045245,0,86.6048,0.15977,0.88613,480.5373,1416.628
35.3223,10698.4165,38.8832,239.9851,9.1491,0.0039983,-0.046835,4.1693,89.9909,-0.13678,4.4324,5.5177,16.7156,-34.5613,7.29e-05,0.61045,0.10173,3.251e-07,0.045245,0,86.6048,0.15972,0.87755,480.5373,1416.628
35.3223,10698.4165,38.8832,239.9851,9.1491,0.0039983,-0.046835,4.1693,89.9909,-0.13678,4.4324,5.5177,16.7156,-34.5613,7.29e-05,0.61045,0.10173,3.251e-07,0.045245,0,86.6048,0.15972,0.87755,480.5373,1416.628
35.3249,10698.7405,38.8834,239.9851,9.1491,0.0041252,-0.012091,4.4686,89.9898,-0.087584,4.4324,5.5954,11.9094,-33.0269,0.00014038,-1.0384,0.11031,3.2529e-07,0.045255,0,86.7512,0.15984,0.87149,480.5361,1416.6101
35.3275,10698.7405,38.8834,239.9851,9.1491,0.0041252,-0.012091,4.4686,89.9898,-0.087584,4.4324,5.5954,11.9094,-33.0269,0.00014038,-1.0384,0.11031,3.2529e-07,0.045255,0,86.7512,0.15979,0.86738,480.5361,1416.6101
35.3326,10698.7405,38.8834,239.9851,9.1491,0.0041252,-0.012091,4.4686,89.9898,-0.087584,4.4324,5.5954,11.9094,-33.0269,0.00014038,-1.0384,0.11031,3.2529e-07,0.045255,0,86.7512,0.1597,0.86177,480.5361,1416.6101
35.3332,10699.0645,38.8836,239.9853,9.1491,0.0042253,0.025148,3.9813,89.989,-0.034241,4.4325,5.6647,-2.5253,-28.916,0.00022295,-1.5687,0.11608,3.2547e-07,0.045266,0,86.8975,0.15985,0.84594,480.535,1416.5923
35.3359,10699.0645,38.8836,239.9853,9.1491,0.0042253,0.025148,3.9813,89.989,-0.034241,4.4325,5.6647,-2.5253,-28.916,0.00022295,-1.5687,0.11608,3.2547e-07,0.045266,0,86.8975,0.1598,0.84774,480.535,1416.5923
35.3415,10699.3886,38.8839,239.9857,9.1492,0.0042949,0.058325,3.2412,89.9887,0.021893,4.4325,5.7272,-6.9852,-27.6068,0.00029007,-1.539,0.11937,3.2566e-07,0.045277,0,87.044,0.15984,0.81989,480.5338,1416.5744
35.3456,10699.3886,38.8839,239.9857,9.1492,0.0042949,0.058325,3.2412,89.9887,0.021893,4.4325,5.7272,-6.9852,-27.6068,0.00029007,-1.539,0.11937,3.2566e-07,0.045277,0,87.044,0.15977,0.831,480.5338,1416.5744
35.3456,10699.3886,38.8839,239.9857,9.1492,0.0042949,0.058325,3.2412,89.9887,0.021893,4.4325,5.7272,-6.9852,-27.6068,0.00029007,-1.539,0.11937,3.2566e-07,0.045277,0,87.044,0.15977,0.831,480.5338,1416.5744
35.3499,10699.7126,38.8843,239.9864,9.1492,0.0043384,0.085335,2.5156,89.9889,0.079621,4.4325,5.7841,-6.5151,-27.695,0.00033785,-1.5087,0.11742,3.2584e-07,0.045288,0,87.1904,0.15982,0.79343,480.5327,1416.5565
35.3541,10699.7126,38.8843,239.9864,9.1492,0.0043384,0.085335,2.5156,89.9889,0.079621,4.4325,5.7841,-6.5151,-27.695,0.00033785,-1.5087,0.11742,3.2584e-07,0.045288,0,87.1904,0.15975,0.81419,480.5327,1416.5565
35.3582,10700.0366,38.8848,239.9872,9.1493,0.0043669,0.1063,1.8042,89.9896,0.13641,4.4326,5.8286,-6.3667,-27.7817,0.0003668,-1.4767,0.1035,3.2602e-07,0.045298,0,87.3369,0.1598,0.76657,480.5315,1416.5386
35.3665,10700.3607,38.8853,239.9883,9.1493,0.004402,0.12133,1.1071,89.9907,0.18646,4.4326,5.8439,-6.9497,-27.8702,0.0003307,-1.4437,0.080837,3.2619e-07,0.045309,0,86.9853,0.1598,0.73934,480.5304,1416.5207
35.3749,10700.6847,38.8855,239.9883,9.1494,0.0044423,0.13056,0.42403,89.9923,0.22555,4.4326,5.6358,-8.0672,-27.9557,0.00026249,-1.4106,0.054229,3.2635e-07,0.04532,0,86.6339,0.15974,0.80354,480.5292,1416.5028
35.3832,10701.0088,38.8855,239.9876,9.1494,0.0044933,0.13409,-0.24529,89.9942,0.25178,4.4327,5.4207,-9.429,-28.0376,0.0001697,-1.3778,0.026095,3.265e-07,0.045331,0,86.2828,0.15965,0.8762,480.5281,1416.4849
35.3915,10701.3328,38.8853,239.9864,9.1495,0.0045545,0.13205,-0.90113,89.9963,0.2644,4.4328,5.2045,-10.8882,-28.1149,0.00014428,-1.3458,-0.0016409,3.2664e-07,0.045341,0,86.248,0.15953,0.952,480.5269,1416.4671
35.3999,10701.6569,38.8853,239.9857,9.1495,0.0046593,0.12454,-1.5438,89.9985,0.26361,4.4328,5.1852,-12.3278,-28.1918,0.00014541,-1.3148,-0.027495,3.2677e-07,0.045352,0,86.3942,0.15949,0.94082,480.5258,1416.4492
35.4082,10701.9809,38.8853,239.9853,9.1496,0.0048128,0.11167,-2.1737,90.0007,0.25031,4.4329,5.1708,-13.6581,-28.2651,0.00017023,-1.285,-0.050533,3.2688e-07,0.045363,0,86.5404,0.15952,0.92109,480.5246,1416.4313
35.4165,10702.3049,38.8854,239.9851,9.1496,0.0050116,0.093561,-2.7911,90.0027,0.22587,4.433,5.1635,-14.8219,-28.3338,0.00016898,-1.2564,-0.070234,3.2699e-07,0.045374,0,86.6867,0.1596,0.89749,480.5234,1416.4134
35.4249,10702.629,38.8856,239.9851,9.1497,0.0052239,0.070301,-3.3964,90.0046,0.19191,4.433,5.1649,-15.7878,-28.3952,0.00015665,-1.2291,-0.086397,3.2709e-07,0.045384,0,86.833,0.15971,0.8721,480.5223,1416.3955
35.4274,10702.629,38.8856,239.9851,9.1497,0.0052239,0.070301,-3.3964,90.0046,0.19191,4.433,5.1649,-15.7878,-28.3952,0.00015665,-1.2291,-0.086397,3.2709e-07,0.045384,0,86.833,0.15967,0.86797,480.5223,1416.3955
35.4274,10702.629,38.8856,239.9851,9.1497,0.0052239,0.070301,-3.3964,90.0046,0.19191,4.433,5.1649,-15.7878,-28.3952,0.00015665,-1.2291,-0.086397,3.2709e-07,0.045384,0,86.833,0.15967,0.86797,480.5223,1416.3955
35.4332,10702.953,38.8859,239.9853,9.1497,0.0054226,0.041998,-3.9899,90.0062,0.15013,4.4331,5.1752,-16.5433,-28.4498,0.0001481,-1.0454,-0.099066,3.2718e-07,0.045395,0,86.9794,0.15983,0.84581,480.5211,1416.3776
35.4364,10702.953,38.8859,239.9853,9.1497,0.0054226,0.041998,-3.9899,90.0062,0.15013,4.4331,5.1752,-16.5433,-28.4498,0.0001481,-1.0454,-0.099066,3.2718e-07,0.045395,0,86.9794,0.15977,0.84799,480.5211,1416.3776
35.4364,10702.953,38.8859,239.9853,9.1497,0.0054226,0.041998,-3.9899,90.0062,0.15013,4.4331,5.1752,-16.5433,-28.4498,0.0001481,-1.0454,-0.099066,3.2718e-07,0.045395,0,86.9794,0.15977,0.84799,480.5211,1416.3776
35.4415,10703.2771,38.8862,239.9858,9.1498,0.0055865,0.0087494,-4.4967,90.0075,0.10222,4.4331,5.1929,-15.6611,-28.8947,0.0001531,0.59835,-0.10846,3.2726e-07,0.045406,0,87.1258,0.15992,0.81965,480.52,1416.3597
35.4466,10703.2771,38.8862,239.9858,9.1498,0.0055865,0.0087494,-4.4967,90.0075,0.10222,4.4331,5.1929,-15.6611,-28.8947,0.0001531,0.59835,-0.10846,3.2726e-07,0.045406,0,87.1258,0.15983,0.83316,480.52,1416.3597
35.4499,10703.6011,38.8866,239.9864,9.1498,0.0056997,-0.028723,-4.2193,90.0083,0.049766,4.4332,5.2182,-1.3289,-33.0075,0.00019057,1.5782,-0.11489,3.2734e-07,0.045417,0,87.2722,0.15997,0.79328,480.5188,1416.3419
35.4582,10703.9252,38.8871,239.9873,9.1499,0.0057596,-0.063884,-3.4746,90.0087,-0.0057965,4.4332,5.2509,7.1613,-35.4721,0.00023074,1.5484,-0.11879,3.2743e-07,0.045427,0,87.3757,0.15999,0.76664,480.5177,1416.324
35.4611,10703.9252,38.8871,239.9873,9.1499,0.0057596,-0.063884,-3.4746,90.0087,-0.0057965,4.4332,5.2509,7.1613,-35.4721,0.00023074,1.5484,-0.11879,3.2743e-07,0.045427,0,87.3757,0.15994,0.7885,480.5177,1416.324
35.4611,10703.9252,38.8871,239.9873,9.1499,0.0057596,-0.063884,-3.4746,90.0087,-0.0057965,4.4332,5.2509,7.1613,-35.4721,0.00023074,1.5484,-0.11879,3.2743e-07,0.045427,0,87.3757,0.15994,0.7885,480.5177,1416.324
35.4665,10704.2493,38.8876,239.9884,9.15,0.005775,-0.092838,-2.7444,90.0087,-0.063244,4.4332,5.2904,6.6471,-35.4106,0.0002196,1.5185,-0.11967,3.2751e-07,0.045438,0,87.024,0.15998,0.73973,480.5165,1416.3061
35.4719,10704.2493,38.8876,239.9884,9.15,0.005775,-0.092838,-2.7444,90.0087,-0.063244,4.4332,5.2904,6.6471,-35.4106,0.0002196,1.5185,-0.11967,3.2751e-07,0.045438,0,87.024,0.15988,0.78676,480.5165,1416.3061
35.4745,10704.2493,38.8876,239.9884,9.15,0.005775,-0.092838,-2.7444,90.0087,-0.063244,4.4332,5.2904,6.6471,-35.4106,0.0002196,1.5185,-0.11967,3.2751e-07,0.045438,0,87.024,0.15984,0.80169,480.5165,1416.3061
35.4745,10704.2493,38.8876,239.9884,9.15,0.005775,-0.092838,-2.7444,90.0087,-0.063244,4.4332,5.2904,6.6471,-35.4106,0.0002196,1.5185,-0.11967,3.2751e-07,0.045438,0,87.024,0.15984,0.80169,480.5165,1416.3061
35.4749,10704.5733,38.8878,239.9883,9.15,0.0057395,-0.11571,-2.0286,90.0082,-0.12112,4.4333,5.1356,6.3204,-35.3441,0.00019106,1.4871,-0.10957,3.2761e-07,0.045449,0,86.6727,0.15985,0.8042,480.5154,1416.2882
35.4752,10704.5733,38.8878,239.9883,9.15,0.0057395,-0.11571,-2.0286,90.0082,-0.12112,4.4333,5.1356,6.3204,-35.3441,0.00019106,1.4871,-0.10957,3.2761e-07,0.045449,0,86.6727,0.15984,0.80578,480.5154,1416.2882
35.4759,10704.5733,38.8878,239.9883,9.15,0.0057395,-0.11571,-2.0286,90.0082,-0.12112,4.4333,5.1356,6.3204,-35.3441,0.00019106,1.4871,-0.10957,3.2761e-07,0.045449,0,86.6727,0.15983,0.80879,480.5154,1416.2882
35.4772,10704.5733,38.8878,239.9883,9.15,0.0057395,-0.11571,-2.0286,90.0082,-0.12112,4.4333,5.1356,6.3204,-35.3441,0.00019106,1.4871,-0.10957,3.2761e-07,0.045449,0,86.6727,0.15981,0.81424,480.5154,1416.2882
35.4799,10704.5733,38.8878,239.9883,9.15,0.0057395,-0.11571,-2.0286,90.0082,-0.12112,4.4333,5.1356,6.3204,-35.3441,0.00019106,1.4871,-0.10957,3.2761e-07,0.045449,0,86.6727,0.15976,0.82317,480.5154,1416.2882
35.4832,10704.8974,38.8879,239.9877,9.1501,0.0056744,-0.13261,-1.327,90.0072,-0.17411,4.4333,5.011,6.6661,-35.2708,0.00015003,1.4542,-0.088653,3.2771e-07,0.04546,0,86.3216,0.15965,0.87708,480.5142,1416.2703
35.4915,10705.2214,38.8877,239.9864,9.1501,0.0056067,-0.14367,-0.63948,90.0057,-0.21698,4.4334,4.9162,7.6743,-35.1914,0.00018548,1.421,-0.06282,3.2782e-07,0.04547,0,86.2937,0.15941,0.95306,480.5131,1416.2524
35.4999,10705.5455,38.8877,239.9858,9.1502,0.0055974,-0.149,0.034147,90.0039,-0.24736,4.4335,5.0297,8.987,-35.1139,0.00024774,1.388,-0.034831,3.2794e-07,0.045481,0,86.4398,0.15927,0.94203,480.5119,1416.2346
35.5082,10705.8696,38.8878,239.9853,9.1503,0.0056737,-0.14872,0.69419,90.0018,-0.26421,4.4335,5.1489,10.4367,-35.0366,0.00032154,1.3557,-0.006706,3.2808e-07,0.045492,0,86.5861,0.15922,0.92241,480.5107,1416.2167
35.5165,10706.1936,38.8879,239.9851,9.1503,0.0058456,-0.14293,1.341,89.9996,-0.26745,4.4336,5.269,11.9007,-34.9592,0.00034638,1.3244,0.019909,3.2823e-07,0.045503,0,86.7323,0.15928,0.89887,480.5096,1416.1988
35.5249,10706.5177,38.8881,239.9851,9.1504,0.0060843,-0.13176,1.9749,89.9974,-0.25782,4.4337,5.3861,13.279,-34.879,0.00032972,1.2942,0.043925,3.2839e-07,0.045513,0,86.8786,0.15942,0.87352,480.5084,1416.1809
35.5332,10706.8418,38.8884,239.9853,9.1504,0.006357,-0.1153,2.5962,89.9953,-0.23658,4.4337,5.4972,14.5053,-34.7965,0.00027319,1.2652,0.06471,3.2856e-07,0.045524,0,87.025,0.15961,0.84726,480.5073,1416.163
35.5415,10707.1658,38.8887,239.9858,9.1505,0.0066262,-0.093664,3.2052,89.9933,-0.20529,4.4338,5.6007,15.541,-34.7121,0.00019554,1.2376,0.081975,3.2875e-07,0.045535,0,87.1714,0.15981,0.82051,480.5061,1416.1451
35.5491,10707.1658,38.8887,239.9858,9.1505,0.0066262,-0.093664,3.2052,89.9933,-0.20529,4.4338,5.6007,15.541,-34.7121,0.00019554,1.2376,0.081975,3.2875e-07,0.045535,0,87.1714,0.15968,0.8381,480.5061,1416.1451
35.5491,10707.1658,38.8887,239.9858,9.1505,0.0066262,-0.093664,3.2052,89.9933,-0.20529,4.4338,5.6007,15.541,-34.7121,0.00019554,1.2376,0.081975,3.2875e-07,0.045535,0,87.1714,0.15968,0.8381,480.5061,1416.1451
35.5499,10707.4899,38.8891,239.9864,9.1506,0.0068598,-0.066954,3.8024,89.9916,-0.16564,4.4338,5.6957,16.3684,-34.6268,0.00012272,1.1567,0.095701,3.2895e-07,0.045546,0,87.3178,0.16,0.79343,480.505,1416.1273
35.5503,10707.4899,38.8891,239.9864,9.1506,0.0068598,-0.066954,3.8024,89.9916,-0.16564,4.4338,5.6957,16.3684,-34.6268,0.00012272,1.1567,0.095701,3.2895e-07,0.045546,0,87.3178,0.15999,0.79606,480.505,1416.1273
35.5503,10707.4899,38.8891,239.9864,9.1506,0.0068598,-0.066954,3.8024,89.9916,-0.16564,4.4338,5.6957,16.3684,-34.6268,0.00012272,1.1567,0.095701,3.2895e-07,0.045546,0,87.3178,0.15999,0.79606,480.505,1416.1273
35.5511,10707.4899,38.8891,239.9864,9.1506,0.0068598,-0.066954,3.8024,89.9916,-0.16564,4.4338,5.6957,16.3684,-34.6268,0.00012272,1.1567,0.095701,3.2895e-07,0.045546,0,87.3178,0.15997,0.80049,480.505,1416.1273
35.5519,10707.4899,38.8891,239.9864,9.1506,0.0068598,-0.066954,3.8024,89.9916,-0.16564,4.4338,5.6957,16.3684,-34.6268,0.00012272,1.1567,0.095701,3.2895e-07,0.045546,0,87.3178,0.15996,0.80457,480.505,1416.1273
35.5535,10707.4899,38.8891,239.9864,9.1506,0.0068598,-0.066954,3.8024,89.9916,-0.16564,4.4338,5.6957,16.3684,-34.6268,0.00012272,1.1567,0.095701,3.2895e-07,0.045546,0,87.3178,0.15993,0.81182,480.505,1416.1273
35.5567,10707.4899,38.8891,239.9864,9.1506,0.0068598,-0.066954,3.8024,89.9916,-0.16564,4.4338,5.6957,16.3684,-34.6268,0.00012272,1.1567,0.095701,3.2895e-07,0.045546,0,87.3178,0.15987,0.82325,480.505,1416.1273
35.5582,10707.814,38.8896,239.9873,9.1506,0.0070369,-0.035267,4.3621,89.9902,-0.11936,4.4339,5.7808,16.4916,-34.4065,7.4083e-05,-0.03123,0.10607,3.2915e-07,0.045556,0,87.436,0.16014,0.76648,480.5038,1416.1094
35.5655,10707.814,38.8896,239.9873,9.1506,0.0070369,-0.035267,4.3621,89.9902,-0.11936,4.4339,5.7808,16.4916,-34.4065,7.4083e-05,-0.03123,0.10607,3.2915e-07,0.045556,0,87.436,0.16001,0.81143,480.5038,1416.1094
35.5665,10708.1381,38.8902,239.9884,9.1507,0.0071461,0.0010834,4.3553,89.9892,-0.068068,4.4339,5.8566,6.3553,-31.4311,2.6235e-05,-1.5836,0.11337,3.2936e-07,0.045567,0,87.0844,0.16023,0.73961,480.5027,1416.0915
35.5716,10708.1381,38.8902,239.9884,9.1507,0.0071461,0.0010834,4.3553,89.9892,-0.068068,4.4339,5.8566,6.3553,-31.4311,2.6235e-05,-1.5836,0.11337,3.2936e-07,0.045567,0,87.0844,0.16014,0.78433,480.5027,1416.0915
35.5749,10708.4622,38.8905,239.9884,9.1508,0.0071659,0.037378,3.6079,89.9886,-0.01324,4.434,5.722,-7.2841,-27.5605,-4.8782e-06,-1.5538,0.11798,3.2957e-07,0.045578,0,86.733,0.16016,0.80426,480.5015,1416.0736
35.5763,10708.4622,38.8905,239.9884,9.1508,0.0071659,0.037378,3.6079,89.9886,-0.01324,4.434,5.722,-7.2841,-27.5605,-4.8782e-06,-1.5538,0.11798,3.2957e-07,0.045578,0,86.733,0.16013,0.8109,480.5015,1416.0736
35.5763,10708.4622,38.8905,239.9884,9.1508,0.0071659,0.037378,3.6079,89.9886,-0.01324,4.434,5.722,-7.2841,-27.5605,-4.8782e-06,-1.5538,0.11798,3.2957e-07,0.045578,0,86.733,0.16013,0.8109,480.5015,1416.0736
35.5832,10708.7862,38.8905,239.9877,9.1508,0.0071041,0.067444,2.8751,89.9885,0.043818,4.4341,5.583,-6.733,-27.6438,-3.4318e-05,-1.524,0.12002,3.2977e-07,0.045589,0,86.382,0.15997,0.87741,480.5004,1416.0557
35.5891,10708.7862,38.8905,239.9877,9.1508,0.0071041,0.067444,2.8751,89.9885,0.043818,4.4341,5.583,-6.733,-27.6438,-3.4318e-05,-1.524,0.12002,3.2977e-07,0.045589,0,86.382,0.15987,0.86641,480.5004,1416.0557
35.5891,10708.7862,38.8905,239.9877,9.1508,0.0071041,0.067444,2.8751,89.9885,0.043818,4.4341,5.583,-6.733,-27.6438,-3.4318e-05,-1.524,0.12002,3.2977e-07,0.045589,0,86.382,0.15987,0.86641,480.5004,1416.0557
35.5915,10709.1103,38.8904,239.9864,9.1509,0.0069782,0.091403,2.1567,89.9889,0.10186,4.4341,5.44,-6.3408,-27.7252,2.9947e-05,-1.4932,0.11369,3.2998e-07,0.045599,0,86.2985,0.15969,0.95366,480.4992,1416.0378
35.5939,10709.1103,38.8904,239.9864,9.1509,0.0069782,0.091403,2.1567,89.9889,0.10186,4.4341,5.44,-6.3408,-27.7252,2.9947e-05,-1.4932,0.11369,3.2998e-07,0.045599,0,86.2985,0.15964,0.93251,480.4992,1416.0378
35.5986,10709.1103,38.8904,239.9864,9.1509,0.0069782,0.091403,2.1567,89.9889,0.10186,4.4341,5.44,-6.3408,-27.7252,2.9947e-05,-1.4932,0.11369,3.2998e-07,0.045599,0,86.2985,0.15956,0.90266,480.4992,1416.0378
35.5999,10709.4344,38.8904,239.9858,9.151,0.0068574,0.10938,1.4525,89.9897,0.15685,4.4342,5.4719,-6.4604,-27.813,0.0001363,-1.4605,0.094576,3.3018e-07,0.04561,0,86.4447,0.15944,0.94289,480.498,1416.02
35.6059,10709.4344,38.8904,239.9858,9.151,0.0068574,0.10938,1.4525,89.9897,0.15685,4.4342,5.4719,-6.4604,-27.813,0.0001363,-1.4605,0.094576,3.3018e-07,0.04561,0,86.4447,0.15933,0.9025,480.498,1416.02
35.6082,10709.7585,38.8905,239.9853,9.151,0.006794,0.12148,0.76243,89.991,0.20258,4.4343,5.4722,-7.3604,-27.9064,0.00026747,-1.4273,0.06956,3.3037e-07,0.045621,0,86.5909,0.15926,0.9235,480.4969,1416.0021
35.6165,10710.0826,38.8907,239.9851,9.1511,0.0068254,0.12783,0.086289,89.9927,0.23622,4.4343,5.4582,-8.6232,-28.0007,0.000357,-1.3943,0.041889,3.3055e-07,0.045632,0,86.7371,0.15919,0.90015,480.4957,1415.9842
35.6249,10710.4067,38.8909,239.9851,9.1512,0.0069481,0.12855,-0.57622,89.9947,0.25648,4.4344,5.4385,-10.052,-28.0902,0.00040063,-1.3619,0.013588,3.3072e-07,0.045642,0,86.8834,0.15923,0.87492,480.4946,1415.9663
35.6332,10710.7308,38.8912,239.9853,9.1512,0.0071466,0.12375,-1.2254,89.9968,0.26306,4.4345,5.4182,-11.5238,-28.1735,0.00038879,-1.3303,-0.013538,3.3088e-07,0.045653,0,87.0298,0.15935,0.84873,480.4934,1415.9484
35.6415,10711.0549,38.8916,239.9857,9.1513,0.0073913,0.11354,-1.8616,89.999,0.25651,4.4345,5.4016,-12.929,-28.2491,0.00033113,-1.2999,-0.038278,3.3103e-07,0.045664,0,87.1762,0.15953,0.82201,480.4923,1415.9305
35.6499,10711.379,38.892,239.9864,9.1514,0.0076492,0.098025,-2.4852,90.0012,0.238,4.4346,5.3916,-14.194,-28.3166,0.00024191,-1.2706,-0.059902,3.3116e-07,0.045675,0,87.3226,0.15974,0.79494,480.4911,1415.9127
35.6582,10711.7031,38.8925,239.9872,9.1515,0.0078882,0.077315,-3.0965,90.0031,0.20903,4.4347,5.3899,-15.2745,-28.3764,0.00014075,-1.2427,-0.078045,3.3129e-07,0.045685,0,87.4691,0.15995,0.7676,480.49,1415.8948
35.6641,10711.7031,38.8925,239.9872,9.1515,0.0078882,0.077315,-3.0965,90.0031,0.20903,4.4347,5.3899,-15.2745,-28.3764,0.00014075,-1.2427,-0.078045,3.3129e-07,0.045685,0,87.4691,0.15984,0.80603,480.49,1415.8948
35.6641,10711.7031,38.8925,239.9872,9.1515,0.0078882,0.077315,-3.0965,90.0031,0.20903,4.4347,5.3899,-15.2745,-28.3764,0.00014075,-1.2427,-0.078045,3.3129e-07,0.045685,0,87.4691,0.15984,0.80603,480.49,1415.8948
35.6665,10712.0272,38.8931,239.9883,9.1515,0.0080819,0.051511,-3.6958,90.0049,0.17128,4.4347,5.397,-16.1482,-28.4296,8.1205e-06,-1.216,-0.09263,3.3142e-07,0.045696,0,87.1175,0.16013,0.74004,480.4888,1415.8769
35.6689,10712.0272,38.8931,239.9883,9.1515,0.0080819,0.051511,-3.6958,90.0049,0.17128,4.4347,5.397,-16.1482,-28.4296,8.1205e-06,-1.216,-0.09263,3.3142e-07,0.045696,0,87.1175,0.16009,0.76403,480.4888,1415.8769
35.6737,10712.0272,38.8931,239.9883,9.1515,0.0080819,0.051511,-3.6958,90.0049,0.17128,4.4347,5.397,-16.1482,-28.4296,8.1205e-06,-1.216,-0.09263,3.3142e-07,0.045696,0,87.1175,0.16,0.79779,480.4888,1415.8769
35.6749,10712.3513,38.8934,239.9883,9.1516,0.0081927,0.020712,-4.2835,90.0063,0.12649,4.4348,5.2099,-16.8101,-28.4747,-0.00010228,-0.24284,-0.10379,3.3153e-07,0.045707,0,86.7662,0.16016,0.80421,480.4877,1415.859
35.6807,10712.3513,38.8934,239.9883,9.1516,0.0081927,0.020712,-4.2835,90.0063,0.12649,4.4348,5.2099,-16.8101,-28.4747,-0.00010228,-0.24284,-0.10379,3.3153e-07,0.045707,0,86.7662,0.16006,0.8256,480.4877,1415.859
35.6831,10712.3513,38.8934,239.9883,9.1516,0.0081927,0.020712,-4.2835,90.0063,0.12649,4.4348,5.2099,-16.8101,-28.4747,-0.00010228,-0.24284,-0.10379,3.3153e-07,0.045707,0,86.7662,0.16001,0.83147,480.4877,1415.859
35.6831,10712.3513,38.8934,239.9883,9.1516,0.0081927,0.020712,-4.2835,90.0063,0.12649,4.4348,5.2099,-16.8101,-28.4747,-0.00010228,-0.24284,-0.10379,3.3153e-07,0.045707,0,86.7662,0.16001,0.83147,480.4877,1415.859
35.6832,10712.6754,38.8935,239.9877,9.1517,0.0082087,-0.014984,-4.4075,90.0074,0.076291,4.4348,5.0322,-8.6717,-30.8951,-0.0001631,1.4069,-0.11179,3.3165e-07,0.045718,0,86.4152,0.16006,0.87733,480.4865,1415.8411
35.6833,10712.6754,38.8935,239.9877,9.1517,0.0082087,-0.014984,-4.4075,90.0074,0.076291,4.4348,5.0322,-8.6717,-30.8951,-0.0001631,1.4069,-0.11179,3.3165e-07,0.045718,0,86.4152,0.16006,0.87706,480.4865,1415.8411
35.6835,10712.6754,38.8935,239.9877,9.1517,0.0082087,-0.014984,-4.4075,90.0074,0.076291,4.4348,5.0322,-8.6717,-30.8951,-0.0001631,1.4069,-0.11179,3.3165e-07,0.045718,0,86.4152,0.16005,0.87654,480.4865,1415.8411
35.684,10712.6754,38.8935,239.9877,9.1517,0.0082087,-0.014984,-4.4075,90.0074,0.076291,4.4348,5.0322,-8.6717,-30.8951,-0.0001631,1.4069,-0.11179,3.3165e-07,0.045718,0,86.4152,0.16004,0.87552,480.4865,1415.8411
35.6849,10712.6754,38.8935,239.9877,9.1517,0.0082087,-0.014984,-4.4075,90.0074,0.076291,4.4348,5.0322,-8.6717,-30.8951,-0.0001631,1.4069,-0.11179,3.3165e-07,0.045718,0,86.4152,0.16003,0.87362,480.4865,1415.8411
35.6866,10712.6754,38.8935,239.9877,9.1517,0.0082087,-0.014984,-4.4075,90.0074,0.076291,4.4348,5.0322,-8.6717,-30.8951,-0.0001631,1.4069,-0.11179,3.3165e-07,0.045718,0,86.4152,0.16,0.87028,480.4865,1415.8411
35.6902,10712.6754,38.8935,239.9877,9.1517,0.0082087,-0.014984,-4.4075,90.0074,0.076291,4.4348,5.0322,-8.6717,-30.8951,-0.0001631,1.4069,-0.11179,3.3165e-07,0.045718,0,86.4152,0.15993,0.86516,480.4865,1415.8411
35.6915,10712.9995,38.8934,239.9864,9.1518,0.0081309,-0.051712,-3.7443,90.008,0.022229,4.4349,4.8639,5.7998,-35.0269,-9.4124e-05,1.5591,-0.11703,3.3176e-07,0.045728,0,86.2944,0.15983,0.95371,480.4853,1415.8232
35.6924,10712.9995,38.8934,239.9864,9.1518,0.0081309,-0.051712,-3.7443,90.008,0.022229,4.4349,4.8639,5.7998,-35.0269,-9.4124e-05,1.5591,-0.11703,3.3176e-07,0.045728,0,86.2944,0.15981,0.94522,480.4853,1415.8232
35.6924,10712.9995,38.8934,239.9864,9.1518,0.0081309,-0.051712,-3.7443,90.008,0.022229,4.4349,4.8639,5.7998,-35.0269,-9.4124e-05,1.5591,-0.11703,3.3176e-07,0.045728,0,86.2944,0.15981,0.94522,480.4853,1415.8232
35.699,10712.9995,38.8934,239.9864,9.1518,0.0081309,-0.051712,-3.7443,90.008,0.022229,4.4349,4.8639,5.7998,-35.0269,-9.4124e-05,1.5591,-0.11703,3.3176e-07,0.045728,0,86.2944,0.15969,0.90108,480.4853,1415.8232
35.6999,10713.3236,38.8935,239.9857,9.1519,0.008017,-0.082915,-3.0089,90.0082,-0.034369,4.435,4.8977,6.8537,-35.4225,2.8591e-05,1.5294,-0.11988,3.3187e-07,0.045739,0,86.4406,0.1596,0.94318,480.4842,1415.8054
35.7041,10713.3236,38.8935,239.9857,9.1519,0.008017,-0.082915,-3.0089,90.0082,-0.034369,4.435,4.8977,6.8537,-35.4225,2.8591e-05,1.5294,-0.11988,3.3187e-07,0.045739,0,86.4406,0.15952,0.91249,480.4842,1415.8054
35.7051,10713.3236,38.8935,239.9857,9.1519,0.008017,-0.082915,-3.0089,90.0082,-0.034369,4.435,4.8977,6.8537,-35.4225,2.8591e-05,1.5294,-0.11988,3.3187e-07,0.045739,0,86.4406,0.1595,0.90692,480.4842,1415.8054
35.7051,10713.3236,38.8935,239.9857,9.1519,0.008017,-0.082915,-3.0089,90.0082,-0.034369,4.435,4.8977,6.8537,-35.4225,2.8591e-05,1.5294,-0.11988,3.3187e-07,0.045739,0,86.4406,0.1595,0.90692,480.4842,1415.8054
35.7082,10713.6477,38.8936,239.9853,9.1519,0.007908,-0.10799,-2.2879,90.0079,-0.092346,4.4351,4.9377,6.4057,-35.3644,0.00019057,1.4989,-0.11558,3.3199e-07,0.04575,0,86.5868,0.15938,0.92406,480.483,1415.7875
35.7113,10713.6477,38.8936,239.9853,9.1519,0.007908,-0.10799,-2.2879,90.0079,-0.092346,4.4351,4.9377,6.4057,-35.3644,0.00019057,1.4989,-0.11558,3.3199e-07,0.04575,0,86.5868,0.15933,0.9055,480.483,1415.7875
35.7165,10713.9718,38.8938,239.9851,9.152,0.0078462,-0.12705,-1.5811,90.0071,-0.14824,4.4351,4.9958,6.3974,-35.3046,0.00032291,1.4665,-0.09846,3.3212e-07,0.045761,0,86.733,0.15923,0.90096,480.4819,1415.7696
35.7249,10714.2959,38.8941,239.985,9.1521,0.0078517,-0.14023,-0.88847,90.0059,-0.19586,4.4352,5.0869,7.1729,-35.2371,0.00041956,1.4334,-0.07437,3.3226e-07,0.045771,0,86.8793,0.15915,0.87596,480.4807,1415.7517
35.7332,10714.6201,38.8944,239.9852,9.1522,0.0079355,-0.14763,-0.20981,90.0043,-0.23183,4.4353,5.1964,8.3777,-35.1641,0.00046571,1.4003,-0.047099,3.3241e-07,0.045782,0,87.0257,0.15917,0.84996,480.4796,1415.7338
35.7415,10714.9442,38.8948,239.9857,9.1522,0.0080923,-0.14938,0.45517,90.0023,-0.25461,4.4353,5.3148,9.7817,-35.0867,0.00045965,1.3678,-0.018829,3.3257e-07,0.045793,0,87.1721,0.15927,0.82337,480.4784,1415.716
35.7499,10715.2683,38.8952,239.9863,9.1523,0.0083055,-0.14559,1.1068,90.0002,-0.26371,4.4354,5.4367,11.2525,-35.0053,0.00040453,1.336,0.0085834,3.3275e-07,0.045804,0,87.3185,0.15944,0.79638,480.4773,1415.6981
35.7582,10715.5924,38.8958,239.9871,9.1524,0.0085504,-0.13637,1.7453,89.998,-0.25956,4.4355,5.5572,12.6772,-34.9208,0.00031114,1.3054,0.03381,3.3294e-07,0.045814,0,87.4649,0.15966,0.76909,480.4761,1415.6802
35.7665,10715.9166,38.8964,239.9882,9.1525,0.0087983,-0.12182,2.3712,89.9959,-0.24321,4.4355,5.6728,13.9749,-34.8343,0.00015058,1.2759,0.056038,3.3314e-07,0.045825,0,87.1134,0.1599,0.74155,480.475,1415.6623
35.7749,10716.2407,38.8967,239.9882,9.1526,0.0090007,-0.10206,2.9847,89.9938,-0.21611,4.4356,5.5791,15.0964,-34.7439,-2.5806e-05,1.2477,0.074839,3.3335e-07,0.045836,0,86.7621,0.16003,0.80544,480.4738,1415.6444
35.7779,10716.2407,38.8967,239.9882,9.1526,0.0090007,-0.10206,2.9847,89.9938,-0.21611,4.4356,5.5791,15.0964,-34.7439,-2.5806e-05,1.2477,0.074839,3.3335e-07,0.045836,0,86.7621,0.15997,0.81799,480.4738,1415.6444
35.7779,10716.2407,38.8967,239.9882,9.1526,0.0090007,-0.10206,2.9847,89.9938,-0.21611,4.4356,5.5791,15.0964,-34.7439,-2.5806e-05,1.2477,0.074839,3.3335e-07,0.045836,0,86.7621,0.15997,0.81799,480.4738,1415.6444
35.7832,10716.5648,38.8968,239.9876,9.1527,0.0091291,-0.077189,3.5862,89.992,-0.17992,4.4357,5.4789,16.0151,-34.6525,-0.00018749,1.2208,0.090084,3.3357e-07,0.045847,0,86.4111,0.16004,0.8779,480.4726,1415.6265
35.7885,10716.5648,38.8968,239.9876,9.1527,0.0091291,-0.077189,3.5862,89.992,-0.17992,4.4357,5.4789,16.0151,-34.6525,-0.00018749,1.2208,0.090084,3.3357e-07,0.045847,0,86.4111,0.15995,0.86789,480.4726,1415.6265
35.7889,10716.5648,38.8968,239.9876,9.1527,0.0091291,-0.077189,3.5862,89.992,-0.17992,4.4357,5.4789,16.0151,-34.6525,-0.00018749,1.2208,0.090084,3.3357e-07,0.045847,0,86.4111,0.15994,0.86724,480.4726,1415.6265
35.7889,10716.5648,38.8968,239.9876,9.1527,0.0091291,-0.077189,3.5862,89.992,-0.17992,4.4357,5.4789,16.0151,-34.6525,-0.00018749,1.2208,0.090084,3.3357e-07,0.045847,0,86.4111,0.15994,0.86724,480.4726,1415.6265
35.7915,10716.889,38.8967,239.9863,9.1527,0.0091677,-0.047304,4.1761,89.9905,-0.13635,4.4358,5.3715,16.7231,-34.5621,-0.0002189,0.5982,0.10187,3.338e-07,0.045857,0,86.381,0.15993,0.95368,480.4715,1415.6087
35.7941,10716.889,38.8967,239.9863,9.1527,0.0091677,-0.047304,4.1761,89.9905,-0.13635,4.4358,5.3715,16.7231,-34.5621,-0.0002189,0.5982,0.10187,3.338e-07,0.045857,0,86.381,0.15989,0.931,480.4715,1415.6087
35.7973,10716.889,38.8967,239.9863,9.1527,0.0091677,-0.047304,4.1761,89.9905,-0.13635,4.4358,5.3715,16.7231,-34.5621,-0.0002189,0.5982,0.10187,3.338e-07,0.045857,0,86.381,0.15983,0.90979,480.4715,1415.6087
35.7973,10716.889,38.8967,239.9863,9.1527,0.0091677,-0.047304,4.1761,89.9905,-0.13635,4.4358,5.3715,16.7231,-34.5621,-0.0002189,0.5982,0.10187,3.338e-07,0.045857,0,86.381,0.15983,0.90979,480.4715,1415.6087
35.7999,10717.2131,38.8968,239.9856,9.1528,0.0091556,-0.012504,4.4695,89.9894,-0.087081,4.4359,5.4489,11.8077,-32.994,-0.00015341,-1.0515,0.11043,3.3404e-07,0.045868,0,86.5272,0.15981,0.94315,480.4703,1415.5908
35.8024,10717.2131,38.8968,239.9856,9.1528,0.0091556,-0.012504,4.4695,89.9894,-0.087081,4.4359,5.4489,11.8077,-32.994,-0.00015341,-1.0515,0.11043,3.3404e-07,0.045868,0,86.5272,0.15977,0.92344,480.4703,1415.5908
35.8074,10717.2131,38.8968,239.9856,9.1528,0.0091556,-0.012504,4.4695,89.9894,-0.087081,4.4359,5.4489,11.8077,-32.994,-0.00015341,-1.0515,0.11043,3.3404e-07,0.045868,0,86.5272,0.15968,0.8962,480.4703,1415.5908
35.8082,10717.5373,38.897,239.9852,9.1529,0.0091155,0.024742,3.976,89.9887,-0.033675,4.4359,5.5174,-2.6357,-28.8811,-3.0458e-06,-1.5684,0.11618,3.3428e-07,0.045879,0,86.6734,0.15968,0.92418,480.4692,1415.5729
35.8082,10717.5373,38.897,239.9852,9.1529,0.0091155,0.024742,3.976,89.9887,-0.033675,4.4359,5.5174,-2.6357,-28.8811,-3.0458e-06,-1.5684,0.11618,3.3428e-07,0.045879,0,86.6734,0.15968,0.92412,480.4692,1415.5729
35.8082,10717.5373,38.897,239.9852,9.1529,0.0091155,0.024742,3.976,89.9887,-0.033675,4.4359,5.5174,-2.6357,-28.8811,-3.0458e-06,-1.5684,0.11618,3.3428e-07,0.045879,0,86.6734,0.15968,0.92412,480.4692,1415.5729
35.8121,10717.5373,38.897,239.9852,9.1529,0.0091155,0.024742,3.976,89.9887,-0.033675,4.4359,5.5174,-2.6357,-28.8811,-3.0458e-06,-1.5684,0.11618,3.3428e-07,0.045879,0,86.6734,0.15961,0.90153,480.4692,1415.5729
35.8161,10717.5373,38.897,239.9852,9.1529,0.0091155,0.024742,3.976,89.9887,-0.033675,4.4359,5.5174,-2.6357,-28.8811,-3.0458e-06,-1.5684,0.11618,3.3428e-07,0.045879,0,86.6734,0.15954,0.8863,480.4692,1415.5729
35.8165,10717.8614,38.8972,239.985,9.153,0.0090772,0.057875,3.2361,89.9884,0.022513,4.436,5.5785,-6.9749,-27.6092,0.00013554,-1.5386,0.11946,3.3452e-07,0.04589,0,86.8196,0.15956,0.90134,480.468,1415.555
35.8187,10717.8614,38.8972,239.985,9.153,0.0090772,0.057875,3.2361,89.9884,0.022513,4.436,5.5785,-6.9749,-27.6092,0.00013554,-1.5386,0.11946,3.3452e-07,0.04589,0,86.8196,0.15952,0.89213,480.468,1415.555
35.8206,10717.8614,38.8972,239.985,9.153,0.0090772,0.057875,3.2361,89.9884,0.022513,4.436,5.5785,-6.9749,-27.6092,0.00013554,-1.5386,0.11946,3.3452e-07,0.04589,0,86.8196,0.15948,0.88573,480.468,1415.555
35.8206,10717.8614,38.8972,239.985,9.153,0.0090772,0.057875,3.2361,89.9884,0.022513,4.436,5.5785,-6.9749,-27.6092,0.00013554,-1.5386,0.11946,3.3452e-07,0.04589,0,86.8196,0.15948,0.88573,480.468,1415.555
35.8249,10718.1855,38.8975,239.9849,9.1531,0.009047,0.084842,2.5106,89.9886,0.080289,4.4361,5.6341,-6.5059,-27.7013,0.00025517,-1.5083,0.11743,3.3475e-07,0.0459,0,86.9659,0.15945,0.87663,480.4669,1415.5371
35.8291,10718.1855,38.8975,239.9849,9.1531,0.009047,0.084842,2.5106,89.9886,0.080289,4.4361,5.6341,-6.5059,-27.7013,0.00025517,-1.5083,0.11743,3.3475e-07,0.0459,0,86.9659,0.15938,0.86914,480.4669,1415.5371
35.8332,10718.5097,38.8979,239.9851,9.1532,0.0090364,0.10576,1.7995,89.9892,0.13708,4.4361,5.6772,-6.3625,-27.792,0.00034008,-1.4763,0.10338,3.3498e-07,0.045911,0,87.1122,0.15939,0.85091,480.4657,1415.5193
35.8415,10718.8338,38.8983,239.9855,9.1533,0.0090593,0.12076,1.1025,89.9904,0.18708,4.4362,5.691,-6.953,-27.8835,0.00038699,-1.4433,0.080684,3.3521e-07,0.045922,0,87.2586,0.15936,0.82458,480.4646,1415.5014
35.8499,10719.158,38.8988,239.9862,9.1533,0.0091271,0.12995,0.41963,89.9919,0.2261,4.4362,5.6843,-8.0732,-27.974,0.00039512,-1.4102,0.054027,3.3542e-07,0.045933,0,87.405,0.1594,0.79779,480.4634,1415.4835
35.8582,10719.4821,38.8994,239.987,9.1534,0.009242,0.13344,-0.24952,89.9938,0.25223,4.4363,5.6685,-9.4383,-28.0606,0.00036529,-1.3774,0.025865,3.3562e-07,0.045943,0,87.5514,0.1595,0.77064,480.4622,1415.4656
35.8665,10719.8063,38.9,239.9881,9.1535,0.0093972,0.13137,-0.90521,89.9959,0.26474,4.4364,5.6498,-10.8994,-28.142,0.00025662,-1.3455,-0.0018802,3.3582e-07,0.045954,0,87.1999,0.15965,0.74318,480.4611,1415.4477
35.8749,10720.1305,38.9003,239.988,9.1536,0.009556,0.12382,-1.5478,89.9981,0.26383,4.4364,5.4307,-12.3401,-28.2145,0.00011001,-1.3145,-0.027734,3.36e-07,0.045965,0,86.8487,0.15974,0.8071,480.4599,1415.4298
35.8832,10720.4546,38.9005,239.9874,9.1537,0.0096928,0.11092,-2.1775,90.0003,0.25042,4.4365,5.2189,-13.6705,-28.2794,-5.3437e-05,-1.2847,-0.050762,3.3617e-07,0.045976,0,86.4977,0.15977,0.87953,480.4588,1415.412
35.8915,10720.7788,38.9004,239.9861,9.1538,0.0097849,0.092778,-2.7948,90.0024,0.22587,4.4366,5.0165,-14.8339,-28.3375,-0.00012739,-1.2561,-0.070444,3.3633e-07,0.045986,0,86.4969,0.15972,0.95517,480.4576,1415.3941
35.8916,10720.7788,38.9004,239.9861,9.1538,0.0097849,0.092778,-2.7948,90.0024,0.22587,4.4366,5.0165,-14.8339,-28.3375,-0.00012739,-1.2561,-0.070444,3.3633e-07,0.045986,0,86.4969,0.15972,0.95472,480.4576,1415.3941
35.8916,10720.7788,38.9004,239.9861,9.1538,0.0097849,0.092778,-2.7948,90.0024,0.22587,4.4366,5.0165,-14.8339,-28.3375,-0.00012739,-1.2561,-0.070444,3.3633e-07,0.045986,0,86.4969,0.15972,0.95472,480.4576,1415.3941
35.8999,10721.103,38.9005,239.9854,9.1539,0.0098555,0.069488,-3.4,90.0043,0.1918,4.4367,5.0177,-15.7987,-28.3946,-0.00014135,-1.2289,-0.086586,3.3648e-07,0.045997,0,86.643,0.15969,0.94398,480.4565,1415.3762
35.9025,10721.103,38.9005,239.9854,9.1539,0.0098555,0.069488,-3.4,90.0043,0.1918,4.4367,5.0177,-15.7987,-28.3946,-0.00014135,-1.2289,-0.086586,3.3648e-07,0.045997,0,86.643,0.15964,0.92332,480.4565,1415.3762
35.9025,10721.103,38.9005,239.9854,9.1539,0.0098555,0.069488,-3.4,90.0043,0.1918,4.4367,5.0177,-15.7987,-28.3946,-0.00014135,-1.2289,-0.086586,3.3648e-07,0.045997,0,86.643,0.15964,0.92332,480.4565,1415.3762
35.9082,10721.4272,38.9007,239.985,9.154,0.0099113,0.041155,-3.9934,90.0059,0.14993,4.4368,5.0274,-16.553,-28.4491,-8.1366e-05,-1.0375,-0.099233,3.3663e-07,0.046008,0,86.7892,0.15966,0.92425,480.4553,1415.3583
35.9115,10721.4272,38.9007,239.985,9.154,0.0099113,0.041155,-3.9934,90.0059,0.14993,4.4368,5.0274,-16.553,-28.4491,-8.1366e-05,-1.0375,-0.099233,3.3663e-07,0.046008,0,86.7892,0.1596,0.90477,480.4553,1415.3583
35.9115,10721.4272,38.9007,239.985,9.154,0.0099113,0.041155,-3.9934,90.0059,0.14993,4.4368,5.0274,-16.553,-28.4491,-8.1366e-05,-1.0375,-0.099233,3.3663e-07,0.046008,0,86.7892,0.1596,0.90477,480.4553,1415.3583
35.9165,10721.7513,38.901,239.9848,9.1541,0.009965,0.0078766,-4.4964,90.0072,0.10193,4.4369,5.0438,-15.5995,-28.9171,-3.9127e-06,0.61118,-0.10861,3.3676e-07,0.046019,0,86.9354,0.15963,0.9013,480.4542,1415.3404
35.9215,10721.7513,38.901,239.9848,9.1541,0.009965,0.0078766,-4.4964,90.0072,0.10193,4.4369,5.0438,-15.5995,-28.9171,-3.9127e-06,0.61118,-0.10861,3.3676e-07,0.046019,0,86.9354,0.15955,0.88313,480.4542,1415.3404
35.9249,10722.0755,38.9013,239.9848,9.1542,0.010002,-0.029593,-4.2129,90.008,0.049406,4.437,5.0679,-1.222,-33.0461,0.00010623,1.5778,-0.11502,3.369e-07,0.046029,0,87.0817,0.15961,0.8767,480.453,1415.3226
35.9332,10722.3997,38.9017,239.985,9.1543,0.010021,-0.064701,-3.4684,90.0084,-0.0062201,4.437,5.0994,7.1492,-35.4815,0.00020286,1.548,-0.1189,3.3704e-07,0.04604,0,87.228,0.15958,0.85121,480.4519,1415.3047
35.9362,10722.3997,38.9017,239.985,9.1543,0.010021,-0.064701,-3.4684,90.0084,-0.0062201,4.437,5.0994,7.1492,-35.4815,0.00020286,1.548,-0.1189,3.3704e-07,0.04604,0,87.228,0.15953,0.85225,480.4519,1415.3047
35.9362,10722.3997,38.9017,239.985,9.1543,0.010021,-0.064701,-3.4684,90.0084,-0.0062201,4.437,5.0994,7.1492,-35.4815,0.00020286,1.548,-0.1189,3.3704e-07,0.04604,0,87.228,0.15953,0.85225,480.4519,1415.3047
35.9415,10722.7239,38.9022,239.9854,9.1544,0.010022,-0.093604,-2.7385,90.0084,-0.063723,4.4371,5.1377,6.6361,-35.4231,0.00027519,1.5181,-0.11972,3.3718e-07,0.046051,0,87.3744,0.15954,0.82516,480.4507,1415.2868
35.9469,10722.7239,38.9022,239.9854,9.1544,0.010022,-0.093604,-2.7385,90.0084,-0.063723,4.4371,5.1377,6.6361,-35.4231,0.00027519,1.5181,-0.11972,3.3718e-07,0.046051,0,87.3744,0.15945,0.83757,480.4507,1415.2868
35.9496,10722.7239,38.9022,239.9854,9.1544,0.010022,-0.093604,-2.7385,90.0084,-0.063723,4.4371,5.1377,6.6361,-35.4231,0.00027519,1.5181,-0.11972,3.3718e-07,0.046051,0,87.3744,0.1594,0.84172,480.4507,1415.2868
35.9496,10722.7239,38.9022,239.9854,9.1544,0.010022,-0.093604,-2.7385,90.0084,-0.063723,4.4371,5.1377,6.6361,-35.4231,0.00027519,1.5181,-0.11972,3.3718e-07,0.046051,0,87.3744,0.1594,0.84172,480.4507,1415.2868
35.9499,10723.0481,38.9027,239.986,9.1544,0.010012,-0.11642,-2.0228,90.0078,-0.12162,4.4371,5.1845,6.3131,-35.3614,0.00032332,1.4867,-0.10952,3.3733e-07,0.046062,0,87.5208,0.15951,0.79866,480.4495,1415.2689
35.9501,10723.0481,38.9027,239.986,9.1544,0.010012,-0.11642,-2.0228,90.0078,-0.12162,4.4371,5.1845,6.3131,-35.3614,0.00032332,1.4867,-0.10952,3.3733e-07,0.046062,0,87.5208,0.15951,0.80012,480.4495,1415.2689
35.9506,10723.0481,38.9027,239.986,9.1544,0.010012,-0.11642,-2.0228,90.0078,-0.12162,4.4371,5.1845,6.3131,-35.3614,0.00032332,1.4867,-0.10952,3.3733e-07,0.046062,0,87.5208,0.1595,0.80293,480.4495,1415.2689
35.9517,10723.0481,38.9027,239.986,9.1544,0.010012,-0.11642,-2.0228,90.0078,-0.12162,4.4371,5.1845,6.3131,-35.3614,0.00032332,1.4867,-0.10952,3.3733e-07,0.046062,0,87.5208,0.15948,0.80812,480.4495,1415.2689
35.9538,10723.0481,38.9027,239.986,9.1544,0.010012,-0.11642,-2.0228,90.0078,-0.12162,4.4371,5.1845,6.3131,-35.3614,0.00032332,1.4867,-0.10952,3.3733e-07,0.046062,0,87.5208,0.15944,0.817,480.4495,1415.2689
35.9582,10723.3722,38.9033,239.9868,9.1545,0.010009,-0.13328,-1.3214,90.0068,-0.17459,4.4372,5.2596,6.6655,-35.2929,0.00034549,1.4538,-0.088538,3.3748e-07,0.046072,0,87.6672,0.1595,0.77178,480.4484,1415.251
35.9665,10723.6964,38.904,239.9879,9.1546,0.010035,-0.14429,-0.63412,90.0054,-0.21741,4.4373,5.3625,7.6778,-35.2178,0.00029777,1.4206,-0.062666,3.3765e-07,0.046083,0,87.3157,0.15953,0.74453,480.4472,1415.2332
35.9749,10724.0206,38.9044,239.9878,9.1547,0.010079,-0.14958,0.039337,90.0035,-0.24772,4.4373,5.2763,8.9933,-35.136,0.00021217,1.3877,-0.03465,3.3783e-07,0.046094,0,86.9644,0.15952,0.80858,480.4461,1415.2153
35.9832,10724.3448,38.9045,239.9872,9.1548,0.010139,-0.14925,0.69923,90.0015,-0.26447,4.4374,5.1983,10.4449,-35.0505,9.7355e-05,1.3554,-0.00651,3.3802e-07,0.046105,0,86.6135,0.15948,0.8811,480.4449,1415.1974
35.9915,10724.669,38.9045,239.9859,9.1549,0.010204,-0.14342,1.3459,89.9993,-0.26762,4.4375,5.1233,11.91,-34.9624,4.8929e-05,1.324,0.020105,3.3822e-07,0.046115,0,86.6009,0.15941,0.95677,480.4438,1415.1795
35.9999,10724.9932,38.9046,239.9852,9.155,0.010301,-0.13221,1.9796,89.9971,-0.2579,4.4376,5.2401,13.2884,-34.8779,2.9925e-05,1.2939,0.044115,3.3844e-07,0.046126,0,86.747,0.15941,0.94561,480.4426,1415.1616
36.0082,10725.3175,38.9049,239.9848,9.1551,0.010431,-0.11571,2.6008,89.9949,-0.23656,4.4377,5.3505,14.5143,-34.7953,4.1042e-05,1.2649,0.064887,3.3867e-07,0.046137,0,86.8932,0.15946,0.92594,480.4415,1415.1438
36.0165,10725.6417,38.9052,239.9845,9.1552,0.01059,-0.094038,3.2097,89.9929,-0.20518,4.4378,5.4527,15.5494,-34.7146,3.4947e-05,1.2373,0.082139,3.3891e-07,0.046148,0,87.0394,0.15954,0.90241,480.4403,1415.1259
36.0241,10725.6417,38.9052,239.9845,9.1552,0.01059,-0.094038,3.2097,89.9929,-0.20518,4.4378,5.4527,15.5494,-34.7146,3.4947e-05,1.2373,0.082139,3.3891e-07,0.046148,0,87.0394,0.15941,0.87761,480.4403,1415.1259
36.0241,10725.6417,38.9052,239.9845,9.1552,0.01059,-0.094038,3.2097,89.9929,-0.20518,4.4378,5.4527,15.5494,-34.7146,3.4947e-05,1.2373,0.082139,3.3891e-07,0.046148,0,87.0394,0.15941,0.87761,480.4403,1415.1259
36.0249,10725.9659,38.9055,239.9845,9.1553,0.010747,-0.06729,3.8068,89.9912,-0.16546,4.4379,5.5463,16.3761,-34.6331,3.4222e-05,1.1535,0.095849,3.3916e-07,0.046158,0,87.1857,0.15965,0.87709,480.4392,1415.108
36.0253,10725.9659,38.9055,239.9845,9.1553,0.010747,-0.06729,3.8068,89.9912,-0.16546,4.4379,5.5463,16.3761,-34.6331,3.4222e-05,1.1535,0.095849,3.3916e-07,0.046158,0,87.1857,0.15964,0.87606,480.4392,1415.108
36.0253,10725.9659,38.9055,239.9845,9.1553,0.010747,-0.06729,3.8068,89.9912,-0.16546,4.4379,5.5463,16.3761,-34.6331,3.4222e-05,1.1535,0.095849,3.3916e-07,0.046158,0,87.1857,0.15964,0.87606,480.4392,1415.108
36.0261,10725.9659,38.9055,239.9845,9.1553,0.010747,-0.06729,3.8068,89.9912,-0.16546,4.4379,5.5463,16.3761,-34.6331,3.4222e-05,1.1535,0.095849,3.3916e-07,0.046158,0,87.1857,0.15962,0.87456,480.4392,1415.108
36.0269,10725.9659,38.9055,239.9845,9.1553,0.010747,-0.06729,3.8068,89.9912,-0.16546,4.4379,5.5463,16.3761,-34.6331,3.4222e-05,1.1535,0.095849,3.3916e-07,0.046158,0,87.1857,0.15961,0.87317,480.4392,1415.108
36.0284,10725.9659,38.9055,239.9845,9.1553,0.010747,-0.06729,3.8068,89.9912,-0.16546,4.4379,5.5463,16.3761,-34.6331,3.4222e-05,1.1535,0.095849,3.3916e-07,0.046158,0,87.1857,0.15958,0.87069,480.4392,1415.108
36.0315,10725.9659,38.9055,239.9845,9.1553,0.010747,-0.06729,3.8068,89.9912,-0.16546,4.4379,5.5463,16.3761,-34.6331,3.4222e-05,1.1535,0.095849,3.3916e-07,0.046158,0,87.1857,0.15953,0.86674,480.4392,1415.108
36.0332,10726.2901,38.9059,239.9847,9.1554,0.010882,-0.035567,4.3649,89.9898,-0.1191,4.438,5.6302,16.4724,-34.4096,4.1877e-05,-0.040071,0.1062,3.3942e-07,0.046169,0,87.332,0.15974,0.85127,480.438,1415.0901
36.0415,10726.6143,38.9064,239.9851,9.1555,0.010976,0.00080669,4.3539,89.9888,-0.067739,4.438,5.7047,6.2836,-31.4232,7.7455e-05,-1.5833,0.11349,3.3968e-07,0.04618,0,87.4784,0.15981,0.82528,480.4368,1415.0722
36.0499,10726.9385,38.907,239.9857,9.1556,0.011021,0.037089,3.6067,89.9883,-0.012851,4.4381,5.7714,-7.2742,-27.5801,0.0001229,-1.5536,0.11809,3.3994e-07,0.046191,0,87.6247,0.15984,0.79899,480.4357,1415.0543
36.0514,10726.9385,38.907,239.9857,9.1556,0.011021,0.037089,3.6067,89.9883,-0.012851,4.4381,5.7714,-7.2742,-27.5801,0.0001229,-1.5536,0.11809,3.3994e-07,0.046191,0,87.6247,0.15981,0.80685,480.4357,1415.0543
36.0514,10726.9385,38.907,239.9857,9.1556,0.011021,0.037089,3.6067,89.9883,-0.012851,4.4381,5.7714,-7.2742,-27.5801,0.0001229,-1.5536,0.11809,3.3994e-07,0.046191,0,87.6247,0.15981,0.80685,480.4357,1415.0543
36.0582,10727.2627,38.9077,239.9866,9.1557,0.01102,0.067145,2.874,89.9882,0.044263,4.4381,5.8318,-6.724,-27.6682,0.00015668,-1.5238,0.12012,3.4021e-07,0.046201,0,87.7695,0.15984,0.7724,480.4345,1415.0365
36.0642,10727.2627,38.9077,239.9866,9.1557,0.01102,0.067145,2.874,89.9882,0.044263,4.4381,5.8318,-6.724,-27.6682,0.00015668,-1.5238,0.12012,3.4021e-07,0.046201,0,87.7695,0.15973,0.80956,480.4345,1415.0365
36.0642,10727.2627,38.9077,239.9866,9.1557,0.01102,0.067145,2.874,89.9882,0.044263,4.4381,5.8318,-6.724,-27.6682,0.00015668,-1.5238,0.12012,3.4021e-07,0.046201,0,87.7695,0.15973,0.80956,480.4345,1415.0365
36.0665,10727.587,38.9084,239.9876,9.1558,0.010985,0.091095,2.1557,89.9885,0.10236,4.4382,5.8863,-6.333,-27.7537,0.00013797,-1.493,0.11372,3.4047e-07,0.046212,0,87.418,0.15982,0.74545,480.4334,1415.0186
36.0689,10727.587,38.9084,239.9876,9.1558,0.010985,0.091095,2.1557,89.9885,0.10236,4.4382,5.8863,-6.333,-27.7537,0.00013797,-1.493,0.11372,3.4047e-07,0.046212,0,87.418,0.15978,0.76813,480.4334,1415.0186
36.0735,10727.587,38.9084,239.9876,9.1558,0.010985,0.091095,2.1557,89.9885,0.10236,4.4382,5.8863,-6.333,-27.7537,0.00013797,-1.493,0.11372,3.4047e-07,0.046212,0,87.418,0.1597,0.80029,480.4334,1415.0186
36.0749,10727.9112,38.9088,239.9876,9.1559,0.010916,0.10906,1.4516,89.9894,0.15736,4.4383,5.7184,-6.4565,-27.8372,9.6739e-05,-1.4603,0.094553,3.4072e-07,0.046223,0,87.0668,0.15971,0.80971,480.4322,1415.0007
36.0815,10727.9112,38.9088,239.9876,9.1559,0.010916,0.10906,1.4516,89.9894,0.15736,4.4383,5.7184,-6.4565,-27.8372,9.6739e-05,-1.4603,0.094553,3.4072e-07,0.046223,0,87.0668,0.15959,0.83133,480.4322,1415.0007
36.0832,10728.2355,38.909,239.9869,9.156,0.010834,0.12116,0.7616,89.9907,0.20309,4.4383,5.5213,-7.3602,-27.9222,3.9658e-05,-1.4272,0.069497,3.4097e-07,0.046234,0,86.7159,0.15954,0.88242,480.4311,1414.9828
36.0915,10728.5597,38.909,239.9856,9.1561,0.010757,0.1275,0.08554,89.9924,0.2367,4.4384,5.3121,-8.6257,-28.0057,5.6273e-05,-1.3941,0.041796,3.412e-07,0.046244,0,86.6795,0.15933,0.95824,480.4299,1414.9649
36.0999,10728.8839,38.9092,239.9849,9.1562,0.010736,0.12821,-0.57689,89.9944,0.25691,4.4385,5.2921,-10.0563,-28.0911,9.7914e-05,-1.3617,0.013476,3.4143e-07,0.046255,0,86.8256,0.15922,0.94719,480.4288,1414.9471
36.1082,10729.2082,38.9094,239.9845,9.1563,0.01079,0.12341,-1.226,89.9965,0.26343,4.4386,5.271,-11.5293,-28.1743,0.00015405,-1.3301,-0.013662,3.4164e-07,0.046266,0,86.9718,0.1592,0.92757,480.4276,1414.9292
36.1165,10729.5324,38.9097,239.9842,9.1564,0.010923,0.11319,-1.8621,89.9987,0.25682,4.4387,5.2531,-12.9353,-28.2535,0.00016824,-1.2997,-0.038409,3.4185e-07,0.046277,0,87.118,0.15927,0.90407,480.4264,1414.9113
36.1249,10729.8567,38.9101,239.9842,9.1565,0.011103,0.097673,-2.4857,90.0009,0.23824,4.4388,5.2418,-14.2008,-28.3249,0.00015127,-1.2705,-0.060035,3.4204e-07,0.046287,0,87.2643,0.1594,0.87876,480.4253,1414.8934
36.1332,10730.1809,38.9106,239.9844,9.1566,0.011299,0.076959,-3.0969,90.0028,0.20921,4.4389,5.2388,-15.2815,-28.3886,0.00010655,-1.2425,-0.078177,3.4223e-07,0.046298,0,87.4106,0.15956,0.85256,480.4241,1414.8755
36.1391,10730.1809,38.9106,239.9844,9.1566,0.011299,0.076959,-3.0969,90.0028,0.20921,4.4389,5.2388,-15.2815,-28.3886,0.00010655,-1.2425,-0.078177,3.4223e-07,0.046298,0,87.4106,0.15946,0.85415,480.4241,1414.8755
36.1391,10730.1809,38.9106,239.9844,9.1566,0.011299,0.076959,-3.0969,90.0028,0.20921,4.4389,5.2388,-15.2815,-28.3886,0.00010655,-1.2425,-0.078177,3.4223e-07,0.046298,0,87.4106,0.15946,0.85415,480.4241,1414.8755
36.1415,10730.5052,38.9111,239.9848,9.1567,0.011476,0.051152,-3.6962,90.0046,0.1714,4.4389,5.2447,-16.1552,-28.4447,5.7504e-05,-1.2158,-0.092758,3.4241e-07,0.046309,0,87.5569,0.15972,0.82586,480.423,1414.8577
36.1439,10730.5052,38.9111,239.9848,9.1567,0.011476,0.051152,-3.6962,90.0046,0.1714,4.4389,5.2447,-16.1552,-28.4447,5.7504e-05,-1.2158,-0.092758,3.4241e-07,0.046309,0,87.5569,0.15968,0.83221,480.423,1414.8577
36.1486,10730.5052,38.9111,239.9848,9.1567,0.011476,0.051152,-3.6962,90.0046,0.1714,4.4389,5.2447,-16.1552,-28.4447,5.7504e-05,-1.2158,-0.092758,3.4241e-07,0.046309,0,87.5569,0.15959,0.84118,480.423,1414.8577
36.1499,10730.8294,38.9117,239.9854,9.1568,0.011611,0.020351,-4.2838,90.006,0.12654,4.439,5.259,-16.817,-28.4947,2.4033e-05,-0.24002,-0.10392,3.4258e-07,0.04632,0,87.7033,0.15985,0.7991,480.4218,1414.8398
36.1559,10730.8294,38.9117,239.9854,9.1568,0.011611,0.020351,-4.2838,90.006,0.12654,4.439,5.259,-16.817,-28.4947,2.4033e-05,-0.24002,-0.10392,3.4258e-07,0.04632,0,87.7033,0.15974,0.8247,480.4218,1414.8398
36.1581,10730.8294,38.9117,239.9854,9.1568,0.011611,0.020351,-4.2838,90.006,0.12654,4.439,5.259,-16.817,-28.4947,2.4033e-05,-0.24002,-0.10392,3.4258e-07,0.04632,0,87.7033,0.1597,0.83085,480.4218,1414.8398
36.1581,10730.8294,38.9117,239.9854,9.1568,0.011611,0.020351,-4.2838,90.006,0.12654,4.439,5.259,-16.817,-28.4947,2.4033e-05,-0.24002,-0.10392,3.4258e-07,0.04632,0,87.7033,0.1597,0.83085,480.4218,1414.8398
36.1582,10731.1537,38.9124,239.9863,9.157,0.011687,-0.015347,-4.4064,90.0071,0.076279,4.4391,5.2806,-8.6541,-30.9266,2.6836e-05,1.4106,-0.11191,3.4275e-07,0.04633,0,87.8102,0.15993,0.77251,480.4207,1414.8219
36.1583,10731.1537,38.9124,239.9863,9.157,0.011687,-0.015347,-4.4064,90.0071,0.076279,4.4391,5.2806,-8.6541,-30.9266,2.6836e-05,1.4106,-0.11191,3.4275e-07,0.04633,0,87.8102,0.15993,0.77325,480.4207,1414.8219
36.1585,10731.1537,38.9124,239.9863,9.157,0.011687,-0.015347,-4.4064,90.0071,0.076279,4.4391,5.2806,-8.6541,-30.9266,2.6836e-05,1.4106,-0.11191,3.4275e-07,0.04633,0,87.8102,0.15993,0.7747,480.4207,1414.8219
36.1588,10731.1537,38.9124,239.9863,9.157,0.011687,-0.015347,-4.4064,90.0071,0.076279,4.4391,5.2806,-8.6541,-30.9266,2.6836e-05,1.4106,-0.11191,3.4275e-07,0.04633,0,87.8102,0.15992,0.77752,480.4207,1414.8219
36.1595,10731.1537,38.9124,239.9863,9.157,0.011687,-0.015347,-4.4064,90.0071,0.076279,4.4391,5.2806,-8.6541,-30.9266,2.6836e-05,1.4106,-0.11191,3.4275e-07,0.04633,0,87.8102,0.15991,0.78288,480.4207,1414.8219
36.161,10731.1537,38.9124,239.9863,9.157,0.011687,-0.015347,-4.4064,90.0071,0.076279,4.4391,5.2806,-8.6541,-30.9266,2.6836e-05,1.4106,-0.11191,3.4275e-07,0.04633,0,87.8102,0.15988,0.79251,480.4207,1414.8219
36.1638,10731.1537,38.9124,239.9863,9.157,0.011687,-0.015347,-4.4064,90.0071,0.076279,4.4391,5.2806,-8.6541,-30.9266,2.6836e-05,1.4106,-0.11191,3.4275e-07,0.04633,0,87.8102,0.15983,0.80809,480.4207,1414.8219
36.1665,10731.478,38.9131,239.9873,9.1571,0.011699,-0.052067,-3.7415,90.0077,0.022155,4.4391,5.3098,5.826,-35.065,1.3576e-05,1.5589,-0.11715,3.4291e-07,0.046341,0,87.4587,0.15997,0.74573,480.4195,1414.804
36.1674,10731.478,38.9131,239.9873,9.1571,0.011699,-0.052067,-3.7415,90.0077,0.022155,4.4391,5.3098,5.826,-35.065,1.3576e-05,1.5589,-0.11715,3.4291e-07,0.046341,0,87.4587,0.15996,0.75522,480.4195,1414.804
36.1674,10731.478,38.9131,239.9873,9.1571,0.011699,-0.052067,-3.7415,90.0077,0.022155,4.4391,5.3098,5.826,-35.065,1.3576e-05,1.5589,-0.11715,3.4291e-07,0.046341,0,87.4587,0.15996,0.75522,480.4195,1414.804
36.1749,10731.8023,38.9136,239.9873,9.1572,0.011636,-0.083246,-3.0062,90.0079,-0.034502,4.4392,5.1458,6.8439,-35.4462,-1.0898e-05,1.5292,-0.11999,3.4308e-07,0.046352,0,87.1075,0.15987,0.80941,480.4184,1414.7861
36.1801,10731.8023,38.9136,239.9873,9.1572,0.011636,-0.083246,-3.0062,90.0079,-0.034502,4.4392,5.1458,6.8439,-35.4462,-1.0898e-05,1.5292,-0.11999,3.4308e-07,0.046352,0,87.1075,0.15978,0.82797,480.4184,1414.7861
36.1801,10731.8023,38.9136,239.9873,9.1572,0.011636,-0.083246,-3.0062,90.0079,-0.034502,4.4392,5.1458,6.8439,-35.4462,-1.0898e-05,1.5292,-0.11999,3.4308e-07,0.046352,0,87.1075,0.15978,0.82797,480.4184,1414.7861
36.1832,10732.1265,38.9138,239.9866,9.1573,0.011508,-0.1083,-2.2853,90.0076,-0.092536,4.4393,4.9885,6.3965,-35.3798,-3.69e-05,1.4987,-0.11566,3.4326e-07,0.046363,0,86.7566,0.15966,0.8823,480.4172,1414.7683
36.1863,10732.1265,38.9138,239.9866,9.1573,0.011508,-0.1083,-2.2853,90.0076,-0.092536,4.4393,4.9885,6.3965,-35.3798,-3.69e-05,1.4987,-0.11566,3.4326e-07,0.046363,0,86.7566,0.15961,0.87511,480.4172,1414.7683
36.1915,10732.4508,38.9138,239.9853,9.1574,0.011337,-0.12734,-1.5786,90.0068,-0.14847,4.4394,4.8517,6.39,-35.3093,2.2288e-05,1.4662,-0.098498,3.4345e-07,0.046373,0,86.6586,0.15938,0.95833,480.416,1414.7504
36.1999,10732.7751,38.9141,239.9846,9.1575,0.011199,-0.1405,-0.88614,90.0056,-0.19611,4.4395,4.9426,7.1683,-35.2375,0.00011677,1.4331,-0.074366,3.4364e-07,0.046384,0,86.8047,0.15916,0.94748,480.4149,1414.7325
36.2082,10733.0994,38.9144,239.9842,9.1576,0.011138,-0.14788,-0.20759,90.004,-0.23208,4.4395,5.0514,8.3758,-35.1644,0.00023063,1.4001,-0.047071,3.4385e-07,0.046395,0,86.9509,0.15903,0.92804,480.4137,1414.7146
36.2165,10733.4237,38.9147,239.9839,9.1577,0.011183,-0.14961,0.45727,90.002,-0.25484,4.4396,5.1686,9.7814,-35.0906,0.00029613,1.3675,-0.018777,3.4406e-07,0.046406,0,87.0971,0.15902,0.90465,480.4126,1414.6967
36.2249,10733.748,38.9151,239.9839,9.1578,0.011318,-0.1458,1.1088,89.9999,-0.26392,4.4397,5.2893,11.2537,-35.0131,0.00031294,1.3358,0.0086535,3.4429e-07,0.046416,0,87.2433,0.15911,0.87941,480.4114,1414.6789
36.2332,10734.0722,38.9156,239.9841,9.1579,0.011519,-0.13656,1.7472,89.9977,-0.25974,4.4398,5.4085,12.6795,-34.9325,0.00027566,1.3052,0.033893,3.4454e-07,0.046427,0,87.3896,0.15928,0.85325,480.4103,1414.661
36.2415,10734.3965,38.9162,239.9845,9.158,0.01175,-0.122,2.373,89.9955,-0.24335,4.4399,5.5231,13.9782,-34.8489,0.0001983,1.2757,0.056131,3.4479e-07,0.046438,0,87.5359,0.1595,0.82658,480.4091,1414.6431
36.2499,10734.7209,38.9168,239.9851,9.1581,0.011976,-0.10223,2.9864,89.9935,-0.2162,4.4399,5.6306,15.1003,-34.7633,9.8509e-05,1.2475,0.074938,3.4506e-07,0.046449,0,87.6823,0.15973,0.79957,480.408,1414.6252
36.2529,10734.7209,38.9168,239.9851,9.1581,0.011976,-0.10223,2.9864,89.9935,-0.2162,4.4399,5.6306,15.1003,-34.7633,9.8509e-05,1.2475,0.074938,3.4506e-07,0.046449,0,87.6823,0.15967,0.81437,480.408,1414.6252
36.2529,10734.7209,38.9168,239.9851,9.1581,0.011976,-0.10223,2.9864,89.9935,-0.2162,4.4399,5.6306,15.1003,-34.7633,9.8509e-05,1.2475,0.074938,3.4506e-07,0.046449,0,87.6823,0.15967,0.81437,480.408,1414.6252
36.2582,10735.0452,38.9175,239.986,9.1582,0.012164,-0.077339,3.5878,89.9917,-0.17995,4.44,5.7298,16.0196,-34.6767,1.3887e-07,1.2206,0.090188,3.4534e-07,0.046459,0,87.8287,0.15993,0.77232,480.4068,1414.6073
36.2635,10735.0452,38.9175,239.986,9.1582,0.012164,-0.077339,3.5878,89.9917,-0.17995,4.44,5.7298,16.0196,-34.6767,1.3887e-07,1.2206,0.090188,3.4534e-07,0.046459,0,87.8287,0.15984,0.80661,480.4068,1414.6073
36.2639,10735.0452,38.9175,239.986,9.1582,0.012164,-0.077339,3.5878,89.9917,-0.17995,4.44,5.7298,16.0196,-34.6767,1.3887e-07,1.2206,0.090188,3.4534e-07,0.046459,0,87.8287,0.15983,0.80876,480.4068,1414.6073
36.2639,10735.0452,38.9175,239.986,9.1582,0.012164,-0.077339,3.5878,89.9917,-0.17995,4.44,5.7298,16.0196,-34.6767,1.3887e-07,1.2206,0.090188,3.4534e-07,0.046459,0,87.8287,0.15983,0.80876,480.4068,1414.6073
36.2665,10735.3695,38.9183,239.987,9.1583,0.012292,-0.047441,4.1776,89.9902,-0.13634,4.4401,5.8198,16.7282,-34.5906,-0.00011268,0.59707,0.10198,3.4563e-07,0.04647,0,87.4773,0.16009,0.74494,480.4057,1414.5895
36.2691,10735.3695,38.9183,239.987,9.1583,0.012292,-0.047441,4.1776,89.9902,-0.13634,4.4401,5.8198,16.7282,-34.5906,-0.00011268,0.59707,0.10198,3.4563e-07,0.04647,0,87.4773,0.16005,0.77005,480.4057,1414.5895
36.2724,10735.3695,38.9183,239.987,9.1583,0.012292,-0.047441,4.1776,89.9902,-0.13634,4.4401,5.8198,16.7282,-34.5906,-0.00011268,0.59707,0.10198,3.4563e-07,0.04647,0,87.4773,0.15999,0.79365,480.4057,1414.5895
36.2724,10735.3695,38.9183,239.987,9.1583,0.012292,-0.047441,4.1776,89.9902,-0.13634,4.4401,5.8198,16.7282,-34.5906,-0.00011268,0.59707,0.10198,3.4563e-07,0.04647,0,87.4773,0.15999,0.79365,480.4057,1414.5895
36.2749,10735.6938,38.9188,239.987,9.1585,0.012331,-0.012628,4.4705,89.9891,-0.087012,4.4401,5.7042,11.8044,-33.0158,-0.00019418,-1.0536,0.11054,3.4592e-07,0.046481,0,87.1261,0.16011,0.80647,480.4045,1414.5716
36.2774,10735.6938,38.9188,239.987,9.1585,0.012331,-0.012628,4.4705,89.9891,-0.087012,4.4401,5.7042,11.8044,-33.0158,-0.00019418,-1.0536,0.11054,3.4592e-07,0.046481,0,87.1261,0.16006,0.81726,480.4045,1414.5716
36.2824,10735.6938,38.9188,239.987,9.1585,0.012331,-0.012628,4.4705,89.9891,-0.087012,4.4401,5.7042,11.8044,-33.0158,-0.00019418,-1.0536,0.11054,3.4592e-07,0.046481,0,87.1261,0.15997,0.83219,480.4045,1414.5716
36.2832,10736.0181,38.919,239.9864,9.1586,0.012271,0.024627,3.976,89.9883,-0.03355,4.4402,5.5753,-2.6477,-28.8922,-0.0002318,-1.5682,0.11629,3.4622e-07,0.046492,0,86.7752,0.15998,0.8793,480.4033,1414.5537
36.2832,10736.0181,38.919,239.9864,9.1586,0.012271,0.024627,3.976,89.9883,-0.03355,4.4402,5.5753,-2.6477,-28.8922,-0.0002318,-1.5682,0.11629,3.4622e-07,0.046492,0,86.7752,0.15998,0.87925,480.4033,1414.5537
36.2832,10736.0181,38.919,239.9864,9.1586,0.012271,0.024627,3.976,89.9883,-0.03355,4.4402,5.5753,-2.6477,-28.8922,-0.0002318,-1.5682,0.11629,3.4622e-07,0.046492,0,86.7752,0.15998,0.87925,480.4033,1414.5537
36.2873,10736.0181,38.919,239.9864,9.1586,0.012271,0.024627,3.976,89.9883,-0.03355,4.4402,5.5753,-2.6477,-28.8922,-0.0002318,-1.5682,0.11629,3.4622e-07,0.046492,0,86.7752,0.15991,0.87123,480.4033,1414.5537
36.2915,10736.3424,38.9191,239.9851,9.1587,0.012124,0.05776,3.2362,89.9881,0.022693,4.4403,5.4413,-6.9667,-27.6152,-0.00016751,-1.5385,0.11957,3.4651e-07,0.046502,0,86.4529,0.15973,0.9555,480.4022,1414.5358
36.2956,10736.3424,38.9191,239.9851,9.1587,0.012124,0.05776,3.2362,89.9881,0.022693,4.4403,5.4413,-6.9667,-27.6152,-0.00016751,-1.5385,0.11957,3.4651e-07,0.046502,0,86.4529,0.15965,0.92202,480.4022,1414.5358
36.2956,10736.3424,38.9191,239.9851,9.1587,0.012124,0.05776,3.2362,89.9881,0.022693,4.4403,5.4413,-6.9667,-27.6152,-0.00016751,-1.5385,0.11957,3.4651e-07,0.046502,0,86.4529,0.15965,0.92202,480.4022,1414.5358
36.2999,10736.6668,38.9194,239.9845,9.1588,0.011949,0.084727,2.5108,89.9883,0.080521,4.4404,5.4967,-6.4979,-27.703,-5.0855e-05,-1.5082,0.11753,3.468e-07,0.046513,0,86.599,0.15949,0.94485,480.401,1414.5179
36.3041,10736.6668,38.9194,239.9845,9.1588,0.011949,0.084727,2.5108,89.9883,0.080521,4.4404,5.4967,-6.4979,-27.703,-5.0855e-05,-1.5082,0.11753,3.468e-07,0.046513,0,86.599,0.15941,0.9144,480.401,1414.5179
36.3082,10736.9911,38.9198,239.984,9.1589,0.011792,0.10565,1.7997,89.9889,0.13736,4.4405,5.539,-6.3553,-27.7934,0.00010101,-1.4762,0.10345,3.4709e-07,0.046524,0,86.7452,0.15927,0.92565,480.3999,1414.5
36.3165,10737.3154,38.9202,239.9838,9.159,0.011701,0.12065,1.1029,89.9901,0.18739,4.4406,5.5516,-6.9476,-27.8886,0.00021905,-1.4432,0.0807,3.4737e-07,0.046535,0,86.8914,0.15914,0.90249,480.3987,1414.4822
36.3249,10737.6398,38.9206,239.9838,9.1591,0.011688,0.12984,0.42003,89.9916,0.22642,4.4406,5.5434,-8.0709,-27.9828,0.00029891,-1.41,0.054029,3.4764e-07,0.046545,0,87.0376,0.1591,0.87743,480.3976,1414.4643
36.3332,10737.9641,38.9212,239.984,9.1592,0.011758,0.13334,-0.24905,89.9935,0.25255,4.4407,5.5264,-9.4368,-28.0733,0.00032519,-1.3773,0.02585,3.479e-07,0.046556,0,87.1839,0.15915,0.85138,480.3964,1414.4464
36.3415,10738.2884,38.9218,239.9844,9.1593,0.011894,0.13126,-0.90467,89.9956,0.26506,4.4408,5.5066,-10.8992,-28.1577,0.00029986,-1.3453,-0.0019146,3.4815e-07,0.046567,0,87.3302,0.15928,0.82477,480.3953,1414.4285
36.3499,10738.6128,38.9224,239.9851,9.1595,0.012073,0.12373,-1.5472,89.9978,0.26413,4.4408,5.4887,-12.341,-28.235,0.00023003,-1.3144,-0.027784,3.4839e-07,0.046578,0,87.4766,0.15947,0.79777,480.3941,1414.4106
36.3582,10738.9372,38.9232,239.9859,9.1596,0.012267,0.11083,-2.1769,90,0.25069,4.4409,5.4761,-13.6726,-28.3046,0.00013007,-1.2846,-0.050826,3.4861e-07,0.046588,0,87.623,0.15969,0.77048,480.3929,1414.3928
36.3665,10739.2615,38.924,239.987,9.1597,0.012447,0.092692,-2.7941,90.0021,0.22611,4.441,5.4712,-14.8371,-28.3668,-2.6569e-05,-1.2561,-0.070522,3.4883e-07,0.046599,0,87.2715,0.15991,0.74295,480.3918,1414.3749
36.3666,10739.2615,38.924,239.987,9.1597,0.012447,0.092692,-2.7941,90.0021,0.22611,4.441,5.4712,-14.8371,-28.3668,-2.6569e-05,-1.2561,-0.070522,3.4883e-07,0.046599,0,87.2715,0.15991,0.74339,480.3918,1414.3749
36.3666,10739.2615,38.924,239.987,9.1597,0.012447,0.092692,-2.7941,90.0021,0.22611,4.441,5.4712,-14.8371,-28.3668,-2.6569e-05,-1.2561,-0.070522,3.4883e-07,0.046599,0,87.2715,0.15991,0.74339,480.3918,1414.3749
36.3749,10739.5859,38.9245,239.987,9.1598,0.012566,0.069408,-3.3993,90.004,0.192,4.4411,5.2726,-15.8031,-28.4195,-0.00018776,-1.2288,-0.086674,3.4904e-07,0.04661,0,86.9204,0.16,0.8068,480.3906,1414.357
36.3775,10739.5859,38.9245,239.987,9.1598,0.012566,0.069408,-3.3993,90.004,0.192,4.4411,5.2726,-15.8031,-28.4195,-0.00018776,-1.2288,-0.086674,3.4904e-07,0.04661,0,86.9204,0.15996,0.81808,480.3906,1414.357
36.3775,10739.5859,38.9245,239.987,9.1598,0.012566,0.069408,-3.3993,90.004,0.192,4.4411,5.2726,-15.8031,-28.4195,-0.00018776,-1.2288,-0.086674,3.4904e-07,0.04661,0,86.9204,0.15996,0.81808,480.3906,1414.357
36.3832,10739.9103,38.9248,239.9864,9.1599,0.0126,0.041081,-3.9926,90.0056,0.15008,4.4411,5.0849,-16.5581,-28.4656,-0.00031565,-1.0389,-0.099328,3.4924e-07,0.046621,0,86.5695,0.15998,0.8792,480.3895,1414.3391
36.3865,10739.9103,38.9248,239.9864,9.1599,0.0126,0.041081,-3.9926,90.0056,0.15008,4.4411,5.0849,-16.5581,-28.4656,-0.00031565,-1.0389,-0.099328,3.4924e-07,0.046621,0,86.5695,0.15992,0.87261,480.3895,1414.3391
36.3865,10739.9103,38.9248,239.9864,9.1599,0.0126,0.041081,-3.9926,90.0056,0.15008,4.4411,5.0849,-16.5581,-28.4656,-0.00031565,-1.0389,-0.099328,3.4924e-07,0.046621,0,86.5695,0.15992,0.87261,480.3895,1414.3391
36.3915,10740.2346,38.9249,239.9851,9.16,0.012541,0.0078088,-4.4963,90.0069,0.10204,4.4412,4.9062,-15.619,-28.919,-0.00031069,0.61073,-0.10871,3.4943e-07,0.046631,0,86.4759,0.15982,0.9554,480.3883,1414.3212
36.3965,10740.2346,38.9249,239.9851,9.16,0.012541,0.0078088,-4.4963,90.0069,0.10204,4.4412,4.9062,-15.619,-28.919,-0.00031069,0.61073,-0.10871,3.4943e-07,0.046631,0,86.4759,0.15973,0.91635,480.3883,1414.3212
36.3999,10740.559,38.9252,239.9844,9.1601,0.012432,-0.029661,-4.2131,90.0077,0.049465,4.4413,4.9301,-1.2323,-33.0463,-0.00020207,1.5776,-0.11512,3.4962e-07,0.046642,0,86.622,0.15965,0.94492,480.3872,1414.3034
36.4082,10740.8834,38.9256,239.984,9.1603,0.012303,-0.06477,-3.4687,90.0081,-0.0062115,4.4414,4.9608,7.1414,-35.4822,-3.704e-05,1.5479,-0.119,3.4982e-07,0.046653,0,86.7681,0.15948,0.92597,480.386,1414.2855
36.4112,10740.8834,38.9256,239.984,9.1603,0.012303,-0.06477,-3.4687,90.0081,-0.0062115,4.4414,4.9608,7.1414,-35.4822,-3.704e-05,1.5479,-0.119,3.4982e-07,0.046653,0,86.7681,0.15943,0.90817,480.386,1414.2855
36.4112,10740.8834,38.9256,239.984,9.1603,0.012303,-0.06477,-3.4687,90.0081,-0.0062115,4.4414,4.9608,7.1414,-35.4822,-3.704e-05,1.5479,-0.119,3.4982e-07,0.046653,0,86.7681,0.15943,0.90817,480.386,1414.2855
36.4165,10741.2078,38.9261,239.9838,9.1604,0.01219,-0.093675,-2.7388,90.0081,-0.063765,4.4415,4.9979,6.6283,-35.4275,0.00010744,1.518,-0.11983,3.5001e-07,0.046664,0,86.9143,0.15933,0.90307,480.3849,1414.2676
36.4219,10741.2078,38.9261,239.9838,9.1604,0.01219,-0.093675,-2.7388,90.0081,-0.063765,4.4415,4.9979,6.6283,-35.4275,0.00010744,1.518,-0.11983,3.5001e-07,0.046664,0,86.9143,0.15924,0.88408,480.3849,1414.2676
36.4246,10741.2078,38.9261,239.9838,9.1604,0.01219,-0.093675,-2.7388,90.0081,-0.063765,4.4415,4.9979,6.6283,-35.4275,0.00010744,1.518,-0.11983,3.5001e-07,0.046664,0,86.9143,0.15919,0.87765,480.3849,1414.2676
36.4246,10741.2078,38.9261,239.9838,9.1604,0.01219,-0.093675,-2.7388,90.0081,-0.063765,4.4415,4.9979,6.6283,-35.4275,0.00010744,1.518,-0.11983,3.5001e-07,0.046664,0,86.9143,0.15919,0.87765,480.3849,1414.2676
36.4249,10741.5321,38.9266,239.9838,9.1605,0.0121,-0.1165,-2.0233,90.0075,-0.12172,4.4415,5.0434,6.305,-35.3697,0.00022804,1.4865,-0.10962,3.5022e-07,0.046674,0,87.0605,0.15922,0.8783,480.3837,1414.2497
36.4251,10741.5321,38.9266,239.9838,9.1605,0.0121,-0.1165,-2.0233,90.0075,-0.12172,4.4415,5.0434,6.305,-35.3697,0.00022804,1.4865,-0.10962,3.5022e-07,0.046674,0,87.0605,0.15922,0.8778,480.3837,1414.2497
36.4256,10741.5321,38.9266,239.9838,9.1605,0.0121,-0.1165,-2.0233,90.0075,-0.12172,4.4415,5.0434,6.305,-35.3697,0.00022804,1.4865,-0.10962,3.5022e-07,0.046674,0,87.0605,0.15921,0.87683,480.3837,1414.2497
36.4265,10741.5321,38.9266,239.9838,9.1605,0.0121,-0.1165,-2.0233,90.0075,-0.12172,4.4415,5.0434,6.305,-35.3697,0.00022804,1.4865,-0.10962,3.5022e-07,0.046674,0,87.0605,0.15919,0.87504,480.3837,1414.2497
36.4285,10741.5321,38.9266,239.9838,9.1605,0.0121,-0.1165,-2.0233,90.0075,-0.12172,4.4415,5.0434,6.305,-35.3697,0.00022804,1.4865,-0.10962,3.5022e-07,0.046674,0,87.0605,0.15916,0.87192,480.3837,1414.2497
36.4323,10741.5321,38.9266,239.9838,9.1605,0.0121,-0.1165,-2.0233,90.0075,-0.12172,4.4415,5.0434,6.305,-35.3697,0.00022804,1.4865,-0.10962,3.5022e-07,0.046674,0,87.0605,0.15909,0.86724,480.3837,1414.2497
36.4332,10741.8565,38.9271,239.984,9.1606,0.012051,-0.13336,-1.322,90.0065,-0.17474,4.4416,5.1172,6.6576,-35.3051,0.00030673,1.4536,-0.088628,3.5043e-07,0.046685,0,87.2068,0.15916,0.85252,480.3825,1414.2318
36.4375,10741.8565,38.9271,239.984,9.1606,0.012051,-0.13336,-1.322,90.0065,-0.17474,4.4416,5.1172,6.6576,-35.3051,0.00030673,1.4536,-0.088628,3.5043e-07,0.046685,0,87.2068,0.15909,0.85416,480.3825,1414.2318
36.4415,10742.1809,38.9278,239.9844,9.1607,0.012058,-0.14438,-0.63473,90.0051,-0.2176,4.4417,5.2191,7.6709,-35.2329,0.00034255,1.4205,-0.062736,3.5065e-07,0.046696,0,87.3531,0.15917,0.82612,480.3814,1414.2139
36.4499,10742.5053,38.9285,239.985,9.1608,0.012123,-0.14967,0.038656,90.0032,-0.24795,4.4417,5.3341,8.9877,-35.156,0.00033377,1.3875,-0.034698,3.5089e-07,0.046707,0,87.4995,0.15926,0.79929,480.3802,1414.1961
36.4582,10742.8297,38.9292,239.9859,9.1609,0.012241,-0.14934,0.69848,90.0012,-0.26473,4.4418,5.4554,10.4408,-35.0752,0.00028237,1.3553,-0.00653,3.5114e-07,0.046717,0,87.6459,0.15941,0.77211,480.3791,1414.1782
36.4665,10743.1541,38.9301,239.9869,9.161,0.012394,-0.14352,1.3451,89.999,-0.26789,4.4419,5.5779,11.9079,-34.9913,0.00015115,1.324,0.020108,3.514e-07,0.046728,0,87.2945,0.15961,0.74464,480.3779,1414.1603
36.4749,10743.4786,38.9306,239.9869,9.1612,0.012541,-0.13231,1.9788,89.9967,-0.25816,4.4419,5.4951,13.288,-34.9025,-1.521e-05,1.2938,0.04414,3.5167e-07,0.046739,0,86.9433,0.15973,0.8085,480.3768,1414.1424
36.4832,10743.803,38.9309,239.9863,9.1613,0.012649,-0.11582,2.5999,89.9946,-0.23681,4.442,5.4082,14.5155,-34.8116,-0.00019212,1.2649,0.064934,3.5195e-07,0.04675,0,86.5925,0.15979,0.88089,480.3756,1414.1245
36.4915,10744.1274,38.9311,239.985,9.1614,0.012697,-0.094158,3.2088,89.9926,-0.20541,4.4421,5.3154,15.5519,-34.7201,-0.00027086,1.2372,0.082199,3.5225e-07,0.046761,0,86.5952,0.15974,0.9565,480.3745,1414.1067
36.499,10744.1274,38.9311,239.985,9.1614,0.012697,-0.094158,3.2088,89.9926,-0.20541,4.4421,5.3154,15.5519,-34.7201,-0.00027086,1.2372,0.082199,3.5225e-07,0.046761,0,86.5952,0.15961,0.90393,480.3745,1414.1067
36.499,10744.1274,38.9311,239.985,9.1614,0.012697,-0.094158,3.2088,89.9926,-0.20541,4.4421,5.3154,15.5519,-34.7201,-0.00027086,1.2372,0.082199,3.5225e-07,0.046761,0,86.5952,0.15961,0.90393,480.3745,1414.1067
36.4999,10744.4518,38.9314,239.9843,9.1615,0.012708,-0.067418,3.8059,89.9909,-0.16565,4.4422,5.4089,16.3795,-34.6344,-0.00027331,1.1534,0.095922,3.5256e-07,0.046771,0,86.7413,0.1597,0.94532,480.3733,1414.0888
36.5003,10744.4518,38.9314,239.9843,9.1615,0.012708,-0.067418,3.8059,89.9909,-0.16565,4.4422,5.4089,16.3795,-34.6344,-0.00027331,1.1534,0.095922,3.5256e-07,0.046771,0,86.7413,0.15969,0.94122,480.3733,1414.0888
36.5003,10744.4518,38.9314,239.9843,9.1615,0.012708,-0.067418,3.8059,89.9909,-0.16565,4.4422,5.4089,16.3795,-34.6344,-0.00027331,1.1534,0.095922,3.5256e-07,0.046771,0,86.7413,0.15969,0.94122,480.3733,1414.0888
36.5012,10744.4518,38.9314,239.9843,9.1615,0.012708,-0.067418,3.8059,89.9909,-0.16565,4.4422,5.4089,16.3795,-34.6344,-0.00027331,1.1534,0.095922,3.5256e-07,0.046771,0,86.7413,0.15968,0.9345,480.3733,1414.0888
36.502,10744.4518,38.9314,239.9843,9.1615,0.012708,-0.067418,3.8059,89.9909,-0.16565,4.4422,5.4089,16.3795,-34.6344,-0.00027331,1.1534,0.095922,3.5256e-07,0.046771,0,86.7413,0.15967,0.92833,480.3733,1414.0888
36.5037,10744.4518,38.9314,239.9843,9.1615,0.012708,-0.067418,3.8059,89.9909,-0.16565,4.4422,5.4089,16.3795,-34.6344,-0.00027331,1.1534,0.095922,3.5256e-07,0.046771,0,86.7413,0.15964,0.91742,480.3733,1414.0888
36.507,10744.4518,38.9314,239.9843,9.1615,0.012708,-0.067418,3.8059,89.9909,-0.16565,4.4422,5.4089,16.3795,-34.6344,-0.00027331,1.1534,0.095922,3.5256e-07,0.046771,0,86.7413,0.15958,0.90036,480.3733,1414.0888
36.5082,10744.7763,38.9318,239.9839,9.1616,0.012697,-0.035702,4.364,89.9895,-0.11926,4.4423,5.492,16.4763,-34.4106,-0.00019741,-0.035692,0.10628,3.5287e-07,0.046782,0,86.8874,0.15965,0.92603,480.3721,1414.0709
36.5142,10744.7763,38.9318,239.9839,9.1616,0.012697,-0.035702,4.364,89.9895,-0.11926,4.4423,5.492,16.4763,-34.4106,-0.00019741,-0.035692,0.10628,3.5287e-07,0.046782,0,86.8874,0.15955,0.89519,480.3721,1414.0709
36.5165,10745.1007,38.9323,239.9837,9.1617,0.012677,0.00066394,4.3551,89.9885,-0.067852,4.4424,5.5653,6.3286,-31.4389,-8.9808e-05,-1.5832,0.11358,3.5319e-07,0.046793,0,87.0336,0.15961,0.90321,480.371,1414.053
36.5249,10745.4251,38.9328,239.9837,9.1619,0.012641,0.036956,3.6079,89.988,-0.012919,4.4424,5.6308,-7.2673,-27.5891,2.8103e-05,-1.5534,0.11819,3.5351e-07,0.046804,0,87.1798,0.15956,0.87865,480.3698,1414.0351
36.5264,10745.4251,38.9328,239.9837,9.1619,0.012641,0.036956,3.6079,89.988,-0.012919,4.4424,5.6308,-7.2673,-27.5891,2.8103e-05,-1.5534,0.11819,3.5351e-07,0.046804,0,87.1798,0.15953,0.87571,480.3698,1414.0351
36.5264,10745.4251,38.9328,239.9837,9.1619,0.012641,0.036956,3.6079,89.988,-0.012919,4.4424,5.6308,-7.2673,-27.5891,2.8103e-05,-1.5534,0.11819,3.5351e-07,0.046804,0,87.1798,0.15953,0.87571,480.3698,1414.0351
36.5332,10745.7496,38.9334,239.9839,9.162,0.012596,0.067022,2.8753,89.9879,0.044242,4.4425,5.6899,-6.7169,-27.6809,0.00011845,-1.5237,0.1202,3.5383e-07,0.046814,0,87.3261,0.15951,0.85315,480.3687,1414.0172
36.5392,10745.7496,38.9334,239.9839,9.162,0.012596,0.067022,2.8753,89.9879,0.044242,4.4425,5.6899,-6.7169,-27.6809,0.00011845,-1.5237,0.1202,3.5383e-07,0.046814,0,87.3261,0.15941,0.85513,480.3687,1414.0172
36.5392,10745.7496,38.9334,239.9839,9.162,0.012596,0.067022,2.8753,89.9879,0.044242,4.4425,5.6899,-6.7169,-27.6809,0.00011845,-1.5237,0.1202,3.5383e-07,0.046814,0,87.3261,0.15941,0.85513,480.3687,1414.0172
36.5415,10746.074,38.9341,239.9843,9.1621,0.012543,0.090984,2.1571,89.9882,0.10238,4.4426,5.7433,-6.3267,-27.7694,0.00018329,-1.4929,0.11384,3.5415e-07,0.046825,0,87.4724,0.15948,0.82704,480.3675,1413.9994
36.5439,10746.074,38.9341,239.9843,9.1621,0.012543,0.090984,2.1571,89.9882,0.10238,4.4426,5.7433,-6.3267,-27.7694,0.00018329,-1.4929,0.11384,3.5415e-07,0.046825,0,87.4724,0.15944,0.83337,480.3675,1413.9994
36.5485,10746.074,38.9341,239.9843,9.1621,0.012543,0.090984,2.1571,89.9882,0.10238,4.4426,5.7433,-6.3267,-27.7694,0.00018329,-1.4929,0.11384,3.5415e-07,0.046825,0,87.4724,0.15936,0.84234,480.3675,1413.9994
36.5499,10746.3985,38.9349,239.9849,9.1622,0.012495,0.10896,1.453,89.9891,0.15743,4.4426,5.7765,-6.4485,-27.8576,0.00021896,-1.4602,0.094666,3.5446e-07,0.046836,0,87.6187,0.15946,0.80049,480.3664,1413.9815
36.5565,10746.3985,38.9349,239.9849,9.1622,0.012495,0.10896,1.453,89.9891,0.15743,4.4426,5.7765,-6.4485,-27.8576,0.00021896,-1.4602,0.094666,3.5446e-07,0.046836,0,87.6187,0.15934,0.82782,480.3664,1413.9815
36.5582,10746.7229,38.9357,239.9857,9.1623,0.012471,0.12107,0.76313,89.9904,0.20322,4.4427,5.7786,-7.3523,-27.9474,0.00022541,-1.4271,0.069597,3.5476e-07,0.046847,0,87.7651,0.15947,0.77355,480.3652,1413.9636
36.5665,10747.0474,38.9366,239.9868,9.1624,0.012483,0.12743,0.087108,89.9921,0.23688,4.4427,5.7668,-8.6188,-28.035,0.00016234,-1.3941,0.041878,3.5505e-07,0.046857,0,87.4137,0.15954,0.74625,480.364,1413.9457
36.5749,10747.3719,38.9371,239.9868,9.1625,0.012513,0.12815,-0.5753,89.9941,0.25713,4.4428,5.5604,-10.0509,-28.1161,5.7507e-05,-1.3617,0.013532,3.5533e-07,0.046868,0,87.0626,0.15957,0.80415,480.3629,1413.9278
36.5832,10747.6963,38.9375,239.9862,9.1627,0.012547,0.12336,-1.2244,89.9962,0.26368,4.4429,5.3418,-11.5256,-28.1909,-7.417e-05,-1.3301,-0.013633,3.556e-07,0.046879,0,86.7118,0.15956,0.87603,480.3617,1413.9099
36.5915,10748.0208,38.9377,239.985,9.1628,0.012571,0.11316,-1.8605,89.9984,0.25708,4.443,5.1286,-12.9333,-28.2594,-0.00013577,-1.2997,-0.038402,3.5587e-07,0.04689,0,86.3613,0.1595,0.95144,480.3606,1413.8921
36.5999,10748.3453,38.9381,239.9844,9.1629,0.012606,0.097651,-2.484,90.0005,0.23851,4.4431,5.1171,-14.2002,-28.3263,-0.00015683,-1.2704,-0.06005,3.5612e-07,0.0469,0,86.5074,0.15949,0.94012,480.3594,1413.8742
36.6082,10748.6698,38.9385,239.984,9.163,0.012655,0.076951,-3.0952,90.0025,0.20947,4.4431,5.1134,-15.2823,-28.3897,-0.00013571,-1.2425,-0.078211,3.5636e-07,0.046911,0,86.6535,0.15951,0.92035,480.3583,1413.8563
36.6141,10748.6698,38.9385,239.984,9.163,0.012655,0.076951,-3.0952,90.0025,0.20947,4.4431,5.1134,-15.2823,-28.3897,-0.00013571,-1.2425,-0.078211,3.5636e-07,0.046911,0,86.6535,0.15941,0.89234,480.3583,1413.8563
36.6141,10748.6698,38.9385,239.984,9.163,0.012655,0.076951,-3.0952,90.0025,0.20947,4.4431,5.1134,-15.2823,-28.3897,-0.00013571,-1.2425,-0.078211,3.5636e-07,0.046911,0,86.6535,0.15941,0.89234,480.3583,1413.8563
36.6165,10748.9943,38.9391,239.9839,9.1631,0.012717,0.051158,-3.6945,90.0043,0.17164,4.4432,5.1181,-16.1571,-28.4494,-0.00011442,-1.2158,-0.09281,3.5659e-07,0.046922,0,86.7997,0.15955,0.89673,480.3571,1413.8384
36.6189,10748.9943,38.9391,239.9839,9.1631,0.012717,0.051158,-3.6945,90.0043,0.17164,4.4432,5.1181,-16.1571,-28.4494,-0.00011442,-1.2158,-0.09281,3.5659e-07,0.046922,0,86.7997,0.15951,0.88839,480.3571,1413.8384
36.6238,10748.9943,38.9391,239.9839,9.1631,0.012717,0.051158,-3.6945,90.0043,0.17164,4.4432,5.1181,-16.1571,-28.4494,-0.00011442,-1.2158,-0.09281,3.5659e-07,0.046922,0,86.7997,0.15943,0.87669,480.3571,1413.8384
36.6249,10749.3188,38.9396,239.9839,9.1632,0.012769,0.020371,-4.2821,90.0057,0.12675,4.4433,5.1311,-16.82,-28.503,-7.6625e-05,-0.24363,-0.10398,3.5682e-07,0.046933,0,86.9459,0.1596,0.87163,480.356,1413.8205
36.6304,10749.3188,38.9396,239.9839,9.1632,0.012769,0.020371,-4.2821,90.0057,0.12675,4.4433,5.1311,-16.82,-28.503,-7.6625e-05,-0.24363,-0.10398,3.5682e-07,0.046933,0,86.9459,0.15951,0.86577,480.356,1413.8205
36.6331,10749.3188,38.9396,239.9839,9.1632,0.012769,0.020371,-4.2821,90.0057,0.12675,4.4433,5.1311,-16.82,-28.503,-7.6625e-05,-0.24363,-0.10398,3.5682e-07,0.046933,0,86.9459,0.15946,0.86388,480.356,1413.8205
36.6331,10749.3188,38.9396,239.9839,9.1632,0.012769,0.020371,-4.2821,90.0057,0.12675,4.4433,5.1311,-16.82,-28.503,-7.6625e-05,-0.24363,-0.10398,3.5682e-07,0.046933,0,86.9459,0.15946,0.86388,480.356,1413.8205
36.6332,10749.6433,38.9403,239.9842,9.1634,0.012797,-0.015314,-4.4065,90.0068,0.076457,4.4433,5.1515,-8.6911,-30.9296,-1.79e-05,1.4079,-0.11199,3.5705e-07,0.046943,0,87.0922,0.15964,0.84607,480.3548,1413.8027
36.6333,10749.6433,38.9403,239.9842,9.1634,0.012797,-0.015314,-4.4065,90.0068,0.076457,4.4433,5.1515,-8.6911,-30.9296,-1.79e-05,1.4079,-0.11199,3.5705e-07,0.046943,0,87.0922,0.15964,0.8462,480.3548,1413.8027
36.6335,10749.6433,38.9403,239.9842,9.1634,0.012797,-0.015314,-4.4065,90.0068,0.076457,4.4433,5.1515,-8.6911,-30.9296,-1.79e-05,1.4079,-0.11199,3.5705e-07,0.046943,0,87.0922,0.15964,0.84645,480.3548,1413.8027
36.634,10749.6433,38.9403,239.9842,9.1634,0.012797,-0.015314,-4.4065,90.0068,0.076457,4.4433,5.1515,-8.6911,-30.9296,-1.79e-05,1.4079,-0.11199,3.5705e-07,0.046943,0,87.0922,0.15963,0.84693,480.3548,1413.8027
36.6348,10749.6433,38.9403,239.9842,9.1634,0.012797,-0.015314,-4.4065,90.0068,0.076457,4.4433,5.1515,-8.6911,-30.9296,-1.79e-05,1.4079,-0.11199,3.5705e-07,0.046943,0,87.0922,0.15962,0.84784,480.3548,1413.8027
36.6366,10749.6433,38.9403,239.9842,9.1634,0.012797,-0.015314,-4.4065,90.0068,0.076457,4.4433,5.1515,-8.6911,-30.9296,-1.79e-05,1.4079,-0.11199,3.5705e-07,0.046943,0,87.0922,0.15959,0.84943,480.3548,1413.8027
36.6401,10749.6433,38.9403,239.9842,9.1634,0.012797,-0.015314,-4.4065,90.0068,0.076457,4.4433,5.1515,-8.6911,-30.9296,-1.79e-05,1.4079,-0.11199,3.5705e-07,0.046943,0,87.0922,0.15953,0.85189,480.3548,1413.8027
36.6415,10749.9678,38.941,239.9846,9.1635,0.012788,-0.052034,-3.7429,90.0074,0.022294,4.4434,5.1797,5.7961,-35.073,5.1858e-05,1.5588,-0.11723,3.5727e-07,0.046954,0,87.2385,0.15966,0.82006,480.3536,1413.7848
36.6424,10749.9678,38.941,239.9846,9.1635,0.012788,-0.052034,-3.7429,90.0074,0.022294,4.4434,5.1797,5.7961,-35.073,5.1858e-05,1.5588,-0.11723,3.5727e-07,0.046954,0,87.2385,0.15965,0.82333,480.3536,1413.7848
36.6424,10749.9678,38.941,239.9846,9.1635,0.012788,-0.052034,-3.7429,90.0074,0.022294,4.4434,5.1797,5.7961,-35.073,5.1858e-05,1.5588,-0.11723,3.5727e-07,0.046954,0,87.2385,0.15965,0.82333,480.3536,1413.7848
36.6499,10750.2923,38.9418,239.9853,9.1636,0.012744,-0.083225,-3.0077,90.0076,-0.034407,4.4434,5.2149,6.8372,-35.4655,0.00010431,1.5291,-0.12009,3.575e-07,0.046965,0,87.3848,0.15966,0.79369,480.3525,1413.7669
36.6551,10750.2923,38.9418,239.9853,9.1636,0.012744,-0.083225,-3.0077,90.0076,-0.034407,4.4434,5.2149,6.8372,-35.4655,0.00010431,1.5291,-0.12009,3.575e-07,0.046965,0,87.3848,0.15957,0.8197,480.3525,1413.7669
36.6551,10750.2923,38.9418,239.9853,9.1636,0.012744,-0.083225,-3.0077,90.0076,-0.034407,4.4434,5.2149,6.8372,-35.4655,0.00010431,1.5291,-0.12009,3.575e-07,0.046965,0,87.3848,0.15957,0.8197,480.3525,1413.7669
36.6582,10750.6168,38.9427,239.9862,9.1637,0.01267,-0.10829,-2.2868,90.0073,-0.092488,4.4435,5.2569,6.3896,-35.4038,0.00014209,1.4986,-0.11578,3.5773e-07,0.046976,0,87.4042,0.15964,0.76697,480.3513,1413.749
36.6613,10750.6168,38.9427,239.9862,9.1637,0.01267,-0.10829,-2.2868,90.0073,-0.092488,4.4435,5.2569,6.3896,-35.4038,0.00014209,1.4986,-0.11578,3.5773e-07,0.046976,0,87.4042,0.15959,0.79066,480.3513,1413.749
36.6665,10750.9413,38.9436,239.9873,9.1638,0.012585,-0.12735,-1.5802,90.0065,-0.14848,4.4435,5.3174,6.382,-35.3376,0.00011938,1.4662,-0.098628,3.5797e-07,0.046986,0,87.0529,0.15962,0.73988,480.3502,1413.7311
36.6749,10751.2659,38.9442,239.9873,9.1639,0.012493,-0.14051,-0.88775,90.0053,-0.19618,4.4436,5.2085,7.1598,-35.2616,6.7281e-05,1.4331,-0.074486,3.5822e-07,0.046997,0,86.7018,0.15953,0.80408,480.349,1413.7132
36.6832,10751.5904,38.9446,239.9867,9.1641,0.012408,-0.14791,-0.20923,90.0037,-0.23221,4.4437,5.1199,8.3681,-35.1801,-6.1329e-06,1.4001,-0.047171,3.5848e-07,0.047008,0,86.3509,0.15941,0.87673,480.3479,1413.6954
36.6915,10751.9149,38.9449,239.9855,9.1642,0.012339,-0.14966,0.45562,90.0017,-0.25502,4.4438,5.042,9.775,-35.0956,-1.2616e-05,1.3675,-0.018856,3.5876e-07,0.047019,0,86.2859,0.15927,0.95251,480.3467,1413.6775
36.6999,10752.2395,38.9453,239.9849,9.1643,0.012327,-0.14586,1.1071,89.9996,-0.26414,4.4438,5.1625,11.2486,-35.0138,3.0175e-06,1.3358,0.0085996,3.5905e-07,0.047029,0,86.4319,0.15922,0.94138,480.3456,1413.6596
36.7082,10752.564,38.9457,239.9845,9.1644,0.01238,-0.13663,1.7455,89.9974,-0.25998,4.4439,5.2811,12.676,-34.933,3.4357e-05,1.3051,0.033864,3.5935e-07,0.04704,0,86.5781,0.15924,0.92171,480.3444,1413.6417
36.7165,10752.8886,38.9463,239.9843,9.1645,0.012496,-0.12209,2.3713,89.9952,-0.2436,4.444,5.3945,13.9762,-34.8531,2.9248e-05,1.2757,0.056127,3.5966e-07,0.047051,0,86.7242,0.15935,0.89815,480.3432,1413.6238
36.7249,10753.2131,38.9469,239.9843,9.1646,0.012641,-0.10233,2.9847,89.9932,-0.21646,4.4441,5.5009,15.0998,-34.7713,1.9147e-06,1.2475,0.074957,3.5998e-07,0.047062,0,86.8704,0.1595,0.87281,480.3421,1413.6059
36.7278,10753.2131,38.9469,239.9843,9.1646,0.012641,-0.10233,2.9847,89.9932,-0.21646,4.4441,5.5009,15.0998,-34.7713,1.9147e-06,1.2475,0.074957,3.5998e-07,0.047062,0,86.8704,0.15944,0.86898,480.3421,1413.6059
36.7278,10753.2131,38.9469,239.9843,9.1646,0.012641,-0.10233,2.9847,89.9932,-0.21646,4.4441,5.5009,15.0998,-34.7713,1.9147e-06,1.2475,0.074957,3.5998e-07,0.047062,0,86.8704,0.15944,0.86898,480.3421,1413.6059
36.7332,10753.5377,38.9476,239.9846,9.1647,0.012783,-0.077453,3.5861,89.9914,-0.1802,4.4441,5.599,16.0205,-34.6886,-4.0018e-05,1.2206,0.090227,3.6032e-07,0.047072,0,87.0167,0.15965,0.84657,480.3409,1413.588
36.7386,10753.5377,38.9476,239.9846,9.1647,0.012783,-0.077453,3.5861,89.9914,-0.1802,4.4441,5.599,16.0205,-34.6886,-4.0018e-05,1.2206,0.090227,3.6032e-07,0.047072,0,87.0167,0.15956,0.85123,480.3409,1413.588
36.7389,10753.5377,38.9476,239.9846,9.1647,0.012783,-0.077453,3.5861,89.9914,-0.1802,4.4441,5.599,16.0205,-34.6886,-4.0018e-05,1.2206,0.090227,3.6032e-07,0.047072,0,87.0167,0.15956,0.85144,480.3409,1413.588
36.7389,10753.5377,38.9476,239.9846,9.1647,0.012783,-0.077453,3.5861,89.9914,-0.1802,4.4441,5.599,16.0205,-34.6886,-4.0018e-05,1.2206,0.090227,3.6032e-07,0.047072,0,87.0167,0.15956,0.85144,480.3409,1413.588
36.7415,10753.8622,38.9483,239.985,9.1649,0.012892,-0.047569,4.1758,89.9899,-0.13656,4.4442,5.688,16.7303,-34.6053,-7.0838e-05,0.60465,0.10204,3.6066e-07,0.047083,0,87.163,0.1598,0.81999,480.3398,1413.5702
36.7442,10753.8622,38.9483,239.985,9.1649,0.012892,-0.047569,4.1758,89.9899,-0.13656,4.4442,5.688,16.7303,-34.6053,-7.0838e-05,0.60465,0.10204,3.6066e-07,0.047083,0,87.163,0.15975,0.82873,480.3398,1413.5702
36.7473,10753.8622,38.9483,239.985,9.1649,0.012892,-0.047569,4.1758,89.9899,-0.13656,4.4442,5.688,16.7303,-34.6053,-7.0838e-05,0.60465,0.10204,3.6066e-07,0.047083,0,87.163,0.1597,0.83651,480.3398,1413.5702
36.7473,10753.8622,38.9483,239.985,9.1649,0.012892,-0.047569,4.1758,89.9899,-0.13656,4.4442,5.688,16.7303,-34.6053,-7.0838e-05,0.60465,0.10204,3.6066e-07,0.047083,0,87.163,0.1597,0.83651,480.3398,1413.5702
36.7499,10754.1868,38.9491,239.9857,9.165,0.012951,-0.012771,4.4724,89.9888,-0.087213,4.4442,5.7669,11.8769,-33.0542,-7.6008e-05,-1.0469,0.11061,3.6101e-07,0.047094,0,87.3093,0.1599,0.79362,480.3386,1413.5523
36.7524,10754.1868,38.9491,239.9857,9.165,0.012951,-0.012771,4.4724,89.9888,-0.087213,4.4442,5.7669,11.8769,-33.0542,-7.6008e-05,-1.0469,0.11061,3.6101e-07,0.047094,0,87.3093,0.15986,0.80792,480.3386,1413.5523
36.7575,10754.1868,38.9491,239.9857,9.165,0.012951,-0.012771,4.4724,89.9888,-0.087213,4.4442,5.7669,11.8769,-33.0542,-7.6008e-05,-1.0469,0.11061,3.6101e-07,0.047094,0,87.3093,0.15977,0.82761,480.3386,1413.5523
36.7582,10754.5114,38.95,239.9866,9.1651,0.012948,0.024499,3.9811,89.988,-0.033714,4.4443,5.8374,-2.5825,-28.9329,-5.0155e-05,-1.5683,0.11637,3.6136e-07,0.047105,0,87.3991,0.15996,0.76704,480.3375,1413.5344
36.7582,10754.5114,38.95,239.9866,9.1651,0.012948,0.024499,3.9811,89.988,-0.033714,4.4443,5.8374,-2.5825,-28.9329,-5.0155e-05,-1.5683,0.11637,3.6136e-07,0.047105,0,87.3991,0.15996,0.76717,480.3375,1413.5344
36.7582,10754.5114,38.95,239.9866,9.1651,0.012948,0.024499,3.9811,89.988,-0.033714,4.4443,5.8374,-2.5825,-28.9329,-5.0155e-05,-1.5683,0.11637,3.6136e-07,0.047105,0,87.3991,0.15996,0.76717,480.3375,1413.5344
36.7617,10754.5114,38.95,239.9866,9.1651,0.012948,0.024499,3.9811,89.988,-0.033714,4.4443,5.8374,-2.5825,-28.9329,-5.0155e-05,-1.5683,0.11637,3.6136e-07,0.047105,0,87.3991,0.1599,0.7936,480.3375,1413.5344
36.7652,10754.5114,38.95,239.9866,9.1651,0.012948,0.024499,3.9811,89.988,-0.033714,4.4443,5.8374,-2.5825,-28.9329,-5.0155e-05,-1.5683,0.11637,3.6136e-07,0.047105,0,87.3991,0.15984,0.81224,480.3375,1413.5344
36.7665,10754.836,38.951,239.9877,9.1652,0.012888,0.057675,3.2412,89.9877,0.022571,4.4443,5.9009,-6.9618,-27.6432,-6.6808e-05,-1.5386,0.11966,3.6171e-07,0.047115,0,87.0478,0.15998,0.74021,480.3363,1413.5165
36.7706,10754.836,38.951,239.9877,9.1652,0.012888,0.057675,3.2412,89.9877,0.022571,4.4443,5.9009,-6.9618,-27.6432,-6.6808e-05,-1.5386,0.11966,3.6171e-07,0.047115,0,87.0478,0.15991,0.77928,480.3363,1413.5165
36.7706,10754.836,38.951,239.9877,9.1652,0.012888,0.057675,3.2412,89.9877,0.022571,4.4443,5.9009,-6.9618,-27.6432,-6.6808e-05,-1.5386,0.11966,3.6171e-07,0.047115,0,87.0478,0.15991,0.77928,480.3363,1413.5165
36.7749,10755.1606,38.9517,239.9877,9.1653,0.012761,0.084685,2.5159,89.9879,0.080445,4.4444,5.7565,-6.4928,-27.7266,-9.6006e-05,-1.5083,0.11766,3.6206e-07,0.047126,0,86.6967,0.15986,0.80471,480.3351,1413.4986
36.7791,10755.1606,38.9517,239.9877,9.1653,0.012761,0.084685,2.5159,89.9879,0.080445,4.4444,5.7565,-6.4928,-27.7266,-9.6006e-05,-1.5083,0.11766,3.6206e-07,0.047126,0,86.6967,0.15979,0.82252,480.3351,1413.4986
36.7832,10755.4852,38.9521,239.9871,9.1655,0.012583,0.10565,1.8048,89.9886,0.13735,4.4445,5.6014,-6.3477,-27.8086,-0.00013061,-1.4763,0.10363,3.6241e-07,0.047137,0,86.3459,0.15966,0.87762,480.334,1413.4807
36.7915,10755.8098,38.9524,239.9859,9.1656,0.01238,0.12069,1.1079,89.9898,0.18747,4.4445,5.4189,-6.9373,-27.893,-8.3909e-05,-1.4433,0.080909,3.6274e-07,0.047148,0,86.33,0.15939,0.95361,480.3328,1413.4629
36.7999,10756.1344,38.9528,239.9852,9.1657,0.012223,0.12992,0.42498,89.9913,0.22661,4.4446,5.4106,-8.059,-27.9831,-4.7148e-06,-1.4102,0.054217,3.6307e-07,0.047158,0,86.4761,0.1592,0.94268,480.3317,1413.445
36.8082,10756.459,38.9533,239.9848,9.1658,0.012146,0.13346,-0.24414,89.9932,0.25283,4.4447,5.3928,-9.4262,-28.0734,9.0579e-05,-1.3774,0.026012,3.6338e-07,0.047169,0,86.6222,0.15911,0.92314,480.3305,1413.4271
36.8165,10756.7836,38.9539,239.9846,9.1659,0.01217,0.13143,-0.8998,89.9953,0.26541,4.4447,5.3717,-10.89,-28.1615,0.00013778,-1.3454,-0.0017829,3.6369e-07,0.04718,0,86.7683,0.15913,0.89966,480.3294,1413.4092
36.8249,10757.1082,38.9545,239.9847,9.166,0.012272,0.12393,-1.5423,89.9975,0.26455,4.4448,5.3525,-12.3338,-28.2426,0.00014059,-1.3145,-0.027687,3.6398e-07,0.047191,0,86.9145,0.15924,0.87436,480.3282,1413.3913
36.8332,10757.4328,38.9552,239.9849,9.1661,0.012423,0.11108,-2.1721,89.9997,0.25115,4.4449,5.3386,-13.6675,-28.316,9.7174e-05,-1.2847,-0.050765,3.6427e-07,0.047202,0,87.0608,0.15941,0.84815,480.3271,1413.3734
36.8415,10757.7575,38.956,239.9854,9.1662,0.012587,0.092977,-2.7894,90.0018,0.2266,4.4449,5.3325,-14.8342,-28.3812,2.3971e-05,-1.2561,-0.070495,3.6454e-07,0.047212,0,87.2071,0.15961,0.82143,480.3259,1413.3555
36.8499,10758.0821,38.9568,239.986,9.1664,0.012731,0.069733,-3.3946,90.0037,0.19251,4.445,5.335,-15.8022,-28.4387,-6.0558e-05,-1.2289,-0.086677,3.648e-07,0.047223,0,87.3534,0.15981,0.79438,480.3247,1413.3377
36.8524,10758.0821,38.9568,239.986,9.1664,0.012731,0.069733,-3.3946,90.0037,0.19251,4.445,5.335,-15.8022,-28.4387,-6.0558e-05,-1.2289,-0.086677,3.648e-07,0.047223,0,87.3534,0.15976,0.80858,480.3247,1413.3377
36.8524,10758.0821,38.9568,239.986,9.1664,0.012731,0.069733,-3.3946,90.0037,0.19251,4.445,5.335,-15.8022,-28.4387,-6.0558e-05,-1.2289,-0.086677,3.648e-07,0.047223,0,87.3534,0.15976,0.80858,480.3247,1413.3377
36.8582,10758.4067,38.9577,239.9869,9.1665,0.012825,0.041445,-3.988,90.0053,0.15058,4.445,5.3465,-16.5593,-28.4895,-0.00012528,-1.0459,-0.09936,3.6506e-07,0.047234,0,87.4997,0.15997,0.76708,480.3236,1413.3198
36.8614,10758.4067,38.9577,239.9869,9.1665,0.012825,0.041445,-3.988,90.0053,0.15058,4.445,5.3465,-16.5593,-28.4895,-0.00012528,-1.0459,-0.09936,3.6506e-07,0.047234,0,87.4997,0.15991,0.79207,480.3236,1413.3198
36.8614,10758.4067,38.9577,239.9869,9.1665,0.012825,0.041445,-3.988,90.0053,0.15058,4.445,5.3465,-16.5593,-28.4895,-0.00012528,-1.0459,-0.09936,3.6506e-07,0.047234,0,87.4997,0.15991,0.79207,480.3236,1413.3198
36.8665,10758.7314,38.9587,239.988,9.1666,0.012859,0.0082118,-4.495,90.0066,0.10253,4.4451,5.3652,-15.6845,-28.9296,-0.00020339,0.60049,-0.10877,3.6531e-07,0.047245,0,87.1484,0.16008,0.74013,480.3224,1413.3019
36.8716,10758.7314,38.9587,239.988,9.1666,0.012859,0.0082118,-4.495,90.0066,0.10253,4.4451,5.3652,-15.6845,-28.9296,-0.00020339,0.60049,-0.10877,3.6531e-07,0.047245,0,87.1484,0.16,0.78642,480.3224,1413.3019
36.8749,10759.0561,38.9594,239.9881,9.1667,0.012801,-0.029247,-4.2167,90.0074,0.04992,4.4451,5.1892,-1.3289,-33.0442,-0.00024221,1.5777,-0.11519,3.6556e-07,0.047255,0,86.7974,0.16005,0.8047,480.3213,1413.284
36.8832,10759.3807,38.9599,239.9874,9.1668,0.012654,-0.064386,-3.4723,90.0078,-0.005795,4.4452,5.0225,7.1368,-35.4974,-0.00026499,1.5479,-0.11909,3.6581e-07,0.047266,0,86.4466,0.15988,0.87779,480.3201,1413.2661
36.8862,10759.3807,38.9599,239.9874,9.1668,0.012654,-0.064386,-3.4723,90.0078,-0.005795,4.4452,5.0225,7.1368,-35.4974,-0.00026499,1.5479,-0.11909,3.6581e-07,0.047266,0,86.4466,0.15983,0.87238,480.3201,1413.2661
36.8862,10759.3807,38.9599,239.9874,9.1668,0.012654,-0.064386,-3.4723,90.0078,-0.005795,4.4452,5.0225,7.1368,-35.4974,-0.00026499,1.5479,-0.11909,3.6581e-07,0.047266,0,86.4466,0.15983,0.87238,480.3201,1413.2661
36.8915,10759.7054,38.9602,239.9862,9.1669,0.012432,-0.093321,-2.7424,90.0078,-0.063393,4.4453,4.8645,6.6231,-35.4319,-0.00019283,1.518,-0.11997,3.6606e-07,0.047277,0,86.3288,0.1596,0.95405,480.319,1413.2482
36.8969,10759.7054,38.9602,239.9862,9.1669,0.012432,-0.093321,-2.7424,90.0078,-0.063393,4.4453,4.8645,6.6231,-35.4319,-0.00019283,1.518,-0.11997,3.6606e-07,0.047277,0,86.3288,0.15951,0.91393,480.319,1413.2482
36.8996,10759.7054,38.9602,239.9862,9.1669,0.012432,-0.093321,-2.7424,90.0078,-0.063393,4.4453,4.8645,6.6231,-35.4319,-0.00019283,1.518,-0.11997,3.6606e-07,0.047277,0,86.3288,0.15946,0.90054,480.319,1413.2482
36.8996,10759.7054,38.9602,239.9862,9.1669,0.012432,-0.093321,-2.7424,90.0078,-0.063393,4.4453,4.8645,6.6231,-35.4319,-0.00019283,1.518,-0.11997,3.6606e-07,0.047277,0,86.3288,0.15946,0.90054,480.319,1413.2482
36.8999,10760.03,38.9607,239.9856,9.1671,0.012199,-0.11617,-2.0269,90.0073,-0.12141,4.4453,4.9096,6.2969,-35.3698,-7.3525e-05,1.4866,-0.10983,3.6632e-07,0.047288,0,86.4749,0.15934,0.94338,480.3178,1413.2303
36.9001,10760.03,38.9607,239.9856,9.1671,0.012199,-0.11617,-2.0269,90.0073,-0.12141,4.4453,4.9096,6.2969,-35.3698,-7.3525e-05,1.4866,-0.10983,3.6632e-07,0.047288,0,86.4749,0.15934,0.94116,480.3178,1413.2303
36.9006,10760.03,38.9607,239.9856,9.1671,0.012199,-0.11617,-2.0269,90.0073,-0.12141,4.4453,4.9096,6.2969,-35.3698,-7.3525e-05,1.4866,-0.10983,3.6632e-07,0.047288,0,86.4749,0.15933,0.93688,480.3178,1413.2303
36.9017,10760.03,38.9607,239.9856,9.1671,0.012199,-0.11617,-2.0269,90.0073,-0.12141,4.4453,4.9096,6.2969,-35.3698,-7.3525e-05,1.4866,-0.10983,3.6632e-07,0.047288,0,86.4749,0.15931,0.92898,480.3178,1413.2303
36.9038,10760.03,38.9607,239.9856,9.1671,0.012199,-0.11617,-2.0269,90.0073,-0.12141,4.4453,4.9096,6.2969,-35.3698,-7.3525e-05,1.4866,-0.10983,3.6632e-07,0.047288,0,86.4749,0.15928,0.91546,480.3178,1413.2303
36.9082,10760.3547,38.9612,239.9851,9.1672,0.012007,-0.13307,-1.3255,90.0062,-0.17453,4.4454,4.9826,6.6454,-35.3049,7.3902e-05,1.4537,-0.088853,3.6659e-07,0.047298,0,86.621,0.15914,0.9241,480.3166,1413.2124
36.9165,10760.6794,38.9618,239.9849,9.1673,0.011902,-0.14411,-0.63831,90.0048,-0.21751,4.4454,5.0831,7.6574,-35.2364,0.00018224,1.4205,-0.062956,3.6687e-07,0.047309,0,86.7671,0.15904,0.90086,480.3155,1413.1946
36.9249,10761.0041,38.9625,239.985,9.1674,0.011891,-0.14943,0.035083,90.003,-0.24795,4.4455,5.1969,8.9745,-35.1633,0.00024633,1.3876,-0.0349,3.6716e-07,0.04732,0,86.9133,0.15904,0.87572,480.3143,1413.1767
36.9332,10761.3288,38.9632,239.9852,9.1675,0.011966,-0.14914,0.69492,90.0009,-0.26483,4.4455,5.317,10.4288,-35.0863,0.00025189,1.3553,-0.0067075,3.6747e-07,0.047331,0,87.0595,0.15914,0.84961,480.3132,1413.1588
36.9415,10761.6535,38.964,239.9856,9.1676,0.012105,-0.14335,1.3415,89.9987,-0.26808,4.4456,5.4385,11.8973,-35.0053,0.0002046,1.324,0.019968,3.6778e-07,0.047341,0,87.2058,0.15932,0.82295,480.312,1413.1409
36.9499,10761.9782,38.9648,239.9863,9.1677,0.012276,-0.13217,1.9752,89.9965,-0.25842,4.4456,5.5569,13.2796,-34.9213,0.00011542,1.2939,0.044038,3.6811e-07,0.047352,0,87.3521,0.15955,0.79594,480.3109,1413.123
36.9582,10762.3029,38.9658,239.9872,9.1678,0.012447,-0.11571,2.5964,89.9943,-0.23712,4.4457,5.6694,14.5096,-34.8351,2.2462e-06,1.2649,0.064869,3.6845e-07,0.047363,0,87.4985,0.15979,0.76865,480.3097,1413.1051
36.9665,10762.6276,38.9668,239.9883,9.168,0.012587,-0.094071,3.2053,89.9923,-0.20575,4.4457,5.7741,15.5485,-34.7477,-0.00015904,1.2373,0.082173,3.6881e-07,0.047374,0,87.1472,0.16002,0.74112,480.3085,1413.0872
36.9739,10762.6276,38.9668,239.9883,9.168,0.012587,-0.094071,3.2053,89.9923,-0.20575,4.4457,5.7741,15.5485,-34.7477,-0.00015904,1.2373,0.082173,3.6881e-07,0.047374,0,87.1472,0.1599,0.8014,480.3085,1413.0872
36.9739,10762.6276,38.9668,239.9883,9.168,0.012587,-0.094071,3.2053,89.9923,-0.20575,4.4457,5.7741,15.5485,-34.7477,-0.00015904,1.2373,0.082173,3.6881e-07,0.047374,0,87.1472,0.1599,0.8014,480.3085,1413.0872
36.9749,10762.9523,38.9675,239.9883,9.1681,0.012652,-0.06736,3.8024,89.9906,-0.166,4.4458,5.6679,16.3786,-34.6577,-0.00030872,1.1566,0.095928,3.6917e-07,0.047384,0,86.7961,0.16011,0.80496,480.3074,1413.0694
36.9753,10762.9523,38.9675,239.9883,9.1681,0.012652,-0.06736,3.8024,89.9906,-0.166,4.4458,5.6679,16.3786,-34.6577,-0.00030872,1.1566,0.095928,3.6917e-07,0.047384,0,86.7961,0.1601,0.80708,480.3074,1413.0694
36.9753,10762.9523,38.9675,239.9883,9.1681,0.012652,-0.06736,3.8024,89.9906,-0.166,4.4458,5.6679,16.3786,-34.6577,-0.00030872,1.1566,0.095928,3.6917e-07,0.047384,0,86.7961,0.1601,0.80708,480.3074,1413.0694
36.9762,10762.9523,38.9675,239.9883,9.1681,0.012652,-0.06736,3.8024,89.9906,-0.166,4.4458,5.6679,16.3786,-34.6577,-0.00030872,1.1566,0.095928,3.6917e-07,0.047384,0,86.7961,0.16008,0.81156,480.3074,1413.0694
36.9772,10762.9523,38.9675,239.9883,9.1681,0.012652,-0.06736,3.8024,89.9906,-0.166,4.4458,5.6679,16.3786,-34.6577,-0.00030872,1.1566,0.095928,3.6917e-07,0.047384,0,86.7961,0.16007,0.81563,480.3074,1413.0694
36.9791,10762.9523,38.9675,239.9883,9.1681,0.012652,-0.06736,3.8024,89.9906,-0.166,4.4458,5.6679,16.3786,-34.6577,-0.00030872,1.1566,0.095928,3.6917e-07,0.047384,0,86.7961,0.16004,0.8227,480.3074,1413.0694
36.9832,10763.277,38.968,239.9877,9.1682,0.012624,-0.035674,4.362,89.9892,-0.1196,4.4459,5.5537,16.5057,-34.4332,-0.00042074,-0.022332,0.10631,3.6954e-07,0.047395,0,86.4454,0.16006,0.87772,480.3062,1413.0515
36.9915,10763.6018,38.9683,239.9864,9.1683,0.012497,0.00067663,4.3596,89.9882,-0.068183,4.4459,5.432,6.452,-31.4759,-0.00038563,-1.5832,0.11363,3.6991e-07,0.047406,0,86.347,0.15988,0.95402,480.3051,1413.0336
36.9999,10763.9265,38.9688,239.9858,9.1684,0.012321,0.037006,3.6124,89.9877,-0.013224,4.446,5.4974,-7.2644,-27.5883,-0.00026895,-1.5535,0.11826,3.7029e-07,0.047417,0,86.4931,0.15969,0.94356,480.3039,1413.0157
37.0013,10763.9265,38.9688,239.9858,9.1684,0.012321,0.037006,3.6124,89.9877,-0.013224,4.446,5.4974,-7.2644,-27.5883,-0.00026895,-1.5535,0.11826,3.7029e-07,0.047417,0,86.4931,0.15967,0.93172,480.3039,1413.0157
37.0013,10763.9265,38.9688,239.9858,9.1684,0.012321,0.037006,3.6124,89.9877,-0.013224,4.446,5.4974,-7.2644,-27.5883,-0.00026895,-1.5535,0.11826,3.7029e-07,0.047417,0,86.4931,0.15967,0.93172,480.3039,1413.0157
37.0082,10764.2513,38.9694,239.9854,9.1685,0.012133,0.06711,2.8798,89.9876,0.043972,4.446,5.5558,-6.713,-27.6799,-0.00010987,-1.5238,0.12031,3.7067e-07,0.047427,0,86.6392,0.15951,0.92455,480.3028,1412.9978
37.0142,10764.2513,38.9694,239.9854,9.1685,0.012133,0.06711,2.8798,89.9876,0.043972,4.446,5.5558,-6.713,-27.6799,-0.00010987,-1.5238,0.12031,3.7067e-07,0.047427,0,86.6392,0.15941,0.89469,480.3028,1412.9978
37.0142,10764.2513,38.9694,239.9854,9.1685,0.012133,0.06711,2.8798,89.9876,0.043972,4.446,5.5558,-6.713,-27.6799,-0.00010987,-1.5238,0.12031,3.7067e-07,0.047427,0,86.6392,0.15941,0.89469,480.3028,1412.9978
37.0165,10764.576,38.97,239.9852,9.1686,0.011971,0.091108,2.1615,89.9879,0.10216,4.4461,5.608,-6.3201,-27.772,2.7499e-05,-1.493,0.11403,3.7104e-07,0.047438,0,86.7853,0.15935,0.90159,480.3016,1412.9799
37.0189,10764.576,38.97,239.9852,9.1686,0.011971,0.091108,2.1615,89.9879,0.10216,4.4461,5.608,-6.3201,-27.772,2.7499e-05,-1.493,0.11403,3.7104e-07,0.047438,0,86.7853,0.15932,0.89247,480.3016,1412.9799
37.0236,10764.576,38.97,239.9852,9.1686,0.011971,0.091108,2.1615,89.9879,0.10216,4.4461,5.608,-6.3201,-27.772,2.7499e-05,-1.493,0.11403,3.7104e-07,0.047438,0,86.7853,0.15924,0.8796,480.3016,1412.9799
37.0249,10764.9008,38.9707,239.9852,9.1688,0.011849,0.10912,1.4575,89.9888,0.15731,4.4461,5.6402,-6.4373,-27.8639,0.00013604,-1.4603,0.094879,3.714e-07,0.047449,0,86.9315,0.15925,0.87673,480.3004,1412.962
37.0311,10764.9008,38.9707,239.9852,9.1688,0.011849,0.10912,1.4575,89.9888,0.15731,4.4461,5.6402,-6.4373,-27.8639,0.00013604,-1.4603,0.094879,3.714e-07,0.047449,0,86.9315,0.15915,0.86818,480.3004,1412.962
37.0332,10765.2255,38.9714,239.9854,9.1689,0.011785,0.12127,0.76754,89.9901,0.2032,4.4462,5.6411,-7.3397,-27.9575,0.00019943,-1.4272,0.06981,3.7176e-07,0.04746,0,87.0777,0.15923,0.85086,480.2993,1412.9441
37.0415,10765.5503,38.9723,239.9858,9.169,0.011784,0.12766,0.0915,89.9918,0.23696,4.4462,5.6282,-8.6062,-28.048,0.00021739,-1.3942,0.042076,3.7211e-07,0.04747,0,87.224,0.15927,0.82438,480.2981,1412.9262
37.0499,10765.875,38.9731,239.9865,9.1691,0.011839,0.12842,-0.57092,89.9938,0.25731,4.4463,5.6095,-10.0392,-28.1337,0.0001891,-1.3617,0.013705,3.7245e-07,0.047481,0,87.3703,0.15939,0.79748,480.297,1412.9084
37.0582,10766.1998,38.9741,239.9874,9.1692,0.011937,0.12367,-1.22,89.9959,0.26394,4.4463,5.5902,-11.5156,-28.2131,0.00012121,-1.3302,-0.013492,3.7278e-07,0.047492,0,87.5166,0.15956,0.77025,480.2958,1412.8905
37.0665,10766.5246,38.9751,239.9884,9.1693,0.012053,0.1135,-1.8562,89.9981,0.25742,4.4463,5.5745,-12.9254,-28.2856,-1.9552e-05,-1.2998,-0.038299,3.7309e-07,0.047503,0,87.1653,0.15977,0.74275,480.2947,1412.8726
37.0749,10766.8494,38.9758,239.9885,9.1694,0.012144,0.098031,-2.4798,90.0003,0.23889,4.4464,5.3631,-14.1949,-28.3483,-0.00018524,-1.2706,-0.059984,3.734e-07,0.047513,0,86.8143,0.15989,0.80658,480.2935,1412.8547
37.0832,10767.1742,38.9763,239.9878,9.1695,0.012179,0.077367,-3.091,90.0022,0.20988,4.4464,5.1619,-15.2793,-28.4034,-0.00034954,-1.2426,-0.07818,3.737e-07,0.047524,0,86.4636,0.15991,0.87893,480.2923,1412.8368
37.089,10767.1742,38.9763,239.9878,9.1695,0.012179,0.077367,-3.091,90.0022,0.20988,4.4464,5.1619,-15.2793,-28.4034,-0.00034954,-1.2426,-0.07818,3.737e-07,0.047524,0,86.4636,0.15981,0.86929,480.2923,1412.8368
37.089,10767.1742,38.9763,239.9878,9.1695,0.012179,0.077367,-3.091,90.0022,0.20988,4.4464,5.1619,-15.2793,-28.4034,-0.00034954,-1.2426,-0.07818,3.737e-07,0.047524,0,86.4636,0.15981,0.86929,480.2923,1412.8368
37.0915,10767.499,38.9767,239.9866,9.1696,0.012139,0.051608,-3.6903,90.004,0.17207,4.4465,4.9714,-16.1563,-28.4523,-0.00039913,-1.2159,-0.092807,3.7399e-07,0.047535,0,86.4603,0.15982,0.95449,480.2912,1412.8189
37.094,10767.499,38.9767,239.9866,9.1696,0.012139,0.051608,-3.6903,90.004,0.17207,4.4465,4.9714,-16.1563,-28.4523,-0.00039913,-1.2159,-0.092807,3.7399e-07,0.047535,0,86.4603,0.15978,0.93306,480.2912,1412.8189
37.099,10767.499,38.9767,239.9866,9.1696,0.012139,0.051608,-3.6903,90.004,0.17207,4.4465,4.9714,-16.1563,-28.4523,-0.00039913,-1.2159,-0.092807,3.7399e-07,0.047535,0,86.4603,0.1597,0.90339,480.2912,1412.8189
37.0999,10767.8238,38.9772,239.986,9.1698,0.012056,0.020856,-4.2781,90.0054,0.12718,4.4466,4.9841,-16.8208,-28.5018,-0.00036183,-0.25405,-0.104,3.7427e-07,0.047546,0,86.6063,0.15973,0.94355,480.29,1412.801
37.1039,10767.8238,38.9772,239.986,9.1698,0.012056,0.020856,-4.2781,90.0054,0.12718,4.4466,4.9841,-16.8208,-28.5018,-0.00036183,-0.25405,-0.104,3.7427e-07,0.047546,0,86.6063,0.15966,0.91483,480.29,1412.801
37.108,10767.8238,38.9772,239.986,9.1698,0.012056,0.020856,-4.2781,90.0054,0.12718,4.4466,4.9841,-16.8208,-28.5018,-0.00036183,-0.25405,-0.104,3.7427e-07,0.047546,0,86.6063,0.15959,0.89591,480.29,1412.801
37.108,10767.8238,38.9772,239.986,9.1698,0.012056,0.020856,-4.2781,90.0054,0.12718,4.4466,4.9841,-16.8208,-28.5018,-0.00036183,-0.25405,-0.104,3.7427e-07,0.047546,0,86.6063,0.15959,0.89591,480.29,1412.801
37.1082,10768.1486,38.9778,239.9855,9.1699,0.011948,-0.014795,-4.4074,90.0065,0.076875,4.4466,5.0036,-8.7871,-30.9022,-0.00023429,1.3984,-0.11203,3.7455e-07,0.047557,0,86.7524,0.15962,0.92455,480.2889,1412.7831
37.1084,10768.1486,38.9778,239.9855,9.1699,0.011948,-0.014795,-4.4074,90.0065,0.076875,4.4466,5.0036,-8.7871,-30.9022,-0.00023429,1.3984,-0.11203,3.7455e-07,0.047557,0,86.7524,0.15962,0.92337,480.2889,1412.7831
37.1087,10768.1486,38.9778,239.9855,9.1699,0.011948,-0.014795,-4.4074,90.0065,0.076875,4.4466,5.0036,-8.7871,-30.9022,-0.00023429,1.3984,-0.11203,3.7455e-07,0.047557,0,86.7524,0.15962,0.92106,480.2889,1412.7831
37.1094,10768.1486,38.9778,239.9855,9.1699,0.011948,-0.014795,-4.4074,90.0065,0.076875,4.4466,5.0036,-8.7871,-30.9022,-0.00023429,1.3984,-0.11203,3.7455e-07,0.047557,0,86.7524,0.1596,0.91669,480.2889,1412.7831
37.1109,10768.1486,38.9778,239.9855,9.1699,0.011948,-0.014795,-4.4074,90.0065,0.076875,4.4466,5.0036,-8.7871,-30.9022,-0.00023429,1.3984,-0.11203,3.7455e-07,0.047557,0,86.7524,0.15958,0.90885,480.2889,1412.7831
37.1138,10768.1486,38.9778,239.9855,9.1699,0.011948,-0.014795,-4.4074,90.0065,0.076875,4.4466,5.0036,-8.7871,-30.9022,-0.00023429,1.3984,-0.11203,3.7455e-07,0.047557,0,86.7524,0.15953,0.89618,480.2889,1412.7831
37.1165,10768.4734,38.9784,239.9853,9.17,0.011837,-0.051523,-3.7483,90.0071,0.022691,4.4467,5.0304,5.7078,-35.0515,-9.2079e-05,1.5588,-0.11729,3.7483e-07,0.047567,0,86.8985,0.15953,0.90175,480.2877,1412.7652
37.1174,10768.4734,38.9784,239.9853,9.17,0.011837,-0.051523,-3.7483,90.0071,0.022691,4.4467,5.0304,5.7078,-35.0515,-9.2079e-05,1.5588,-0.11729,3.7483e-07,0.047567,0,86.8985,0.15951,0.89802,480.2877,1412.7652
37.1174,10768.4734,38.9784,239.9853,9.17,0.011837,-0.051523,-3.7483,90.0071,0.022691,4.4467,5.0304,5.7078,-35.0515,-9.2079e-05,1.5588,-0.11729,3.7483e-07,0.047567,0,86.8985,0.15951,0.89802,480.2877,1412.7652
37.1249,10768.7983,38.9792,239.9853,9.1701,0.011724,-0.082758,-3.0131,90.0073,-0.034038,4.4467,5.0643,6.8342,-35.4716,3.3025e-05,1.5292,-0.12016,3.7511e-07,0.047578,0,87.0447,0.15944,0.87713,480.2866,1412.7473
37.1301,10768.7983,38.9792,239.9853,9.1701,0.011724,-0.082758,-3.0131,90.0073,-0.034038,4.4467,5.0643,6.8342,-35.4716,3.3025e-05,1.5292,-0.12016,3.7511e-07,0.047578,0,87.0447,0.15936,0.86951,480.2866,1412.7473
37.1301,10768.7983,38.9792,239.9853,9.1701,0.011724,-0.082758,-3.0131,90.0073,-0.034038,4.4467,5.0643,6.8342,-35.4716,3.3025e-05,1.5292,-0.12016,3.7511e-07,0.047578,0,87.0447,0.15936,0.86951,480.2866,1412.7473
37.1332,10769.1231,38.9799,239.9856,9.1702,0.011617,-0.10787,-2.2922,90.007,-0.092155,4.4467,5.1049,6.3858,-35.4137,0.00012744,1.4987,-0.11591,3.754e-07,0.047589,0,87.1909,0.15938,0.85153,480.2854,1412.7295
37.1363,10769.1231,38.9799,239.9856,9.1702,0.011617,-0.10787,-2.2922,90.007,-0.092155,4.4467,5.1049,6.3858,-35.4137,0.00012744,1.4987,-0.11591,3.754e-07,0.047589,0,87.1909,0.15933,0.85335,480.2854,1412.7295
37.1415,10769.4479,38.9808,239.986,9.1703,0.011525,-0.12697,-1.5856,90.0063,-0.14822,4.4468,5.1641,6.3744,-35.3504,0.00018844,1.4663,-0.098833,3.757e-07,0.0476,0,87.3371,0.15934,0.82532,480.2842,1412.7116
37.1499,10769.7728,38.9817,239.9866,9.1704,0.011466,-0.14018,-0.89309,90.005,-0.19602,4.4468,5.2563,7.148,-35.2791,0.00021344,1.4332,-0.074715,3.7601e-07,0.04761,0,87.4834,0.15935,0.79865,480.2831,1412.6937
37.1582,10770.0976,38.9827,239.9875,9.1705,0.011451,-0.14762,-0.21453,90.0034,-0.23215,4.4468,5.367,8.3549,-35.2024,0.00020384,1.4002,-0.0474,3.7632e-07,0.047621,0,87.6297,0.15942,0.77161,480.2819,1412.6758
37.1665,10770.4225,38.9837,239.9886,9.1706,0.011482,-0.14941,0.45036,90.0015,-0.25508,4.4469,5.4866,9.7619,-35.122,0.00011502,1.3677,-0.019068,3.7665e-07,0.047632,0,87.2785,0.15954,0.74423,480.2808,1412.6579
37.1749,10770.7474,38.9844,239.9886,9.1707,0.01153,-0.14566,1.1019,89.9993,-0.2643,4.4469,5.4074,11.2368,-35.0358,-1.6228e-05,1.3359,0.0084164,3.77e-07,0.047643,0,86.9275,0.15962,0.80811,480.2796,1412.64
37.1832,10771.0722,38.985,239.9879,9.1708,0.011574,-0.13648,1.7404,89.9971,-0.26023,4.447,5.3287,12.666,-34.9466,-0.00017245,1.3053,0.033717,3.7735e-07,0.047653,0,86.5768,0.15965,0.88049,480.2785,1412.6221
37.1915,10771.3971,38.9853,239.9867,9.1709,0.011591,-0.12197,2.3662,89.995,-0.24392,4.447,5.2471,13.9684,-34.8559,-0.0002497,1.2758,0.056014,3.7772e-07,0.047664,0,86.5677,0.15962,0.95606,480.2773,1412.6042
37.1999,10771.722,38.9858,239.986,9.171,0.011602,-0.10225,2.9797,89.9929,-0.21683,4.4471,5.3533,15.094,-34.7698,-0.00027829,1.2476,0.074879,3.781e-07,0.047675,0,86.7138,0.15963,0.94489,480.2761,1412.5863
37.2027,10771.722,38.9858,239.986,9.171,0.011602,-0.10225,2.9797,89.9929,-0.21683,4.4471,5.3533,15.094,-34.7698,-0.00027829,1.2476,0.074879,3.781e-07,0.047675,0,86.7138,0.15958,0.92343,480.2761,1412.5863
37.2027,10771.722,38.9858,239.986,9.171,0.011602,-0.10225,2.9797,89.9929,-0.21683,4.4471,5.3533,15.094,-34.7698,-0.00027829,1.2476,0.074879,3.781e-07,0.047675,0,86.7138,0.15958,0.92343,480.2761,1412.5863
37.2082,10772.0469,38.9864,239.9856,9.1712,0.011611,-0.077424,3.5812,89.9911,-0.18061,4.4472,5.4507,16.0168,-34.6868,-0.00025167,1.2207,0.090182,3.7849e-07,0.047686,0,86.8598,0.15964,0.9252,480.275,1412.5684
37.2137,10772.0469,38.9864,239.9856,9.1712,0.011611,-0.077424,3.5812,89.9911,-0.18061,4.4472,5.4507,16.0168,-34.6868,-0.00025167,1.2207,0.090182,3.7849e-07,0.047686,0,86.8598,0.15955,0.89705,480.275,1412.5684
37.2138,10772.0469,38.9864,239.9856,9.1712,0.011611,-0.077424,3.5812,89.9911,-0.18061,4.4472,5.4507,16.0168,-34.6868,-0.00025167,1.2207,0.090182,3.7849e-07,0.047686,0,86.8598,0.15955,0.89674,480.275,1412.5684
37.2138,10772.0469,38.9864,239.9856,9.1712,0.011611,-0.077424,3.5812,89.9911,-0.18061,4.4472,5.4507,16.0168,-34.6868,-0.00025167,1.2207,0.090182,3.7849e-07,0.047686,0,86.8598,0.15955,0.89674,480.275,1412.5684
37.2165,10772.3717,38.9871,239.9854,9.1713,0.011619,-0.047581,4.171,89.9896,-0.13699,4.4472,5.5385,16.7286,-34.607,-0.00021015,0.62013,0.10202,3.7889e-07,0.047696,0,87.0059,0.15967,0.90181,480.2738,1412.5505
37.2193,10772.3717,38.9871,239.9854,9.1713,0.011619,-0.047581,4.171,89.9896,-0.13699,4.4472,5.5385,16.7286,-34.607,-0.00021015,0.62013,0.10202,3.7889e-07,0.047696,0,87.0059,0.15963,0.8914,480.2738,1412.5505
37.2222,10772.3717,38.9871,239.9854,9.1713,0.011619,-0.047581,4.171,89.9896,-0.13699,4.4472,5.5385,16.7286,-34.607,-0.00021015,0.62013,0.10202,3.7889e-07,0.047696,0,87.0059,0.15958,0.88308,480.2738,1412.5505
37.2222,10772.3717,38.9871,239.9854,9.1713,0.011619,-0.047581,4.171,89.9896,-0.13699,4.4472,5.5385,16.7286,-34.607,-0.00021015,0.62013,0.10202,3.7889e-07,0.047696,0,87.0059,0.15958,0.88308,480.2738,1412.5505
37.2249,10772.6966,38.9879,239.9854,9.1714,0.011612,-0.012823,4.4749,89.9885,-0.08765,4.4472,5.6162,12.0163,-33.0979,-0.00014286,-1.0321,0.11062,3.7929e-07,0.047707,0,87.1521,0.1597,0.8772,480.2727,1412.5327
37.2275,10772.6966,38.9879,239.9854,9.1714,0.011612,-0.012823,4.4749,89.9885,-0.08765,4.4472,5.6162,12.0163,-33.0979,-0.00014286,-1.0321,0.11062,3.7929e-07,0.047707,0,87.1521,0.15966,0.87291,480.2727,1412.5327
37.2332,10773.0215,38.9887,239.9856,9.1715,0.011577,0.024468,3.9907,89.9878,-0.034145,4.4473,5.6855,-2.447,-28.9786,-6.0144e-05,-1.5685,0.11641,3.797e-07,0.047718,0,87.2983,0.15971,0.85175,480.2715,1412.5148
37.2415,10773.3464,38.9895,239.9861,9.1716,0.011512,0.057724,3.2508,89.9875,0.022156,4.4473,5.7479,-6.9616,-27.6542,7.3107e-06,-1.5388,0.11971,3.8011e-07,0.047729,0,87.4445,0.15971,0.8258,480.2704,1412.4969
37.2456,10773.3464,38.9895,239.9861,9.1716,0.011512,0.057724,3.2508,89.9875,0.022156,4.4473,5.7479,-6.9616,-27.6542,7.3107e-06,-1.5388,0.11971,3.8011e-07,0.047729,0,87.4445,0.15964,0.83671,480.2704,1412.4969
37.2456,10773.3464,38.9895,239.9861,9.1716,0.011512,0.057724,3.2508,89.9875,0.022156,4.4473,5.7479,-6.9616,-27.6542,7.3107e-06,-1.5388,0.11971,3.8011e-07,0.047729,0,87.4445,0.15964,0.83671,480.2704,1412.4969
37.2499,10773.6714,38.9905,239.9867,9.1717,0.011421,0.084813,2.5253,89.9877,0.080057,4.4473,5.8047,-6.4915,-27.7423,5.5536e-05,-1.5085,0.11781,3.8051e-07,0.047739,0,87.5908,0.15969,0.79943,480.2692,1412.479
37.2541,10773.6714,38.9905,239.9867,9.1717,0.011421,0.084813,2.5253,89.9877,0.080057,4.4473,5.8047,-6.4915,-27.7423,5.5536e-05,-1.5085,0.11781,3.8051e-07,0.047739,0,87.5908,0.15962,0.81983,480.2692,1412.479
37.2582,10773.9963,38.9915,239.9875,9.1718,0.011314,0.10586,1.8141,89.9883,0.13704,4.4473,5.8492,-6.3406,-27.8289,8.5041e-05,-1.4766,0.10392,3.8091e-07,0.04775,0,87.7371,0.15967,0.77267,480.268,1412.4611
37.2665,10774.3212,38.9926,239.9886,9.1719,0.011214,0.12097,1.1171,89.9895,0.1873,4.4473,5.8645,-6.922,-27.9173,4.961e-05,-1.4436,0.081213,3.813e-07,0.047761,0,87.3859,0.15967,0.74555,480.2669,1412.4432
37.2749,10774.6462,38.9933,239.9886,9.172,0.01112,0.13028,0.43408,89.991,0.22658,4.4474,5.6566,-8.0429,-28.0029,-1.7917e-05,-1.4105,0.054537,3.8168e-07,0.047772,0,87.035,0.15961,0.8096,480.2657,1412.4253
37.2832,10774.9711,38.9938,239.988,9.1721,0.011036,0.1339,-0.23517,89.9929,0.25295,4.4474,5.4415,-9.4092,-28.0847,-0.00011003,-1.3777,0.026321,3.8205e-07,0.047782,0,86.6843,0.15953,0.88209,480.2646,1412.4074
37.2915,10775.2961,38.9942,239.9867,9.1722,0.010963,0.13194,-0.89096,89.995,0.26568,4.4475,5.2253,-10.8738,-28.162,-0.00013489,-1.3457,-0.0015031,3.8241e-07,0.047793,0,86.672,0.15941,0.95773,480.2634,1412.3895
37.2999,10775.621,38.9947,239.986,9.1723,0.010934,0.12452,-1.5336,89.9972,0.26496,4.4475,5.2057,-12.3192,-28.2389,-0.00013332,-1.3148,-0.027446,3.8276e-07,0.047804,0,86.8181,0.15938,0.94659,480.2623,1412.3716
37.3082,10775.946,38.9954,239.9856,9.1724,0.010955,0.11174,-2.1635,89.9994,0.25168,4.4476,5.1909,-13.6551,-28.3122,-0.00010818,-1.285,-0.050567,3.831e-07,0.047815,0,86.9641,0.15941,0.92694,480.2611,1412.3537
37.3165,10776.2709,38.996,239.9854,9.1725,0.011021,0.093708,-2.7809,90.0015,0.22722,4.4476,5.1834,-14.8245,-28.3809,-0.00010921,-1.2564,-0.070345,3.8343e-07,0.047825,0,87.1102,0.15949,0.90343,480.2599,1412.3358
37.3249,10776.5959,38.9968,239.9854,9.1726,0.011101,0.070534,-3.3862,90.0034,0.1932,4.4477,5.1845,-15.7953,-28.4422,-0.00012142,-1.2291,-0.086573,3.8375e-07,0.047836,0,87.2564,0.15961,0.87813,480.2588,1412.3179
37.3273,10776.5959,38.9968,239.9854,9.1726,0.011101,0.070534,-3.3862,90.0034,0.1932,4.4477,5.1845,-15.7953,-28.4422,-0.00012142,-1.2291,-0.086573,3.8375e-07,0.047836,0,87.2564,0.15957,0.87402,480.2588,1412.3179
37.3273,10776.5959,38.9968,239.9854,9.1726,0.011101,0.070534,-3.3862,90.0034,0.1932,4.4477,5.1845,-15.7953,-28.4422,-0.00012142,-1.2291,-0.086573,3.8375e-07,0.047836,0,87.2564,0.15957,0.87402,480.2588,1412.3179
37.3332,10776.9209,38.9976,239.9856,9.1727,0.011167,0.042315,-3.9798,90.005,0.15133,4.4477,5.1946,-16.5551,-28.4968,-0.00013002,-1.0505,-0.099298,3.8406e-07,0.047847,0,87.4026,0.15973,0.85193,480.2576,1412.3
37.3363,10776.9209,38.9976,239.9856,9.1727,0.011167,0.042315,-3.9798,90.005,0.15133,4.4477,5.1946,-16.5551,-28.4968,-0.00013002,-1.0505,-0.099298,3.8406e-07,0.047847,0,87.4026,0.15968,0.85381,480.2576,1412.3
37.3363,10776.9209,38.9976,239.9856,9.1727,0.011167,0.042315,-3.9798,90.005,0.15133,4.4477,5.1946,-16.5551,-28.4968,-0.00013002,-1.0505,-0.099298,3.8406e-07,0.047847,0,87.4026,0.15968,0.85381,480.2576,1412.3
37.3415,10777.2459,38.9985,239.9861,9.1728,0.011199,0.0091509,-4.489,90.0063,0.1033,4.4477,5.212,-15.7223,-28.9289,-0.00012497,0.57933,-0.10874,3.8437e-07,0.047858,0,87.5488,0.15982,0.82585,480.2565,1412.2822
37.3467,10777.2459,38.9985,239.9861,9.1728,0.011199,0.0091509,-4.489,90.0063,0.1033,4.4477,5.212,-15.7223,-28.9289,-0.00012497,0.57933,-0.10874,3.8437e-07,0.047858,0,87.5488,0.15974,0.83914,480.2565,1412.2822
37.3499,10777.5708,38.9994,239.9867,9.1729,0.01118,-0.028257,-4.2208,90.0072,0.050709,4.4478,5.2372,-1.5193,-33.0066,-8.7225e-05,1.5776,-0.1152,3.8467e-07,0.047869,0,87.6951,0.15988,0.79957,480.2553,1412.2643
37.3582,10777.8958,39.0005,239.9875,9.173,0.011109,-0.06343,-3.4764,90.0076,-0.0050112,4.4478,5.2697,7.1361,-35.5172,-4.6342e-05,1.5479,-0.11912,3.8497e-07,0.047879,0,87.8097,0.1599,0.77304,480.2542,1412.2464
37.3611,10777.8958,39.0005,239.9875,9.173,0.011109,-0.06343,-3.4764,90.0076,-0.0050112,4.4478,5.2697,7.1361,-35.5172,-4.6342e-05,1.5479,-0.11912,3.8497e-07,0.047879,0,87.8097,0.15986,0.7946,480.2542,1412.2464
37.3611,10777.8958,39.0005,239.9875,9.173,0.011109,-0.06343,-3.4764,90.0076,-0.0050112,4.4478,5.2697,7.1361,-35.5172,-4.6342e-05,1.5479,-0.11912,3.8497e-07,0.047879,0,87.8097,0.15986,0.7946,480.2542,1412.2464
37.3665,10778.2208,39.0016,239.9886,9.1731,0.010992,-0.0924,-2.7465,90.0075,-0.062627,4.4478,5.309,6.621,-35.4558,-5.671e-05,1.5181,-0.12005,3.8528e-07,0.04789,0,87.4585,0.15989,0.74622,480.253,1412.2285
37.3719,10778.2208,39.0016,239.9886,9.1731,0.010992,-0.0924,-2.7465,90.0075,-0.062627,4.4478,5.309,6.621,-35.4558,-5.671e-05,1.5181,-0.12005,3.8528e-07,0.04789,0,87.4585,0.15981,0.79272,480.253,1412.2285
37.3745,10778.2208,39.0016,239.9886,9.1731,0.010992,-0.0924,-2.7465,90.0075,-0.062627,4.4478,5.309,6.621,-35.4558,-5.671e-05,1.5181,-0.12005,3.8528e-07,0.04789,0,87.4585,0.15977,0.8075,480.253,1412.2285
37.3745,10778.2208,39.0016,239.9886,9.1731,0.010992,-0.0924,-2.7465,90.0075,-0.062627,4.4478,5.309,6.621,-35.4558,-5.671e-05,1.5181,-0.12005,3.8528e-07,0.04789,0,87.4585,0.15977,0.8075,480.253,1412.2285
37.3749,10778.5459,39.0023,239.9886,9.1732,0.010825,-0.11529,-2.031,90.007,-0.12069,4.4478,5.1543,6.2923,-35.3893,-8.4429e-05,1.4867,-0.11004,3.856e-07,0.047901,0,87.1076,0.15977,0.81054,480.2518,1412.2106
37.3752,10778.5459,39.0023,239.9886,9.1732,0.010825,-0.11529,-2.031,90.007,-0.12069,4.4478,5.1543,6.2923,-35.3893,-8.4429e-05,1.4867,-0.11004,3.856e-07,0.047901,0,87.1076,0.15976,0.81208,480.2518,1412.2106
37.3758,10778.5459,39.0023,239.9886,9.1732,0.010825,-0.11529,-2.031,90.007,-0.12069,4.4478,5.1543,6.2923,-35.3893,-8.4429e-05,1.4867,-0.11004,3.856e-07,0.047901,0,87.1076,0.15975,0.81499,480.2518,1412.2106
37.3772,10778.5459,39.0023,239.9886,9.1732,0.010825,-0.11529,-2.031,90.007,-0.12069,4.4478,5.1543,6.2923,-35.3893,-8.4429e-05,1.4867,-0.11004,3.856e-07,0.047901,0,87.1076,0.15973,0.82028,480.2518,1412.2106
37.3798,10778.5459,39.0023,239.9886,9.1732,0.010825,-0.11529,-2.031,90.007,-0.12069,4.4478,5.1543,6.2923,-35.3893,-8.4429e-05,1.4867,-0.11004,3.856e-07,0.047901,0,87.1076,0.15969,0.82897,480.2518,1412.2106
37.3832,10778.8709,39.0029,239.9879,9.1733,0.010628,-0.13221,-1.3296,90.006,-0.17391,4.4478,5.0297,6.6327,-35.3161,-0.00012461,1.4538,-0.089122,3.8592e-07,0.047912,0,86.7569,0.15957,0.88326,480.2507,1412.1927
37.3915,10779.1959,39.0033,239.9866,9.1734,0.010429,-0.14329,-0.64235,90.0046,-0.21702,4.4479,4.9351,7.6416,-35.2368,-8.838e-05,1.4206,-0.063243,3.8625e-07,0.047922,0,86.738,0.15934,0.95908,480.2495,1412.1748
37.3999,10779.5209,39.0038,239.986,9.1735,0.010289,-0.14865,0.031067,90.0028,-0.2476,4.4479,5.0485,8.9575,-35.1594,-2.5332e-05,1.3877,-0.035185,3.866e-07,0.047933,0,86.884,0.1592,0.9481,480.2484,1412.1569
37.4082,10779.846,39.0044,239.9856,9.1736,0.010234,-0.14839,0.69093,90.0007,-0.26462,4.448,5.1679,10.4118,-35.0821,4.9249e-05,1.3554,-0.0069736,3.8696e-07,0.047944,0,87.03,0.15915,0.92855,480.2472,1412.139
37.4165,10780.171,39.0051,239.9853,9.1737,0.010276,-0.14263,1.3376,89.9985,-0.26799,4.448,5.288,11.8815,-35.0047,7.4834e-05,1.3241,0.019734,3.8733e-07,0.047955,0,87.1761,0.15922,0.90509,480.246,1412.1211
37.4249,10780.4961,39.0059,239.9853,9.1738,0.010385,-0.13148,1.9713,89.9963,-0.25845,4.448,5.4052,13.2658,-34.9244,5.8869e-05,1.2939,0.043842,3.8771e-07,0.047965,0,87.3223,0.15936,0.87983,480.2449,1412.1032
37.4332,10780.8211,39.0067,239.9855,9.1739,0.010528,-0.11506,2.5925,89.9941,-0.23724,4.4481,5.5165,14.498,-34.842,2.974e-06,1.265,0.064714,3.881e-07,0.047976,0,87.4684,0.15956,0.85367,480.2437,1412.0853
37.4415,10781.1462,39.0076,239.986,9.174,0.010668,-0.093451,3.2015,89.9921,-0.20594,4.4481,5.6201,15.5394,-34.7575,-7.4083e-05,1.2373,0.082058,3.8851e-07,0.047987,0,87.6147,0.15976,0.82701,480.2426,1412.0674
37.4488,10781.1462,39.0076,239.986,9.174,0.010668,-0.093451,3.2015,89.9921,-0.20594,4.4481,5.6201,15.5394,-34.7575,-7.4083e-05,1.2373,0.082058,3.8851e-07,0.047987,0,87.6147,0.15965,0.84358,480.2426,1412.0674
37.4488,10781.1462,39.0076,239.986,9.174,0.010668,-0.093451,3.2015,89.9921,-0.20594,4.4481,5.6201,15.5394,-34.7575,-7.4083e-05,1.2373,0.082058,3.8851e-07,0.047987,0,87.6147,0.15965,0.84358,480.2426,1412.0674
37.4499,10781.4712,39.0085,239.9866,9.1741,0.010773,-0.066773,3.7986,89.9904,-0.16626,4.4481,5.7152,16.3719,-34.6722,-0.00014639,1.1592,0.095853,3.8893e-07,0.047998,0,87.7609,0.15995,0.80002,480.2414,1412.0495
37.4502,10781.4712,39.0085,239.9866,9.1741,0.010773,-0.066773,3.7986,89.9904,-0.16626,4.4481,5.7152,16.3719,-34.6722,-0.00014639,1.1592,0.095853,3.8893e-07,0.047998,0,87.7609,0.15994,0.80211,480.2414,1412.0495
37.4502,10781.4712,39.0085,239.9866,9.1741,0.010773,-0.066773,3.7986,89.9904,-0.16626,4.4481,5.7152,16.3719,-34.6722,-0.00014639,1.1592,0.095853,3.8893e-07,0.047998,0,87.7609,0.15994,0.80211,480.2414,1412.0495
37.4513,10781.4712,39.0085,239.9866,9.1741,0.010773,-0.066773,3.7986,89.9904,-0.16626,4.4481,5.7152,16.3719,-34.6722,-0.00014639,1.1592,0.095853,3.8893e-07,0.047998,0,87.7609,0.15992,0.80772,480.2414,1412.0495
37.4523,10781.4712,39.0085,239.9866,9.1741,0.010773,-0.066773,3.7986,89.9904,-0.16626,4.4481,5.7152,16.3719,-34.6722,-0.00014639,1.1592,0.095853,3.8893e-07,0.047998,0,87.7609,0.15991,0.81277,480.2414,1412.0495
37.4544,10781.4712,39.0085,239.9866,9.1741,0.010773,-0.066773,3.7986,89.9904,-0.16626,4.4481,5.7152,16.3719,-34.6722,-0.00014639,1.1592,0.095853,3.8893e-07,0.047998,0,87.7609,0.15987,0.82143,480.2414,1412.0495
37.4582,10781.7963,39.0096,239.9874,9.1742,0.010822,-0.035118,4.3594,89.989,-0.11989,4.4481,5.8004,16.5241,-34.4586,-0.00019449,-0.0093763,0.10627,3.8935e-07,0.048008,0,87.8906,0.16009,0.77316,480.2403,1412.0316
37.4665,10782.1214,39.0107,239.9885,9.1743,0.010803,0.0012104,4.3631,89.988,-0.068494,4.4481,5.8762,6.567,-31.5312,-0.00024176,-1.5832,0.11362,3.8978e-07,0.048019,0,87.5395,0.16018,0.74638,480.2391,1412.0137
37.4749,10782.4465,39.0115,239.9885,9.1744,0.010695,0.03757,3.616,89.9875,-0.013539,4.4482,5.7419,-7.2649,-27.6068,-0.0002718,-1.5535,0.11827,3.9021e-07,0.04803,0,87.1886,0.16012,0.81088,480.2379,1411.9958
37.4763,10782.4465,39.0115,239.9885,9.1744,0.010695,0.03757,3.616,89.9875,-0.013539,4.4482,5.7419,-7.2649,-27.6068,-0.0002718,-1.5535,0.11827,3.9021e-07,0.04803,0,87.1886,0.1601,0.81727,480.2379,1411.9958
37.4763,10782.4465,39.0115,239.9885,9.1744,0.010695,0.03757,3.616,89.9875,-0.013539,4.4482,5.7419,-7.2649,-27.6068,-0.0002718,-1.5535,0.11827,3.9021e-07,0.04803,0,87.1886,0.1601,0.81727,480.2379,1411.9958
37.4832,10782.7716,39.0121,239.9878,9.1745,0.010505,0.067703,2.8834,89.9873,0.043665,4.4482,5.6032,-6.712,-27.6899,-0.00030017,-1.5238,0.12036,3.9064e-07,0.048041,0,86.838,0.15994,0.88387,480.2368,1411.9779
37.4891,10782.7716,39.0121,239.9878,9.1745,0.010505,0.067703,2.8834,89.9873,0.043665,4.4482,5.6032,-6.712,-27.6899,-0.00030017,-1.5238,0.12036,3.9064e-07,0.048041,0,86.838,0.15985,0.87237,480.2368,1411.9779
37.4891,10782.7716,39.0121,239.9878,9.1745,0.010505,0.067703,2.8834,89.9873,0.043665,4.4482,5.6032,-6.712,-27.6899,-0.00030017,-1.5238,0.12036,3.9064e-07,0.048041,0,86.838,0.15985,0.87237,480.2368,1411.9779
37.4915,10783.0967,39.0125,239.9865,9.1746,0.010252,0.091731,2.1651,89.9877,0.10188,4.4482,5.4605,-6.3172,-27.7711,-0.00023487,-1.493,0.11416,3.9106e-07,0.048051,0,86.7613,0.15965,0.95996,480.2356,1411.96
37.4939,10783.0967,39.0125,239.9865,9.1746,0.010252,0.091731,2.1651,89.9877,0.10188,4.4482,5.4605,-6.3172,-27.7711,-0.00023487,-1.493,0.11416,3.9106e-07,0.048051,0,86.7613,0.15962,0.93844,480.2356,1411.96
37.4987,10783.0967,39.0125,239.9865,9.1746,0.010252,0.091731,2.1651,89.9877,0.10188,4.4482,5.4605,-6.3172,-27.7711,-0.00023487,-1.493,0.11416,3.9106e-07,0.048051,0,86.7613,0.15954,0.90818,480.2356,1411.96
37.4999,10783.4218,39.013,239.9859,9.1747,0.010004,0.10977,1.461,89.9886,0.15709,4.4483,5.4926,-6.4291,-27.8587,-0.00012745,-1.4603,0.095052,3.9148e-07,0.048062,0,86.9073,0.15941,0.94924,480.2345,1411.9421
37.5056,10783.4218,39.013,239.9859,9.1747,0.010004,0.10977,1.461,89.9886,0.15709,4.4483,5.4926,-6.4291,-27.8587,-0.00012745,-1.4603,0.095052,3.9148e-07,0.048062,0,86.9073,0.15932,0.90973,480.2345,1411.9421
37.5082,10783.7469,39.0137,239.9854,9.1748,0.0098132,0.12195,0.77111,89.9899,0.20307,4.4483,5.4928,-7.3293,-27.9519,4.7588e-06,-1.4272,0.069995,3.9189e-07,0.048073,0,87.0533,0.15924,0.92992,480.2333,1411.9242
37.5165,10784.072,39.0144,239.9852,9.1749,0.0097181,0.12837,0.095069,89.9916,0.23692,4.4483,5.4786,-8.5951,-28.046,9.5312e-05,-1.3942,0.042259,3.923e-07,0.048084,0,87.1994,0.15917,0.90665,480.2321,1411.9063
37.5248,10784.3971,39.0151,239.9852,9.175,0.0097149,0.12917,-0.56736,89.9935,0.25736,4.4484,5.4587,-10.0281,-28.1354,0.00013987,-1.3618,0.013874,3.9269e-07,0.048094,0,87.3456,0.15921,0.88151,480.231,1411.8884
37.5332,10784.7223,39.016,239.9854,9.1751,0.0097883,0.12444,-1.2165,89.9957,0.26407,4.4484,5.438,-11.5053,-28.2187,0.00012883,-1.3302,-0.013344,3.9307e-07,0.048105,0,87.4917,0.15933,0.85541,480.2298,1411.8705
37.5415,10785.0474,39.0169,239.9858,9.1752,0.0099086,0.1143,-1.8527,89.9979,0.25761,4.4484,5.4211,-12.9165,-28.2941,7.1795e-05,-1.2998,-0.038177,3.9344e-07,0.048116,0,87.6379,0.15952,0.82878,480.2287,1411.8526
37.5498,10785.3725,39.0178,239.9864,9.1753,0.010043,0.098862,-2.4762,90,0.23915,4.4484,5.4108,-14.1875,-28.3615,-1.6978e-05,-1.2706,-0.05989,3.938e-07,0.048127,0,87.7842,0.15973,0.80181,480.2275,1411.8347
37.5582,10785.6977,39.0189,239.9873,9.1754,0.010159,0.078227,-3.0875,90.002,0.21018,4.4484,5.4086,-15.2737,-28.4212,-0.00011785,-1.2427,-0.078113,3.9415e-07,0.048138,0,87.9304,0.15995,0.77456,480.2264,1411.8168
37.5639,10785.6977,39.0189,239.9873,9.1754,0.010159,0.078227,-3.0875,90.002,0.21018,4.4484,5.4086,-15.2737,-28.4212,-0.00011785,-1.2427,-0.078113,3.9415e-07,0.048138,0,87.9304,0.15986,0.81135,480.2264,1411.8168
37.5639,10785.6977,39.0189,239.9873,9.1754,0.010159,0.078227,-3.0875,90.002,0.21018,4.4484,5.4086,-15.2737,-28.4212,-0.00011785,-1.2427,-0.078113,3.9415e-07,0.048138,0,87.9304,0.15986,0.81135,480.2264,1411.8168
37.5665,10786.0228,39.02,239.9883,9.1755,0.01023,0.052498,-3.6868,90.0038,0.1724,4.4484,5.4154,-16.1525,-28.4741,-0.0002459,-1.216,-0.092769,3.9449e-07,0.048148,0,87.5793,0.16013,0.7471,480.2252,1411.7989
37.5691,10786.0228,39.02,239.9883,9.1755,0.01023,0.052498,-3.6868,90.0038,0.1724,4.4484,5.4154,-16.1525,-28.4741,-0.0002459,-1.216,-0.092769,3.9449e-07,0.048148,0,87.5793,0.16009,0.77241,480.2252,1411.7989
37.5743,10786.0228,39.02,239.9883,9.1755,0.01023,0.052498,-3.6868,90.0038,0.1724,4.4484,5.4154,-16.1525,-28.4741,-0.0002459,-1.216,-0.092769,3.9449e-07,0.048148,0,87.5793,0.16001,0.80704,480.2252,1411.7989
37.5748,10786.348,39.0208,239.9884,9.1756,0.010221,0.021775,-4.2746,90.0052,0.12753,4.4485,5.2491,-16.819,-28.5194,-0.00035508,-0.26376,-0.10399,3.9483e-07,0.048159,0,87.2284,0.16018,0.80177,480.224,1411.781
37.5777,10786.348,39.0208,239.9884,9.1756,0.010221,0.021775,-4.2746,90.0052,0.12753,4.4485,5.2491,-16.819,-28.5194,-0.00035508,-0.26376,-0.10399,3.9483e-07,0.048159,0,87.2284,0.16013,0.81586,480.224,1411.781
37.5829,10786.348,39.0208,239.9884,9.1756,0.010221,0.021775,-4.2746,90.0052,0.12753,4.4485,5.2491,-16.819,-28.5194,-0.00035508,-0.26376,-0.10399,3.9483e-07,0.048159,0,87.2284,0.16005,0.83302,480.224,1411.781
37.5829,10786.348,39.0208,239.9884,9.1756,0.010221,0.021775,-4.2746,90.0052,0.12753,4.4485,5.2491,-16.819,-28.5194,-0.00035508,-0.26376,-0.10399,3.9483e-07,0.048159,0,87.2284,0.16005,0.83302,480.224,1411.781
37.5832,10786.6732,39.0214,239.9879,9.1757,0.010117,-0.013847,-4.4085,90.0063,0.077238,4.4485,5.0711,-8.8742,-30.8872,-0.00041583,1.3891,-0.11203,3.9516e-07,0.04817,0,86.8778,0.16009,0.87388,480.2229,1411.7631
37.5834,10786.6732,39.0214,239.9879,9.1757,0.010117,-0.013847,-4.4085,90.0063,0.077238,4.4485,5.0711,-8.8742,-30.8872,-0.00041583,1.3891,-0.11203,3.9516e-07,0.04817,0,86.8778,0.16008,0.87351,480.2229,1411.7631
37.5839,10786.6732,39.0214,239.9879,9.1757,0.010117,-0.013847,-4.4085,90.0063,0.077238,4.4485,5.0711,-8.8742,-30.8872,-0.00041583,1.3891,-0.11203,3.9516e-07,0.04817,0,86.8778,0.16008,0.87278,480.2229,1411.7631
37.5849,10786.6732,39.0214,239.9879,9.1757,0.010117,-0.013847,-4.4085,90.0063,0.077238,4.4485,5.0711,-8.8742,-30.8872,-0.00041583,1.3891,-0.11203,3.9516e-07,0.04817,0,86.8778,0.16006,0.87142,480.2229,1411.7631
37.5869,10786.6732,39.0214,239.9879,9.1757,0.010117,-0.013847,-4.4085,90.0063,0.077238,4.4485,5.0711,-8.8742,-30.8872,-0.00041583,1.3891,-0.11203,3.9516e-07,0.04817,0,86.8778,0.16003,0.86909,480.2229,1411.7631
37.5909,10786.6732,39.0214,239.9879,9.1757,0.010117,-0.013847,-4.4085,90.0063,0.077238,4.4485,5.0711,-8.8742,-30.8872,-0.00041583,1.3891,-0.11203,3.9516e-07,0.04817,0,86.8778,0.15997,0.86561,480.2229,1411.7631
37.5915,10786.9984,39.0219,239.9867,9.1758,0.0099205,-0.050585,-3.754,90.0069,0.023053,4.4485,4.9026,5.6228,-35.0264,-0.00035136,1.5589,-0.11731,3.9549e-07,0.048181,0,86.5275,0.15987,0.94979,480.2217,1411.7452
37.5924,10786.9984,39.0219,239.9867,9.1758,0.0099205,-0.050585,-3.754,90.0069,0.023053,4.4485,4.9026,5.6228,-35.0264,-0.00035136,1.5589,-0.11731,3.9549e-07,0.048181,0,86.5275,0.15985,0.94213,480.2217,1411.7452
37.5924,10786.9984,39.0219,239.9867,9.1758,0.0099205,-0.050585,-3.754,90.0069,0.023053,4.4485,4.9026,5.6228,-35.0264,-0.00035136,1.5589,-0.11731,3.9549e-07,0.048181,0,86.5275,0.15985,0.94213,480.2217,1411.7452
37.5957,10786.9984,39.0219,239.9867,9.1758,0.0099205,-0.050585,-3.754,90.0069,0.023053,4.4485,4.9026,5.6228,-35.0264,-0.00035136,1.5589,-0.11731,3.9549e-07,0.048181,0,86.5275,0.1598,0.91891,480.2217,1411.7452
37.599,10786.9984,39.0219,239.9867,9.1758,0.0099205,-0.050585,-3.754,90.0069,0.023053,4.4485,4.9026,5.6228,-35.0264,-0.00035136,1.5589,-0.11731,3.9549e-07,0.048181,0,86.5275,0.15975,0.90219,480.2217,1411.7452
37.5998,10787.3235,39.0225,239.9861,9.1759,0.0096851,-0.081867,-3.0187,90.0071,-0.033685,4.4485,4.9363,6.8338,-35.4654,-0.00023168,1.5293,-0.12019,3.9583e-07,0.048191,0,86.6735,0.15965,0.93908,480.2206,1411.7273
37.6043,10787.3235,39.0225,239.9861,9.1759,0.0096851,-0.081867,-3.0187,90.0071,-0.033685,4.4485,4.9363,6.8338,-35.4654,-0.00023168,1.5293,-0.12019,3.9583e-07,0.048191,0,86.6735,0.15958,0.91029,480.2206,1411.7273
37.6051,10787.3235,39.0225,239.9861,9.1759,0.0096851,-0.081867,-3.0187,90.0071,-0.033685,4.4485,4.9363,6.8338,-35.4654,-0.00023168,1.5293,-0.12019,3.9583e-07,0.048191,0,86.6735,0.15957,0.90662,480.2206,1411.7273
37.6051,10787.3235,39.0225,239.9861,9.1759,0.0096851,-0.081867,-3.0187,90.0071,-0.033685,4.4485,4.9363,6.8338,-35.4654,-0.00023168,1.5293,-0.12019,3.9583e-07,0.048191,0,86.6735,0.15957,0.90662,480.2206,1411.7273
37.6082,10787.6487,39.0232,239.9857,9.1759,0.0094527,-0.10702,-2.2978,90.0068,-0.091816,4.4486,4.9762,6.3846,-35.4071,-7.2592e-05,1.4988,-0.116,3.9617e-07,0.048202,0,86.8195,0.15944,0.91987,480.2194,1411.7094
37.6113,10787.6487,39.0232,239.9857,9.1759,0.0094527,-0.10702,-2.2978,90.0068,-0.091816,4.4486,4.9762,6.3846,-35.4071,-7.2592e-05,1.4988,-0.116,3.9617e-07,0.048202,0,86.8195,0.15939,0.90378,480.2194,1411.7094
37.6165,10787.9739,39.0239,239.9856,9.176,0.0092658,-0.12617,-1.5911,90.0061,-0.14792,4.4486,5.0341,6.3696,-35.3472,5.8122e-05,1.4664,-0.098997,3.9652e-07,0.048213,0,86.9656,0.15929,0.89673,480.2182,1411.6915
37.6248,10788.2991,39.0247,239.9856,9.1761,0.0091447,-0.13943,-0.89862,90.0048,-0.1958,4.4486,5.1249,7.1387,-35.2795,0.00015415,1.4333,-0.074916,3.9687e-07,0.048224,0,87.1118,0.15922,0.87172,480.2171,1411.6736
37.6332,10788.6243,39.0256,239.9859,9.1762,0.0091013,-0.14692,-0.22003,90.0032,-0.23204,4.4486,5.2343,8.3434,-35.2065,0.00020066,1.4003,-0.047606,3.9724e-07,0.048234,0,87.2579,0.15924,0.84571,480.2159,1411.6557
37.6415,10788.9496,39.0265,239.9864,9.1763,0.0091308,-0.14875,0.4449,90.0013,-0.25506,4.4486,5.3528,9.7501,-35.129,0.00019567,1.3678,-0.019267,3.9763e-07,0.048245,0,87.4041,0.15934,0.81911,480.2148,1411.6378
37.6498,10789.2748,39.0275,239.9871,9.1764,0.0092172,-0.14505,1.0965,89.9991,-0.26438,4.4486,5.4748,11.2253,-35.0475,0.00014205,1.3361,0.0082347,3.9802e-07,0.048256,0,87.5504,0.15951,0.79212,480.2136,1411.6199
37.6582,10789.6,39.0286,239.988,9.1765,0.009336,-0.13591,1.735,89.9969,-0.2604,4.4486,5.5955,12.6557,-34.9631,5.0315e-05,1.3054,0.03356,3.9843e-07,0.048267,0,87.3377,0.15974,0.76482,480.2125,1411.602
37.6665,10789.9253,39.0297,239.9892,9.1766,0.0094588,-0.12145,2.3609,89.9948,-0.24417,4.4486,5.7113,13.9598,-34.8765,-0.00010868,1.276,0.055889,3.9885e-07,0.048277,0,86.9865,0.15998,0.73727,480.2113,1411.5841
37.6748,10790.2505,39.0305,239.9892,9.1766,0.0095371,-0.10178,2.9745,89.9927,-0.21713,4.4486,5.6177,15.0876,-34.786,-0.00028369,1.2478,0.074785,3.9928e-07,0.048288,0,86.6356,0.16011,0.8011,480.2101,1411.5662
37.6776,10790.2505,39.0305,239.9892,9.1766,0.0095371,-0.10178,2.9745,89.9927,-0.21713,4.4486,5.6177,15.0876,-34.786,-0.00028369,1.2478,0.074785,3.9928e-07,0.048288,0,86.6356,0.16007,0.81476,480.2101,1411.5662
37.6776,10790.2505,39.0305,239.9892,9.1766,0.0095371,-0.10178,2.9745,89.9927,-0.21713,4.4486,5.6177,15.0876,-34.786,-0.00028369,1.2478,0.074785,3.9928e-07,0.048288,0,86.6356,0.16007,0.81476,480.2101,1411.5662
37.6832,10790.5758,39.0312,239.9887,9.1767,0.0095424,-0.076988,3.576,89.9909,-0.18096,4.4487,5.5177,16.0123,-34.6946,-0.00044445,1.2209,0.090117,3.9972e-07,0.048299,0,86.285,0.16013,0.87348,480.209,1411.5483
37.6886,10790.5758,39.0312,239.9887,9.1767,0.0095424,-0.076988,3.576,89.9909,-0.18096,4.4487,5.5177,16.0123,-34.6946,-0.00044445,1.2209,0.090117,3.9972e-07,0.048299,0,86.285,0.16004,0.86709,480.209,1411.5483
37.6886,10790.5758,39.0312,239.9887,9.1767,0.0095424,-0.076988,3.576,89.9909,-0.18096,4.4487,5.5177,16.0123,-34.6946,-0.00044445,1.2209,0.090117,3.9972e-07,0.048299,0,86.285,0.16004,0.86709,480.209,1411.5483
37.6915,10790.901,39.0316,239.9875,9.1768,0.0094585,-0.047188,4.1659,89.9894,-0.13738,4.4487,5.4104,16.7259,-34.6041,-0.00047486,0.63422,0.10198,4.0017e-07,0.04831,0,86.0768,0.16002,0.94919,480.2078,1411.5304
37.6944,10790.901,39.0316,239.9875,9.1768,0.0094585,-0.047188,4.1659,89.9894,-0.13738,4.4487,5.4104,16.7259,-34.6041,-0.00047486,0.63422,0.10198,4.0017e-07,0.04831,0,86.0768,0.15998,0.92667,480.2078,1411.5304
37.6971,10790.901,39.0316,239.9875,9.1768,0.0094585,-0.047188,4.1659,89.9894,-0.13738,4.4487,5.4104,16.7259,-34.6041,-0.00047486,0.63422,0.10198,4.0017e-07,0.04831,0,86.0768,0.15994,0.91041,480.2078,1411.5304
37.6971,10790.901,39.0316,239.9875,9.1768,0.0094585,-0.047188,4.1659,89.9894,-0.13738,4.4487,5.4104,16.7259,-34.6041,-0.00047486,0.63422,0.10198,4.0017e-07,0.04831,0,86.0768,0.15994,0.91041,480.2078,1411.5304
37.6998,10791.2263,39.0322,239.9869,9.1769,0.0093246,-0.012473,4.4766,89.9883,-0.088052,4.4487,5.488,12.1416,-33.1253,-0.00040883,-1.0183,0.11061,4.0063e-07,0.04832,0,86.2228,0.15991,0.93864,480.2067,1411.5125
37.7026,10791.2263,39.0322,239.9869,9.1769,0.0093246,-0.012473,4.4766,89.9883,-0.088052,4.4487,5.488,12.1416,-33.1253,-0.00040883,-1.0183,0.11061,4.0063e-07,0.04832,0,86.2228,0.15986,0.91973,480.2067,1411.5125
37.7082,10791.5516,39.0329,239.9865,9.177,0.0091631,0.024832,3.9989,89.9875,-0.034557,4.4487,5.5566,-2.3233,-29.0048,-0.00025716,-1.5687,0.11641,4.0108e-07,0.048331,0,86.3688,0.15977,0.91965,480.2055,1411.4946
37.7165,10791.8768,39.0337,239.9864,9.1771,0.0090037,0.058156,3.2589,89.9872,0.021745,4.4488,5.6179,-6.9631,-27.6491,-0.00011691,-1.5389,0.11973,4.0154e-07,0.048342,0,86.5149,0.15966,0.89681,480.2043,1411.4767
37.7205,10791.8768,39.0337,239.9864,9.1771,0.0090037,0.058156,3.2589,89.9872,0.021745,4.4488,5.6179,-6.9631,-27.6491,-0.00011691,-1.5389,0.11973,4.0154e-07,0.048342,0,86.5149,0.15959,0.88443,480.2043,1411.4767
37.7205,10791.8768,39.0337,239.9864,9.1771,0.0090037,0.058156,3.2589,89.9872,0.021745,4.4488,5.6179,-6.9631,-27.6491,-0.00011691,-1.5389,0.11973,4.0154e-07,0.048342,0,86.5149,0.15959,0.88443,480.2043,1411.4767
37.7248,10792.2021,39.0345,239.9864,9.1772,0.0088526,0.085313,2.5334,89.9874,0.079653,4.4488,5.6735,-6.4921,-27.7411,4.3587e-06,-1.5087,0.11792,4.02e-07,0.048353,0,86.6611,0.15956,0.87208,480.2032,1411.4588
37.7292,10792.2021,39.0345,239.9864,9.1772,0.0088526,0.085313,2.5334,89.9874,0.079653,4.4488,5.6735,-6.4921,-27.7411,4.3587e-06,-1.5087,0.11792,4.02e-07,0.048353,0,86.6611,0.15949,0.86769,480.2032,1411.4588
37.7332,10792.5274,39.0354,239.9867,9.1773,0.0087211,0.10642,1.8221,89.9881,0.13668,4.4488,5.7171,-6.3358,-27.8314,9.0965e-05,-1.4768,0.10414,4.0245e-07,0.048364,0,86.8072,0.15949,0.84635,480.202,1411.4409
37.7415,10792.8527,39.0363,239.9871,9.1773,0.0086233,0.12161,1.125,89.9892,0.18705,4.4488,5.7316,-6.9103,-27.9227,0.00013961,-1.4438,0.08148,4.0289e-07,0.048374,0,86.9534,0.15947,0.82001,480.2009,1411.423
37.7498,10793.178,39.0373,239.9878,9.1774,0.0085708,0.13098,0.44192,89.9908,0.22646,4.4488,5.7248,-8.0282,-28.0129,0.00014943,-1.4107,0.054822,4.0332e-07,0.048385,0,87.0997,0.15951,0.79322,480.1997,1411.4051
37.7582,10793.5033,39.0384,239.9888,9.1775,0.0085662,0.13467,-0.22742,89.9927,0.25297,4.4487,5.709,-9.3935,-28.0994,0.00012126,-1.378,0.026605,4.0375e-07,0.048396,0,87.2459,0.15961,0.76607,480.1986,1411.3872
37.7665,10793.8286,39.0396,239.9899,9.1776,0.008603,0.13277,-0.88331,89.9948,0.26584,4.4487,5.6902,-10.8583,-28.1808,1.4004e-05,-1.346,-0.0012401,4.0416e-07,0.048407,0,86.8948,0.15977,0.7386,480.1974,1411.3693
37.7748,10794.154,39.0404,239.9899,9.1777,0.0086447,0.12541,-1.5261,89.997,0.26524,4.4488,5.4707,-12.3052,-28.2532,-0.00013154,-1.315,-0.027215,4.0456e-07,0.048417,0,86.5439,0.15987,0.80245,480.1962,1411.3514
37.7832,10794.4793,39.041,239.9894,9.1778,0.0086655,0.11269,-2.1561,89.9992,0.25208,4.4488,5.2585,-13.6432,-28.318,-0.00029437,-1.2852,-0.050375,4.0495e-07,0.048428,0,86.1934,0.1599,0.87481,480.1951,1411.3335
37.7915,10794.8047,39.0414,239.9881,9.1778,0.0086428,0.094726,-2.7736,90.0013,0.22772,4.4488,5.0557,-14.8148,-28.3759,-0.00036803,-1.2567,-0.070189,4.0533e-07,0.048439,0,86.1712,0.15986,0.95038,480.1939,1411.3156
37.7998,10795.13,39.0421,239.9876,9.1779,0.0085996,0.071613,-3.379,90.0032,0.19377,4.4488,5.0565,-15.7878,-28.433,-0.00038205,-1.2294,-0.086454,4.057e-07,0.04845,0,86.3171,0.15983,0.93916,480.1928,1411.2977
37.8021,10795.13,39.0421,239.9876,9.1779,0.0085996,0.071613,-3.379,90.0032,0.19377,4.4488,5.0565,-15.7878,-28.433,-0.00038205,-1.2294,-0.086454,4.057e-07,0.04845,0,86.3171,0.1598,0.9228,480.1928,1411.2977
37.8021,10795.13,39.0421,239.9876,9.1779,0.0085996,0.071613,-3.379,90.0032,0.19377,4.4488,5.0565,-15.7878,-28.433,-0.00038205,-1.2294,-0.086454,4.057e-07,0.04845,0,86.3171,0.1598,0.9228,480.1928,1411.2977
37.8082,10795.4554,39.0428,239.9872,9.178,0.0085425,0.043454,-3.9727,90.0048,0.15195,4.4489,5.0658,-16.5497,-28.4873,-0.00032272,-1.0548,-0.099214,4.0606e-07,0.04846,0,86.4632,0.1598,0.91942,480.1916,1411.2798
37.8112,10795.4554,39.0428,239.9872,9.178,0.0085425,0.043454,-3.9727,90.0048,0.15195,4.4489,5.0658,-16.5497,-28.4873,-0.00032272,-1.0548,-0.099214,4.0606e-07,0.04846,0,86.4632,0.15976,0.90362,480.1916,1411.2798
37.8112,10795.4554,39.0428,239.9872,9.178,0.0085425,0.043454,-3.9727,90.0048,0.15195,4.4489,5.0658,-16.5497,-28.4873,-0.00032272,-1.0548,-0.099214,4.0606e-07,0.04846,0,86.4632,0.15976,0.90362,480.1916,1411.2798
37.8165,10795.7807,39.0435,239.9871,9.1781,0.0084837,0.010349,-4.4839,90.0061,0.10397,4.4489,5.082,-15.7555,-28.9129,-0.00024599,0.56038,-0.10869,4.0641e-07,0.048471,0,86.6092,0.15979,0.89644,480.1904,1411.2619
37.8218,10795.7807,39.0435,239.9871,9.1781,0.0084837,0.010349,-4.4839,90.0061,0.10397,4.4489,5.082,-15.7555,-28.9129,-0.00024599,0.56038,-0.10869,4.0641e-07,0.048471,0,86.6092,0.15971,0.88125,480.1904,1411.2619
37.8248,10796.1061,39.0443,239.9871,9.1782,0.0084087,-0.027017,-4.2248,90.0069,0.051401,4.4489,5.1059,-1.6878,-32.9573,-0.00013619,1.5776,-0.11518,4.0677e-07,0.048482,0,86.7554,0.15977,0.87182,480.1893,1411.244
37.8332,10796.4315,39.0452,239.9874,9.1783,0.0083151,-0.062223,-3.4804,90.0074,-0.0043064,4.4489,5.1371,7.1376,-35.5189,-3.8755e-05,1.5479,-0.11912,4.0712e-07,0.048493,0,86.9015,0.15974,0.84632,480.1881,1411.2261
37.8361,10796.4315,39.0452,239.9874,9.1783,0.0083151,-0.062223,-3.4804,90.0074,-0.0043064,4.4489,5.1371,7.1376,-35.5189,-3.8755e-05,1.5479,-0.11912,4.0712e-07,0.048493,0,86.9015,0.1597,0.84957,480.1881,1411.2261
37.8361,10796.4315,39.0452,239.9874,9.1783,0.0083151,-0.062223,-3.4804,90.0074,-0.0043064,4.4489,5.1371,7.1376,-35.5189,-3.8755e-05,1.5479,-0.11912,4.0712e-07,0.048493,0,86.9015,0.1597,0.84957,480.1881,1411.2261
37.8415,10796.7568,39.0462,239.9878,9.1783,0.0082039,-0.091227,-2.7505,90.0073,-0.06192,4.4488,5.1753,6.6212,-35.4605,3.445e-05,1.5181,-0.12009,4.0748e-07,0.048503,0,87.0477,0.15971,0.82026,480.187,1411.2082
37.847,10796.7568,39.0462,239.9878,9.1783,0.0082039,-0.091227,-2.7505,90.0073,-0.06192,4.4488,5.1753,6.6212,-35.4605,3.445e-05,1.5181,-0.12009,4.0748e-07,0.048503,0,87.0477,0.15963,0.83659,480.187,1411.2082
37.8494,10796.7568,39.0462,239.9878,9.1783,0.0082039,-0.091227,-2.7505,90.0073,-0.06192,4.4488,5.1753,6.6212,-35.4605,3.445e-05,1.5181,-0.12009,4.0748e-07,0.048503,0,87.0477,0.15959,0.84153,480.187,1411.2082
37.8494,10796.7568,39.0462,239.9878,9.1783,0.0082039,-0.091227,-2.7505,90.0073,-0.06192,4.4488,5.1753,6.6212,-35.4605,3.445e-05,1.5181,-0.12009,4.0748e-07,0.048503,0,87.0477,0.15959,0.84153,480.187,1411.2082
37.8498,10797.0822,39.0472,239.9885,9.1784,0.0080817,-0.11415,-2.035,90.0068,-0.12,4.4488,5.2216,6.2901,-35.3987,8.3707e-05,1.4867,-0.11021,4.0785e-07,0.048514,0,87.1939,0.15968,0.79375,480.1858,1411.1903
37.8502,10797.0822,39.0472,239.9885,9.1784,0.0080817,-0.11415,-2.035,90.0068,-0.12,4.4488,5.2216,6.2901,-35.3987,8.3707e-05,1.4867,-0.11021,4.0785e-07,0.048514,0,87.1939,0.15968,0.7963,480.1858,1411.1903
37.851,10797.0822,39.0472,239.9885,9.1784,0.0080817,-0.11415,-2.035,90.0068,-0.12,4.4488,5.2216,6.2901,-35.3987,8.3707e-05,1.4867,-0.11021,4.0785e-07,0.048514,0,87.1939,0.15967,0.80109,480.1858,1411.1903
37.8526,10797.0822,39.0472,239.9885,9.1784,0.0080817,-0.11415,-2.035,90.0068,-0.12,4.4488,5.2216,6.2901,-35.3987,8.3707e-05,1.4867,-0.11021,4.0785e-07,0.048514,0,87.1939,0.15964,0.80961,480.1858,1411.1903
37.8558,10797.0822,39.0472,239.9885,9.1784,0.0080817,-0.11415,-2.035,90.0068,-0.12,4.4488,5.2216,6.2901,-35.3987,8.3707e-05,1.4867,-0.11021,4.0785e-07,0.048514,0,87.1939,0.15959,0.82305,480.1858,1411.1903
37.8582,10797.4076,39.0483,239.9894,9.1785,0.0079662,-0.13111,-1.3336,90.0058,-0.1733,4.4488,5.2958,6.623,-35.3303,0.00010724,1.4539,-0.089343,4.0822e-07,0.048525,0,87.3402,0.15968,0.76686,480.1846,1411.1724
37.8665,10797.733,39.0495,239.9906,9.1786,0.0078783,-0.14222,-0.64634,90.0044,-0.21651,4.4488,5.3984,7.6285,-35.2551,6.1062e-05,1.4207,-0.063486,4.086e-07,0.048536,0,86.9891,0.15971,0.73961,480.1835,1411.1545
37.8748,10798.0584,39.0503,239.9906,9.1786,0.0078093,-0.14761,0.027108,90.0026,-0.24722,4.4488,5.312,8.9434,-35.1733,-2.2709e-05,1.3878,-0.035432,4.09e-07,0.048547,0,86.6383,0.1597,0.80358,480.1823,1411.1366
37.8832,10798.3839,39.0509,239.99,9.1787,0.0077559,-0.14738,0.68701,90.0005,-0.26436,4.4488,5.234,10.3976,-35.0876,-0.00013547,1.3556,-0.0072075,4.094e-07,0.048557,0,86.2877,0.15966,0.87602,480.1812,1411.1187
37.8915,10798.7093,39.0513,239.9888,9.1788,0.0077088,-0.14165,1.3337,89.9983,-0.26784,4.4488,5.1591,11.868,-34.9994,-0.00018161,1.3242,0.019521,4.0982e-07,0.048568,0,86.2509,0.15959,0.95163,480.18,1411.1007
37.8998,10799.0347,39.052,239.9882,9.1789,0.0076946,-0.13054,1.9675,89.9961,-0.2584,4.4489,5.2761,13.2534,-34.9148,-0.00019826,1.2941,0.043656,4.1026e-07,0.048579,0,86.3968,0.15959,0.94045,480.1788,1411.0828
37.9082,10799.3601,39.0526,239.9878,9.1789,0.0077144,-0.11414,2.5887,89.9939,-0.23729,4.4489,5.3868,14.4873,-34.8321,-0.00018485,1.2651,0.064558,4.107e-07,0.04859,0,86.5429,0.15964,0.92075,480.1777,1411.0649
37.9165,10799.6856,39.0534,239.9877,9.179,0.0077642,-0.092573,3.1977,89.992,-0.20606,4.4489,5.4893,15.5304,-34.7513,-0.00018892,1.2374,0.081934,4.1116e-07,0.0486,0,86.6889,0.15973,0.89719,480.1765,1411.047
37.9237,10799.6856,39.0534,239.9877,9.179,0.0077642,-0.092573,3.1977,89.992,-0.20606,4.4489,5.4893,15.5304,-34.7513,-0.00018892,1.2374,0.081934,4.1116e-07,0.0486,0,86.6889,0.15962,0.87774,480.1765,1411.047
37.9237,10799.6856,39.0534,239.9877,9.179,0.0077642,-0.092573,3.1977,89.992,-0.20606,4.4489,5.4893,15.5304,-34.7513,-0.00018892,1.2374,0.081934,4.1116e-07,0.0486,0,86.6889,0.15962,0.87774,480.1765,1411.047
37.9248,10800.011,39.0542,239.9877,9.1791,0.0078136,-0.065925,3.7949,89.9902,-0.16643,4.4489,5.5832,16.3649,-34.6697,-0.00018811,1.1614,0.095759,4.1162e-07,0.048611,0,86.835,0.15983,0.87185,480.1754,1411.0291
37.9252,10800.011,39.0542,239.9877,9.1791,0.0078136,-0.065925,3.7949,89.9902,-0.16643,4.4489,5.5832,16.3649,-34.6697,-0.00018811,1.1614,0.095759,4.1162e-07,0.048611,0,86.835,0.15983,0.87146,480.1754,1411.0291
37.9252,10800.011,39.0542,239.9877,9.1791,0.0078136,-0.065925,3.7949,89.9902,-0.16643,4.4489,5.5832,16.3649,-34.6697,-0.00018811,1.1614,0.095759,4.1162e-07,0.048611,0,86.835,0.15983,0.87146,480.1754,1411.0291
37.9263,10800.011,39.0542,239.9877,9.1791,0.0078136,-0.065925,3.7949,89.9902,-0.16643,4.4489,5.5832,16.3649,-34.6697,-0.00018811,1.1614,0.095759,4.1162e-07,0.048611,0,86.835,0.15981,0.87018,480.1754,1411.0291
37.9274,10800.011,39.0542,239.9877,9.1791,0.0078136,-0.065925,3.7949,89.9902,-0.16643,4.4489,5.5832,16.3649,-34.6697,-0.00018811,1.1614,0.095759,4.1162e-07,0.048611,0,86.835,0.1598,0.86904,480.1754,1411.0291
37.9296,10800.011,39.0542,239.9877,9.1791,0.0078136,-0.065925,3.7949,89.9902,-0.16643,4.4489,5.5832,16.3649,-34.6697,-0.00018811,1.1614,0.095759,4.1162e-07,0.048611,0,86.835,0.15976,0.8671,480.1754,1411.0291
37.9332,10800.3365,39.0551,239.988,9.1792,0.0078419,-0.034301,4.3568,89.9888,-0.12012,4.4489,5.6673,16.5381,-34.4651,-0.00017911,0.0013215,0.10621,4.1209e-07,0.048622,0,86.9812,0.15993,0.846,480.1742,1411.0112
37.9415,10800.6619,39.0561,239.9885,9.1793,0.0078297,0.002005,4.3656,89.9878,-0.068752,4.4489,5.7421,6.6597,-31.5618,-0.00014246,-1.5831,0.11358,4.1257e-07,0.048633,0,87.1273,0.16,0.81999,480.173,1410.9933
37.9498,10800.9874,39.0571,239.9892,9.1793,0.0077684,0.038385,3.6185,89.9873,-0.013818,4.4488,5.8089,-7.2669,-27.6155,-9.5114e-05,-1.5534,0.11825,4.1305e-07,0.048643,0,87.2736,0.16004,0.79368,480.1719,1410.9754
37.9513,10800.9874,39.0571,239.9892,9.1793,0.0077684,0.038385,3.6185,89.9873,-0.013818,4.4488,5.8089,-7.2669,-27.6155,-9.5114e-05,-1.5534,0.11825,4.1305e-07,0.048643,0,87.2736,0.16002,0.80241,480.1719,1410.9754
37.9513,10800.9874,39.0571,239.9892,9.1793,0.0077684,0.038385,3.6185,89.9873,-0.013818,4.4488,5.8089,-7.2669,-27.6155,-9.5114e-05,-1.5534,0.11825,4.1305e-07,0.048643,0,87.2736,0.16002,0.80241,480.1719,1410.9754
37.9582,10801.3129,39.0582,239.9901,9.1794,0.0076627,0.068539,2.8859,89.9872,0.043375,4.4488,5.8694,-6.7128,-27.7032,-5.9557e-05,-1.5238,0.12037,4.1353e-07,0.048654,0,87.3995,0.16004,0.76708,480.1707,1410.9575
37.9641,10801.3129,39.0582,239.9901,9.1794,0.0076627,0.068539,2.8859,89.9872,0.043375,4.4488,5.8694,-6.7128,-27.7032,-5.9557e-05,-1.5238,0.12037,4.1353e-07,0.048654,0,87.3995,0.15995,0.80777,480.1707,1410.9575
37.9641,10801.3129,39.0582,239.9901,9.1794,0.0076627,0.068539,2.8859,89.9872,0.043375,4.4488,5.8694,-6.7128,-27.7032,-5.9557e-05,-1.5238,0.12037,4.1353e-07,0.048654,0,87.3995,0.15995,0.80777,480.1707,1410.9575
37.9665,10801.6384,39.0593,239.9912,9.1795,0.0075234,0.092588,2.1677,89.9875,0.10159,4.4488,5.9241,-6.3164,-27.7884,-7.6545e-05,-1.493,0.11425,4.14e-07,0.048665,0,87.0485,0.16003,0.74013,480.1696,1410.9396
37.9689,10801.6384,39.0593,239.9912,9.1795,0.0075234,0.092588,2.1677,89.9875,0.10159,4.4488,5.9241,-6.3164,-27.7884,-7.6545e-05,-1.493,0.11425,4.14e-07,0.048665,0,87.0485,0.15999,0.76543,480.1696,1410.9396
37.9738,10801.6384,39.0593,239.9912,9.1795,0.0075234,0.092588,2.1677,89.9875,0.10159,4.4488,5.9241,-6.3164,-27.7884,-7.6545e-05,-1.493,0.11425,4.14e-07,0.048665,0,87.0485,0.15992,0.80087,480.1696,1410.9396
37.9748,10801.9639,39.0602,239.9912,9.1796,0.0073499,0.11065,1.4636,89.9884,0.15685,4.4488,5.7566,-6.4239,-27.8714,-0.00011599,-1.4604,0.095175,4.1447e-07,0.048676,0,86.6977,0.15991,0.80437,480.1684,1410.9217
37.9802,10801.9639,39.0602,239.9912,9.1796,0.0073499,0.11065,1.4636,89.9884,0.15685,4.4488,5.7566,-6.4239,-27.8714,-0.00011599,-1.4604,0.095175,4.1447e-07,0.048676,0,86.6977,0.15983,0.82638,480.1684,1410.9217
37.9832,10802.2894,39.0608,239.9906,9.1796,0.0071641,0.12285,0.77367,89.9897,0.20288,4.4488,5.5596,-7.322,-27.9562,-0.00017134,-1.4273,0.07013,4.1493e-07,0.048686,0,86.3471,0.15975,0.87701,480.1673,1410.9038
37.9915,10802.6149,39.0612,239.9894,9.1797,0.0069842,0.1293,0.097619,89.9914,0.2368,4.4488,5.3503,-8.587,-28.0394,-0.00015286,-1.3943,0.0424,4.1538e-07,0.048697,0,86.3056,0.15954,0.95276,480.1661,1410.8859
37.9998,10802.9404,39.0619,239.9888,9.1798,0.0068619,0.13011,-0.56482,89.9933,0.25731,4.4488,5.3302,-10.0197,-28.1245,-0.0001095,-1.3618,0.014011,4.1582e-07,0.048708,0,86.4516,0.15944,0.94168,480.1649,1410.868
38.0082,10803.2659,39.0626,239.9884,9.1798,0.0068159,0.1254,-1.214,89.9955,0.26408,4.4488,5.3088,-11.4971,-28.2075,-5.1874e-05,-1.3303,-0.013217,4.1625e-07,0.048719,0,86.5976,0.15942,0.92204,480.1638,1410.85
38.0165,10803.5914,39.0633,239.9882,9.1799,0.0068498,0.11529,-1.8501,89.9977,0.25769,4.4488,5.2907,-12.9088,-28.2865,-3.6648e-05,-1.2999,-0.038064,4.1667e-07,0.048729,0,86.7436,0.15949,0.89851,480.1626,1410.8321
38.0248,10803.917,39.0641,239.9883,9.18,0.0069325,0.099868,-2.4737,89.9998,0.23928,4.4488,5.2791,-14.1807,-28.3576,-5.3006e-05,-1.2706,-0.059794,4.1707e-07,0.04874,0,86.8897,0.15963,0.87318,480.1615,1410.8142
38.0332,10804.2425,39.065,239.9885,9.18,0.0070316,0.079254,-3.085,90.0018,0.21036,4.4488,5.2757,-15.2679,-28.4211,-9.7526e-05,-1.2427,-0.078036,4.1747e-07,0.048751,0,87.0359,0.1598,0.84696,480.1603,1410.7963
38.0389,10804.2425,39.065,239.9885,9.18,0.0070316,0.079254,-3.085,90.0018,0.21036,4.4488,5.2757,-15.2679,-28.4211,-9.7526e-05,-1.2427,-0.078036,4.1747e-07,0.048751,0,87.0359,0.15971,0.85226,480.1603,1410.7963
38.0389,10804.2425,39.065,239.9885,9.18,0.0070316,0.079254,-3.085,90.0018,0.21036,4.4488,5.2757,-15.2679,-28.4211,-9.7526e-05,-1.2427,-0.078036,4.1747e-07,0.048751,0,87.0359,0.15971,0.85226,480.1603,1410.7963
38.0415,10804.5681,39.0659,239.989,9.1801,0.0071131,0.053545,-3.6844,90.0036,0.17262,4.4488,5.2814,-16.1478,-28.4769,-0.00014688,-1.216,-0.092709,4.1786e-07,0.048762,0,87.182,0.15996,0.82024,480.1591,1410.7784
38.0442,10804.5681,39.0659,239.989,9.1801,0.0071131,0.053545,-3.6844,90.0036,0.17262,4.4488,5.2814,-16.1478,-28.4769,-0.00014688,-1.216,-0.092709,4.1786e-07,0.048762,0,87.182,0.15992,0.82923,480.1591,1410.7784
38.0498,10804.8936,39.0669,239.9897,9.1802,0.0071519,0.022843,-4.2721,90.005,0.12778,4.4488,5.2954,-16.8154,-28.5265,-0.00018062,-0.27112,-0.10395,4.1824e-07,0.048773,0,87.3283,0.16009,0.79346,480.158,1410.7605
38.0579,10804.8936,39.0669,239.9897,9.1802,0.0071519,0.022843,-4.2721,90.005,0.12778,4.4488,5.2954,-16.8154,-28.5265,-0.00018062,-0.27112,-0.10395,4.1824e-07,0.048773,0,87.3283,0.15998,0.82948,480.158,1410.7605
38.0579,10804.8936,39.0669,239.9897,9.1802,0.0071519,0.022843,-4.2721,90.005,0.12778,4.4488,5.2954,-16.8154,-28.5265,-0.00018062,-0.27112,-0.10395,4.1824e-07,0.048773,0,87.3283,0.15998,0.82948,480.158,1410.7605
38.0582,10805.2192,39.068,239.9906,9.1802,0.007133,-0.012758,-4.4096,90.0061,0.077509,4.4488,5.3168,-8.938,-30.8805,-0.00017829,1.3816,-0.112,4.1863e-07,0.048783,0,87.4171,0.16019,0.76684,480.1568,1410.7426
38.0585,10805.2192,39.068,239.9906,9.1802,0.007133,-0.012758,-4.4096,90.0061,0.077509,4.4488,5.3168,-8.938,-30.8805,-0.00017829,1.3816,-0.112,4.1863e-07,0.048783,0,87.4171,0.16018,0.76942,480.1568,1410.7426
38.059,10805.2192,39.068,239.9906,9.1802,0.007133,-0.012758,-4.4096,90.0061,0.077509,4.4488,5.3168,-8.938,-30.8805,-0.00017829,1.3816,-0.112,4.1863e-07,0.048783,0,87.4171,0.16017,0.77435,480.1568,1410.7426
38.0602,10805.2192,39.068,239.9906,9.1802,0.007133,-0.012758,-4.4096,90.0061,0.077509,4.4488,5.3168,-8.938,-30.8805,-0.00017829,1.3816,-0.112,4.1863e-07,0.048783,0,87.4171,0.16016,0.78341,480.1568,1410.7426
38.0625,10805.2192,39.068,239.9906,9.1802,0.007133,-0.012758,-4.4096,90.0061,0.077509,4.4488,5.3168,-8.938,-30.8805,-0.00017829,1.3816,-0.112,4.1863e-07,0.048783,0,87.4171,0.16012,0.79869,480.1568,1410.7426
38.0665,10805.5447,39.0692,239.9917,9.1803,0.0070507,-0.049505,-3.7586,90.0067,0.023338,4.4487,5.3458,5.5569,-35.0233,-0.00019157,1.559,-0.1173,4.19e-07,0.048794,0,87.066,0.16023,0.74004,480.1557,1410.7247
38.0674,10805.5447,39.0692,239.9917,9.1803,0.0070507,-0.049505,-3.7586,90.0067,0.023338,4.4487,5.3458,5.5569,-35.0233,-0.00019157,1.559,-0.1173,4.19e-07,0.048794,0,87.066,0.16022,0.7498,480.1557,1410.7247
38.0674,10805.5447,39.0692,239.9917,9.1803,0.0070507,-0.049505,-3.7586,90.0067,0.023338,4.4487,5.3458,5.5569,-35.0233,-0.00019157,1.559,-0.1173,4.19e-07,0.048794,0,87.066,0.16022,0.7498,480.1557,1410.7247
38.0748,10805.8703,39.07,239.9917,9.1804,0.0068928,-0.080826,-3.0233,90.0069,-0.033393,4.4487,5.1797,6.8354,-35.477,-0.00021525,1.5293,-0.1202,4.1939e-07,0.048805,0,86.7152,0.16013,0.8045,480.1545,1410.7068
38.0801,10805.8703,39.07,239.9917,9.1804,0.0068928,-0.080826,-3.0233,90.0069,-0.033393,4.4487,5.1797,6.8354,-35.477,-0.00021525,1.5293,-0.1202,4.1939e-07,0.048805,0,86.7152,0.16006,0.82608,480.1545,1410.7068
38.0801,10805.8703,39.07,239.9917,9.1804,0.0068928,-0.080826,-3.0233,90.0069,-0.033393,4.4487,5.1797,6.8354,-35.477,-0.00021525,1.5293,-0.1202,4.1939e-07,0.048805,0,86.7152,0.16006,0.82608,480.1545,1410.7068
38.0832,10806.1959,39.0707,239.9911,9.1805,0.0066694,-0.10602,-2.3024,90.0066,-0.091529,4.4487,5.0221,6.3848,-35.4105,-0.00024015,1.4989,-0.11605,4.1978e-07,0.048816,0,86.3647,0.15993,0.8774,480.1533,1410.6889
38.0863,10806.1959,39.0707,239.9911,9.1805,0.0066694,-0.10602,-2.3024,90.0066,-0.091529,4.4487,5.0221,6.3848,-35.4105,-0.00024015,1.4989,-0.11605,4.1978e-07,0.048816,0,86.3647,0.15988,0.87218,480.1533,1410.6889
38.0915,10806.5215,39.0711,239.9899,9.1805,0.0064034,-0.12521,-1.5957,90.0059,-0.14766,4.4487,4.8847,6.3676,-35.3399,-0.000179,1.4665,-0.099107,4.2017e-07,0.048826,0,86.3153,0.15964,0.95338,480.1522,1410.6709
38.0998,10806.8471,39.0717,239.9893,9.1806,0.0061697,-0.1385,-0.9031,90.0046,-0.19559,4.4487,4.9751,7.1328,-35.2681,-8.2383e-05,1.4334,-0.075044,4.2058e-07,0.048837,0,86.4612,0.15943,0.94253,480.151,1410.653
38.1082,10807.1727,39.0724,239.9889,9.1806,0.0060137,-0.14603,-0.22447,90.003,-0.23189,4.4487,5.0836,8.3363,-35.1949,3.39e-05,1.4004,-0.047749,4.2099e-07,0.048848,0,86.6072,0.1593,0.92307,480.1499,1410.6351
38.1165,10807.4983,39.0732,239.9887,9.1807,0.0059635,-0.1479,0.4405,90.0011,-0.25498,4.4487,5.2008,9.7421,-35.121,0.00010193,1.3679,-0.019413,4.2142e-07,0.048859,0,86.7533,0.15929,0.89966,480.1487,1410.6172
38.1248,10807.8239,39.074,239.9887,9.1808,0.006005,-0.14423,1.0921,89.999,-0.26437,4.4487,5.3215,11.2171,-35.0433,0.00012133,1.3362,0.0080961,4.2186e-07,0.048869,0,86.8994,0.15938,0.87441,480.1475,1410.5993
38.1332,10808.1495,39.0748,239.989,9.1808,0.0061135,-0.13513,1.7307,89.9968,-0.26046,4.4487,5.4409,12.6479,-34.9626,8.655e-05,1.3055,0.033434,4.2232e-07,0.04888,0,87.0455,0.15955,0.84824,480.1464,1410.5814
38.1415,10808.4751,39.0758,239.9895,9.1809,0.0062532,-0.12071,2.3566,89.9946,-0.24429,4.4487,5.5556,13.9526,-34.8789,1.1514e-05,1.2761,0.055778,4.2278e-07,0.048891,0,87.1916,0.15977,0.82155,480.1452,1410.5635
38.1498,10808.8008,39.0768,239.9901,9.181,0.0063883,-0.10107,2.9702,89.9926,-0.21731,4.4487,5.6633,15.0813,-34.7932,-8.6224e-05,1.2479,0.074692,4.2326e-07,0.048902,0,87.3378,0.16,0.79452,480.1441,1410.5456
38.1525,10808.8008,39.0768,239.9901,9.181,0.0063883,-0.10107,2.9702,89.9926,-0.21731,4.4487,5.6633,15.0813,-34.7932,-8.6224e-05,1.2479,0.074692,4.2326e-07,0.048902,0,87.3378,0.15996,0.80956,480.1441,1410.5456
38.1525,10808.8008,39.0768,239.9901,9.181,0.0063883,-0.10107,2.9702,89.9926,-0.21731,4.4487,5.6633,15.0813,-34.7932,-8.6224e-05,1.2479,0.074692,4.2326e-07,0.048902,0,87.3378,0.15996,0.80956,480.1441,1410.5456
38.1582,10809.1264,39.0779,239.991,9.181,0.0064873,-0.076315,3.5718,89.9907,-0.18118,4.4486,5.7627,16.0072,-34.7064,-0.00018312,1.221,0.090043,4.2375e-07,0.048912,0,87.4841,0.16021,0.76726,480.1429,1410.5277
38.1636,10809.1264,39.0779,239.991,9.181,0.0064873,-0.076315,3.5718,89.9907,-0.18118,4.4486,5.7627,16.0072,-34.7064,-0.00018312,1.221,0.090043,4.2375e-07,0.048912,0,87.4841,0.16013,0.80511,480.1429,1410.5277
38.1636,10809.1264,39.0779,239.991,9.181,0.0064873,-0.076315,3.5718,89.9907,-0.18118,4.4486,5.7627,16.0072,-34.7064,-0.00018312,1.221,0.090043,4.2375e-07,0.048912,0,87.4841,0.16013,0.80511,480.1429,1410.5277
38.1665,10809.4521,39.079,239.9922,9.1811,0.0065277,-0.04655,4.1617,89.9892,-0.13763,4.4486,5.853,16.7221,-34.62,-0.00029592,0.6456,0.10193,4.2424e-07,0.048923,0,87.133,0.16037,0.73986,480.1417,1410.5097
38.1695,10809.4521,39.079,239.9922,9.1811,0.0065277,-0.04655,4.1617,89.9892,-0.13763,4.4486,5.853,16.7221,-34.62,-0.00029592,0.6456,0.10193,4.2424e-07,0.048923,0,87.133,0.16033,0.76993,480.1417,1410.5097
38.1721,10809.4521,39.079,239.9922,9.1811,0.0065277,-0.04655,4.1617,89.9892,-0.13763,4.4486,5.853,16.7221,-34.62,-0.00029592,0.6456,0.10193,4.2424e-07,0.048923,0,87.133,0.16029,0.78997,480.1417,1410.5097
38.1721,10809.4521,39.079,239.9922,9.1811,0.0065277,-0.04655,4.1617,89.9892,-0.13763,4.4486,5.853,16.7221,-34.62,-0.00029592,0.6456,0.10193,4.2424e-07,0.048923,0,87.133,0.16029,0.78997,480.1417,1410.5097
38.1748,10809.7777,39.0798,239.9922,9.1811,0.0064788,-0.011869,4.4779,89.9881,-0.088337,4.4486,5.7308,12.2412,-33.1648,-0.00037705,-1.0068,0.11057,4.2475e-07,0.048934,0,86.7823,0.16038,0.80429,480.1406,1410.4918
38.1776,10809.7777,39.0798,239.9922,9.1811,0.0064788,-0.011869,4.4779,89.9881,-0.088337,4.4486,5.7308,12.2412,-33.1648,-0.00037705,-1.0068,0.11057,4.2475e-07,0.048934,0,86.7823,0.16034,0.81728,480.1406,1410.4918
38.1832,10810.1034,39.0805,239.9916,9.1812,0.0063321,0.025446,4.0057,89.9873,-0.034861,4.4486,5.6022,-2.2212,-29.0361,-0.00041302,-1.5688,0.11638,4.2525e-07,0.048945,0,86.4318,0.16026,0.8773,480.1394,1410.4739
38.1915,10810.4291,39.0809,239.9903,9.1813,0.0060979,0.058826,3.2656,89.9871,0.021427,4.4486,5.4683,-6.9662,-27.6404,-0.00034474,-1.5391,0.11971,4.2576e-07,0.048956,0,86.3004,0.16001,0.95351,480.1383,1410.456
38.1955,10810.4291,39.0809,239.9903,9.1813,0.0060979,0.058826,3.2656,89.9871,0.021427,4.4486,5.4683,-6.9662,-27.6404,-0.00034474,-1.5391,0.11971,4.2576e-07,0.048956,0,86.3004,0.15995,0.92216,480.1383,1410.456
38.1955,10810.4291,39.0809,239.9903,9.1813,0.0060979,0.058826,3.2656,89.9871,0.021427,4.4486,5.4683,-6.9662,-27.6404,-0.00034474,-1.5391,0.11971,4.2576e-07,0.048956,0,86.3004,0.15995,0.92216,480.1383,1410.456
38.1998,10810.7548,39.0815,239.9897,9.1813,0.0058374,0.08604,2.54,89.9872,0.079326,4.4486,5.5237,-6.4945,-27.728,-0.00022449,-1.5089,0.11797,4.2626e-07,0.048966,0,86.4463,0.15977,0.9429,480.1371,1410.4381
38.2042,10810.7548,39.0815,239.9897,9.1813,0.0058374,0.08604,2.54,89.9872,0.079326,4.4486,5.5237,-6.4945,-27.728,-0.00022449,-1.5089,0.11797,4.2626e-07,0.048966,0,86.4463,0.1597,0.91337,480.1371,1410.4381
38.2082,10811.0804,39.0822,239.9893,9.1814,0.0055959,0.10721,1.8287,89.9879,0.13638,4.4486,5.5666,-6.334,-27.8181,-6.8865e-05,-1.477,0.10429,4.2675e-07,0.048977,0,86.5923,0.15955,0.92373,480.1359,1410.4202
38.2165,10811.4061,39.083,239.9891,9.1815,0.0054208,0.12245,1.1315,89.989,0.18682,4.4485,5.5801,-6.9024,-27.9129,5.2554e-05,-1.444,0.081677,4.2724e-07,0.048988,0,86.7384,0.15942,0.90059,480.1348,1410.4023
38.2248,10811.7318,39.0838,239.9892,9.1815,0.0053258,0.13187,0.44837,89.9906,0.22633,4.4485,5.5722,-8.0175,-28.0069,0.00013546,-1.4109,0.05504,4.2772e-07,0.048999,0,86.8844,0.15938,0.87555,480.1336,1410.3843
38.2332,10812.0575,39.0846,239.9894,9.1816,0.0053137,0.13561,-0.22104,89.9925,0.25295,4.4485,5.5551,-9.3815,-28.0972,0.00016438,-1.3782,0.026829,4.2819e-07,0.049009,0,87.0305,0.15943,0.84952,480.1325,1410.3664
38.2415,10812.3832,39.0856,239.9899,9.1816,0.0053703,0.13377,-0.87699,89.9946,0.26592,4.4485,5.5351,-10.8459,-28.1814,0.00014112,-1.3462,-0.0010238,4.2865e-07,0.04902,0,87.1767,0.15957,0.82291,480.1313,1410.3485
38.2498,10812.7089,39.0866,239.9905,9.1817,0.0054722,0.12646,-1.5198,89.9968,0.26543,4.4485,5.5168,-12.2932,-28.2585,7.2721e-05,-1.3152,-0.027016,4.2909e-07,0.049031,0,87.3229,0.15976,0.79593,480.1301,1410.3306
38.2582,10813.0347,39.0876,239.9914,9.1817,0.0055905,0.1138,-2.1499,89.999,0.25236,4.4484,5.5039,-13.6324,-28.328,-2.6528e-05,-1.2854,-0.050199,4.2953e-07,0.049042,0,87.4691,0.15998,0.76866,480.129,1410.3127
38.2665,10813.3604,39.0888,239.9925,9.1818,0.0056958,0.09588,-2.7675,90.0011,0.22809,4.4484,5.4985,-14.8056,-28.39,-0.00018311,-1.2569,-0.070042,4.2995e-07,0.049052,0,87.1181,0.16021,0.74115,480.1278,1410.2948
38.2748,10813.6861,39.0896,239.9926,9.1819,0.0057415,0.072818,-3.373,90.003,0.19421,4.4484,5.2995,-15.7805,-28.4425,-0.00034483,-1.2296,-0.086335,4.3037e-07,0.049063,0,86.7674,0.16031,0.80487,480.1266,1410.2769
38.277,10813.6861,39.0896,239.9926,9.1819,0.0057415,0.072818,-3.373,90.003,0.19421,4.4484,5.2995,-15.7805,-28.4425,-0.00034483,-1.2296,-0.086335,4.3037e-07,0.049063,0,86.7674,0.16028,0.81522,480.1266,1410.2769
38.277,10813.6861,39.0896,239.9926,9.1819,0.0057415,0.072818,-3.373,90.003,0.19421,4.4484,5.2995,-15.7805,-28.4425,-0.00034483,-1.2296,-0.086335,4.3037e-07,0.049063,0,86.7674,0.16028,0.81522,480.1266,1410.2769
38.2832,10814.0119,39.0902,239.992,9.1819,0.0057031,0.044709,-3.9668,90.0046,0.15245,4.4484,5.1115,-16.5442,-28.4884,-0.00047418,-1.0572,-0.099121,4.3077e-07,0.049074,0,86.4169,0.16029,0.87714,480.1255,1410.2589
38.2862,10814.0119,39.0902,239.992,9.1819,0.0057031,0.044709,-3.9668,90.0046,0.15245,4.4484,5.1115,-16.5442,-28.4884,-0.00047418,-1.0572,-0.099121,4.3077e-07,0.049074,0,86.4169,0.16025,0.8722,480.1255,1410.2589
38.2862,10814.0119,39.0902,239.992,9.1819,0.0057031,0.044709,-3.9668,90.0046,0.15245,4.4484,5.1115,-16.5442,-28.4884,-0.00047418,-1.0572,-0.099121,4.3077e-07,0.049074,0,86.4169,0.16025,0.8722,480.1255,1410.2589
38.2915,10814.3376,39.0906,239.9907,9.182,0.0055732,0.011653,-4.4792,90.0059,0.10451,4.4484,4.9325,-15.7716,-28.8975,-0.00047062,0.54559,-0.10862,4.3117e-07,0.049085,0,86.341,0.16014,0.95319,480.1243,1410.241
38.2969,10814.3376,39.0906,239.9907,9.182,0.0055732,0.011653,-4.4792,90.0059,0.10451,4.4484,4.9325,-15.7716,-28.8975,-0.00047062,0.54559,-0.10862,4.3117e-07,0.049085,0,86.341,0.16007,0.91394,480.1243,1410.241
38.2998,10814.6634,39.0913,239.9901,9.182,0.0053924,-0.025674,-4.2271,90.0068,0.051983,4.4484,4.9561,-1.8173,-32.9065,-0.00036296,1.5776,-0.11513,4.3157e-07,0.049096,0,86.4869,0.15998,0.9427,480.1232,1410.2231
38.3082,10814.9892,39.0919,239.9897,9.1821,0.0051923,-0.060899,-3.4827,90.0072,-0.0036985,4.4484,4.9865,7.1404,-35.5046,-0.00019725,1.5478,-0.11909,4.3197e-07,0.049106,0,86.6329,0.15981,0.92375,480.122,1410.2052
38.311,10814.9892,39.0919,239.9897,9.1821,0.0051923,-0.060899,-3.4827,90.0072,-0.0036985,4.4484,4.9865,7.1404,-35.5046,-0.00019725,1.5478,-0.11909,4.3197e-07,0.049106,0,86.6329,0.15977,0.90778,480.122,1410.2052
38.311,10814.9892,39.0919,239.9897,9.1821,0.0051923,-0.060899,-3.4827,90.0072,-0.0036985,4.4484,4.9865,7.1404,-35.5046,-0.00019725,1.5478,-0.11909,4.3197e-07,0.049106,0,86.6329,0.15977,0.90778,480.122,1410.2052
38.3165,10815.3149,39.0927,239.9895,9.1821,0.005007,-0.089922,-2.7529,90.0072,-0.061294,4.4483,5.0233,6.623,-35.4497,-5.1938e-05,1.518,-0.12008,4.3237e-07,0.049117,0,86.7789,0.15967,0.90086,480.1208,1410.1873
38.322,10815.3149,39.0927,239.9895,9.1821,0.005007,-0.089922,-2.7529,90.0072,-0.061294,4.4483,5.0233,6.623,-35.4497,-5.1938e-05,1.518,-0.12008,4.3237e-07,0.049117,0,86.7789,0.15959,0.88325,480.1208,1410.1873
38.3244,10815.3149,39.0927,239.9895,9.1821,0.005007,-0.089922,-2.7529,90.0072,-0.061294,4.4483,5.0233,6.623,-35.4497,-5.1938e-05,1.518,-0.12008,4.3237e-07,0.049117,0,86.7789,0.15956,0.87818,480.1208,1410.1873
38.3244,10815.3149,39.0927,239.9895,9.1821,0.005007,-0.089922,-2.7529,90.0072,-0.061294,4.4483,5.0233,6.623,-35.4497,-5.1938e-05,1.518,-0.12008,4.3237e-07,0.049117,0,86.7789,0.15956,0.87818,480.1208,1410.1873
38.3248,10815.6407,39.0935,239.9895,9.1822,0.004845,-0.11286,-2.0374,90.0067,-0.11937,4.4483,5.0683,6.2904,-35.3917,6.9882e-05,1.4867,-0.11029,4.3278e-07,0.049128,0,86.925,0.15956,0.8761,480.1197,1410.1694
38.3253,10815.6407,39.0935,239.9895,9.1822,0.004845,-0.11286,-2.0374,90.0067,-0.11937,4.4483,5.0683,6.2904,-35.3917,6.9882e-05,1.4867,-0.11029,4.3278e-07,0.049128,0,86.925,0.15955,0.87534,480.1197,1410.1694
38.3262,10815.6407,39.0935,239.9895,9.1822,0.004845,-0.11286,-2.0374,90.0067,-0.11937,4.4483,5.0683,6.2904,-35.3917,6.9882e-05,1.4867,-0.11029,4.3278e-07,0.049128,0,86.925,0.15954,0.87391,480.1197,1410.1694
38.3281,10815.6407,39.0935,239.9895,9.1822,0.004845,-0.11286,-2.0374,90.0067,-0.11937,4.4483,5.0683,6.2904,-35.3917,6.9882e-05,1.4867,-0.11029,4.3278e-07,0.049128,0,86.925,0.15951,0.87144,480.1197,1410.1694
38.3318,10815.6407,39.0935,239.9895,9.1822,0.004845,-0.11286,-2.0374,90.0067,-0.11937,4.4483,5.0683,6.2904,-35.3917,6.9882e-05,1.4867,-0.11029,4.3278e-07,0.049128,0,86.925,0.15946,0.86767,480.1197,1410.1694
38.3332,10815.9665,39.0943,239.9898,9.1822,0.0047242,-0.12984,-1.336,90.0057,-0.17271,4.4483,5.141,6.6173,-35.327,0.0001502,1.4539,-0.089481,4.332e-07,0.049139,0,87.0711,0.1595,0.85033,480.1185,1410.1514
38.3402,10815.9665,39.0943,239.9898,9.1822,0.0047242,-0.12984,-1.336,90.0057,-0.17271,4.4483,5.141,6.6173,-35.327,0.0001502,1.4539,-0.089481,4.332e-07,0.049139,0,87.0711,0.15941,0.85476,480.1185,1410.1514
38.3415,10816.2923,39.0953,239.9902,9.1823,0.0046576,-0.14097,-0.64878,90.0042,-0.21599,4.4483,5.2423,7.6198,-35.2548,0.00018792,1.4207,-0.063649,4.3363e-07,0.049149,0,87.2173,0.15952,0.82395,480.1174,1410.1335
38.3482,10816.2923,39.0953,239.9902,9.1823,0.0046576,-0.14097,-0.64878,90.0042,-0.21599,4.4483,5.2423,7.6198,-35.2548,0.00018792,1.4207,-0.063649,4.3363e-07,0.049149,0,87.2173,0.15942,0.84102,480.1174,1410.1335
38.3498,10816.6181,39.0963,239.9909,9.1823,0.0046496,-0.14638,0.02465,90.0024,-0.24678,4.4482,5.357,8.9331,-35.1777,0.00018153,1.3878,-0.035609,4.3407e-07,0.04916,0,87.3634,0.1596,0.79713,480.1162,1410.1156
38.3582,10816.9439,39.0973,239.9917,9.1824,0.0046938,-0.14618,0.68454,90.0004,-0.264,4.4482,5.4782,10.3865,-35.0967,0.00013294,1.3556,-0.007383,4.3452e-07,0.049171,0,87.5096,0.15975,0.76997,480.115,1410.0977
38.3665,10817.2697,39.0984,239.9928,9.1824,0.0047745,-0.14047,1.3312,89.9982,-0.26757,4.4482,5.6007,11.8572,-35.0127,4.8418e-06,1.3243,0.019354,4.3498e-07,0.049182,0,87.1587,0.15995,0.74251,480.1139,1410.0798
38.3748,10817.5955,39.0992,239.9929,9.1825,0.0048489,-0.12938,1.965,89.9959,-0.25821,4.4481,5.5181,13.2435,-34.9237,-0.00015828,1.2941,0.043504,4.3546e-07,0.049192,0,86.8079,0.16007,0.80625,480.1127,1410.0619
38.3832,10817.9213,39.0998,239.9923,9.1825,0.0048871,-0.113,2.5863,89.9938,-0.23717,4.4481,5.4316,14.4783,-34.8326,-0.00033203,1.2652,0.064424,4.3595e-07,0.049203,0,86.4575,0.16013,0.8785,480.1116,1410.0439
38.3915,10818.2472,39.1002,239.991,9.1826,0.0048657,-0.091451,3.1953,89.9918,-0.20601,4.4481,5.3391,15.5225,-34.741,-0.00040781,1.2375,0.081817,4.3644e-07,0.049214,0,86.4372,0.16008,0.95397,480.1104,1410.026
38.3987,10818.2472,39.1002,239.991,9.1826,0.0048657,-0.091451,3.1953,89.9918,-0.20601,4.4481,5.3391,15.5225,-34.741,-0.00040781,1.2375,0.081817,4.3644e-07,0.049214,0,86.4372,0.15998,0.90506,480.1104,1410.026
38.3987,10818.2472,39.1002,239.991,9.1826,0.0048657,-0.091451,3.1953,89.9918,-0.20601,4.4481,5.3391,15.5225,-34.741,-0.00040781,1.2375,0.081817,4.3644e-07,0.049214,0,86.4372,0.15998,0.90506,480.1104,1410.026
38.3998,10818.573,39.1008,239.9904,9.1826,0.0048097,-0.064823,3.7925,89.9901,-0.16644,4.4481,5.4328,16.3579,-34.6551,-0.00040785,1.1639,0.095659,4.3695e-07,0.049225,0,86.5831,0.16004,0.94277,480.1092,1410.0081
38.4001,10818.573,39.1008,239.9904,9.1826,0.0048097,-0.064823,3.7925,89.9901,-0.16644,4.4481,5.4328,16.3579,-34.6551,-0.00040785,1.1639,0.095659,4.3695e-07,0.049225,0,86.5831,0.16004,0.94047,480.1092,1410.0081
38.4001,10818.573,39.1008,239.9904,9.1826,0.0048097,-0.064823,3.7925,89.9901,-0.16644,4.4481,5.4328,16.3579,-34.6551,-0.00040785,1.1639,0.095659,4.3695e-07,0.049225,0,86.5831,0.16004,0.94047,480.1092,1410.0081
38.4013,10818.573,39.1008,239.9904,9.1826,0.0048097,-0.064823,3.7925,89.9901,-0.16644,4.4481,5.4328,16.3579,-34.6551,-0.00040785,1.1639,0.095659,4.3695e-07,0.049225,0,86.5831,0.16002,0.93168,480.1092,1410.0081
38.4024,10818.573,39.1008,239.9904,9.1826,0.0048097,-0.064823,3.7925,89.9901,-0.16644,4.4481,5.4328,16.3579,-34.6551,-0.00040785,1.1639,0.095659,4.3695e-07,0.049225,0,86.5831,0.16001,0.92384,480.1092,1410.0081
38.4047,10818.573,39.1008,239.9904,9.1826,0.0048097,-0.064823,3.7925,89.9901,-0.16644,4.4481,5.4328,16.3579,-34.6551,-0.00040785,1.1639,0.095659,4.3695e-07,0.049225,0,86.5831,0.15997,0.9106,480.1092,1410.0081
38.4082,10818.8988,39.1015,239.99,9.1827,0.0047321,-0.033219,4.3556,89.9887,-0.12018,4.4481,5.5161,16.5547,-34.4565,-0.00032981,0.0082238,0.10613,4.3747e-07,0.049235,0,86.7291,0.15999,0.92347,480.1081,1409.9902
38.4165,10819.2247,39.1023,239.9898,9.1827,0.0046471,0.0030776,4.3677,89.9877,-0.06885,4.4481,5.5896,6.7169,-31.5675,-0.00022046,-1.583,0.11351,4.3799e-07,0.049246,0,86.8751,0.15995,0.90066,480.1069,1409.9723
38.4248,10819.5505,39.103,239.9898,9.1828,0.0045477,0.039475,3.6207,89.9871,-0.013951,4.4481,5.6552,-7.2705,-27.608,-0.00010001,-1.5533,0.1182,4.3851e-07,0.049257,0,87.0212,0.1599,0.87609,480.1058,1409.9544
38.4263,10819.5505,39.103,239.9898,9.1828,0.0045477,0.039475,3.6207,89.9871,-0.013951,4.4481,5.6552,-7.2705,-27.608,-0.00010001,-1.5533,0.1182,4.3851e-07,0.049257,0,87.0212,0.15988,0.87386,480.1058,1409.9544
38.4263,10819.5505,39.103,239.9898,9.1828,0.0045477,0.039475,3.6207,89.9871,-0.013951,4.4481,5.6552,-7.2705,-27.608,-0.00010001,-1.5533,0.1182,4.3851e-07,0.049257,0,87.0212,0.15988,0.87386,480.1058,1409.9544
38.4332,10819.8764,39.1039,239.9901,9.1828,0.0044386,0.069647,2.8881,89.987,0.043215,4.448,5.7144,-6.7155,-27.6995,-7.337e-06,-1.5237,0.12034,4.3903e-07,0.049268,0,87.1673,0.15986,0.85059,480.1046,1409.9364
38.4391,10819.8764,39.1039,239.9901,9.1828,0.0044386,0.069647,2.8881,89.987,0.043215,4.448,5.7144,-6.7155,-27.6995,-7.337e-06,-1.5237,0.12034,4.3903e-07,0.049268,0,87.1673,0.15978,0.85441,480.1046,1409.9364
38.4391,10819.8764,39.1039,239.9901,9.1828,0.0044386,0.069647,2.8881,89.987,0.043215,4.448,5.7144,-6.7155,-27.6995,-7.337e-06,-1.5237,0.12034,4.3903e-07,0.049268,0,87.1673,0.15978,0.85441,480.1046,1409.9364
38.4415,10820.2023,39.1048,239.9905,9.1829,0.0043231,0.093715,2.1699,89.9874,0.10142,4.448,5.768,-6.3176,-27.7876,5.9754e-05,-1.493,0.11428,4.3955e-07,0.049279,0,87.3134,0.15982,0.8245,480.1034,1409.9185
38.444,10820.2023,39.1048,239.9905,9.1829,0.0043231,0.093715,2.1699,89.9874,0.10142,4.448,5.768,-6.3176,-27.7876,5.9754e-05,-1.493,0.11428,4.3955e-07,0.049279,0,87.3134,0.15979,0.83197,480.1034,1409.9185
38.4488,10820.2023,39.1048,239.9905,9.1829,0.0043231,0.093715,2.1699,89.9874,0.10142,4.448,5.768,-6.3176,-27.7876,5.9754e-05,-1.493,0.11428,4.3955e-07,0.049279,0,87.3134,0.15972,0.8424,480.1034,1409.9185
38.4498,10820.5282,39.1058,239.9912,9.1829,0.0042136,0.1118,1.4659,89.9882,0.15669,4.4479,5.8018,-6.4217,-27.8753,9.7649e-05,-1.4603,0.095234,4.4006e-07,0.049289,0,87.4596,0.1598,0.79795,480.1023,1409.9006
38.4549,10820.5282,39.1058,239.9912,9.1829,0.0042136,0.1118,1.4659,89.9882,0.15669,4.4479,5.8018,-6.4217,-27.8753,9.7649e-05,-1.4603,0.095234,4.4006e-07,0.049289,0,87.4596,0.15974,0.82188,480.1023,1409.9006
38.4582,10820.854,39.1069,239.992,9.183,0.0041288,0.12401,0.77599,89.9895,0.20275,4.4479,5.8041,-7.318,-27.9646,0.00010623,-1.4272,0.07021,4.4056e-07,0.0493,0,87.6057,0.15982,0.77102,480.1011,1409.8827
38.4665,10821.1799,39.108,239.9931,9.183,0.0040806,0.13048,0.099956,89.9912,0.23671,4.4479,5.7923,-8.5819,-28.0518,4.2323e-05,-1.3943,0.042493,4.4105e-07,0.049311,0,87.2548,0.15989,0.74374,480.1,1409.8648
38.4748,10821.5058,39.1088,239.9931,9.1831,0.0040509,0.13131,-0.56248,89.9932,0.25726,4.4478,5.5726,-10.0141,-28.1324,-6.1411e-05,-1.3619,0.014108,4.4154e-07,0.049322,0,86.9041,0.15992,0.80756,480.0988,1409.8468
38.4832,10821.8317,39.1094,239.9925,9.1831,0.0040275,0.12663,-1.2116,89.9953,0.26408,4.4478,5.354,-11.4913,-28.2069,-0.00019175,-1.3303,-0.013122,4.4201e-07,0.049332,0,86.5537,0.15991,0.87986,480.0976,1409.8289
38.4915,10822.1577,39.1098,239.9912,9.1832,0.0039946,0.11653,-1.8478,89.9975,0.25774,4.4478,5.1408,-12.9032,-28.275,-0.00024919,-1.2999,-0.037971,4.4247e-07,0.049343,0,86.5294,0.15985,0.95533,480.0965,1409.811
38.4998,10822.4836,39.1103,239.9906,9.1832,0.003976,0.10113,-2.4714,89.9997,0.23937,4.4478,5.129,-14.1751,-28.3418,-0.00026743,-1.2707,-0.059706,4.4292e-07,0.049354,0,86.6753,0.15984,0.94415,480.0953,1409.7931
38.5082,10822.8095,39.111,239.9902,9.1833,0.0039734,0.080535,-3.0827,90.0017,0.2105,4.4478,5.1248,-15.2626,-28.405,-0.00024396,-1.2427,-0.077954,4.4336e-07,0.049365,0,86.8213,0.15986,0.92448,480.0941,1409.7752
38.5138,10822.8095,39.111,239.9902,9.1833,0.0039734,0.080535,-3.0827,90.0017,0.2105,4.4478,5.1248,-15.2626,-28.405,-0.00024396,-1.2427,-0.077954,4.4336e-07,0.049365,0,86.8213,0.15978,0.89631,480.0941,1409.7752
38.5138,10822.8095,39.111,239.9902,9.1833,0.0039734,0.080535,-3.0827,90.0017,0.2105,4.4478,5.1248,-15.2626,-28.405,-0.00024396,-1.2427,-0.077954,4.4336e-07,0.049365,0,86.8213,0.15978,0.89631,480.0941,1409.7752
38.5165,10823.1354,39.1117,239.99,9.1833,0.0039857,0.054846,-3.6821,90.0034,0.1728,4.4478,5.1292,-16.1428,-28.4644,-0.00022169,-1.216,-0.092635,4.4379e-07,0.049375,0,86.9673,0.15991,0.90093,480.093,1409.7572
38.5192,10823.1354,39.1117,239.99,9.1833,0.0039857,0.054846,-3.6821,90.0034,0.1728,4.4478,5.1292,-16.1428,-28.4644,-0.00022169,-1.216,-0.092635,4.4379e-07,0.049375,0,86.9673,0.15987,0.89112,480.093,1409.7572
38.5248,10823.4613,39.1125,239.9901,9.1833,0.0039898,0.024162,-4.2699,90.0049,0.12799,4.4478,5.1419,-16.8108,-28.5177,-0.00018346,-0.27628,-0.10388,4.4421e-07,0.049386,0,87.1133,0.15997,0.87589,480.0918,1409.7393
38.5329,10823.4613,39.1125,239.9901,9.1833,0.0039898,0.024162,-4.2699,90.0049,0.12799,4.4478,5.1419,-16.8108,-28.5177,-0.00018346,-0.27628,-0.10388,4.4421e-07,0.049386,0,87.1133,0.15986,0.86676,480.0918,1409.7393
38.5329,10823.4613,39.1125,239.9901,9.1833,0.0039898,0.024162,-4.2699,90.0049,0.12799,4.4478,5.1419,-16.8108,-28.5177,-0.00018346,-0.27628,-0.10388,4.4421e-07,0.049386,0,87.1133,0.15986,0.86676,480.0918,1409.7393
38.5332,10823.7873,39.1133,239.9903,9.1834,0.0039708,-0.01142,-4.4098,90.0059,0.077753,4.4477,5.162,-8.9804,-30.8625,-0.0001251,1.3758,-0.11194,4.4463e-07,0.049397,0,87.2594,0.16001,0.8504,480.0907,1409.7214
38.5335,10823.7873,39.1133,239.9903,9.1834,0.0039708,-0.01142,-4.4098,90.0059,0.077753,4.4477,5.162,-8.9804,-30.8625,-0.0001251,1.3758,-0.11194,4.4463e-07,0.049397,0,87.2594,0.16001,0.85068,480.0907,1409.7214
38.5342,10823.7873,39.1133,239.9903,9.1834,0.0039708,-0.01142,-4.4098,90.0059,0.077753,4.4477,5.162,-8.9804,-30.8625,-0.0001251,1.3758,-0.11194,4.4463e-07,0.049397,0,87.2594,0.16,0.85122,480.0907,1409.7214
38.5355,10823.7873,39.1133,239.9903,9.1834,0.0039708,-0.01142,-4.4098,90.0059,0.077753,4.4477,5.162,-8.9804,-30.8625,-0.0001251,1.3758,-0.11194,4.4463e-07,0.049397,0,87.2594,0.15998,0.85219,480.0907,1409.7214
38.538,10823.7873,39.1133,239.9903,9.1834,0.0039708,-0.01142,-4.4098,90.0059,0.077753,4.4477,5.162,-8.9804,-30.8625,-0.0001251,1.3758,-0.11194,4.4463e-07,0.049397,0,87.2594,0.15994,0.8538,480.0907,1409.7214
38.5415,10824.1132,39.1142,239.9907,9.1834,0.0039154,-0.048168,-3.7615,90.0066,0.023612,4.4477,5.1898,5.5083,-35.0066,-5.5128e-05,1.5589,-0.11725,4.4505e-07,0.049408,0,87.4055,0.16003,0.82446,480.0895,1409.7035
38.5424,10824.1132,39.1142,239.9907,9.1834,0.0039154,-0.048168,-3.7615,90.0066,0.023612,4.4477,5.1898,5.5083,-35.0066,-5.5128e-05,1.5589,-0.11725,4.4505e-07,0.049408,0,87.4055,0.16002,0.82726,480.0895,1409.7035
38.5424,10824.1132,39.1142,239.9907,9.1834,0.0039154,-0.048168,-3.7615,90.0066,0.023612,4.4477,5.1898,5.5083,-35.0066,-5.5128e-05,1.5589,-0.11725,4.4505e-07,0.049408,0,87.4055,0.16002,0.82726,480.0895,1409.7035
38.5498,10824.4392,39.1152,239.9914,9.1835,0.0038241,-0.079514,-3.0263,90.0068,-0.033093,4.4476,5.2248,6.8381,-35.4793,-2.0839e-06,1.5293,-0.12016,4.4548e-07,0.049419,0,87.5517,0.16003,0.79816,480.0883,1409.6856
38.555,10824.4392,39.1152,239.9914,9.1835,0.0038241,-0.079514,-3.0263,90.0068,-0.033093,4.4476,5.2248,6.8381,-35.4793,-2.0839e-06,1.5293,-0.12016,4.4548e-07,0.049419,0,87.5517,0.15996,0.82264,480.0883,1409.6856
38.555,10824.4392,39.1152,239.9914,9.1835,0.0038241,-0.079514,-3.0263,90.0068,-0.033093,4.4476,5.2248,6.8381,-35.4793,-2.0839e-06,1.5293,-0.12016,4.4548e-07,0.049419,0,87.5517,0.15996,0.82264,480.0883,1409.6856
38.5582,10824.7652,39.1163,239.9922,9.1835,0.0037039,-0.10473,-2.3054,90.0065,-0.091208,4.4476,5.2664,6.3872,-35.4174,3.6458e-05,1.4988,-0.11605,4.4591e-07,0.049429,0,87.6979,0.16002,0.77151,480.0872,1409.6676
38.5613,10824.7652,39.1163,239.9922,9.1835,0.0037039,-0.10473,-2.3054,90.0065,-0.091208,4.4476,5.2664,6.3872,-35.4174,3.6458e-05,1.4988,-0.11605,4.4591e-07,0.049429,0,87.6979,0.15997,0.79498,480.0872,1409.6676
38.5665,10825.0911,39.1174,239.9933,9.1836,0.0035712,-0.12394,-1.5987,90.0058,-0.14733,4.4475,5.3263,6.3678,-35.351,1.4948e-05,1.4665,-0.099156,4.4634e-07,0.04944,0,87.3469,0.16,0.74449,480.086,1409.6497
38.5748,10825.4171,39.1182,239.9933,9.1836,0.0034311,-0.13727,-0.90612,90.0045,-0.19529,4.4475,5.2169,7.13,-35.2749,-3.5578e-05,1.4335,-0.075121,4.4679e-07,0.049451,0,86.9963,0.15991,0.80852,480.0849,1409.6318
38.5832,10825.7431,39.1187,239.9927,9.1836,0.0032981,-0.14482,-0.22748,90.0029,-0.23162,4.4475,5.1282,8.3319,-35.1933,-0.00010702,1.4005,-0.047842,4.4725e-07,0.049462,0,86.6459,0.15979,0.88097,480.0837,1409.6139
38.5915,10826.0691,39.1191,239.9914,9.1837,0.0031809,-0.14671,0.43751,90.001,-0.25476,4.4475,5.0504,9.7367,-35.1085,-0.00011112,1.3679,-0.019517,4.4772e-07,0.049472,0,86.5963,0.15964,0.95654,480.0825,1409.596
38.5998,10826.3951,39.1197,239.9908,9.1837,0.0031206,-0.14307,1.0891,89.9988,-0.2642,4.4475,5.1707,11.211,-35.0266,-9.2764e-05,1.3362,0.0079858,4.482e-07,0.049483,0,86.7422,0.15959,0.94543,480.0814,1409.578
38.6082,10826.7211,39.1203,239.9904,9.1837,0.0031266,-0.13399,1.7277,89.9966,-0.26034,4.4474,5.2893,12.6413,-34.9456,-5.8486e-05,1.3056,0.033323,4.4869e-07,0.049494,0,86.8881,0.15962,0.9258,480.0802,1409.5601
38.6165,10827.0471,39.121,239.9902,9.1838,0.0031964,-0.11959,2.3537,89.9945,-0.24422,4.4474,5.4028,13.946,-34.8655,-6.0613e-05,1.2761,0.055672,4.492e-07,0.049505,0,87.0341,0.15972,0.9023,480.0791,1409.5422
38.6248,10827.3731,39.1218,239.9902,9.1838,0.0032964,-0.09998,2.9673,89.9924,-0.2173,4.4474,5.5092,15.0749,-34.7836,-8.5086e-05,1.248,0.074593,4.4971e-07,0.049515,0,87.1802,0.15987,0.87702,480.0779,1409.5243
38.6275,10827.3731,39.1218,239.9902,9.1838,0.0032964,-0.09998,2.9673,89.9924,-0.2173,4.4474,5.5092,15.0749,-34.7836,-8.5086e-05,1.248,0.074593,4.4971e-07,0.049515,0,87.1802,0.15983,0.87293,480.0779,1409.5243
38.6275,10827.3731,39.1218,239.9902,9.1838,0.0032964,-0.09998,2.9673,89.9924,-0.2173,4.4474,5.5092,15.0749,-34.7836,-8.5086e-05,1.248,0.074593,4.4971e-07,0.049515,0,87.1802,0.15983,0.87293,480.0779,1409.5243
38.6332,10827.6991,39.1226,239.9904,9.1839,0.0033951,-0.075252,3.5689,89.9906,-0.18122,4.4474,5.6074,16.0012,-34.7007,-0.00012469,1.221,0.089952,4.5024e-07,0.049526,0,87.3262,0.16003,0.85084,480.0767,1409.5063
38.6385,10827.6991,39.1226,239.9904,9.1839,0.0033951,-0.075252,3.5689,89.9906,-0.18122,4.4474,5.6074,16.0012,-34.7007,-0.00012469,1.221,0.089952,4.5024e-07,0.049526,0,87.3262,0.15995,0.85435,480.0767,1409.5063
38.6385,10827.6991,39.1226,239.9904,9.1839,0.0033951,-0.075252,3.5689,89.9906,-0.18122,4.4474,5.6074,16.0012,-34.7007,-0.00012469,1.221,0.089952,4.5024e-07,0.049526,0,87.3262,0.15995,0.85435,480.0767,1409.5063
38.6415,10828.0251,39.1235,239.9909,9.1839,0.0034626,-0.045512,4.1588,89.9891,-0.13772,4.4473,5.6964,16.7166,-34.6172,-0.00015324,0.65219,0.10185,4.5078e-07,0.049537,0,87.4723,0.16017,0.8243,480.0756,1409.4884
38.6445,10828.0251,39.1235,239.9909,9.1839,0.0034626,-0.045512,4.1588,89.9891,-0.13772,4.4473,5.6964,16.7166,-34.6172,-0.00015324,0.65219,0.10185,4.5078e-07,0.049537,0,87.4723,0.16013,0.8333,480.0756,1409.4884
38.647,10828.0251,39.1235,239.9909,9.1839,0.0034626,-0.045512,4.1588,89.9891,-0.13772,4.4473,5.6964,16.7166,-34.6172,-0.00015324,0.65219,0.10185,4.5078e-07,0.049537,0,87.4723,0.16009,0.83903,480.0756,1409.4884
38.647,10828.0251,39.1235,239.9909,9.1839,0.0034626,-0.045512,4.1588,89.9891,-0.13772,4.4473,5.6964,16.7166,-34.6172,-0.00015324,0.65219,0.10185,4.5078e-07,0.049537,0,87.4723,0.16009,0.83903,480.0756,1409.4884
38.6498,10828.3512,39.1244,239.9915,9.1839,0.0034809,-0.010855,4.4781,89.988,-0.088463,4.4473,5.7754,12.2956,-33.183,-0.00015698,-0.99943,0.1105,4.5132e-07,0.049548,0,87.6185,0.16028,0.798,480.0744,1409.4705
38.6527,10828.3512,39.1244,239.9915,9.1839,0.0034809,-0.010855,4.4781,89.988,-0.088463,4.4473,5.7754,12.2956,-33.183,-0.00015698,-0.99943,0.1105,4.5132e-07,0.049548,0,87.6185,0.16024,0.81301,480.0744,1409.4705
38.6582,10828.6772,39.1255,239.9924,9.184,0.0034384,0.026463,4.0094,89.9872,-0.035023,4.4472,5.846,-2.1592,-29.0608,-0.0001289,-1.5688,0.11632,4.5186e-07,0.049558,0,87.7013,0.16034,0.77149,480.0732,1409.4526
38.6665,10829.0032,39.1266,239.9935,9.184,0.003339,0.059874,3.2694,89.9869,0.021234,4.4472,5.9095,-6.9699,-27.6509,-0.00014277,-1.5391,0.11966,4.5241e-07,0.049569,0,87.3504,0.16035,0.74471,480.0721,1409.4347
38.6705,10829.0032,39.1266,239.9935,9.184,0.003339,0.059874,3.2694,89.9869,0.021234,4.4472,5.9095,-6.9699,-27.6509,-0.00014277,-1.5391,0.11966,4.5241e-07,0.049569,0,87.3504,0.1603,0.78191,480.0721,1409.4347
38.6705,10829.0032,39.1266,239.9935,9.184,0.003339,0.059874,3.2694,89.9869,0.021234,4.4472,5.9095,-6.9699,-27.6509,-0.00014277,-1.5391,0.11966,4.5241e-07,0.049569,0,87.3504,0.1603,0.78191,480.0721,1409.4347
38.6748,10829.3293,39.1273,239.9935,9.1841,0.003174,0.087119,2.5438,89.9871,0.079108,4.4471,5.7653,-6.4979,-27.734,-0.0001693,-1.5089,0.11796,4.5295e-07,0.04958,0,86.9997,0.16024,0.80906,480.0709,1409.4167
38.6792,10829.3293,39.1273,239.9935,9.1841,0.003174,0.087119,2.5438,89.9871,0.079108,4.4471,5.7653,-6.4979,-27.734,-0.0001693,-1.5089,0.11796,4.5295e-07,0.04958,0,86.9997,0.16018,0.82628,480.0709,1409.4167
38.6832,10829.6554,39.1279,239.9928,9.1841,0.0029578,0.10832,1.8324,89.9878,0.13616,4.4471,5.6112,-6.3348,-27.8156,-0.0002012,-1.477,0.10435,4.5348e-07,0.049591,0,86.6494,0.16003,0.88175,480.0698,1409.3988
38.6915,10829.9814,39.1283,239.9916,9.1841,0.0027184,0.12359,1.1352,89.9889,0.18663,4.4471,5.4299,-6.8994,-27.8996,-0.00015195,-1.4441,0.08177,4.5401e-07,0.049602,0,86.6341,0.15977,0.95754,480.0686,1409.3809
38.6998,10830.3075,39.1289,239.9909,9.1842,0.0025248,0.13305,0.45207,89.9905,0.22618,4.4471,5.4218,-8.0122,-27.9893,-7.0348e-05,-1.411,0.055158,4.5453e-07,0.049612,0,86.78,0.15958,0.94662,480.0674,1409.363
38.7082,10830.6336,39.1295,239.9905,9.1842,0.0024137,0.13681,-0.21735,89.9924,0.25285,4.447,5.404,-9.3747,-28.0793,2.7143e-05,-1.3782,0.026961,4.5504e-07,0.049623,0,86.926,0.15949,0.92712,480.0663,1409.345
38.7165,10830.9597,39.1301,239.9903,9.1842,0.0024042,0.135,-0.87333,89.9945,0.26589,4.447,5.3827,-10.8381,-28.1671,7.6094e-05,-1.3463,-0.00088625,4.5553e-07,0.049634,0,87.0719,0.15951,0.90371,480.0651,1409.3271
38.7248,10831.2857,39.1309,239.9903,9.1843,0.0024748,0.12773,-1.5162,89.9967,0.26547,4.447,5.3631,-12.2851,-28.248,8.0068e-05,-1.3153,-0.02688,4.5602e-07,0.049645,0,87.218,0.15962,0.87847,480.064,1409.3092
38.7332,10831.6118,39.1317,239.9905,9.1843,0.0025966,0.11509,-2.1463,89.9989,0.25247,4.4469,5.3489,-13.6243,-28.3213,3.7128e-05,-1.2855,-0.050069,4.5649e-07,0.049655,0,87.364,0.1598,0.85231,480.0628,1409.2913
38.7415,10831.9379,39.1325,239.991,9.1843,0.0027327,0.097206,-2.7639,90.001,0.22825,4.4469,5.3423,-14.7978,-28.3862,-3.6292e-05,-1.257,-0.06992,4.5695e-07,0.049666,0,87.5101,0.16,0.82566,480.0616,1409.2733
38.7498,10832.264,39.1335,239.9916,9.1844,0.0028491,0.074173,-3.3694,90.0029,0.19444,4.4469,5.3444,-15.7732,-28.4434,-0.00012166,-1.2297,-0.086225,4.574e-07,0.049677,0,87.6563,0.1602,0.79867,480.0605,1409.2554
38.752,10832.264,39.1335,239.9916,9.1844,0.0028491,0.074173,-3.3694,90.0029,0.19444,4.4469,5.3444,-15.7732,-28.4434,-0.00012166,-1.2297,-0.086225,4.574e-07,0.049677,0,87.6563,0.16018,0.81019,480.0605,1409.2554
38.752,10832.264,39.1335,239.9916,9.1844,0.0028491,0.074173,-3.3694,90.0029,0.19444,4.4469,5.3444,-15.7732,-28.4434,-0.00012166,-1.2297,-0.086225,4.574e-07,0.049677,0,87.6563,0.16018,0.81019,480.0605,1409.2554
38.7582,10832.5902,39.1345,239.9925,9.1844,0.0029182,0.046095,-3.9632,90.0045,0.15274,4.4468,5.3555,-16.5378,-28.4938,-0.0001882,-1.0582,-0.099024,4.5785e-07,0.049688,0,87.7961,0.16037,0.77144,480.0593,1409.2375
38.7611,10832.5902,39.1345,239.9925,9.1844,0.0029182,0.046095,-3.9632,90.0045,0.15274,4.4468,5.3555,-16.5378,-28.4938,-0.0001882,-1.0582,-0.099024,4.5785e-07,0.049688,0,87.7961,0.16033,0.79354,480.0593,1409.2375
38.7611,10832.5902,39.1345,239.9925,9.1844,0.0029182,0.046095,-3.9632,90.0045,0.15274,4.4468,5.3555,-16.5378,-28.4938,-0.0001882,-1.0582,-0.099024,4.5785e-07,0.049688,0,87.7961,0.16033,0.79354,480.0593,1409.2375
38.7665,10832.9163,39.1356,239.9936,9.1844,0.0029261,0.013068,-4.4761,90.0058,0.10484,4.4468,5.3738,-15.774,-28.9049,-0.00026798,0.53671,-0.10853,4.5829e-07,0.049698,0,87.4452,0.1605,0.74454,480.0581,1409.2196
38.7719,10832.9163,39.1356,239.9936,9.1844,0.0029261,0.013068,-4.4761,90.0058,0.10484,4.4468,5.3738,-15.774,-28.9049,-0.00026798,0.53671,-0.10853,4.5829e-07,0.049698,0,87.4452,0.16042,0.79191,480.0581,1409.2196
38.7748,10833.2424,39.1363,239.9936,9.1845,0.0028436,-0.024233,-4.2282,90.0067,0.052354,4.4467,5.1978,-1.8926,-32.8894,-0.00030816,1.5775,-0.11506,4.5873e-07,0.049709,0,87.0946,0.16046,0.80891,480.057,1409.2016
38.7832,10833.5686,39.1369,239.9929,9.1845,0.0026712,-0.059468,-3.4839,90.0071,-0.0032925,4.4467,5.0311,7.1439,-35.501,-0.00033072,1.5477,-0.11903,4.5916e-07,0.04972,0,86.7443,0.1603,0.88181,480.0558,1409.1837
38.786,10833.5686,39.1369,239.9929,9.1845,0.0026712,-0.059468,-3.4839,90.0071,-0.0032925,4.4467,5.0311,7.1439,-35.501,-0.00033072,1.5477,-0.11903,4.5916e-07,0.04972,0,86.7443,0.16026,0.87606,480.0558,1409.1837
38.786,10833.5686,39.1369,239.9929,9.1845,0.0026712,-0.059468,-3.4839,90.0071,-0.0032925,4.4467,5.0311,7.1439,-35.501,-0.00033072,1.5477,-0.11903,4.5916e-07,0.04972,0,86.7443,0.16026,0.87606,480.0558,1409.1837
38.7915,10833.8947,39.1373,239.9916,9.1845,0.0024239,-0.0885,-2.7541,90.0071,-0.060858,4.4467,4.873,6.6261,-35.4353,-0.00025819,1.5179,-0.12003,4.596e-07,0.049731,0,86.624,0.16002,0.95785,480.0547,1409.1658
38.797,10833.8947,39.1373,239.9916,9.1845,0.0024239,-0.0885,-2.7541,90.0071,-0.060858,4.4467,4.873,6.6261,-35.4353,-0.00025819,1.5179,-0.12003,4.596e-07,0.049731,0,86.624,0.15995,0.91584,480.0547,1409.1658
38.7993,10833.8947,39.1373,239.9916,9.1845,0.0024239,-0.0885,-2.7541,90.0071,-0.060858,4.4467,4.873,6.6261,-35.4353,-0.00025819,1.5179,-0.12003,4.596e-07,0.049731,0,86.624,0.15992,0.9042,480.0547,1409.1658
38.7993,10833.8947,39.1373,239.9916,9.1845,0.0024239,-0.0885,-2.7541,90.0071,-0.060858,4.4467,4.873,6.6261,-35.4353,-0.00025819,1.5179,-0.12003,4.596e-07,0.049731,0,86.624,0.15992,0.9042,480.0547,1409.1658
38.7998,10834.2208,39.1378,239.991,9.1846,0.0021651,-0.11145,-2.0386,90.0066,-0.11891,4.4466,4.9177,6.2927,-35.3729,-0.00013815,1.4866,-0.11031,4.6005e-07,0.049742,0,86.7698,0.15977,0.94721,480.0535,1409.1479
38.8004,10834.2208,39.1378,239.991,9.1846,0.0021651,-0.11145,-2.0386,90.0066,-0.11891,4.4466,4.9177,6.2927,-35.3729,-0.00013815,1.4866,-0.11031,4.6005e-07,0.049742,0,86.7698,0.15976,0.94284,480.0535,1409.1479
38.8014,10834.2208,39.1378,239.991,9.1846,0.0021651,-0.11145,-2.0386,90.0066,-0.11891,4.4466,4.9177,6.2927,-35.3729,-0.00013815,1.4866,-0.11031,4.6005e-07,0.049742,0,86.7698,0.15975,0.93474,480.0535,1409.1479
38.8034,10834.2208,39.1378,239.991,9.1846,0.0021651,-0.11145,-2.0386,90.0066,-0.11891,4.4466,4.9177,6.2927,-35.3729,-0.00013815,1.4866,-0.11031,4.6005e-07,0.049742,0,86.7698,0.15972,0.92081,480.0535,1409.1479
38.8075,10834.2208,39.1378,239.991,9.1846,0.0021651,-0.11145,-2.0386,90.0066,-0.11891,4.4466,4.9177,6.2927,-35.3729,-0.00013815,1.4866,-0.11031,4.6005e-07,0.049742,0,86.7698,0.15967,0.90021,480.0535,1409.1479
38.8082,10834.547,39.1384,239.9906,9.1846,0.0019462,-0.12844,-1.3373,90.0056,-0.17226,4.4466,4.9895,6.6158,-35.308,1.0463e-05,1.4538,-0.08953,4.605e-07,0.049752,0,86.9158,0.15957,0.92797,480.0523,1409.1299
38.8116,10834.547,39.1384,239.9906,9.1846,0.0019462,-0.12844,-1.3373,90.0056,-0.17226,4.4466,4.9895,6.6158,-35.308,1.0463e-05,1.4538,-0.08953,4.605e-07,0.049752,0,86.9158,0.15952,0.90821,480.0523,1409.1299
38.8165,10834.8731,39.1391,239.9904,9.1846,0.001814,-0.13958,-0.65012,90.0041,-0.21556,4.4466,5.0894,7.6161,-35.2394,0.00012036,1.4207,-0.063723,4.6097e-07,0.049763,0,87.0617,0.15947,0.90478,480.0512,1409.112
38.8248,10835.1993,39.1398,239.9903,9.1846,0.0017744,-0.145,0.023271,90.0023,-0.24638,4.4465,5.2028,8.9279,-35.1661,0.00018664,1.3878,-0.035701,4.6144e-07,0.049774,0,87.2077,0.15947,0.87971,480.05,1409.0941
38.8332,10835.5255,39.1406,239.9906,9.1847,0.0018212,-0.14481,0.68313,90.0003,-0.26365,4.4465,5.3227,10.3802,-35.0889,0.00019501,1.3555,-0.0074853,4.6193e-07,0.049785,0,87.3538,0.15956,0.85366,480.0488,1409.0762
38.8415,10835.8516,39.1414,239.991,9.1847,0.0019315,-0.13912,1.3298,89.9981,-0.26727,4.4465,5.444,11.8503,-35.0078,0.00015106,1.3242,0.019245,4.6243e-07,0.049795,0,87.4999,0.15974,0.82707,480.0477,1409.0582
38.8498,10836.1778,39.1423,239.9916,9.1847,0.0020752,-0.12803,1.9635,89.9959,-0.25796,4.4464,5.5623,13.2361,-34.9236,6.5547e-05,1.2941,0.043394,4.6294e-07,0.049806,0,87.646,0.15996,0.80012,480.0465,1409.0403
38.8582,10836.504,39.1433,239.9925,9.1847,0.0022196,-0.11167,2.5848,89.9937,-0.23697,4.4464,5.6748,14.471,-34.8373,-4.3872e-05,1.2652,0.064317,4.6347e-07,0.049817,0,87.7922,0.1602,0.77289,480.0454,1409.0224
38.8665,10836.8302,39.1444,239.9936,9.1848,0.0023349,-0.090131,3.1938,89.9917,-0.20587,4.4463,5.7796,15.5156,-34.7498,-0.00020145,1.2375,0.081717,4.64e-07,0.049828,0,87.4413,0.16043,0.74542,480.0442,1409.0044
38.8737,10836.8302,39.1444,239.9936,9.1848,0.0023349,-0.090131,3.1938,89.9917,-0.20587,4.4463,5.7796,15.5156,-34.7498,-0.00020145,1.2375,0.081717,4.64e-07,0.049828,0,87.4413,0.16033,0.80328,480.0442,1409.0044
38.8737,10836.8302,39.1444,239.9936,9.1848,0.0023349,-0.090131,3.1938,89.9917,-0.20587,4.4463,5.7796,15.5156,-34.7498,-0.00020145,1.2375,0.081717,4.64e-07,0.049828,0,87.4413,0.16033,0.80328,480.0442,1409.0044
38.8748,10837.1564,39.1451,239.9936,9.1848,0.0023764,-0.063516,3.791,89.99,-0.16635,4.4463,5.6738,16.3516,-34.6596,-0.00034789,1.1659,0.095567,4.6455e-07,0.049838,0,87.0907,0.16051,0.80907,480.043,1408.9865
38.8751,10837.1564,39.1451,239.9936,9.1848,0.0023764,-0.063516,3.791,89.99,-0.16635,4.4463,5.6738,16.3516,-34.6596,-0.00034789,1.1659,0.095567,4.6455e-07,0.049838,0,87.0907,0.16051,0.81034,480.043,1408.9865
38.8751,10837.1564,39.1451,239.9936,9.1848,0.0023764,-0.063516,3.791,89.99,-0.16635,4.4463,5.6738,16.3516,-34.6596,-0.00034789,1.1659,0.095567,4.6455e-07,0.049838,0,87.0907,0.16051,0.81034,480.043,1408.9865
38.8762,10837.1564,39.1451,239.9936,9.1848,0.0023764,-0.063516,3.791,89.99,-0.16635,4.4463,5.6738,16.3516,-34.6596,-0.00034789,1.1659,0.095567,4.6455e-07,0.049838,0,87.0907,0.16049,0.81546,480.043,1408.9865
38.8774,10837.1564,39.1451,239.9936,9.1848,0.0023764,-0.063516,3.791,89.99,-0.16635,4.4463,5.6738,16.3516,-34.6596,-0.00034789,1.1659,0.095567,4.6455e-07,0.049838,0,87.0907,0.16048,0.82003,480.043,1408.9865
38.8796,10837.1564,39.1451,239.9936,9.1848,0.0023764,-0.063516,3.791,89.99,-0.16635,4.4463,5.6738,16.3516,-34.6596,-0.00034789,1.1659,0.095567,4.6455e-07,0.049838,0,87.0907,0.16045,0.82776,480.043,1408.9865
38.8832,10837.4826,39.1457,239.9929,9.1848,0.0023263,-0.031925,4.3551,89.9886,-0.12013,4.4463,5.5602,16.567,-34.4576,-0.00045704,0.011532,0.10604,4.651e-07,0.049849,0,86.7404,0.16047,0.88161,480.0419,1408.9686
38.8915,10837.8088,39.146,239.9917,9.1849,0.0021793,0.0043669,4.3687,89.9876,-0.068844,4.4463,5.4389,6.7415,-31.5611,-0.0004196,-1.5829,0.11343,4.6565e-07,0.04986,0,86.6351,0.16029,0.95769,480.0407,1408.9507
38.8998,10838.1351,39.1465,239.991,9.1849,0.0019836,0.040773,3.6217,89.9871,-0.013984,4.4462,5.5042,-7.2743,-27.5893,-0.00030024,-1.5532,0.11813,4.6621e-07,0.049871,0,86.781,0.1601,0.94725,480.0396,1408.9327
38.9013,10838.1351,39.1465,239.991,9.1849,0.0019836,0.040773,3.6217,89.9871,-0.013984,4.4462,5.5042,-7.2743,-27.5893,-0.00030024,-1.5532,0.11813,4.6621e-07,0.049871,0,86.781,0.16008,0.93567,480.0396,1408.9327
38.9013,10838.1351,39.1465,239.991,9.1849,0.0019836,0.040773,3.6217,89.9871,-0.013984,4.4462,5.5042,-7.2743,-27.5893,-0.00030024,-1.5532,0.11813,4.6621e-07,0.049871,0,86.781,0.16008,0.93567,480.0396,1408.9327
38.9082,10838.4613,39.1471,239.9906,9.1849,0.0017777,0.070954,2.8893,89.9869,0.043146,4.4462,5.5626,-6.719,-27.6806,-0.00013883,-1.5235,0.12029,4.6677e-07,0.049882,0,86.9269,0.15991,0.92828,480.0384,1408.9148
38.9141,10838.4613,39.1471,239.9906,9.1849,0.0017777,0.070954,2.8893,89.9869,0.043146,4.4462,5.5626,-6.719,-27.6806,-0.00013883,-1.5235,0.12029,4.6677e-07,0.049882,0,86.9269,0.15983,0.89781,480.0384,1408.9148
38.9141,10838.4613,39.1471,239.9906,9.1849,0.0017777,0.070954,2.8893,89.9869,0.043146,4.4462,5.5626,-6.719,-27.6806,-0.00013883,-1.5235,0.12029,4.6677e-07,0.049882,0,86.9269,0.15983,0.89781,480.0384,1408.9148
38.9165,10838.7875,39.1478,239.9904,9.185,0.0015982,0.095031,2.1711,89.9873,0.10132,4.4461,5.6149,-6.32,-27.7722,6.9105e-07,-1.4928,0.11425,4.6732e-07,0.049892,0,87.0729,0.15976,0.90536,480.0372,1408.8969
38.919,10838.7875,39.1478,239.9904,9.185,0.0015982,0.095031,2.1711,89.9873,0.10132,4.4461,5.6149,-6.32,-27.7722,6.9105e-07,-1.4928,0.11425,4.6732e-07,0.049892,0,87.0729,0.15973,0.89545,480.0372,1408.8969
38.9239,10838.7875,39.1478,239.9904,9.185,0.0015982,0.095031,2.1711,89.9873,0.10132,4.4461,5.6149,-6.32,-27.7722,6.9105e-07,-1.4928,0.11425,4.6732e-07,0.049892,0,87.0729,0.15966,0.88163,480.0372,1408.8969
38.9248,10839.1137,39.1485,239.9903,9.185,0.0014593,0.11312,1.4671,89.9881,0.15658,4.4461,5.6476,-6.4222,-27.8637,0.00011128,-1.4602,0.095235,4.6787e-07,0.049903,0,87.2189,0.15966,0.88056,480.0361,1408.879
38.9297,10839.1137,39.1485,239.9903,9.185,0.0014593,0.11312,1.4671,89.9881,0.15658,4.4461,5.6476,-6.4222,-27.8637,0.00011128,-1.4602,0.095235,4.6787e-07,0.049903,0,87.2189,0.1596,0.87264,480.0361,1408.879
38.9332,10839.44,39.1493,239.9905,9.185,0.0013799,0.12535,0.77729,89.9895,0.20264,4.4461,5.6486,-7.317,-27.9568,0.00017661,-1.4271,0.070232,4.684e-07,0.049914,0,87.3649,0.15963,0.85474,480.0349,1408.861
38.9415,10839.7662,39.1501,239.991,9.185,0.0013645,0.13183,0.1013,89.9911,0.23661,4.446,5.6357,-8.5796,-28.047,0.00019636,-1.3942,0.042532,4.6893e-07,0.049925,0,87.511,0.15968,0.82833,480.0337,1408.8431
38.9498,10840.0925,39.151,239.9916,9.185,0.0014078,0.13267,-0.56109,89.9931,0.25718,4.446,5.617,-10.0107,-28.1323,0.00016947,-1.3618,0.014162,4.6945e-07,0.049935,0,87.6571,0.1598,0.80149,480.0326,1408.8252
38.9582,10840.4187,39.152,239.9924,9.1851,0.0014943,0.128,-1.2102,89.9953,0.26403,4.4459,5.5975,-11.4873,-28.2114,0.00010246,-1.3303,-0.013057,4.6995e-07,0.049946,0,87.8033,0.15997,0.77433,480.0314,1408.8072
38.9665,10840.745,39.153,239.9935,9.1851,0.0016019,0.11791,-1.8464,89.9975,0.25772,4.4459,5.5816,-12.8987,-28.2835,-3.7942e-05,-1.2999,-0.037902,4.7045e-07,0.049957,0,87.4524,0.16019,0.74689,480.0303,1408.7893
38.9748,10841.0713,39.1537,239.9935,9.1851,0.0016845,0.10252,-2.4699,89.9996,0.23939,4.4458,5.3703,-14.1706,-28.3458,-0.0002038,-1.2707,-0.059634,4.7093e-07,0.049968,0,87.1019,0.16031,0.81053,480.0291,1408.7714
38.9832,10841.3976,39.1542,239.9929,9.1851,0.0017128,0.081941,-3.0812,90.0016,0.21055,4.4458,5.1692,-15.258,-28.4005,-0.00036874,-1.2427,-0.077881,4.714e-07,0.049978,0,86.7516,0.16034,0.88267,480.0279,1408.7535
38.9888,10841.3976,39.1542,239.9929,9.1851,0.0017128,0.081941,-3.0812,90.0016,0.21055,4.4458,5.1692,-15.258,-28.4005,-0.00036874,-1.2427,-0.077881,4.714e-07,0.049978,0,86.7516,0.16027,0.87236,480.0279,1408.7535
38.9888,10841.3976,39.1542,239.9929,9.1851,0.0017128,0.081941,-3.0812,90.0016,0.21055,4.4458,5.1692,-15.258,-28.4005,-0.00036874,-1.2427,-0.077881,4.714e-07,0.049978,0,86.7516,0.16027,0.87236,480.0279,1408.7535
38.9915,10841.7239,39.1546,239.9916,9.1852,0.0016664,0.056264,-3.6806,90.0034,0.17288,4.4458,4.9787,-16.1382,-28.4491,-0.00041964,-1.2161,-0.09256,4.7187e-07,0.049989,0,86.737,0.16025,0.95802,480.0268,1408.7355
38.9942,10841.7239,39.1546,239.9916,9.1852,0.0016664,0.056264,-3.6806,90.0034,0.17288,4.4458,4.9787,-16.1382,-28.4491,-0.00041964,-1.2161,-0.09256,4.7187e-07,0.049989,0,86.737,0.16022,0.93455,480.0268,1408.7355
38.9998,10842.0501,39.1551,239.991,9.1852,0.0015772,0.025592,-4.2684,90.0048,0.12812,4.4458,4.9912,-16.806,-28.4981,-0.00038372,-0.27919,-0.10381,4.7233e-07,0.05,0,86.8829,0.16017,0.94709,480.0256,1408.7176
39.0078,10842.0501,39.1551,239.991,9.1852,0.0015772,0.025592,-4.2684,90.0048,0.12812,4.4458,4.9912,-16.806,-28.4981,-0.00038372,-0.27919,-0.10381,4.7233e-07,0.05,0,86.8829,0.16006,0.89903,480.0256,1408.7176
39.0078,10842.0501,39.1551,239.991,9.1852,0.0015772,0.025592,-4.2684,90.0048,0.12812,4.4458,4.9912,-16.806,-28.4981,-0.00038372,-0.27919,-0.10381,4.7233e-07,0.05,0,86.8829,0.16006,0.89903,480.0256,1408.7176
39.0082,10842.3764,39.1556,239.9905,9.1852,0.0014638,-0.0099773,-4.4097,90.0059,0.077914,4.4457,5.0105,-9.002,-30.8353,-0.00025775,1.3721,-0.11187,4.7278e-07,0.050011,0,87.0288,0.16007,0.92815,480.0244,1408.6997
39.0085,10842.3764,39.1556,239.9905,9.1852,0.0014638,-0.0099773,-4.4097,90.0059,0.077914,4.4457,5.0105,-9.002,-30.8353,-0.00025775,1.3721,-0.11187,4.7278e-07,0.050011,0,87.0288,0.16006,0.9258,480.0244,1408.6997
39.0092,10842.3764,39.1556,239.9905,9.1852,0.0014638,-0.0099773,-4.4097,90.0059,0.077914,4.4457,5.0105,-9.002,-30.8353,-0.00025775,1.3721,-0.11187,4.7278e-07,0.050011,0,87.0288,0.16005,0.92136,480.0244,1408.6997
39.0106,10842.3764,39.1556,239.9905,9.1852,0.0014638,-0.0099773,-4.4097,90.0059,0.077914,4.4457,5.0105,-9.002,-30.8353,-0.00025775,1.3721,-0.11187,4.7278e-07,0.050011,0,87.0288,0.16004,0.91335,480.0244,1408.6997
39.0134,10842.3764,39.1556,239.9905,9.1852,0.0014638,-0.0099773,-4.4097,90.0059,0.077914,4.4457,5.0105,-9.002,-30.8353,-0.00025775,1.3721,-0.11187,4.7278e-07,0.050011,0,87.0288,0.16,0.90032,480.0244,1408.6997
39.0165,10842.7027,39.1563,239.9903,9.1852,0.0013466,-0.046725,-3.7632,90.0065,0.023811,4.4457,5.037,5.4794,-34.9809,-0.00011625,1.5588,-0.11718,4.7324e-07,0.050022,0,87.1747,0.15997,0.90538,480.0233,1408.6817
39.0173,10842.7027,39.1563,239.9903,9.1852,0.0013466,-0.046725,-3.7632,90.0065,0.023811,4.4457,5.037,5.4794,-34.9809,-0.00011625,1.5588,-0.11718,4.7324e-07,0.050022,0,87.1747,0.15996,0.90178,480.0233,1408.6817
39.0173,10842.7027,39.1563,239.9903,9.1852,0.0013466,-0.046725,-3.7632,90.0065,0.023811,4.4457,5.037,5.4794,-34.9809,-0.00011625,1.5588,-0.11718,4.7324e-07,0.050022,0,87.1747,0.15996,0.90178,480.0233,1408.6817
39.0248,10843.029,39.157,239.9903,9.1853,0.0012277,-0.078085,-3.028,90.0067,-0.032859,4.4456,5.0707,6.8415,-35.4663,8.7915e-06,1.5292,-0.12009,4.7369e-07,0.050032,0,87.3207,0.15989,0.88082,480.0221,1408.6638
39.03,10843.029,39.157,239.9903,9.1853,0.0012277,-0.078085,-3.028,90.0067,-0.032859,4.4456,5.0707,6.8415,-35.4663,8.7915e-06,1.5292,-0.12009,4.7369e-07,0.050032,0,87.3207,0.15983,0.87246,480.0221,1408.6638
39.03,10843.029,39.157,239.9903,9.1853,0.0012277,-0.078085,-3.028,90.0067,-0.032859,4.4456,5.0707,6.8415,-35.4663,8.7915e-06,1.5292,-0.12009,4.7369e-07,0.050032,0,87.3207,0.15983,0.87246,480.0221,1408.6638
39.0332,10843.3554,39.1577,239.9905,9.1853,0.0011142,-0.10332,-2.3072,90.0064,-0.090939,4.4456,5.1111,6.3905,-35.4082,0.00010355,1.4987,-0.116,4.7416e-07,0.050043,0,87.4668,0.15983,0.85528,480.021,1408.6459
39.0364,10843.3554,39.1577,239.9905,9.1853,0.0011142,-0.10332,-2.3072,90.0064,-0.090939,4.4456,5.1111,6.3905,-35.4082,0.00010355,1.4987,-0.116,4.7416e-07,0.050043,0,87.4668,0.15979,0.85656,480.021,1408.6459
39.0415,10843.6817,39.1586,239.9909,9.1853,0.001015,-0.12254,-1.6005,90.0057,-0.14704,4.4455,5.1697,6.3698,-35.3448,0.00016538,1.4664,-0.099148,4.7463e-07,0.050054,0,87.6128,0.15979,0.82913,480.0198,1408.628
39.0498,10844.008,39.1594,239.9915,9.1853,0.00094795,-0.13588,-0.90801,90.0045,-0.19499,4.4455,5.2612,7.1296,-35.2733,0.00019161,1.4334,-0.075141,4.7511e-07,0.050065,0,87.7589,0.1598,0.80252,480.0186,1408.61
39.0582,10844.3343,39.1604,239.9924,9.1853,0.00092419,-0.14345,-0.22941,90.0028,-0.23134,4.4454,5.3714,8.3299,-35.1965,0.00018369,1.4004,-0.047886,4.756e-07,0.050075,0,87.9051,0.15986,0.77554,480.0175,1408.5921
39.0665,10844.6607,39.1614,239.9934,9.1854,0.00094627,-0.14536,0.43555,90.0009,-0.2545,4.4454,5.4907,9.7335,-35.1159,0.00010015,1.3679,-0.019578,4.761e-07,0.050086,0,87.5543,0.15999,0.74823,480.0163,1408.5742
39.0748,10844.987,39.1621,239.9935,9.1854,0.00098688,-0.14173,1.0872,89.9988,-0.26397,4.4453,5.4252,11.207,-35.0299,-2.7526e-05,1.3362,0.0079141,4.7661e-07,0.050097,0,87.2037,0.16007,0.8058,480.0151,1408.5562
39.0832,10845.3134,39.1626,239.9929,9.1854,0.0010237,-0.13267,1.7258,89.9966,-0.26014,4.4453,5.3466,12.6368,-34.9406,-0.00018048,1.3056,0.033245,4.7714e-07,0.050108,0,86.8534,0.1601,0.8774,480.014,1408.5383
39.0915,10845.6397,39.1629,239.9917,9.1854,0.0010347,-0.11829,2.3517,89.9944,-0.24406,4.4453,5.265,13.9411,-34.8498,-0.00025777,1.2761,0.055587,4.7768e-07,0.050119,0,86.5035,0.16008,0.95257,480.0128,1408.5204
39.0998,10845.9661,39.1634,239.9911,9.1854,0.0010398,-0.098692,2.9653,89.9924,-0.21718,4.4453,5.3713,15.0696,-34.7634,-0.00028569,1.248,0.074505,4.7823e-07,0.050129,0,86.6493,0.16008,0.94125,480.0117,1408.5024
39.1025,10845.9661,39.1634,239.9911,9.1854,0.0010398,-0.098692,2.9653,89.9924,-0.21718,4.4453,5.3713,15.0696,-34.7634,-0.00028569,1.248,0.074505,4.7823e-07,0.050129,0,86.6493,0.16005,0.92233,480.0117,1408.5024
39.1025,10845.9661,39.1634,239.9911,9.1854,0.0010398,-0.098692,2.9653,89.9924,-0.21718,4.4453,5.3713,15.0696,-34.7634,-0.00028569,1.248,0.074505,4.7823e-07,0.050129,0,86.6493,0.16005,0.92233,480.0117,1408.5024
39.1082,10846.2924,39.164,239.9907,9.1855,0.0010418,-0.073981,3.5669,89.9906,-0.18115,4.4452,5.4687,15.9957,-34.6802,-0.00025883,1.2211,0.089863,4.7879e-07,0.05014,0,86.7952,0.16009,0.92149,480.0105,1408.4845
39.1135,10846.2924,39.164,239.9907,9.1855,0.0010418,-0.073981,3.5669,89.9906,-0.18115,4.4452,5.4687,15.9957,-34.6802,-0.00025883,1.2211,0.089863,4.7879e-07,0.05014,0,86.7952,0.16003,0.89607,480.0105,1408.4845
39.1135,10846.2924,39.164,239.9907,9.1855,0.0010418,-0.073981,3.5669,89.9906,-0.18115,4.4452,5.4687,15.9957,-34.6802,-0.00025883,1.2211,0.089863,4.7879e-07,0.05014,0,86.7952,0.16003,0.89607,480.0105,1408.4845
39.1165,10846.6188,39.1646,239.9906,9.1855,0.0010441,-0.044257,4.1569,89.9891,-0.13769,4.4452,5.5566,16.7109,-34.6002,-0.00021644,0.65508,0.10176,4.7935e-07,0.050151,0,86.9412,0.16012,0.89806,480.0093,1408.4666
39.1195,10846.6188,39.1646,239.9906,9.1855,0.0010441,-0.044257,4.1569,89.9891,-0.13769,4.4452,5.5566,16.7109,-34.6002,-0.00021644,0.65508,0.10176,4.7935e-07,0.050151,0,86.9412,0.16008,0.88821,480.0093,1408.4666
39.122,10846.6188,39.1646,239.9906,9.1855,0.0010441,-0.044257,4.1569,89.9891,-0.13769,4.4452,5.5566,16.7109,-34.6002,-0.00021644,0.65508,0.10176,4.7935e-07,0.050151,0,86.9412,0.16005,0.88204,480.0093,1408.4666
39.122,10846.6188,39.1646,239.9906,9.1855,0.0010441,-0.044257,4.1569,89.9891,-0.13769,4.4452,5.5566,16.7109,-34.6002,-0.00021644,0.65508,0.10176,4.7935e-07,0.050151,0,86.9412,0.16005,0.88204,480.0093,1408.4666
39.1248,10846.9452,39.1653,239.9906,9.1855,0.0010311,-0.0096166,4.4775,89.9879,-0.088475,4.4452,5.6343,12.3162,-33.177,-0.00014845,-0.99551,0.11041,4.7993e-07,0.050162,0,87.0872,0.16015,0.87343,480.0082,1408.4486
39.1277,10846.9452,39.1653,239.9906,9.1855,0.0010311,-0.0096166,4.4775,89.9879,-0.088475,4.4452,5.6343,12.3162,-33.177,-0.00014845,-0.99551,0.11041,4.7993e-07,0.050162,0,87.0872,0.16011,0.8701,480.0082,1408.4486
39.1332,10847.2716,39.1661,239.9909,9.1855,0.00099162,0.027696,4.0107,89.9872,-0.035078,4.4451,5.7037,-2.1291,-29.061,-6.4023e-05,-1.5686,0.11624,4.805e-07,0.050172,0,87.2332,0.16016,0.84796,480.007,1408.4307
39.1415,10847.5979,39.1669,239.9913,9.1855,0.00092205,0.061118,3.2707,89.9869,0.02114,4.4451,5.7661,-6.9736,-27.6447,5.8194e-06,-1.5389,0.11959,4.8108e-07,0.050183,0,87.3793,0.16015,0.822,480.0058,1408.4128
39.1455,10847.5979,39.1669,239.9913,9.1855,0.00092205,0.061118,3.2707,89.9869,0.02114,4.4451,5.7661,-6.9736,-27.6447,5.8194e-06,-1.5389,0.11959,4.8108e-07,0.050183,0,87.3793,0.1601,0.83437,480.0058,1408.4128
39.1455,10847.5979,39.1669,239.9913,9.1855,0.00092205,0.061118,3.2707,89.9869,0.02114,4.4451,5.7661,-6.9736,-27.6447,5.8194e-06,-1.5389,0.11959,4.8108e-07,0.050183,0,87.3793,0.1601,0.83437,480.0058,1408.4128
39.1498,10847.9243,39.1678,239.992,9.1856,0.00082684,0.088374,2.5452,89.9871,0.078976,4.445,5.8229,-6.5014,-27.7325,5.6466e-05,-1.5088,0.11791,4.8165e-07,0.050194,0,87.5254,0.16014,0.79563,480.0047,1408.3949
39.1542,10847.9243,39.1678,239.992,9.1856,0.00082684,0.088374,2.5452,89.9871,0.078976,4.445,5.8229,-6.5014,-27.7325,5.6466e-05,-1.5088,0.11791,4.8165e-07,0.050194,0,87.5254,0.16008,0.8182,480.0047,1408.3949
39.1582,10848.2507,39.1688,239.9929,9.1856,0.00071726,0.10958,1.8339,89.9877,0.136,4.4449,5.8679,-6.337,-27.8188,8.8435e-05,-1.4769,0.10434,4.8222e-07,0.050205,0,87.5398,0.16012,0.76887,480.0035,1408.3769
39.1665,10848.5771,39.1698,239.994,9.1856,0.00061511,0.12487,1.1368,89.9888,0.18646,4.4449,5.8839,-6.8992,-27.9068,5.5416e-05,-1.444,0.081789,4.8277e-07,0.050215,0,87.189,0.16012,0.74174,480.0024,1408.359
39.1748,10848.9036,39.1705,239.994,9.1856,0.00051957,0.13434,0.45362,89.9904,0.22602,4.4448,5.6763,-8.0106,-27.992,-9.8484e-06,-1.4109,0.055197,4.8332e-07,0.050226,0,86.8385,0.16006,0.80565,480.0012,1408.3411
39.1832,10849.23,39.171,239.9934,9.1856,0.00043662,0.13812,-0.21578,89.9923,0.25272,4.4448,5.4614,-9.372,-28.0736,-0.00010004,-1.3782,0.027017,4.8386e-07,0.050237,0,86.4882,0.15998,0.878,480,1408.3231
39.1915,10849.5564,39.1713,239.9922,9.1856,0.00036599,0.13632,-0.87174,89.9944,0.26579,4.4448,5.2453,-10.8344,-28.1507,-0.00012356,-1.3462,-0.00081509,4.8439e-07,0.050248,0,86.3957,0.15986,0.95349,479.9989,1408.3052
39.1998,10849.8828,39.1717,239.9916,9.1856,0.00034114,0.12906,-1.5146,89.9966,0.26539,4.4447,5.2256,-12.2805,-28.2273,-0.00012138,-1.3153,-0.026798,4.849e-07,0.050259,0,86.5416,0.15983,0.94233,479.9977,1408.2873
39.2082,10850.2093,39.1723,239.9912,9.1857,0.0003669,0.11644,-2.1446,89.9988,0.25243,4.4447,5.2107,-13.6189,-28.3003,-9.6362e-05,-1.2855,-0.049979,4.8541e-07,0.050269,0,86.6875,0.15987,0.92266,479.9965,1408.2693
39.2165,10850.5357,39.1729,239.991,9.1857,0.00043967,0.098563,-2.7623,90.0009,0.22826,4.4447,5.2029,-14.792,-28.3688,-9.8254e-05,-1.2569,-0.069827,4.859e-07,0.05028,0,86.8334,0.15996,0.89913,479.9954,1408.2514
39.2248,10850.8622,39.1736,239.9911,9.1857,0.00052725,0.075545,-3.3678,90.0028,0.19449,4.4446,5.2037,-15.7672,-28.4298,-0.0001119,-1.2297,-0.086131,4.8638e-07,0.050291,0,86.9794,0.16008,0.87382,479.9942,1408.2335
39.2269,10850.8622,39.1736,239.9911,9.1857,0.00052725,0.075545,-3.3678,90.0028,0.19449,4.4446,5.2037,-15.7672,-28.4298,-0.0001119,-1.2297,-0.086131,4.8638e-07,0.050291,0,86.9794,0.16005,0.87121,479.9942,1408.2335
39.2269,10850.8622,39.1736,239.9911,9.1857,0.00052725,0.075545,-3.3678,90.0028,0.19449,4.4446,5.2037,-15.7672,-28.4298,-0.0001119,-1.2297,-0.086131,4.8638e-07,0.050291,0,86.9794,0.16005,0.87121,479.9942,1408.2335
39.2332,10851.1886,39.1743,239.9913,9.1857,0.00060195,0.04748,-3.9616,90.0044,0.15284,4.4446,5.2136,-16.5317,-28.4841,-0.00012272,-1.0579,-0.098931,4.8686e-07,0.050302,0,87.1254,0.1602,0.84762,479.993,1408.2155
39.2361,10851.1886,39.1743,239.9913,9.1857,0.00060195,0.04748,-3.9616,90.0044,0.15284,4.4446,5.2136,-16.5317,-28.4841,-0.00012272,-1.0579,-0.098931,4.8686e-07,0.050302,0,87.1254,0.16016,0.85071,479.993,1408.2155
39.2361,10851.1886,39.1743,239.9913,9.1857,0.00060195,0.04748,-3.9616,90.0044,0.15284,4.4446,5.2136,-16.5317,-28.4841,-0.00012272,-1.0579,-0.098931,4.8686e-07,0.050302,0,87.1254,0.16016,0.85071,479.993,1408.2155
39.2415,10851.5151,39.1751,239.9918,9.1857,0.00064221,0.014467,-4.4743,90.0057,0.10499,4.4446,5.2308,-15.766,-28.8985,-0.00011981,0.53281,-0.10844,4.8733e-07,0.050312,0,87.2715,0.1603,0.82151,479.9919,1408.1976
39.2469,10851.5151,39.1751,239.9918,9.1857,0.00064221,0.014467,-4.4743,90.0057,0.10499,4.4446,5.2308,-15.766,-28.8985,-0.00011981,0.53281,-0.10844,4.8733e-07,0.050312,0,87.2715,0.16023,0.83748,479.9919,1408.1976
39.2498,10851.8415,39.176,239.9925,9.1857,0.00063184,-0.022819,-4.2283,90.0066,0.052547,4.4445,5.2558,-1.9222,-32.8775,-8.3973e-05,1.5773,-0.11498,4.8779e-07,0.050323,0,87.4176,0.16037,0.79523,479.9907,1408.1797
39.2582,10852.168,39.1769,239.9934,9.1858,0.00056802,-0.058055,-3.4841,90.007,-0.0030581,4.4444,5.288,7.1474,-35.5029,-4.371e-05,1.5476,-0.11895,4.8826e-07,0.050334,0,87.506,0.16039,0.76868,479.9896,1408.1617
39.261,10852.168,39.1769,239.9934,9.1858,0.00056802,-0.058055,-3.4841,90.007,-0.0030581,4.4444,5.288,7.1474,-35.5029,-4.371e-05,1.5476,-0.11895,4.8826e-07,0.050334,0,87.506,0.16036,0.79059,479.9896,1408.1617
39.261,10852.168,39.1769,239.9934,9.1858,0.00056802,-0.058055,-3.4841,90.007,-0.0030581,4.4444,5.288,7.1474,-35.5029,-4.371e-05,1.5476,-0.11895,4.8826e-07,0.050334,0,87.506,0.16036,0.79059,479.9896,1408.1617
39.2665,10852.4945,39.1779,239.9945,9.1858,0.0004593,-0.087089,-2.7544,90.007,-0.060585,4.4444,5.3271,6.6295,-35.4414,-5.4355e-05,1.5178,-0.11996,4.8873e-07,0.050345,0,87.1552,0.16038,0.74187,479.9884,1408.1438
39.2721,10852.4945,39.1779,239.9945,9.1858,0.0004593,-0.087089,-2.7544,90.007,-0.060585,4.4444,5.3271,6.6295,-35.4414,-5.4355e-05,1.5178,-0.11996,4.8873e-07,0.050345,0,87.1552,0.16032,0.79151,479.9884,1408.1438
39.2743,10852.4945,39.1779,239.9945,9.1858,0.0004593,-0.087089,-2.7544,90.007,-0.060585,4.4444,5.3271,6.6295,-35.4414,-5.4355e-05,1.5178,-0.11996,4.8873e-07,0.050345,0,87.1552,0.16029,0.80489,479.9884,1408.1438
39.2743,10852.4945,39.1779,239.9945,9.1858,0.0004593,-0.087089,-2.7544,90.007,-0.060585,4.4444,5.3271,6.6295,-35.4414,-5.4355e-05,1.5178,-0.11996,4.8873e-07,0.050345,0,87.1552,0.16029,0.80489,479.9884,1408.1438
39.2748,10852.8209,39.1786,239.9945,9.1858,0.00029939,-0.11004,-2.039,90.0065,-0.1186,4.4443,5.1723,6.296,-35.3747,-8.1847e-05,1.4865,-0.11026,4.892e-07,0.050355,0,86.8047,0.16026,0.80605,479.9872,1408.1259
39.2754,10852.8209,39.1786,239.9945,9.1858,0.00029939,-0.11004,-2.039,90.0065,-0.1186,4.4443,5.1723,6.296,-35.3747,-8.1847e-05,1.4865,-0.11026,4.892e-07,0.050355,0,86.8047,0.16025,0.80882,479.9872,1408.1259
39.2765,10852.8209,39.1786,239.9945,9.1858,0.00029939,-0.11004,-2.039,90.0065,-0.1186,4.4443,5.1723,6.296,-35.3747,-8.1847e-05,1.4865,-0.11026,4.892e-07,0.050355,0,86.8047,0.16024,0.81393,479.9872,1408.1259
39.2787,10852.8209,39.1786,239.9945,9.1858,0.00029939,-0.11004,-2.039,90.0065,-0.1186,4.4443,5.1723,6.296,-35.3747,-8.1847e-05,1.4865,-0.11026,4.892e-07,0.050355,0,86.8047,0.16021,0.82261,479.9872,1408.1259
39.2832,10853.1474,39.1791,239.9939,9.1858,0.00010887,-0.12703,-1.3377,90.0055,-0.17193,4.4443,5.0469,6.6175,-35.3014,-0.00012131,1.4537,-0.089511,4.8969e-07,0.050366,0,86.4544,0.16006,0.87863,479.9861,1408.1079
39.2915,10853.4739,39.1794,239.9927,9.1858,-8.5149e-05,-0.13818,-0.65055,90.0041,-0.21522,4.4442,4.9519,7.6165,-35.2221,-8.3974e-05,1.4206,-0.063725,4.9018e-07,0.050377,0,86.4236,0.15983,0.9543,479.9849,1408.09
39.2998,10853.8004,39.1798,239.9921,9.1858,-0.0002216,-0.1436,0.022803,90.0023,-0.24604,4.4442,5.065,8.9269,-35.1445,-1.9222e-05,1.3877,-0.035724,4.9068e-07,0.050388,0,86.5694,0.15968,0.94329,479.9837,1408.0721
39.3082,10854.1269,39.1803,239.9917,9.1858,-0.00027267,-0.14341,0.68262,90.0002,-0.26332,4.4442,5.1841,10.3779,-35.0671,5.7743e-05,1.3555,-0.007532,4.912e-07,0.050399,0,86.7153,0.15963,0.92372,479.9826,1408.0541
39.3165,10854.4534,39.1809,239.9915,9.1858,-0.00022794,-0.13772,1.3292,89.998,-0.26696,4.4441,5.3042,11.8466,-34.9897,8.6311e-05,1.3242,0.019186,4.9173e-07,0.050409,0,86.8612,0.15969,0.90025,479.9814,1408.0362
39.3248,10854.7799,39.1816,239.9915,9.1858,-0.00011553,-0.12665,1.9629,89.9958,-0.25768,4.4441,5.4213,13.2317,-34.9093,7.3783e-05,1.294,0.043325,4.9227e-07,0.05042,0,87.0072,0.15983,0.87497,479.9803,1408.0183
39.3332,10855.1064,39.1823,239.9918,9.1859,3.2144e-05,-0.11029,2.5841,89.9937,-0.23673,4.4441,5.5325,14.466,-34.8268,2.1555e-05,1.2651,0.064241,4.9282e-07,0.050431,0,87.1532,0.16002,0.84879,479.9791,1408.0003
39.3415,10855.433,39.183,239.9922,9.1859,0.00017778,-0.088755,3.1931,89.9917,-0.20566,4.444,5.6362,15.5101,-34.7424,-5.1839e-05,1.2375,0.081636,4.9338e-07,0.050442,0,87.2993,0.16022,0.82212,479.9779,1407.9824
39.3487,10855.433,39.183,239.9922,9.1859,0.00017778,-0.088755,3.1931,89.9917,-0.20566,4.444,5.6362,15.5101,-34.7424,-5.1839e-05,1.2375,0.081636,4.9338e-07,0.050442,0,87.2993,0.16013,0.8414,479.9779,1407.9824
39.3487,10855.433,39.183,239.9922,9.1859,0.00017778,-0.088755,3.1931,89.9917,-0.20566,4.444,5.6362,15.5101,-34.7424,-5.1839e-05,1.2375,0.081636,4.9338e-07,0.050442,0,87.2993,0.16013,0.8414,479.9779,1407.9824
39.3498,10855.7595,39.1839,239.9929,9.1859,0.0002896,-0.062146,3.7903,89.99,-0.16618,4.444,5.7313,16.3459,-34.657,-0.00012081,1.1673,0.095485,4.9396e-07,0.050452,0,87.4453,0.16041,0.79512,479.9768,1407.9645
39.3501,10855.7595,39.1839,239.9929,9.1859,0.0002896,-0.062146,3.7903,89.99,-0.16618,4.444,5.7313,16.3459,-34.657,-0.00012081,1.1673,0.095485,4.9396e-07,0.050452,0,87.4453,0.1604,0.79674,479.9768,1407.9645
39.3501,10855.7595,39.1839,239.9929,9.1859,0.0002896,-0.062146,3.7903,89.99,-0.16618,4.444,5.7313,16.3459,-34.657,-0.00012081,1.1673,0.095485,4.9396e-07,0.050452,0,87.4453,0.1604,0.79674,479.9768,1407.9645
39.3512,10855.7595,39.1839,239.9929,9.1859,0.0002896,-0.062146,3.7903,89.99,-0.16618,4.444,5.7313,16.3459,-34.657,-0.00012081,1.1673,0.095485,4.9396e-07,0.050452,0,87.4453,0.16039,0.80325,479.9768,1407.9645
39.3523,10855.7595,39.1839,239.9929,9.1859,0.0002896,-0.062146,3.7903,89.99,-0.16618,4.444,5.7313,16.3459,-34.657,-0.00012081,1.1673,0.095485,4.9396e-07,0.050452,0,87.4453,0.16038,0.80908,479.9768,1407.9645
39.3545,10855.7595,39.1839,239.9929,9.1859,0.0002896,-0.062146,3.7903,89.99,-0.16618,4.444,5.7313,16.3459,-34.657,-0.00012081,1.1673,0.095485,4.9396e-07,0.050452,0,87.4453,0.16035,0.81898,479.9768,1407.9645
39.3582,10856.086,39.1848,239.9938,9.1859,0.00034667,-0.03056,4.355,89.9886,-0.12,4.4439,5.8166,16.5746,-34.4634,-0.00016598,0.011786,0.10596,4.9454e-07,0.050463,0,87.5484,0.16055,0.76824,479.9756,1407.9465
39.3665,10856.4126,39.1858,239.9949,9.1859,0.00033741,0.0057319,4.3688,89.9876,-0.068761,4.4438,5.8924,6.7386,-31.5681,-0.00021071,-1.5827,0.11336,4.9512e-07,0.050474,0,87.1977,0.16064,0.74144,479.9744,1407.9286
39.3748,10856.7391,39.1865,239.995,9.1859,0.00024013,0.042139,3.6219,89.987,-0.013939,4.4438,5.7583,-7.2778,-27.5918,-0.0002381,-1.5531,0.11805,4.9571e-07,0.050485,0,86.8472,0.16057,0.80579,479.9733,1407.9106
39.3763,10856.7391,39.1865,239.995,9.1859,0.00024013,0.042139,3.6219,89.987,-0.013939,4.4438,5.7583,-7.2778,-27.5918,-0.0002381,-1.5531,0.11805,4.9571e-07,0.050485,0,86.8472,0.16056,0.81269,479.9733,1407.9106
39.3763,10856.7391,39.1865,239.995,9.1859,0.00024013,0.042139,3.6219,89.987,-0.013939,4.4438,5.7583,-7.2778,-27.5918,-0.0002381,-1.5531,0.11805,4.9571e-07,0.050485,0,86.8472,0.16056,0.81269,479.9733,1407.9106
39.3832,10857.0657,39.1869,239.9943,9.1859,6.255e-05,0.072321,2.8895,89.9869,0.043154,4.4438,5.6196,-6.7225,-27.6746,-0.00026418,-1.5234,0.12022,4.9629e-07,0.050496,0,86.4969,0.16039,0.87864,479.9721,1407.8927
39.389,10857.0657,39.1869,239.9943,9.1859,6.255e-05,0.072321,2.8895,89.9869,0.043154,4.4438,5.6196,-6.7225,-27.6746,-0.00026418,-1.5234,0.12022,4.9629e-07,0.050496,0,86.4969,0.16032,0.86973,479.9721,1407.8927
39.389,10857.0657,39.1869,239.9943,9.1859,6.255e-05,0.072321,2.8895,89.9869,0.043154,4.4438,5.6196,-6.7225,-27.6746,-0.00026418,-1.5234,0.12022,4.9629e-07,0.050496,0,86.4969,0.16032,0.86973,479.9721,1407.8927
39.3915,10857.3922,39.1872,239.9931,9.1859,-0.00017807,0.0964,2.1714,89.9873,0.1013,4.4437,5.4772,-6.323,-27.7555,-0.00019687,-1.4927,0.1142,4.9687e-07,0.050506,0,86.4056,0.1601,0.95457,479.9709,1407.8748
39.394,10857.3922,39.1872,239.9931,9.1859,-0.00017807,0.0964,2.1714,89.9873,0.1013,4.4437,5.4772,-6.323,-27.7555,-0.00019687,-1.4927,0.1142,4.9687e-07,0.050506,0,86.4056,0.16007,0.93376,479.9709,1407.8748
39.3989,10857.3922,39.1872,239.9931,9.1859,-0.00017807,0.0964,2.1714,89.9873,0.1013,4.4437,5.4772,-6.323,-27.7555,-0.00019687,-1.4927,0.1142,4.9687e-07,0.050506,0,86.4056,0.16001,0.90477,479.9709,1407.8748
39.3998,10857.7188,39.1876,239.9925,9.186,-0.0004126,0.11449,1.4675,89.9881,0.15653,4.4437,5.5096,-6.4246,-27.8428,-8.7722e-05,-1.4601,0.095195,4.9744e-07,0.050517,0,86.5515,0.15986,0.94382,479.9698,1407.8568
39.4046,10857.7188,39.1876,239.9925,9.186,-0.0004126,0.11449,1.4675,89.9881,0.15653,4.4437,5.5096,-6.4246,-27.8428,-8.7722e-05,-1.4601,0.095195,4.9744e-07,0.050517,0,86.5515,0.1598,0.912,479.9698,1407.8568
39.4082,10858.0454,39.1881,239.9921,9.186,-0.000588,0.12672,0.77769,89.9894,0.20257,4.4436,5.51,-7.3184,-27.9357,4.6011e-05,-1.427,0.070212,4.98e-07,0.050528,0,86.6973,0.15969,0.92447,479.9686,1407.8389
39.4165,10858.3719,39.1887,239.9919,9.186,-0.00066658,0.1332,0.10175,89.9911,0.23653,4.4436,5.4959,-8.5799,-28.0294,0.00013781,-1.3941,0.04253,4.9856e-07,0.050539,0,86.8433,0.15962,0.90118,479.9675,1407.821
39.4248,10858.6985,39.1893,239.9919,9.186,-0.00065175,0.13405,-0.56059,89.9931,0.2571,4.4436,5.476,-10.0099,-28.1185,0.00018313,-1.3617,0.014177,4.991e-07,0.050549,0,86.9892,0.15966,0.87602,479.9663,1407.803
39.4332,10859.0251,39.19,239.9922,9.186,-0.00055891,0.12938,-1.2097,89.9952,0.26395,4.4435,5.4553,-11.4854,-28.2014,0.00017227,-1.3302,-0.013026,4.9963e-07,0.05056,0,87.1352,0.15979,0.84991,479.9651,1407.7851
39.4415,10859.3517,39.1908,239.9926,9.186,-0.00041786,0.1193,-1.8458,89.9974,0.25766,4.4435,5.4384,-12.8958,-28.2765,0.00011481,-1.2998,-0.037856,5.0015e-07,0.050571,0,87.2813,0.15998,0.82327,479.964,1407.7672
39.4498,10859.6783,39.1916,239.9933,9.186,-0.00026198,0.10392,-2.4693,89.9996,0.23935,4.4434,5.428,-14.1669,-28.3435,2.5062e-05,-1.2706,-0.059578,5.0066e-07,0.050582,0,87.4273,0.1602,0.79629,479.9628,1407.7492
39.4582,10860.0049,39.1925,239.9942,9.186,-0.00012377,0.083342,-3.0806,90.0016,0.21054,4.4434,5.4258,-15.2538,-28.4028,-7.7229e-05,-1.2427,-0.077817,5.0116e-07,0.050592,0,87.5734,0.16042,0.76904,479.9616,1407.7313
39.4638,10860.0049,39.1925,239.9942,9.186,-0.00012377,0.083342,-3.0806,90.0016,0.21054,4.4434,5.4258,-15.2538,-28.4028,-7.7229e-05,-1.2427,-0.077817,5.0116e-07,0.050592,0,87.5734,0.16035,0.80756,479.9616,1407.7313
39.4638,10860.0049,39.1925,239.9942,9.186,-0.00012377,0.083342,-3.0806,90.0016,0.21054,4.4434,5.4258,-15.2538,-28.4028,-7.7229e-05,-1.2427,-0.077817,5.0116e-07,0.050592,0,87.5734,0.16035,0.80756,479.9616,1407.7313
39.4665,10860.3315,39.1934,239.9953,9.186,-3.0126e-05,0.05767,-3.6799,90.0033,0.1729,4.4433,5.4325,-16.1337,-28.4554,-0.0002116,-1.216,-0.092493,5.0166e-07,0.050603,0,87.2227,0.16061,0.74157,479.9605,1407.7134
39.4692,10860.3315,39.1934,239.9953,9.186,-3.0126e-05,0.05767,-3.6799,90.0033,0.1729,4.4433,5.4325,-16.1337,-28.4554,-0.0002116,-1.216,-0.092493,5.0166e-07,0.050603,0,87.2227,0.16057,0.76942,479.9605,1407.7134
39.4748,10860.6581,39.1941,239.9953,9.186,-1.8989e-05,0.027004,-4.2677,90.0048,0.12817,4.4433,5.2455,-16.8016,-28.4999,-0.00032359,-0.28011,-0.10374,5.0214e-07,0.050614,0,86.8722,0.16065,0.80542,479.9593,1407.6954
39.4828,10860.6581,39.1941,239.9953,9.186,-1.8989e-05,0.027004,-4.2677,90.0048,0.12817,4.4433,5.2455,-16.8016,-28.4999,-0.00032359,-0.28011,-0.10374,5.0214e-07,0.050614,0,86.8722,0.16055,0.83442,479.9593,1407.6954
39.4828,10860.6581,39.1941,239.9953,9.186,-1.8989e-05,0.027004,-4.2677,90.0048,0.12817,4.4433,5.2455,-16.8016,-28.4999,-0.00032359,-0.28011,-0.10374,5.0214e-07,0.050614,0,86.8722,0.16055,0.83442,479.9593,1407.6954
39.4832,10860.9847,39.1945,239.9947,9.186,-0.00010235,-0.0085597,-4.4094,90.0058,0.078003,4.4432,5.0678,-9.0058,-30.8264,-0.00038615,1.3702,-0.1118,5.0262e-07,0.050625,0,86.522,0.16056,0.87822,479.9582,1407.6775
39.4835,10860.9847,39.1945,239.9947,9.186,-0.00010235,-0.0085597,-4.4094,90.0058,0.078003,4.4432,5.0678,-9.0058,-30.8264,-0.00038615,1.3702,-0.1118,5.0262e-07,0.050625,0,86.522,0.16055,0.87752,479.9582,1407.6775
39.4843,10860.9847,39.1945,239.9947,9.186,-0.00010235,-0.0085597,-4.4094,90.0058,0.078003,4.4432,5.0678,-9.0058,-30.8264,-0.00038615,1.3702,-0.1118,5.0262e-07,0.050625,0,86.522,0.16054,0.8762,479.9582,1407.6775
39.4857,10860.9847,39.1945,239.9947,9.186,-0.00010235,-0.0085597,-4.4094,90.0058,0.078003,4.4432,5.0678,-9.0058,-30.8264,-0.00038615,1.3702,-0.1118,5.0262e-07,0.050625,0,86.522,0.16052,0.87382,479.9582,1407.6775
39.4886,10860.9847,39.1945,239.9947,9.186,-0.00010235,-0.0085597,-4.4094,90.0058,0.078003,4.4432,5.0678,-9.0058,-30.8264,-0.00038615,1.3702,-0.1118,5.0262e-07,0.050625,0,86.522,0.16049,0.86999,479.9582,1407.6775
39.4915,10861.3113,39.1948,239.9935,9.186,-0.00027954,-0.045305,-3.7638,90.0065,0.023936,4.4432,4.8996,5.4669,-34.9588,-0.00031771,1.5586,-0.1171,5.031e-07,0.050636,0,86.3794,0.16033,0.95428,479.957,1407.6595
39.4923,10861.3113,39.1948,239.9935,9.186,-0.00027954,-0.045305,-3.7638,90.0065,0.023936,4.4432,4.8996,5.4669,-34.9588,-0.00031771,1.5586,-0.1171,5.031e-07,0.050636,0,86.3794,0.16032,0.94685,479.957,1407.6595
39.4923,10861.3113,39.1948,239.9935,9.186,-0.00027954,-0.045305,-3.7638,90.0065,0.023936,4.4432,4.8996,5.4669,-34.9588,-0.00031771,1.5586,-0.1171,5.031e-07,0.050636,0,86.3794,0.16032,0.94685,479.957,1407.6595
39.4998,10861.6379,39.1952,239.9929,9.186,-0.00049312,-0.07667,-3.0287,90.0067,-0.032696,4.4432,4.9331,6.8451,-35.4443,-0.00019477,1.529,-0.12001,5.0358e-07,0.050646,0,86.5252,0.16011,0.94377,479.9558,1407.6416
39.505,10861.6379,39.1952,239.9929,9.186,-0.00049312,-0.07667,-3.0287,90.0067,-0.032696,4.4432,4.9331,6.8451,-35.4443,-0.00019477,1.529,-0.12001,5.0358e-07,0.050646,0,86.5252,0.16004,0.90991,479.9558,1407.6416
39.505,10861.6379,39.1952,239.9929,9.186,-0.00049312,-0.07667,-3.0287,90.0067,-0.032696,4.4432,4.9331,6.8451,-35.4443,-0.00019477,1.529,-0.12001,5.0358e-07,0.050646,0,86.5252,0.16004,0.90991,479.9558,1407.6416
39.5082,10861.9646,39.1957,239.9925,9.1861,-0.00070225,-0.10191,-2.3079,90.0064,-0.090739,4.4431,4.9727,6.3941,-35.386,-3.2118e-05,1.4986,-0.11593,5.0407e-07,0.050657,0,86.6711,0.1599,0.92469,479.9547,1407.6237
39.5114,10861.9646,39.1957,239.9925,9.1861,-0.00070225,-0.10191,-2.3079,90.0064,-0.090739,4.4431,4.9727,6.3941,-35.386,-3.2118e-05,1.4986,-0.11593,5.0407e-07,0.050657,0,86.6711,0.15986,0.90689,479.9547,1407.6237
39.5165,10862.2912,39.1962,239.9923,9.1861,-0.00086469,-0.12114,-1.6013,90.0056,-0.14681,4.4431,5.0302,6.3729,-35.3262,0.00010144,1.4663,-0.099106,5.0457e-07,0.050668,0,86.817,0.15975,0.90166,479.9535,1407.6057
39.5248,10862.6178,39.1968,239.9923,9.1861,-0.00096108,-0.13449,-0.90886,90.0044,-0.19474,4.443,5.1203,7.1313,-35.2586,0.00019981,1.4333,-0.075121,5.0507e-07,0.050679,0,86.9629,0.15967,0.87673,479.9523,1407.5878
39.5332,10862.9445,39.1975,239.9925,9.1861,-0.00098002,-0.14206,-0.2303,90.0028,-0.23107,4.443,5.2293,8.3303,-35.1856,0.00024826,1.4003,-0.047886,5.0558e-07,0.050689,0,87.1089,0.15969,0.85081,479.9512,1407.5699
39.5415,10863.2711,39.1982,239.993,9.1861,-0.00092658,-0.14398,0.43461,90.0009,-0.25423,4.4429,5.3475,9.7326,-35.108,0.00024527,1.3678,-0.019598,5.0611e-07,0.0507,0,87.255,0.15979,0.8243,479.95,1407.5519
39.5498,10863.5978,39.199,239.9936,9.1861,-0.00081653,-0.14036,1.0862,89.9988,-0.26371,4.4429,5.4691,11.205,-35.0265,0.00019391,1.3362,0.0078772,5.0665e-07,0.050711,0,87.401,0.15996,0.79739,479.9488,1407.534
39.5582,10863.9244,39.1999,239.9945,9.1861,-0.0006742,-0.13131,1.7248,89.9966,-0.25991,4.4428,5.5896,12.6339,-34.942,0.00010478,1.3056,0.033194,5.072e-07,0.050722,0,87.5471,0.16017,0.77018,479.9477,1407.5161
39.5665,10864.2511,39.2008,239.9956,9.1861,-0.00052746,-0.11693,2.3507,89.9944,-0.24385,4.4428,5.7052,13.9375,-34.8554,-5.1181e-05,1.2761,0.055527,5.0776e-07,0.050733,0,87.1964,0.16041,0.74271,479.9465,1407.4981
39.5748,10864.5778,39.2014,239.9956,9.1861,-0.00042455,-0.097344,2.9643,89.9924,-0.217,4.4427,5.612,15.0658,-34.7649,-0.00022295,1.248,0.074439,5.0834e-07,0.050743,0,86.846,0.16053,0.8063,479.9454,1407.4802
39.5775,10864.5778,39.2014,239.9956,9.1861,-0.00042455,-0.097344,2.9643,89.9924,-0.217,4.4427,5.612,15.0658,-34.7649,-0.00022295,1.248,0.074439,5.0834e-07,0.050743,0,86.846,0.1605,0.81844,479.9454,1407.4802
39.5775,10864.5778,39.2014,239.9956,9.1861,-0.00042455,-0.097344,2.9643,89.9924,-0.217,4.4427,5.612,15.0658,-34.7649,-0.00022295,1.248,0.074439,5.0834e-07,0.050743,0,86.846,0.1605,0.81844,479.9454,1407.4802
39.5832,10864.9045,39.2018,239.995,9.1861,-0.00039358,-0.072642,3.5659,89.9906,-0.181,4.4427,5.5123,15.9915,-34.6736,-0.0003806,1.2211,0.089792,5.0892e-07,0.050754,0,86.4958,0.16055,0.87843,479.9442,1407.4622
39.5885,10864.9045,39.2018,239.995,9.1861,-0.00039358,-0.072642,3.5659,89.9906,-0.181,4.4427,5.5123,15.9915,-34.6736,-0.0003806,1.2211,0.089792,5.0892e-07,0.050754,0,86.4958,0.16049,0.87018,479.9442,1407.4622
39.5885,10864.9045,39.2018,239.995,9.1861,-0.00039358,-0.072642,3.5659,89.9906,-0.181,4.4427,5.5123,15.9915,-34.6736,-0.0003806,1.2211,0.089792,5.0892e-07,0.050754,0,86.4958,0.16049,0.87018,479.9442,1407.4622
39.5915,10865.2311,39.2021,239.9938,9.1861,-0.00045051,-0.042926,4.1558,89.989,-0.13757,4.4427,5.4054,16.7065,-34.583,-0.0004082,0.65527,0.10168,5.0951e-07,0.050765,0,86.4413,0.16044,0.95387,479.943,1407.4443
39.5945,10865.2311,39.2021,239.9938,9.1861,-0.00045051,-0.042926,4.1558,89.989,-0.13757,4.4427,5.4054,16.7065,-34.583,-0.0004082,0.65527,0.10168,5.0951e-07,0.050765,0,86.4413,0.16041,0.92935,479.943,1407.4443
39.597,10865.2311,39.2021,239.9938,9.1861,-0.00045051,-0.042926,4.1558,89.989,-0.13757,4.4427,5.4054,16.7065,-34.583,-0.0004082,0.65527,0.10168,5.0951e-07,0.050765,0,86.4413,0.16038,0.91395,479.943,1407.4443
39.597,10865.2311,39.2021,239.9938,9.1861,-0.00045051,-0.042926,4.1558,89.989,-0.13757,4.4427,5.4054,16.7065,-34.583,-0.0004082,0.65527,0.10168,5.0951e-07,0.050765,0,86.4413,0.16038,0.91395,479.943,1407.4443
39.5998,10865.5578,39.2025,239.9932,9.1861,-0.00055629,-0.0082943,4.4766,89.9879,-0.0884,4.4426,5.4829,12.313,-33.1561,-0.00034007,-0.99437,0.11033,5.1011e-07,0.050776,0,86.5871,0.16032,0.94334,479.9419,1407.4264
39.6027,10865.5578,39.2025,239.9932,9.1861,-0.00055629,-0.0082943,4.4766,89.9879,-0.0884,4.4426,5.4829,12.313,-33.1561,-0.00034007,-0.99437,0.11033,5.1011e-07,0.050776,0,86.5871,0.16029,0.92244,479.9419,1407.4264
39.6082,10865.8845,39.203,239.9928,9.1861,-0.00068852,0.02901,4.0103,89.9872,-0.035042,4.4426,5.5514,-2.1238,-29.0424,-0.00018633,-1.5684,0.11616,5.1071e-07,0.050786,0,86.733,0.16019,0.9244,479.9407,1407.4084
39.6165,10866.2112,39.2035,239.9926,9.1861,-0.00081774,0.062429,3.2704,89.9869,0.021136,4.4426,5.6125,-6.977,-27.6274,-4.3957e-05,-1.5387,0.11951,5.1131e-07,0.050797,0,86.8789,0.16007,0.90162,479.9395,1407.3905
39.6205,10866.2112,39.2035,239.9926,9.1861,-0.00081774,0.062429,3.2704,89.9869,0.021136,4.4426,5.6125,-6.977,-27.6274,-4.3957e-05,-1.5387,0.11951,5.1131e-07,0.050797,0,86.8789,0.16002,0.88792,479.9395,1407.3905
39.6205,10866.2112,39.2035,239.9926,9.1861,-0.00081774,0.062429,3.2704,89.9869,0.021136,4.4426,5.6125,-6.977,-27.6274,-4.3957e-05,-1.5387,0.11951,5.1131e-07,0.050797,0,86.8789,0.16002,0.88792,479.9395,1407.3905
39.6248,10866.5379,39.2041,239.9926,9.1861,-0.00093796,0.089682,2.5449,89.987,0.078933,4.4425,5.6681,-6.5047,-27.7191,7.9169e-05,-1.5086,0.11784,5.119e-07,0.050808,0,87.0248,0.15997,0.87696,479.9384,1407.3726
39.6292,10866.5379,39.2041,239.9926,9.1861,-0.00093796,0.089682,2.5449,89.987,0.078933,4.4425,5.6681,-6.5047,-27.7191,7.9169e-05,-1.5086,0.11784,5.119e-07,0.050808,0,87.0248,0.15992,0.87087,479.9384,1407.3726
39.6332,10866.8646,39.2047,239.9928,9.1861,-0.0010379,0.11089,1.8337,89.9877,0.13592,4.4424,5.7118,-6.3401,-27.8091,0.0001675,-1.4768,0.10428,5.1249e-07,0.050819,0,87.1708,0.1599,0.85132,479.9372,1407.3546
39.6415,10867.1913,39.2055,239.9933,9.1861,-0.0011033,0.12617,1.1367,89.9888,0.18636,4.4424,5.7267,-6.9013,-27.9001,0.00021773,-1.4438,0.08175,5.1307e-07,0.05083,0,87.3168,0.15988,0.82506,479.936,1407.3367
39.6498,10867.518,39.2062,239.9939,9.1861,-0.0011222,0.13564,0.4536,89.9904,0.22589,4.4423,5.7201,-8.0115,-27.99,0.00022897,-1.4108,0.05518,5.1364e-07,0.05084,0,87.4629,0.15992,0.79835,479.9349,1407.3187
39.6582,10867.8448,39.2071,239.9948,9.1861,-0.0010917,0.13942,-0.21574,89.9923,0.25258,4.4423,5.7043,-9.3718,-28.0763,0.00020188,-1.3781,0.027021,5.142e-07,0.050851,0,87.609,0.16002,0.77128,479.9337,1407.3008
39.6665,10868.1715,39.208,239.9959,9.1861,-0.0010185,0.13763,-0.87164,89.9944,0.26565,4.4422,5.6854,-10.8332,-28.1574,9.5295e-05,-1.3462,-0.00079432,5.1475e-07,0.050862,0,87.2583,0.16018,0.7439,479.9325,1407.2829
39.6748,10868.4982,39.2086,239.9959,9.1861,-0.00093888,0.13036,-1.5144,89.9966,0.26527,4.4422,5.4664,-12.2785,-28.2295,-5.0143e-05,-1.3152,-0.026763,5.1529e-07,0.050873,0,86.9079,0.16028,0.80752,479.9314,1407.2649
39.6832,10868.825,39.209,239.9953,9.1861,-0.00087888,0.11774,-2.1445,89.9988,0.25233,4.4422,5.2545,-13.6162,-28.294,-0.00021351,-1.2854,-0.049932,5.1582e-07,0.050883,0,86.5577,0.16032,0.87962,479.9302,1407.247
39.6915,10869.1517,39.2091,239.994,9.1861,-0.00086157,0.099871,-2.7621,90.0009,0.22818,4.4421,5.0519,-14.7886,-28.3517,-0.0002885,-1.2569,-0.069768,5.1633e-07,0.050894,0,86.5261,0.16028,0.95494,479.9291,1407.229
39.6998,10869.4784,39.2095,239.9934,9.1861,-0.00086414,0.076854,-3.3676,90.0028,0.19444,4.4421,5.0526,-15.763,-28.4085,-0.00030446,-1.2296,-0.086062,5.1684e-07,0.050905,0,86.6719,0.16025,0.94375,479.9279,1407.2111
39.7019,10869.4784,39.2095,239.9934,9.1861,-0.00086414,0.076854,-3.3676,90.0028,0.19444,4.4421,5.0526,-15.763,-28.4085,-0.00030446,-1.2296,-0.086062,5.1684e-07,0.050905,0,86.6719,0.16023,0.92788,479.9279,1407.2111
39.7019,10869.4784,39.2095,239.9934,9.1861,-0.00086414,0.076854,-3.3676,90.0028,0.19444,4.4421,5.0526,-15.763,-28.4085,-0.00030446,-1.2296,-0.086062,5.1684e-07,0.050905,0,86.6719,0.16023,0.92788,479.9279,1407.2111
39.7082,10869.8052,39.21,239.993,9.1862,-0.00088051,0.04879,-3.9613,90.0044,0.15282,4.4421,5.0617,-16.5269,-28.4625,-0.00024776,-1.0569,-0.098855,5.1733e-07,0.050916,0,86.8177,0.16023,0.92407,479.9267,1407.1932
39.7111,10869.8052,39.21,239.993,9.1862,-0.00088051,0.04879,-3.9613,90.0044,0.15282,4.4421,5.0617,-16.5269,-28.4625,-0.00024776,-1.0569,-0.098855,5.1733e-07,0.050916,0,86.8177,0.1602,0.90783,479.9267,1407.1932
39.7111,10869.8052,39.21,239.993,9.1862,-0.00088051,0.04879,-3.9613,90.0044,0.15282,4.4421,5.0617,-16.5269,-28.4625,-0.00024776,-1.0569,-0.098855,5.1733e-07,0.050916,0,86.8177,0.1602,0.90783,479.9267,1407.1932
39.7165,10870.1319,39.2105,239.9928,9.1862,-0.00089888,0.015779,-4.4736,90.0057,0.10501,4.442,5.0777,-15.7518,-28.883,-0.00017351,0.53268,-0.10837,5.1782e-07,0.050926,0,86.9636,0.16022,0.90114,479.9256,1407.1752
39.7219,10870.1319,39.2105,239.9928,9.1862,-0.00089888,0.015779,-4.4736,90.0057,0.10501,4.442,5.0777,-15.7518,-28.883,-0.00017351,0.53268,-0.10837,5.1782e-07,0.050926,0,86.9636,0.16016,0.8838,479.9256,1407.1752
39.7248,10870.4587,39.2111,239.9929,9.1862,-0.00093369,-0.0215,-4.2276,90.0066,0.052605,4.442,5.1014,-1.9183,-32.8628,-6.6001e-05,1.577,-0.11489,5.1831e-07,0.050937,0,87.1095,0.1602,0.87659,479.9244,1407.1573
39.7332,10870.7854,39.2117,239.9931,9.1862,-0.00098759,-0.056731,-3.4835,90.007,-0.0029593,4.4419,5.1324,7.1506,-35.4919,3.0144e-05,1.5473,-0.11886,5.188e-07,0.050948,0,87.2555,0.16018,0.85117,479.9232,1407.1394
39.7359,10870.7854,39.2117,239.9931,9.1862,-0.00098759,-0.056731,-3.4835,90.007,-0.0029593,4.4419,5.1324,7.1506,-35.4919,3.0144e-05,1.5473,-0.11886,5.188e-07,0.050948,0,87.2555,0.16015,0.85322,479.9232,1407.1394
39.7359,10870.7854,39.2117,239.9931,9.1862,-0.00098759,-0.056731,-3.4835,90.007,-0.0029593,4.4419,5.1324,7.1506,-35.4919,3.0144e-05,1.5473,-0.11886,5.188e-07,0.050948,0,87.2555,0.16015,0.85322,479.9232,1407.1394
39.7415,10871.1122,39.2124,239.9935,9.1862,-0.0010596,-0.08576,-2.7539,90.007,-0.060445,4.4419,5.1703,6.6328,-35.4333,0.00010247,1.5176,-0.11987,5.1929e-07,0.050959,0,87.4015,0.16015,0.82519,479.9221,1407.1214
39.7471,10871.1122,39.2124,239.9935,9.1862,-0.0010596,-0.08576,-2.7539,90.007,-0.060445,4.4419,5.1703,6.6328,-35.4333,0.00010247,1.5176,-0.11987,5.1929e-07,0.050959,0,87.4015,0.16009,0.83982,479.9221,1407.1214
39.7493,10871.1122,39.2124,239.9935,9.1862,-0.0010596,-0.08576,-2.7539,90.007,-0.060445,4.4419,5.1703,6.6328,-35.4333,0.00010247,1.5176,-0.11987,5.1929e-07,0.050959,0,87.4015,0.16006,0.84369,479.9221,1407.1214
39.7493,10871.1122,39.2124,239.9935,9.1862,-0.0010596,-0.08576,-2.7539,90.007,-0.060445,4.4419,5.1703,6.6328,-35.4333,0.00010247,1.5176,-0.11987,5.1929e-07,0.050959,0,87.4015,0.16006,0.84369,479.9221,1407.1214
39.7498,10871.439,39.2132,239.9942,9.1862,-0.0011432,-0.10871,-2.0386,90.0065,-0.11842,4.4418,5.2164,6.2996,-35.3714,0.00015134,1.4863,-0.11018,5.1979e-07,0.05097,0,87.5475,0.16012,0.79877,479.9209,1407.1035
39.7504,10871.439,39.2132,239.9942,9.1862,-0.0011432,-0.10871,-2.0386,90.0065,-0.11842,4.4418,5.2164,6.2996,-35.3714,0.00015134,1.4863,-0.11018,5.1979e-07,0.05097,0,87.5475,0.16012,0.80209,479.9209,1407.1035
39.7515,10871.439,39.2132,239.9942,9.1862,-0.0011432,-0.10871,-2.0386,90.0065,-0.11842,4.4418,5.2164,6.2996,-35.3714,0.00015134,1.4863,-0.11018,5.1979e-07,0.05097,0,87.5475,0.1601,0.8082,479.9209,1407.1035
39.7538,10871.439,39.2132,239.9942,9.1862,-0.0011432,-0.10871,-2.0386,90.0065,-0.11842,4.4418,5.2164,6.2996,-35.3714,0.00015134,1.4863,-0.11018,5.1979e-07,0.05097,0,87.5475,0.16008,0.81852,479.9209,1407.1035
39.7582,10871.7658,39.214,239.995,9.1862,-0.001221,-0.1257,-1.3374,90.0055,-0.17171,4.4417,5.29,6.6208,-35.3029,0.00017498,1.4535,-0.089448,5.2029e-07,0.05098,0,87.6936,0.16012,0.77197,479.9197,1407.0855
39.7665,10872.0926,39.2149,239.9961,9.1862,-0.0012724,-0.13684,-0.65031,90.0041,-0.21497,4.4417,5.3921,7.6189,-35.2277,0.00012945,1.4205,-0.063681,5.208e-07,0.050991,0,87.343,0.16015,0.7448,479.9186,1407.0676
39.7748,10872.4193,39.2155,239.9961,9.1862,-0.0013062,-0.14226,0.022984,90.0023,-0.24577,4.4416,5.3059,8.9286,-35.1458,4.7016e-05,1.3876,-0.035699,5.2133e-07,0.051002,0,86.9926,0.16013,0.80855,479.9174,1407.0497
39.7832,10872.7461,39.2158,239.9955,9.1862,-0.0013252,-0.14207,0.68276,90.0002,-0.26304,4.4416,5.228,10.3786,-35.0601,-6.369e-05,1.3554,-0.0075242,5.2187e-07,0.051013,0,86.6425,0.16009,0.88074,479.9163,1407.0317
39.7915,10873.0729,39.216,239.9942,9.1862,-0.0013384,-0.13638,1.3293,89.998,-0.26668,4.4416,5.1532,11.8463,-34.9719,-0.00010728,1.3241,0.019174,5.2242e-07,0.051023,0,86.5986,0.16001,0.95608,479.9151,1407.0138
39.7998,10873.3997,39.2164,239.9936,9.1862,-0.0013187,-0.1253,1.963,89.9958,-0.2574,4.4416,5.27,13.2301,-34.8874,-0.000121,1.2939,0.043295,5.2298e-07,0.051034,0,86.7444,0.16,0.94492,479.9139,1406.9958
39.8082,10873.7265,39.2168,239.9932,9.1862,-0.0012646,-0.10894,2.5842,89.9937,-0.23647,4.4415,5.3805,14.4633,-34.8048,-0.0001044,1.265,0.064195,5.2355e-07,0.051045,0,86.8902,0.16005,0.92528,479.9128,1406.9779
39.8165,10874.0533,39.2173,239.993,9.1862,-0.0011799,-0.08741,3.1931,89.9917,-0.20542,4.4415,5.4828,15.5065,-34.724,-0.00010514,1.2374,0.081578,5.2413e-07,0.051056,0,87.0361,0.16013,0.90179,479.9116,1406.96
39.8238,10874.0533,39.2173,239.993,9.1862,-0.0011799,-0.08741,3.1931,89.9917,-0.20542,4.4415,5.4828,15.5065,-34.724,-0.00010514,1.2374,0.081578,5.2413e-07,0.051056,0,87.0361,0.16005,0.88006,479.9116,1406.96
39.8238,10874.0533,39.2173,239.993,9.1862,-0.0011799,-0.08741,3.1931,89.9917,-0.20542,4.4415,5.4828,15.5065,-34.724,-0.00010514,1.2374,0.081578,5.2413e-07,0.051056,0,87.0361,0.16005,0.88006,479.9116,1406.96
39.8248,10874.3802,39.2178,239.993,9.1862,-0.0010946,-0.060801,3.7902,89.99,-0.16597,4.4415,5.5766,16.3415,-34.6425,-0.00010112,1.1684,0.095417,5.2472e-07,0.051067,0,87.182,0.16023,0.87652,479.9104,1406.942
39.8251,10874.3802,39.2178,239.993,9.1862,-0.0010946,-0.060801,3.7902,89.99,-0.16597,4.4415,5.5766,16.3415,-34.6425,-0.00010112,1.1684,0.095417,5.2472e-07,0.051067,0,87.182,0.16023,0.87608,479.9104,1406.942
39.8251,10874.3802,39.2178,239.993,9.1862,-0.0010946,-0.060801,3.7902,89.99,-0.16597,4.4415,5.5766,16.3415,-34.6425,-0.00010112,1.1684,0.095417,5.2472e-07,0.051067,0,87.182,0.16023,0.87608,479.9104,1406.942
39.8262,10874.3802,39.2178,239.993,9.1862,-0.0010946,-0.060801,3.7902,89.99,-0.16597,4.4415,5.5766,16.3415,-34.6425,-0.00010112,1.1684,0.095417,5.2472e-07,0.051067,0,87.182,0.16021,0.87446,479.9104,1406.942
39.8272,10874.3802,39.2178,239.993,9.1862,-0.0010946,-0.060801,3.7902,89.99,-0.16597,4.4415,5.5766,16.3415,-34.6425,-0.00010112,1.1684,0.095417,5.2472e-07,0.051067,0,87.182,0.1602,0.873,479.9104,1406.942
39.8293,10874.3802,39.2178,239.993,9.1862,-0.0010946,-0.060801,3.7902,89.99,-0.16597,4.4415,5.5766,16.3415,-34.6425,-0.00010112,1.1684,0.095417,5.2472e-07,0.051067,0,87.182,0.16018,0.8705,479.9104,1406.942
39.8332,10874.707,39.2184,239.9933,9.1862,-0.0010294,-0.029215,4.3555,89.9886,-0.11982,4.4414,5.6606,16.5796,-34.4555,-8.9252e-05,0.0096814,0.10589,5.2532e-07,0.051077,0,87.328,0.16032,0.85074,479.9093,1406.9241
39.8415,10875.0338,39.2191,239.9937,9.1862,-0.0010033,0.00708,4.3683,89.9876,-0.068617,4.4414,5.7352,6.7147,-31.5554,-5.0028e-05,-1.5825,0.11328,5.2593e-07,0.051088,0,87.474,0.16039,0.82481,479.9081,1406.9061
39.8498,10875.3606,39.2198,239.9944,9.1862,-0.0010252,0.043482,3.6214,89.987,-0.013834,4.4413,5.802,-7.2806,-27.5898,-3.3853e-07,-1.5529,0.11797,5.2653e-07,0.051099,0,87.62,0.16042,0.79858,479.9069,1406.8882
39.8512,10875.3606,39.2198,239.9944,9.1862,-0.0010252,0.043482,3.6214,89.987,-0.013834,4.4413,5.802,-7.2806,-27.5898,-3.3853e-07,-1.5529,0.11797,5.2653e-07,0.051099,0,87.62,0.1604,0.80654,479.9069,1406.8882
39.8512,10875.3606,39.2198,239.9944,9.1862,-0.0010252,0.043482,3.6214,89.987,-0.013834,4.4413,5.802,-7.2806,-27.5898,-3.3853e-07,-1.5529,0.11797,5.2653e-07,0.051099,0,87.62,0.1604,0.80654,479.9069,1406.8882
39.8582,10875.6875,39.2207,239.9952,9.1862,-0.0010906,0.073661,2.8891,89.9869,0.04322,4.4412,5.8623,-6.7256,-27.6773,3.7214e-05,-1.5232,0.12015,5.2713e-07,0.05111,0,87.7366,0.16042,0.77205,479.9058,1406.8703
39.864,10875.6875,39.2207,239.9952,9.1862,-0.0010906,0.073661,2.8891,89.9869,0.04322,4.4412,5.8623,-6.7256,-27.6773,3.7214e-05,-1.5232,0.12015,5.2713e-07,0.05111,0,87.7366,0.16036,0.81054,479.9058,1406.8703
39.864,10875.6875,39.2207,239.9952,9.1862,-0.0010906,0.073661,2.8891,89.9869,0.04322,4.4412,5.8623,-6.7256,-27.6773,3.7214e-05,-1.5232,0.12015,5.2713e-07,0.05111,0,87.7366,0.16036,0.81054,479.9058,1406.8703
39.8665,10876.0143,39.2216,239.9963,9.1862,-0.0011886,0.097736,2.1711,89.9873,0.10133,4.4412,5.917,-6.3259,-27.7622,2.2011e-05,-1.4926,0.11412,5.2773e-07,0.05112,0,87.386,0.16041,0.74518,479.9046,1406.8523
39.869,10876.0143,39.2216,239.9963,9.1862,-0.0011886,0.097736,2.1711,89.9873,0.10133,4.4412,5.917,-6.3259,-27.7622,2.2011e-05,-1.4926,0.11412,5.2773e-07,0.05112,0,87.386,0.16038,0.76984,479.9046,1406.8523
39.8739,10876.0143,39.2216,239.9963,9.1862,-0.0011886,0.097736,2.1711,89.9873,0.10133,4.4412,5.917,-6.3259,-27.7622,2.2011e-05,-1.4926,0.11412,5.2773e-07,0.05112,0,87.386,0.16032,0.80419,479.9046,1406.8523
39.8748,10876.3411,39.2221,239.9963,9.1862,-0.0013198,0.11583,1.4673,89.9881,0.15652,4.4411,5.7501,-6.4279,-27.845,-1.5876e-05,-1.46,0.09513,5.2832e-07,0.051131,0,87.0356,0.16029,0.80919,479.9034,1406.8344
39.8796,10876.3411,39.2221,239.9963,9.1862,-0.0013198,0.11583,1.4673,89.9881,0.15652,4.4411,5.7501,-6.4279,-27.845,-1.5876e-05,-1.46,0.09513,5.2832e-07,0.051131,0,87.0356,0.16024,0.82769,479.9034,1406.8344
39.8832,10876.668,39.2225,239.9957,9.1862,-0.0014619,0.12806,0.77752,89.9894,0.20253,4.4411,5.5536,-7.3213,-27.9295,-6.9909e-05,-1.4269,0.07016,5.2891e-07,0.051142,0,86.6855,0.16012,0.88157,479.9023,1406.8164
39.8915,10876.9949,39.2226,239.9944,9.1862,-0.0015965,0.13454,0.10164,89.9911,0.23646,4.4411,5.3448,-8.5821,-28.0125,-5.0679e-05,-1.394,0.042496,5.2948e-07,0.051153,0,86.643,0.15992,0.95706,479.9011,1406.7985
39.8998,10877.3217,39.2229,239.9938,9.1862,-0.0016721,0.13538,-0.56065,89.9931,0.25702,4.4411,5.3247,-10.011,-28.0974,-7.2683e-06,-1.3616,0.014164,5.3004e-07,0.051164,0,86.7888,0.15982,0.946,479.9,1406.7806
39.9082,10877.6486,39.2233,239.9934,9.1862,-0.0016703,0.13071,-1.2097,89.9952,0.26387,4.441,5.3033,-11.4852,-28.18,4.968e-05,-1.3301,-0.013019,5.3059e-07,0.051174,0,86.9346,0.15981,0.92642,479.8988,1406.7626
39.9165,10877.9754,39.2238,239.9932,9.1862,-0.0015877,0.12063,-1.8457,89.9974,0.25758,4.441,5.2851,-12.8944,-28.2587,6.3644e-05,-1.2997,-0.037832,5.3113e-07,0.051185,0,87.0805,0.15988,0.90296,479.8976,1406.7447
39.9248,10878.3023,39.2243,239.9932,9.1862,-0.0014559,0.10525,-2.4692,89.9996,0.23928,4.441,5.2735,-14.1645,-28.3295,4.5538e-05,-1.2705,-0.059538,5.3166e-07,0.051196,0,87.2264,0.16002,0.87771,479.8965,1406.7267
39.9332,10878.6292,39.2249,239.9934,9.1862,-0.0013073,0.084672,-3.0805,90.0016,0.21049,4.4409,5.2701,-15.2504,-28.3927,-1.057e-06,-1.2426,-0.077764,5.3218e-07,0.051207,0,87.3724,0.16019,0.85157,479.8953,1406.7088
39.9388,10878.6292,39.2249,239.9934,9.1862,-0.0013073,0.084672,-3.0805,90.0016,0.21049,4.4409,5.2701,-15.2504,-28.3927,-1.057e-06,-1.2426,-0.077764,5.3218e-07,0.051207,0,87.3724,0.16013,0.85507,479.8953,1406.7088
39.9388,10878.6292,39.2249,239.9934,9.1862,-0.0013073,0.084672,-3.0805,90.0016,0.21049,4.4409,5.2701,-15.2504,-28.3927,-1.057e-06,-1.2426,-0.077764,5.3218e-07,0.051207,0,87.3724,0.16013,0.85507,479.8953,1406.7088
39.9415,10878.956,39.2256,239.9939,9.1862,-0.0011765,0.059001,-3.6798,90.0033,0.17288,4.4409,5.2757,-16.1296,-28.4482,-5.28e-05,-1.216,-0.09243,5.3269e-07,0.051217,0,87.5184,0.16036,0.82494,479.8941,1406.6909
39.9442,10878.956,39.2256,239.9939,9.1862,-0.0011765,0.059001,-3.6798,90.0033,0.17288,4.4409,5.2757,-16.1296,-28.4482,-5.28e-05,-1.216,-0.09243,5.3269e-07,0.051217,0,87.5184,0.16033,0.83319,479.8941,1406.6909
39.9498,10879.2829,39.2263,239.9945,9.1862,-0.0010885,0.028337,-4.2675,90.0048,0.12818,4.4408,5.2896,-16.7969,-28.4974,-8.8844e-05,-0.27955,-0.10367,5.3319e-07,0.051228,0,87.6644,0.1605,0.79823,479.893,1406.6729
39.9578,10879.2829,39.2263,239.9945,9.1862,-0.0010885,0.028337,-4.2675,90.0048,0.12818,4.4408,5.2896,-16.7969,-28.4974,-8.8844e-05,-0.27955,-0.10367,5.3319e-07,0.051228,0,87.6644,0.16041,0.83171,479.893,1406.6729
39.9578,10879.2829,39.2263,239.9945,9.1862,-0.0010885,0.028337,-4.2675,90.0048,0.12818,4.4408,5.2896,-16.7969,-28.4974,-8.8844e-05,-0.27955,-0.10367,5.3319e-07,0.051228,0,87.6644,0.16041,0.83171,479.893,1406.6729
39.9582,10879.6098,39.2271,239.9954,9.1862,-0.0010586,-0.0072254,-4.409,90.0058,0.078046,4.4408,5.3109,-8.9963,-30.8298,-8.8769e-05,1.3697,-0.11173,5.3369e-07,0.051239,0,87.7457,0.16059,0.7717,479.8918,1406.655
39.9585,10879.6098,39.2271,239.9954,9.1862,-0.0010586,-0.0072254,-4.409,90.0058,0.078046,4.4408,5.3109,-8.9963,-30.8298,-8.8769e-05,1.3697,-0.11173,5.3369e-07,0.051239,0,87.7457,0.16059,0.7748,479.8918,1406.655
39.9593,10879.6098,39.2271,239.9954,9.1862,-0.0010586,-0.0072254,-4.409,90.0058,0.078046,4.4408,5.3109,-8.9963,-30.8298,-8.8769e-05,1.3697,-0.11173,5.3369e-07,0.051239,0,87.7457,0.16058,0.78069,479.8918,1406.655
39.9607,10879.6098,39.2271,239.9954,9.1862,-0.0010586,-0.0072254,-4.409,90.0058,0.078046,4.4408,5.3109,-8.9963,-30.8298,-8.8769e-05,1.3697,-0.11173,5.3369e-07,0.051239,0,87.7457,0.16056,0.79125,479.8918,1406.655
39.9636,10879.6098,39.2271,239.9954,9.1862,-0.0010586,-0.0072254,-4.409,90.0058,0.078046,4.4408,5.3109,-8.9963,-30.8298,-8.8769e-05,1.3697,-0.11173,5.3369e-07,0.051239,0,87.7457,0.16053,0.80827,479.8918,1406.655
39.9665,10879.9367,39.2279,239.9965,9.1862,-0.0010925,-0.043967,-3.7636,90.0065,0.024014,4.4407,5.3397,5.4665,-34.9635,-0.00010366,1.5585,-0.11703,5.3419e-07,0.05125,0,87.3951,0.16064,0.74499,479.8906,1406.637
39.9673,10879.9367,39.2279,239.9965,9.1862,-0.0010925,-0.043967,-3.7636,90.0065,0.024014,4.4407,5.3397,5.4665,-34.9635,-0.00010366,1.5585,-0.11703,5.3419e-07,0.05125,0,87.3951,0.16063,0.75371,479.8906,1406.637
39.9673,10879.9367,39.2279,239.9965,9.1862,-0.0010925,-0.043967,-3.7636,90.0065,0.024014,4.4407,5.3397,5.4665,-34.9635,-0.00010366,1.5585,-0.11703,5.3419e-07,0.05125,0,87.3951,0.16063,0.75371,479.8906,1406.637
39.9748,10880.2636,39.2285,239.9964,9.1862,-0.0012025,-0.07533,-3.0285,90.0067,-0.032583,4.4406,5.174,6.8482,-35.4456,-0.00012836,1.5289,-0.11994,5.3468e-07,0.051261,0,87.0447,0.16054,0.80922,479.8895,1406.6191
39.98,10880.2636,39.2285,239.9964,9.1862,-0.0012025,-0.07533,-3.0285,90.0067,-0.032583,4.4406,5.174,6.8482,-35.4456,-0.00012836,1.5289,-0.11994,5.3468e-07,0.051261,0,87.0447,0.16048,0.82886,479.8895,1406.6191
39.98,10880.2636,39.2285,239.9964,9.1862,-0.0012025,-0.07533,-3.0285,90.0067,-0.032583,4.4406,5.174,6.8482,-35.4456,-0.00012836,1.5289,-0.11994,5.3468e-07,0.051261,0,87.0447,0.16048,0.82886,479.8895,1406.6191
39.9832,10880.5905,39.2288,239.9958,9.1862,-0.0013785,-0.10057,-2.3078,90.0064,-0.090589,4.4406,5.0167,6.3975,-35.3789,-0.00015389,1.4985,-0.11586,5.3519e-07,0.051271,0,86.6947,0.16034,0.88186,479.8883,1406.6012
39.9864,10880.5905,39.2288,239.9958,9.1862,-0.0013785,-0.10057,-2.3078,90.0064,-0.090589,4.4406,5.0167,6.3975,-35.3789,-0.00015389,1.4985,-0.11586,5.3519e-07,0.051271,0,86.6947,0.1603,0.87545,479.8883,1406.6012
39.9915,10880.9174,39.229,239.9946,9.1862,-0.0015976,-0.1198,-1.6013,90.0057,-0.14662,4.4406,4.8795,6.3764,-35.3084,-9.3164e-05,1.4662,-0.099042,5.357e-07,0.051282,0,86.6452,0.16005,0.95758,479.8871,1406.5832
39.9998,10881.2443,39.2293,239.9939,9.1862,-0.0017857,-0.13314,-0.90889,90.0044,-0.19452,4.4406,4.9694,7.134,-35.2366,3.2547e-06,1.4332,-0.075074,5.3622e-07,0.051293,0,86.791,0.15983,0.94675,479.886,1406.5653
40.0082,10881.5712,39.2297,239.9935,9.1862,-0.0018976,-0.14072,-0.2304,90.0028,-0.23083,4.4405,5.0776,8.3321,-35.1634,0.00011971,1.4002,-0.047859,5.3675e-07,0.051304,0,86.9368,0.1597,0.92735,479.8848,1406.5473
40.0165,10881.8981,39.2301,239.9933,9.1862,-0.0019049,-0.14264,0.43446,90.0009,-0.25398,4.4405,5.1944,9.7332,-35.0894,0.00018865,1.3677,-0.01959,5.373e-07,0.051314,0,87.0827,0.15969,0.90402,479.8836,1406.5294
40.0248,10882.2251,39.2306,239.9933,9.1862,-0.0018217,-0.13902,1.086,89.9988,-0.26346,4.4404,5.3147,11.2044,-35.0118,0.00020974,1.3361,0.0078659,5.3785e-07,0.051325,0,87.2286,0.15977,0.87884,479.8825,1406.5115
40.0332,10882.552,39.2311,239.9935,9.1862,-0.001672,-0.12997,1.7245,89.9966,-0.25965,4.4404,5.4339,12.6322,-34.9312,0.00017739,1.3055,0.033165,5.3842e-07,0.051336,0,87.3745,0.15994,0.85275,479.8813,1406.4935
40.0415,10882.8789,39.2318,239.9939,9.1862,-0.001491,-0.1156,2.3504,89.9944,-0.24361,4.4404,5.5483,13.9348,-34.8476,0.00010532,1.2761,0.055484,5.39e-07,0.051347,0,87.5205,0.16015,0.82614,479.8802,1406.4756
40.0498,10883.2058,39.2325,239.9946,9.1862,-0.0013141,-0.09601,2.9639,89.9924,-0.21678,4.4403,5.6558,15.0621,-34.762,1.0851e-05,1.2479,0.074383,5.3959e-07,0.051358,0,87.6665,0.16037,0.79919,479.879,1406.4576
40.0525,10883.2058,39.2325,239.9946,9.1862,-0.0013141,-0.09601,2.9639,89.9924,-0.21678,4.4403,5.6558,15.0621,-34.762,1.0851e-05,1.2479,0.074383,5.3959e-07,0.051358,0,87.6665,0.16034,0.8134,479.879,1406.4576
40.0525,10883.2058,39.2325,239.9946,9.1862,-0.0013141,-0.09601,2.9639,89.9924,-0.21678,4.4403,5.6558,15.0621,-34.762,1.0851e-05,1.2479,0.074383,5.3959e-07,0.051358,0,87.6665,0.16034,0.8134,479.879,1406.4576
40.0582,10883.5328,39.2332,239.9955,9.1862,-0.0011725,-0.071311,3.5655,89.9906,-0.18081,4.4403,5.7551,15.9873,-34.6754,-8.2812e-05,1.221,0.089729,5.4019e-07,0.051368,0,87.8125,0.16058,0.77201,479.8778,1406.4397
40.0635,10883.5328,39.2332,239.9955,9.1862,-0.0011725,-0.071311,3.5655,89.9906,-0.18081,4.4403,5.7551,15.9873,-34.6754,-8.2812e-05,1.221,0.089729,5.4019e-07,0.051368,0,87.8125,0.16052,0.80804,479.8778,1406.4397
40.0635,10883.5328,39.2332,239.9955,9.1862,-0.0011725,-0.071311,3.5655,89.9906,-0.18081,4.4403,5.7551,15.9873,-34.6754,-8.2812e-05,1.221,0.089729,5.4019e-07,0.051368,0,87.8125,0.16052,0.80804,479.8778,1406.4397
40.0665,10883.8597,39.2341,239.9965,9.1862,-0.0010884,-0.041598,4.1554,89.9891,-0.13742,4.4402,5.8451,16.702,-34.5892,-0.00019246,0.6536,0.10161,5.4079e-07,0.051379,0,87.462,0.16073,0.74468,479.8767,1406.4217
40.0695,10883.8597,39.2341,239.9965,9.1862,-0.0010884,-0.041598,4.1554,89.9891,-0.13742,4.4402,5.8451,16.702,-34.5892,-0.00019246,0.6536,0.10161,5.4079e-07,0.051379,0,87.462,0.1607,0.77389,479.8767,1406.4217
40.072,10883.8597,39.2341,239.9965,9.1862,-0.0010884,-0.041598,4.1554,89.9891,-0.13742,4.4402,5.8451,16.702,-34.5892,-0.00019246,0.6536,0.10161,5.4079e-07,0.051379,0,87.462,0.16067,0.79258,479.8767,1406.4217
40.072,10883.8597,39.2341,239.9965,9.1862,-0.0010884,-0.041598,4.1554,89.9891,-0.13742,4.4402,5.8451,16.702,-34.5892,-0.00019246,0.6536,0.10161,5.4079e-07,0.051379,0,87.462,0.16067,0.79258,479.8767,1406.4217
40.0748,10884.1867,39.2346,239.9965,9.1862,-0.0010924,-0.00697,4.4753,89.9879,-0.088275,4.4402,5.7233,12.2936,-33.1539,-0.00027085,-0.99496,0.11026,5.4141e-07,0.05139,0,87.1117,0.16074,0.80888,479.8755,1406.4038
40.0777,10884.1867,39.2346,239.9965,9.1862,-0.0010924,-0.00697,4.4753,89.9879,-0.088275,4.4402,5.7233,12.2936,-33.1539,-0.00027085,-0.99496,0.11026,5.4141e-07,0.05139,0,87.1117,0.16071,0.82117,479.8755,1406.4038
40.0832,10884.5136,39.2349,239.9959,9.1862,-0.0011928,0.030324,4.0088,89.9872,-0.034951,4.4401,5.595,-2.1337,-29.0346,-0.00030444,-1.5682,0.11609,5.4202e-07,0.051401,0,86.7616,0.16061,0.88163,479.8743,1406.3859
40.0915,10884.8406,39.235,239.9946,9.1862,-0.0013797,0.063731,3.269,89.9869,0.02119,4.4401,5.4615,-6.9796,-27.6109,-0.00023426,-1.5385,0.11943,5.4264e-07,0.051411,0,86.6217,0.16036,0.95757,479.8732,1406.3679
40.0955,10884.8406,39.235,239.9946,9.1862,-0.0013797,0.063731,3.269,89.9869,0.02119,4.4401,5.4615,-6.9796,-27.6109,-0.00023426,-1.5385,0.11943,5.4264e-07,0.051411,0,86.6217,0.16031,0.92539,479.8732,1406.3679
40.0955,10884.8406,39.235,239.9946,9.1862,-0.0013797,0.063731,3.269,89.9869,0.02119,4.4401,5.4615,-6.9796,-27.6109,-0.00023426,-1.5385,0.11943,5.4264e-07,0.051411,0,86.6217,0.16031,0.92539,479.8732,1406.3679
40.0998,10885.1676,39.2354,239.994,9.1862,-0.0015921,0.090972,2.5436,89.9871,0.07895,4.4401,5.5168,-6.5075,-27.6984,-0.00011269,-1.5084,0.11775,5.4325e-07,0.051422,0,86.7675,0.16011,0.94699,479.872,1406.35
40.1042,10885.1676,39.2354,239.994,9.1862,-0.0015921,0.090972,2.5436,89.9871,0.07895,4.4401,5.5168,-6.5075,-27.6984,-0.00011269,-1.5084,0.11775,5.4325e-07,0.051422,0,86.7675,0.16006,0.91602,479.872,1406.35
40.1082,10885.4945,39.2357,239.9936,9.1862,-0.0017848,0.11217,1.8325,89.9877,0.1359,4.44,5.5597,-6.3434,-27.7882,4.3826e-05,-1.4766,0.1042,5.4385e-07,0.051433,0,86.9133,0.1599,0.92787,479.8708,1406.332
40.1165,10885.8215,39.2362,239.9934,9.1861,-0.0019103,0.12744,1.1356,89.9889,0.18629,4.44,5.5734,-6.9045,-27.8828,0.00016591,-1.4436,0.081682,5.4445e-07,0.051444,0,87.0591,0.15977,0.9048,479.8697,1406.3141
40.1248,10886.1484,39.2366,239.9933,9.1861,-0.0019546,0.1369,0.45258,89.9904,0.2258,4.44,5.5655,-8.014,-27.9766,0.00024927,-1.4106,0.055129,5.4503e-07,0.051455,0,87.205,0.15972,0.87983,479.8685,1406.2962
40.1332,10886.4754,39.2372,239.9936,9.1861,-0.0019149,0.14067,-0.21668,89.9923,0.25246,4.4399,5.5485,-9.3732,-28.0667,0.00027832,-1.3779,0.02699,5.4561e-07,0.051465,0,87.351,0.15978,0.85388,479.8673,1406.2782
40.1415,10886.8024,39.2378,239.994,9.1861,-0.0018054,0.13887,-0.8725,89.9944,0.26552,4.4399,5.5285,-10.8335,-28.1507,0.00025473,-1.346,-0.00080545,5.4617e-07,0.051476,0,87.4969,0.15991,0.82735,479.8662,1406.2603
40.1498,10887.1294,39.2385,239.9946,9.1861,-0.0016496,0.1316,-1.5152,89.9966,0.26513,4.4398,5.5103,-12.2776,-28.2276,0.00018547,-1.3151,-0.026754,5.4672e-07,0.051487,0,87.6429,0.16011,0.80045,479.865,1406.2423
40.1582,10887.4564,39.2392,239.9955,9.1861,-0.0014769,0.11897,-2.1452,89.9988,0.25219,4.4398,5.4974,-13.6143,-28.2968,8.4838e-05,-1.2853,-0.049906,5.4726e-07,0.051498,0,87.789,0.16034,0.77327,479.8638,1406.2244
40.1665,10887.7834,39.24,239.9966,9.1861,-0.0013166,0.10109,-2.7627,90.0009,0.22806,4.4397,5.4919,-14.7858,-28.3585,-7.3455e-05,-1.2568,-0.06973,5.4779e-07,0.051508,0,87.4384,0.16057,0.74584,479.8627,1406.2064
40.1748,10888.1104,39.2405,239.9966,9.1861,-0.0012159,0.078072,-3.3682,90.0028,0.19433,4.4397,5.2934,-15.7598,-28.4108,-0.00023714,-1.2296,-0.086013,5.4831e-07,0.051519,0,87.0881,0.16067,0.80934,479.8615,1406.1885
40.1769,10888.1104,39.2405,239.9966,9.1861,-0.0012159,0.078072,-3.3682,90.0028,0.19433,4.4397,5.2934,-15.7598,-28.4108,-0.00023714,-1.2296,-0.086013,5.4831e-07,0.051519,0,87.0881,0.16065,0.8186,479.8615,1406.1885
40.1769,10888.1104,39.2405,239.9966,9.1861,-0.0012159,0.078072,-3.3682,90.0028,0.19433,4.4397,5.2934,-15.7598,-28.4108,-0.00023714,-1.2296,-0.086013,5.4831e-07,0.051519,0,87.0881,0.16065,0.8186,479.8615,1406.1885
40.1832,10888.4374,39.2408,239.9959,9.1861,-0.0011993,0.050004,-3.9619,90.0044,0.15274,4.4397,5.1057,-16.5232,-28.4564,-0.0003688,-1.0554,-0.098797,5.4882e-07,0.05153,0,86.7381,0.16066,0.88136,479.8604,1406.1706
40.1861,10888.4374,39.2408,239.9959,9.1861,-0.0011993,0.050004,-3.9619,90.0044,0.15274,4.4397,5.1057,-16.5232,-28.4564,-0.0003688,-1.0554,-0.098797,5.4882e-07,0.05153,0,86.7381,0.16062,0.87564,479.8604,1406.1706
40.1861,10888.4374,39.2408,239.9959,9.1861,-0.0011993,0.050004,-3.9619,90.0044,0.15274,4.4397,5.1057,-16.5232,-28.4564,-0.0003688,-1.0554,-0.098797,5.4882e-07,0.05153,0,86.7381,0.16062,0.87564,479.8604,1406.1706
40.1915,10888.7644,39.2409,239.9947,9.1861,-0.0012745,0.016988,-4.4735,90.0057,0.10496,4.4397,4.9271,-15.7346,-28.8697,-0.00036766,0.53449,-0.1083,5.4933e-07,0.051541,0,86.654,0.16051,0.95714,479.8592,1406.1526
40.1969,10888.7644,39.2409,239.9947,9.1861,-0.0012745,0.016988,-4.4735,90.0057,0.10496,4.4397,4.9271,-15.7346,-28.8697,-0.00036766,0.53449,-0.1083,5.4933e-07,0.051541,0,86.654,0.16045,0.91622,479.8592,1406.1526
40.1998,10889.0914,39.2412,239.994,9.1861,-0.0014009,-0.02029,-4.2266,90.0066,0.052584,4.4396,4.9506,-1.8976,-32.8462,-0.00026251,1.5768,-0.11482,5.4983e-07,0.051552,0,86.7998,0.16035,0.94668,479.858,1406.1347
40.2082,10889.4184,39.2416,239.9936,9.1861,-0.0015475,-0.055512,-3.4826,90.007,-0.0029444,4.4396,4.9808,7.1532,-35.4699,-9.8869e-05,1.5471,-0.11879,5.5033e-07,0.051562,0,86.9456,0.16018,0.92779,479.8569,1406.1167
40.2109,10889.4184,39.2416,239.9936,9.1861,-0.0015475,-0.055512,-3.4826,90.007,-0.0029444,4.4396,4.9808,7.1532,-35.4699,-9.8869e-05,1.5471,-0.11879,5.5033e-07,0.051562,0,86.9456,0.16015,0.91141,479.8569,1406.1167
40.2109,10889.4184,39.2416,239.9936,9.1861,-0.0015475,-0.055512,-3.4826,90.007,-0.0029444,4.4396,4.9808,7.1532,-35.4699,-9.8869e-05,1.5471,-0.11879,5.5033e-07,0.051562,0,86.9456,0.16015,0.91141,479.8569,1406.1167
40.2165,10889.7454,39.242,239.9934,9.1861,-0.0016798,-0.084534,-2.7531,90.007,-0.060393,4.4396,5.0175,6.6355,-35.4149,4.4789e-05,1.5174,-0.11979,5.5083e-07,0.051573,0,87.0914,0.16004,0.90496,479.8557,1406.0988
40.2221,10889.7454,39.242,239.9934,9.1861,-0.0016798,-0.084534,-2.7531,90.007,-0.060393,4.4396,5.0175,6.6355,-35.4149,4.4789e-05,1.5174,-0.11979,5.5083e-07,0.051573,0,87.0914,0.15998,0.88576,479.8557,1406.0988
40.2243,10889.7454,39.242,239.9934,9.1861,-0.0016798,-0.084534,-2.7531,90.007,-0.060393,4.4396,5.0175,6.6355,-35.4149,4.4789e-05,1.5174,-0.11979,5.5083e-07,0.051573,0,87.0914,0.15996,0.88073,479.8557,1406.0988
40.2243,10889.7454,39.242,239.9934,9.1861,-0.0016798,-0.084534,-2.7531,90.007,-0.060393,4.4396,5.0175,6.6355,-35.4149,4.4789e-05,1.5174,-0.11979,5.5083e-07,0.051573,0,87.0914,0.15996,0.88073,479.8557,1406.0988
40.2248,10890.0724,39.2424,239.9934,9.1861,-0.0017896,-0.10748,-2.0378,90.0065,-0.11833,4.4395,5.0624,6.3029,-35.3568,0.00016542,1.4861,-0.11009,5.5134e-07,0.051584,0,87.2373,0.15993,0.88028,479.8545,1406.0809
40.2254,10890.0724,39.2424,239.9934,9.1861,-0.0017896,-0.10748,-2.0378,90.0065,-0.11833,4.4395,5.0624,6.3029,-35.3568,0.00016542,1.4861,-0.11009,5.5134e-07,0.051584,0,87.2373,0.15993,0.87914,479.8545,1406.0809
40.2266,10890.0724,39.2424,239.9934,9.1861,-0.0017896,-0.10748,-2.0378,90.0065,-0.11833,4.4395,5.0624,6.3029,-35.3568,0.00016542,1.4861,-0.11009,5.5134e-07,0.051584,0,87.2373,0.15991,0.87705,479.8545,1406.0809
40.2289,10890.0724,39.2424,239.9934,9.1861,-0.0017896,-0.10748,-2.0378,90.0065,-0.11833,4.4395,5.0624,6.3029,-35.3568,0.00016542,1.4861,-0.11009,5.5134e-07,0.051584,0,87.2373,0.15989,0.87354,479.8545,1406.0809
40.2332,10890.3994,39.243,239.9936,9.1861,-0.0018594,-0.12446,-1.3368,90.0055,-0.17157,4.4395,5.1347,6.6246,-35.2922,0.00024505,1.4533,-0.089366,5.5186e-07,0.051595,0,87.3832,0.15988,0.85459,479.8534,1406.0629
40.2415,10890.7265,39.2436,239.994,9.1861,-0.0018763,-0.1356,-0.64977,90.0041,-0.21479,4.4394,5.2357,7.6223,-35.22,0.00028257,1.4203,-0.063614,5.5239e-07,0.051605,0,87.5292,0.15988,0.82829,479.8522,1406.045
40.2498,10891.0535,39.2442,239.9946,9.1861,-0.0018362,-0.14101,0.023446,90.0023,-0.24556,4.4394,5.3501,8.931,-35.1429,0.00027661,1.3874,-0.035651,5.5293e-07,0.051616,0,87.6752,0.15996,0.80156,479.851,1406.027
40.2582,10891.3805,39.2449,239.9955,9.1861,-0.0017452,-0.14082,0.68314,90.0002,-0.2628,4.4393,5.471,10.3801,-35.062,0.00022923,1.3552,-0.007497,5.5348e-07,0.051627,0,87.8212,0.16011,0.77448,479.8499,1406.0091
40.2665,10891.7076,39.2457,239.9965,9.1861,-0.0016184,-0.13512,1.3296,89.9981,-0.26643,4.4393,5.5932,11.8467,-34.9781,0.00010322,1.324,0.019183,5.5404e-07,0.051638,0,87.4707,0.1603,0.74711,479.8487,1405.9911
40.2748,10892.0346,39.2462,239.9965,9.1861,-0.0014984,-0.12404,1.9633,89.9958,-0.25715,4.4393,5.5108,13.2297,-34.8893,-5.7108e-05,1.2939,0.043287,5.5461e-07,0.051649,0,87.1204,0.16042,0.81062,479.8475,1405.9732
40.2832,10892.3617,39.2465,239.9959,9.1861,-0.0014143,-0.10768,2.5844,89.9937,-0.23622,4.4392,5.4244,14.462,-34.7984,-0.00022762,1.265,0.064172,5.552e-07,0.051659,0,86.7704,0.16046,0.88261,479.8464,1405.9553
40.2915,10892.6887,39.2465,239.9946,9.1861,-0.0013893,-0.086147,3.1933,89.9917,-0.20519,4.4392,5.3322,15.5043,-34.707,-0.00030022,1.2373,0.081539,5.5579e-07,0.05167,0,86.7431,0.16041,0.95782,479.8452,1405.9373
40.2988,10892.6887,39.2465,239.9946,9.1861,-0.0013893,-0.086147,3.1933,89.9917,-0.20519,4.4392,5.3322,15.5043,-34.707,-0.00030022,1.2373,0.081539,5.5579e-07,0.05167,0,86.7431,0.16033,0.90669,479.8452,1405.9373
40.2988,10892.6887,39.2465,239.9946,9.1861,-0.0013893,-0.086147,3.1933,89.9917,-0.20519,4.4392,5.3322,15.5043,-34.707,-0.00030022,1.2373,0.081539,5.5579e-07,0.05167,0,86.7431,0.16033,0.90669,479.8452,1405.9373
40.2998,10893.0158,39.2468,239.994,9.1861,-0.0013981,-0.059536,3.7904,89.99,-0.16575,4.4392,5.4256,16.3384,-34.6213,-0.0002973,1.1693,0.095365,5.564e-07,0.051681,0,86.8888,0.16037,0.94665,479.844,1405.9194
40.3001,10893.0158,39.2468,239.994,9.1861,-0.0013981,-0.059536,3.7904,89.99,-0.16575,4.4392,5.4256,16.3384,-34.6213,-0.0002973,1.1693,0.095365,5.564e-07,0.051681,0,86.8888,0.16036,0.94432,479.844,1405.9194
40.3001,10893.0158,39.2468,239.994,9.1861,-0.0013981,-0.059536,3.7904,89.99,-0.16575,4.4392,5.4256,16.3384,-34.6213,-0.0002973,1.1693,0.095365,5.564e-07,0.051681,0,86.8888,0.16036,0.94432,479.844,1405.9194
40.3011,10893.0158,39.2468,239.994,9.1861,-0.0013981,-0.059536,3.7904,89.99,-0.16575,4.4392,5.4256,16.3384,-34.6213,-0.0002973,1.1693,0.095365,5.564e-07,0.051681,0,86.8888,0.16035,0.93633,479.844,1405.9194
40.3021,10893.0158,39.2468,239.994,9.1861,-0.0013981,-0.059536,3.7904,89.99,-0.16575,4.4392,5.4256,16.3384,-34.6213,-0.0002973,1.1693,0.095365,5.564e-07,0.051681,0,86.8888,0.16034,0.92911,479.844,1405.9194
40.3041,10893.0158,39.2468,239.994,9.1861,-0.0013981,-0.059536,3.7904,89.99,-0.16575,4.4392,5.4256,16.3384,-34.6213,-0.0002973,1.1693,0.095365,5.564e-07,0.051681,0,86.8888,0.16032,0.91663,479.844,1405.9194
40.3082,10893.3428,39.2472,239.9936,9.1861,-0.0014276,-0.027949,4.356,89.9886,-0.11963,4.4392,5.5088,16.5844,-34.4366,-0.00021681,0.0067197,0.10582,5.5701e-07,0.051692,0,87.0346,0.16031,0.92739,479.8429,1405.9014
40.3165,10893.6699,39.2476,239.9934,9.1861,-0.0014637,0.0083511,4.3674,89.9876,-0.068457,4.4392,5.5821,6.6839,-31.5305,-0.00010529,-1.5822,0.11321,5.5762e-07,0.051702,0,87.1805,0.16026,0.90465,479.8417,1405.8835
40.3248,10893.997,39.248,239.9934,9.1861,-0.0015132,0.044746,3.6207,89.9871,-0.013707,4.4391,5.6476,-7.2827,-27.5768,1.6846e-05,-1.5526,0.1179,5.5824e-07,0.051713,0,87.3263,0.16021,0.88015,479.8405,1405.8655
40.3262,10893.997,39.248,239.9934,9.1861,-0.0015132,0.044746,3.6207,89.9871,-0.013707,4.4391,5.6476,-7.2827,-27.5768,1.6846e-05,-1.5526,0.1179,5.5824e-07,0.051713,0,87.3263,0.1602,0.87752,479.8405,1405.8655
40.3262,10893.997,39.248,239.9934,9.1861,-0.0015132,0.044746,3.6207,89.9871,-0.013707,4.4391,5.6476,-7.2827,-27.5768,1.6846e-05,-1.5526,0.1179,5.5824e-07,0.051713,0,87.3263,0.1602,0.87752,479.8405,1405.8655
40.3332,10894.324,39.2485,239.9936,9.1861,-0.0015717,0.074919,2.8885,89.987,0.043312,4.4391,5.7067,-6.728,-27.6682,0.0001109,-1.523,0.12008,5.5886e-07,0.051724,0,87.4722,0.16017,0.85473,479.8394,1405.8476
40.339,10894.324,39.2485,239.9936,9.1861,-0.0015717,0.074919,2.8885,89.987,0.043312,4.4391,5.7067,-6.728,-27.6682,0.0001109,-1.523,0.12008,5.5886e-07,0.051724,0,87.4722,0.1601,0.8571,479.8394,1405.8476
40.339,10894.324,39.2485,239.9936,9.1861,-0.0015717,0.074919,2.8885,89.987,0.043312,4.4391,5.7067,-6.728,-27.6682,0.0001109,-1.523,0.12008,5.5886e-07,0.051724,0,87.4722,0.1601,0.8571,479.8394,1405.8476
40.3415,10894.6511,39.2491,239.994,9.1861,-0.0016357,0.098989,2.1706,89.9873,0.10139,4.439,5.7602,-6.3282,-27.7561,0.00017908,-1.4923,0.11404,5.5946e-07,0.051735,0,87.6182,0.16013,0.82871,479.8382,1405.8297
40.344,10894.6511,39.2491,239.994,9.1861,-0.0016357,0.098989,2.1706,89.9873,0.10139,4.439,5.7602,-6.3282,-27.7561,0.00017908,-1.4923,0.11404,5.5946e-07,0.051735,0,87.6182,0.1601,0.8355,479.8382,1405.8297
40.3489,10894.6511,39.2491,239.994,9.1861,-0.0016357,0.098989,2.1706,89.9873,0.10139,4.439,5.7602,-6.3282,-27.7561,0.00017908,-1.4923,0.11404,5.5946e-07,0.051735,0,87.6182,0.16005,0.84497,479.8382,1405.8297
40.3498,10894.9782,39.2498,239.9946,9.1861,-0.0016931,0.11708,1.4668,89.9882,0.15654,4.439,5.794,-6.4309,-27.8437,0.00021778,-1.4598,0.095059,5.6007e-07,0.051746,0,87.7642,0.16011,0.80224,479.8371,1405.8117
40.3546,10894.9782,39.2498,239.9946,9.1861,-0.0016931,0.11708,1.4668,89.9882,0.15654,4.439,5.794,-6.4309,-27.8437,0.00021778,-1.4598,0.095059,5.6007e-07,0.051746,0,87.7642,0.16006,0.82408,479.8371,1405.8117
40.3582,10895.3053,39.2505,239.9954,9.1861,-0.0017245,0.1293,0.77718,89.9895,0.20252,4.4389,5.7963,-7.324,-27.9329,0.00022695,-1.4268,0.070104,5.6066e-07,0.051756,0,87.9102,0.16013,0.7754,479.8359,1405.7938
40.3665,10895.6324,39.2513,239.9965,9.1861,-0.0017181,0.13578,0.10138,89.9912,0.23642,4.4389,5.7845,-8.5841,-28.02,0.0001634,-1.3939,0.042457,5.6125e-07,0.051767,0,87.5597,0.1602,0.74819,479.8347,1405.7758
40.3748,10895.9595,39.2517,239.9965,9.1861,-0.0016918,0.13662,-0.56086,89.9931,0.25696,4.4388,5.5653,-10.0123,-28.1004,5.9554e-05,-1.3615,0.014141,5.6182e-07,0.051778,0,87.2094,0.16022,0.81179,479.8336,1405.7579
40.3832,10896.2866,39.2519,239.9958,9.1861,-0.0016583,0.13195,-1.2098,89.9953,0.2638,4.4388,5.3472,-11.4857,-28.1746,-7.1499e-05,-1.33,-0.013026,5.6238e-07,0.051789,0,86.8594,0.16021,0.88383,479.8324,1405.74
40.3915,10896.6137,39.252,239.9946,9.1861,-0.0016334,0.12187,-1.8459,89.9975,0.2575,4.4388,5.1346,-12.894,-28.2426,-0.00013049,-1.2996,-0.03782,5.6293e-07,0.051799,0,86.8255,0.16016,0.95905,479.8312,1405.722
40.3998,10896.9408,39.2522,239.9939,9.1861,-0.0015939,0.10648,-2.4693,89.9996,0.23921,4.4388,5.1228,-14.1629,-28.3092,-0.00015096,-1.2704,-0.059509,5.6347e-07,0.05181,0,86.9713,0.16016,0.9479,479.8301,1405.7041
40.4082,10897.2679,39.2526,239.9935,9.1861,-0.0015385,0.085907,-3.0805,90.0016,0.21043,4.4388,5.1186,-15.2478,-28.3721,-0.0001302,-1.2425,-0.077721,5.64e-07,0.051821,0,87.117,0.16018,0.92828,479.8289,1405.6861
40.4138,10897.2679,39.2526,239.9935,9.1861,-0.0015385,0.085907,-3.0805,90.0016,0.21043,4.4388,5.1186,-15.2478,-28.3721,-0.0001302,-1.2425,-0.077721,5.64e-07,0.051821,0,87.117,0.16012,0.89904,479.8289,1405.6861
40.4138,10897.2679,39.2526,239.9935,9.1861,-0.0015385,0.085907,-3.0805,90.0016,0.21043,4.4388,5.1186,-15.2478,-28.3721,-0.0001302,-1.2425,-0.077721,5.64e-07,0.051821,0,87.117,0.16012,0.89904,479.8289,1405.6861
40.4165,10897.595,39.2529,239.9933,9.1861,-0.0014686,0.060237,-3.6797,90.0034,0.17285,4.4388,5.123,-16.1262,-28.4312,-0.00011089,-1.2159,-0.092376,5.6452e-07,0.051832,0,87.2629,0.16023,0.90481,479.8277,1405.6682
40.4192,10897.595,39.2529,239.9933,9.1861,-0.0014686,0.060237,-3.6797,90.0034,0.17285,4.4388,5.123,-16.1262,-28.4312,-0.00011089,-1.2159,-0.092376,5.6452e-07,0.051832,0,87.2629,0.16021,0.89419,479.8277,1405.6682
40.4248,10897.9221,39.2534,239.9933,9.1861,-0.0014075,0.029572,-4.2674,90.0048,0.12817,4.4387,5.1357,-16.7928,-28.4843,-7.5536e-05,-0.27852,-0.10361,5.6503e-07,0.051843,0,87.4087,0.16029,0.87984,479.8266,1405.6502
40.4328,10897.9221,39.2534,239.9933,9.1861,-0.0014075,0.029572,-4.2674,90.0048,0.12817,4.4387,5.1357,-16.7928,-28.4843,-7.5536e-05,-0.27852,-0.10361,5.6503e-07,0.051843,0,87.4087,0.16021,0.86912,479.8266,1405.6502
40.4328,10897.9221,39.2534,239.9933,9.1861,-0.0014075,0.029572,-4.2674,90.0048,0.12817,4.4387,5.1357,-16.7928,-28.4843,-7.5536e-05,-0.27852,-0.10361,5.6503e-07,0.051843,0,87.4087,0.16021,0.86912,479.8266,1405.6502
40.4332,10898.2492,39.2539,239.9935,9.1861,-0.0013702,-0.0059895,-4.4084,90.0059,0.078068,4.4387,5.1557,-8.9831,-30.8229,-1.9876e-05,1.3696,-0.11166,5.6554e-07,0.051853,0,87.5546,0.16034,0.85443,479.8254,1405.6323
40.4335,10898.2492,39.2539,239.9935,9.1861,-0.0013702,-0.0059895,-4.4084,90.0059,0.078068,4.4387,5.1557,-8.9831,-30.8229,-1.9876e-05,1.3696,-0.11166,5.6554e-07,0.051853,0,87.5546,0.16034,0.85464,479.8254,1405.6323
40.4343,10898.2492,39.2539,239.9935,9.1861,-0.0013702,-0.0059895,-4.4084,90.0059,0.078068,4.4387,5.1557,-8.9831,-30.8229,-1.9876e-05,1.3696,-0.11166,5.6554e-07,0.051853,0,87.5546,0.16033,0.85503,479.8254,1405.6323
40.4357,10898.2492,39.2539,239.9935,9.1861,-0.0013702,-0.0059895,-4.4084,90.0059,0.078068,4.4387,5.1557,-8.9831,-30.8229,-1.9876e-05,1.3696,-0.11166,5.6554e-07,0.051853,0,87.5546,0.16031,0.85573,479.8254,1405.6323
40.4386,10898.2492,39.2539,239.9935,9.1861,-0.0013702,-0.0059895,-4.4084,90.0059,0.078068,4.4387,5.1557,-8.9831,-30.8229,-1.9876e-05,1.3696,-0.11166,5.6554e-07,0.051853,0,87.5546,0.16028,0.85686,479.8254,1405.6323
40.4415,10898.5763,39.2544,239.9939,9.1861,-0.00137,-0.042726,-3.7631,90.0065,0.024069,4.4386,5.1834,5.4702,-34.9568,4.784e-05,1.5582,-0.11696,5.6605e-07,0.051864,0,87.7005,0.16036,0.82857,479.8242,1405.6144
40.4423,10898.5763,39.2544,239.9939,9.1861,-0.00137,-0.042726,-3.7631,90.0065,0.024069,4.4386,5.1834,5.4702,-34.9568,4.784e-05,1.5582,-0.11696,5.6605e-07,0.051864,0,87.7005,0.16035,0.83097,479.8242,1405.6144
40.4423,10898.5763,39.2544,239.9939,9.1861,-0.00137,-0.042726,-3.7631,90.0065,0.024069,4.4386,5.1834,5.4702,-34.9568,4.784e-05,1.5582,-0.11696,5.6605e-07,0.051864,0,87.7005,0.16035,0.83097,479.8242,1405.6144
40.4498,10898.9034,39.2551,239.9945,9.1861,-0.0014063,-0.074085,-3.0281,90.0067,-0.032493,4.4386,5.2183,6.8505,-35.4432,9.9129e-05,1.5287,-0.11987,5.6656e-07,0.051875,0,87.8465,0.16036,0.80236,479.8231,1405.5964
40.4549,10898.9034,39.2551,239.9945,9.1861,-0.0014063,-0.074085,-3.0281,90.0067,-0.032493,4.4386,5.2183,6.8505,-35.4432,9.9129e-05,1.5287,-0.11987,5.6656e-07,0.051875,0,87.8465,0.16031,0.82529,479.8231,1405.5964
40.4549,10898.9034,39.2551,239.9945,9.1861,-0.0014063,-0.074085,-3.0281,90.0067,-0.032493,4.4386,5.2183,6.8505,-35.4432,9.9129e-05,1.5287,-0.11987,5.6656e-07,0.051875,0,87.8465,0.16031,0.82529,479.8231,1405.5964
40.4582,10899.2305,39.2558,239.9954,9.1861,-0.0014724,-0.099319,-2.3075,90.0064,-0.090466,4.4385,5.2599,6.3999,-35.3813,0.00013635,1.4983,-0.11579,5.6707e-07,0.051886,0,87.9925,0.16035,0.77579,479.8219,1405.5785
40.4614,10899.2305,39.2558,239.9954,9.1861,-0.0014724,-0.099319,-2.3075,90.0064,-0.090466,4.4385,5.2599,6.3999,-35.3813,0.00013635,1.4983,-0.11579,5.6707e-07,0.051886,0,87.9925,0.16031,0.79885,479.8219,1405.5785
40.4665,10899.5577,39.2566,239.9964,9.1861,-0.0015516,-0.11855,-1.6011,90.0057,-0.14646,4.4385,5.3195,6.3791,-35.315,0.00011433,1.466,-0.09898,5.6759e-07,0.051896,0,87.642,0.16033,0.74887,479.8207,1405.5605
40.4748,10899.8848,39.257,239.9964,9.1861,-0.0016395,-0.13189,-0.90872,90.0045,-0.19433,4.4384,5.2116,7.1365,-35.2389,6.3564e-05,1.4331,-0.075024,5.6812e-07,0.051907,0,87.2918,0.16024,0.81211,479.8196,1405.5426
40.4832,10900.212,39.2572,239.9957,9.1861,-0.0017217,-0.13946,-0.23028,90.0028,-0.23062,4.4384,5.123,8.334,-35.1574,-7.7256e-06,1.4001,-0.047824,5.6866e-07,0.051918,0,86.9419,0.16012,0.88426,479.8184,1405.5246
40.4915,10900.5391,39.2573,239.9945,9.186,-0.0017893,-0.14138,0.43453,90.0009,-0.25375,4.4384,5.0453,9.7343,-35.0728,-1.1537e-05,1.3676,-0.019573,5.6921e-07,0.051929,0,86.8478,0.15997,0.95955,479.8172,1405.5067
40.4998,10900.8662,39.2575,239.9938,9.186,-0.0018015,-0.13776,1.086,89.9988,-0.26322,4.4384,5.1654,11.2044,-34.9911,7.7341e-06,1.3359,0.0078639,5.6978e-07,0.05194,0,86.9935,0.15991,0.94846,479.8161,1405.4888
40.5082,10901.1934,39.2578,239.9934,9.186,-0.0017483,-0.12871,1.7245,89.9966,-0.25942,4.4384,5.2837,12.631,-34.9103,4.3502e-05,1.3054,0.033145,5.7035e-07,0.05195,0,87.1393,0.15993,0.92887,479.8149,1405.4708
40.5165,10901.5205,39.2581,239.9932,9.186,-0.0016317,-0.11434,2.3503,89.9945,-0.24339,4.4384,5.3968,13.9326,-34.8303,4.3505e-05,1.276,0.05545,5.7094e-07,0.051961,0,87.2851,0.16002,0.90544,479.8137,1405.4529
40.5248,10901.8477,39.2585,239.9932,9.186,-0.001485,-0.094755,2.9638,89.9924,-0.21657,4.4383,5.503,15.0591,-34.7486,2.1578e-05,1.2478,0.074337,5.7154e-07,0.051972,0,87.4309,0.16016,0.88022,479.8126,1405.4349
40.5276,10901.8477,39.2585,239.9932,9.186,-0.001485,-0.094755,2.9638,89.9924,-0.21657,4.4383,5.503,15.0591,-34.7486,2.1578e-05,1.2478,0.074337,5.7154e-07,0.051972,0,87.4309,0.16013,0.8755,479.8126,1405.4349
40.5276,10901.8477,39.2585,239.9932,9.186,-0.001485,-0.094755,2.9638,89.9924,-0.21657,4.4383,5.503,15.0591,-34.7486,2.1578e-05,1.2478,0.074337,5.7154e-07,0.051972,0,87.4309,0.16013,0.8755,479.8126,1405.4349
40.5332,10902.1748,39.259,239.9934,9.186,-0.0013392,-0.070057,3.5653,89.9906,-0.18062,4.4383,5.601,15.9836,-34.666,-1.5291e-05,1.2209,0.089673,5.7215e-07,0.051983,0,87.5768,0.16031,0.85412,479.8114,1405.417
40.5386,10902.1748,39.259,239.9934,9.186,-0.0013392,-0.070057,3.5653,89.9906,-0.18062,4.4383,5.601,15.9836,-34.666,-1.5291e-05,1.2209,0.089673,5.7215e-07,0.051983,0,87.5768,0.16026,0.85672,479.8114,1405.417
40.5386,10902.1748,39.259,239.9934,9.186,-0.0013392,-0.070057,3.5653,89.9906,-0.18062,4.4383,5.601,15.9836,-34.666,-1.5291e-05,1.2209,0.089673,5.7215e-07,0.051983,0,87.5768,0.16026,0.85672,479.8114,1405.417
40.5415,10902.502,39.2596,239.9938,9.186,-0.0012239,-0.040346,4.1552,89.9891,-0.13726,4.4383,5.6899,16.6978,-34.5828,-4.1188e-05,0.65142,0.10155,5.7276e-07,0.051993,0,87.7227,0.16045,0.82765,479.8102,1405.399
40.5445,10902.502,39.2596,239.9938,9.186,-0.0012239,-0.040346,4.1552,89.9891,-0.13726,4.4383,5.6899,16.6978,-34.5828,-4.1188e-05,0.65142,0.10155,5.7276e-07,0.051993,0,87.7227,0.16042,0.83595,479.8102,1405.399
40.547,10902.502,39.2596,239.9938,9.186,-0.0012239,-0.040346,4.1552,89.9891,-0.13726,4.4383,5.6899,16.6978,-34.5828,-4.1188e-05,0.65142,0.10155,5.7276e-07,0.051993,0,87.7227,0.16039,0.84138,479.8102,1405.399
40.547,10902.502,39.2596,239.9938,9.186,-0.0012239,-0.040346,4.1552,89.9891,-0.13726,4.4383,5.6899,16.6978,-34.5828,-4.1188e-05,0.65142,0.10155,5.7276e-07,0.051993,0,87.7227,0.16039,0.84138,479.8102,1405.399
40.5498,10902.8292,39.2602,239.9945,9.186,-0.0011568,-0.0057193,4.4741,89.988,-0.088144,4.4382,5.7687,12.2699,-33.1471,-4.256e-05,-0.99605,0.1102,5.7339e-07,0.052004,0,87.8687,0.16055,0.80142,479.8091,1405.3811
40.5527,10902.8292,39.2602,239.9945,9.186,-0.0011568,-0.0057193,4.4741,89.988,-0.088144,4.4382,5.7687,12.2699,-33.1471,-4.256e-05,-0.99605,0.1102,5.7339e-07,0.052004,0,87.8687,0.16052,0.81592,479.8091,1405.3811
40.5582,10903.1563,39.2609,239.9953,9.186,-0.0011495,0.031564,4.007,89.9872,-0.034853,4.4382,5.8391,-2.1477,-29.0353,-1.2598e-05,-1.5679,0.11602,5.7401e-07,0.052015,0,87.9356,0.16061,0.77498,479.8079,1405.3632
40.5665,10903.4835,39.2617,239.9964,9.186,-0.0011982,0.064956,3.2673,89.9869,0.021256,4.4381,5.9024,-6.9813,-27.6192,-2.4829e-05,-1.5383,0.11937,5.7463e-07,0.052026,0,87.5851,0.16062,0.74828,479.8068,1405.3452
40.5705,10903.4835,39.2617,239.9964,9.186,-0.0011982,0.064956,3.2673,89.9869,0.021256,4.4381,5.9024,-6.9813,-27.6192,-2.4829e-05,-1.5383,0.11937,5.7463e-07,0.052026,0,87.5851,0.16058,0.78451,479.8068,1405.3452
40.5705,10903.4835,39.2617,239.9964,9.186,-0.0011982,0.064956,3.2673,89.9869,0.021256,4.4381,5.9024,-6.9813,-27.6192,-2.4829e-05,-1.5383,0.11937,5.7463e-07,0.052026,0,87.5851,0.16058,0.78451,479.8068,1405.3452
40.5748,10903.8107,39.2621,239.9963,9.186,-0.0013118,0.092183,2.5421,89.9871,0.078985,4.4381,5.7587,-6.5095,-27.7022,-5.0068e-05,-1.5082,0.11768,5.7525e-07,0.052037,0,87.2349,0.16051,0.8124,479.8056,1405.3273
40.5792,10903.8107,39.2621,239.9963,9.186,-0.0013118,0.092183,2.5421,89.9871,0.078985,4.4381,5.7587,-6.5095,-27.7022,-5.0068e-05,-1.5082,0.11768,5.7525e-07,0.052037,0,87.2349,0.16046,0.82889,479.8056,1405.3273
40.5832,10904.1379,39.2623,239.9957,9.186,-0.0014757,0.11337,1.831,89.9878,0.1359,4.4381,5.6049,-6.3461,-27.7838,-8.106e-05,-1.4764,0.10412,5.7586e-07,0.052047,0,86.885,0.1603,0.88484,479.8044,1405.3093
40.5915,10904.4651,39.2624,239.9944,9.186,-0.0016617,0.12863,1.1342,89.9889,0.18625,4.4381,5.4241,-6.9076,-27.8676,-3.1429e-05,-1.4434,0.081611,5.7647e-07,0.052058,0,86.868,0.16003,0.96037,479.8033,1405.2914
40.5998,10904.7922,39.2626,239.9938,9.186,-0.0018009,0.13808,0.45129,89.9905,0.22572,4.438,5.416,-8.0166,-27.9572,5.0058e-05,-1.4104,0.055073,5.7706e-07,0.052069,0,87.0138,0.15984,0.94948,479.8021,1405.2734
40.6082,10905.1194,39.2629,239.9933,9.186,-0.0018568,0.14184,-0.21788,89.9924,0.25236,4.438,5.3983,-9.375,-28.0471,0.00014689,-1.3777,0.026952,5.7764e-07,0.05208,0,87.1595,0.15975,0.93003,479.8009,1405.2555
40.6165,10905.4466,39.2632,239.9931,9.186,-0.0018102,0.14002,-0.87362,89.9945,0.2654,4.438,5.3771,-10.8342,-28.1347,0.00019469,-1.3458,-0.00082491,5.7821e-07,0.05209,0,87.3053,0.15978,0.90668,479.7998,1405.2376
40.6248,10905.7738,39.2636,239.9931,9.186,-0.001683,0.13274,-1.5163,89.9967,0.265,4.438,5.3576,-12.2772,-28.2154,0.00019704,-1.3149,-0.026755,5.7877e-07,0.052101,0,87.4511,0.15989,0.88151,479.7986,1405.2196
40.6332,10906.101,39.264,239.9933,9.186,-0.0015045,0.12011,-2.1461,89.9989,0.25206,4.438,5.3435,-13.6128,-28.2885,0.00015208,-1.2852,-0.04989,5.7932e-07,0.052112,0,87.597,0.16007,0.85544,479.7974,1405.2017
40.6415,10906.4282,39.2646,239.9937,9.186,-0.0013117,0.10222,-2.7636,90.001,0.22793,4.4379,5.3369,-14.7834,-28.3532,7.635e-05,-1.2567,-0.069699,5.7985e-07,0.052123,0,87.7429,0.16028,0.82886,479.7963,1405.1837
40.6498,10906.7554,39.2652,239.9943,9.186,-0.0011388,0.079193,-3.369,90.0029,0.19423,4.4379,5.339,-15.7565,-28.4102,-1.1496e-05,-1.2294,-0.085971,5.8038e-07,0.052134,0,87.8889,0.16048,0.80196,479.7951,1405.1658
40.6519,10906.7554,39.2652,239.9943,9.186,-0.0011388,0.079193,-3.369,90.0029,0.19423,4.4379,5.339,-15.7565,-28.4102,-1.1496e-05,-1.2294,-0.085971,5.8038e-07,0.052134,0,87.8889,0.16046,0.81296,479.7951,1405.1658
40.6519,10906.7554,39.2652,239.9943,9.186,-0.0011388,0.079193,-3.369,90.0029,0.19423,4.4379,5.339,-15.7565,-28.4102,-1.1496e-05,-1.2294,-0.085971,5.8038e-07,0.052134,0,87.8889,0.16046,0.81296,479.7951,1405.1658
40.6582,10907.0826,39.2658,239.9952,9.186,-0.0010137,0.051118,-3.9626,90.0045,0.15265,4.4379,5.3501,-16.5193,-28.4604,-8.0635e-05,-1.0538,-0.098747,5.809e-07,0.052144,0,88.0205,0.16066,0.77481,479.7939,1405.1478
40.6611,10907.0826,39.2658,239.9952,9.186,-0.0010137,0.051118,-3.9626,90.0045,0.15265,4.4379,5.3501,-16.5193,-28.4604,-8.0635e-05,-1.0538,-0.098747,5.809e-07,0.052144,0,88.0205,0.16062,0.7963,479.7939,1405.1478
40.6611,10907.0826,39.2658,239.9952,9.186,-0.0010137,0.051118,-3.9626,90.0045,0.15265,4.4379,5.3501,-16.5193,-28.4604,-8.0635e-05,-1.0538,-0.098747,5.809e-07,0.052144,0,88.0205,0.16062,0.7963,479.7939,1405.1478
40.6665,10907.4099,39.2666,239.9962,9.186,-0.00095047,0.018096,-4.4734,90.0058,0.10489,4.4378,5.3684,-15.7166,-28.8817,-0.00016276,0.53664,-0.10824,5.8141e-07,0.052155,0,87.6701,0.16078,0.74799,479.7928,1405.1299
40.6719,10907.4099,39.2666,239.9962,9.186,-0.00095047,0.018096,-4.4734,90.0058,0.10489,4.4378,5.3684,-15.7166,-28.8817,-0.00016276,0.53664,-0.10824,5.8141e-07,0.052155,0,87.6701,0.16072,0.79443,479.7928,1405.1299
40.6748,10907.7371,39.267,239.9962,9.186,-0.00097811,-0.019182,-4.2255,90.0066,0.052547,4.4378,5.1928,-1.8747,-32.8551,-0.00020514,1.5766,-0.11476,5.8192e-07,0.052166,0,87.3199,0.16075,0.81214,479.7916,1405.112
40.6832,10908.0643,39.2672,239.9956,9.186,-0.0010962,-0.054395,-3.4816,90.0071,-0.0029532,4.4378,5.0264,7.1549,-35.4645,-0.00022957,1.5469,-0.11873,5.8242e-07,0.052177,0,86.97,0.16059,0.88479,479.7904,1405.094
40.6859,10908.0643,39.2672,239.9956,9.186,-0.0010962,-0.054395,-3.4816,90.0071,-0.0029532,4.4378,5.0264,7.1549,-35.4645,-0.00022957,1.5469,-0.11873,5.8242e-07,0.052177,0,86.97,0.16056,0.87869,479.7904,1405.094
40.6859,10908.0643,39.2672,239.9956,9.186,-0.0010962,-0.054395,-3.4816,90.0071,-0.0029532,4.4378,5.0264,7.1549,-35.4645,-0.00022957,1.5469,-0.11873,5.8242e-07,0.052177,0,86.97,0.16056,0.87869,479.7904,1405.094
40.6915,10908.3915,39.2672,239.9943,9.186,-0.0012898,-0.083408,-2.7522,90.0071,-0.060372,4.4377,4.8687,6.6375,-35.3989,-0.00015881,1.5172,-0.11971,5.8293e-07,0.052187,0,86.8501,0.16031,0.96058,479.7893,1405.0761
40.6971,10908.3915,39.2672,239.9943,9.186,-0.0012898,-0.083408,-2.7522,90.0071,-0.060372,4.4377,4.8687,6.6375,-35.3989,-0.00015881,1.5172,-0.11971,5.8293e-07,0.052187,0,86.8501,0.16025,0.91759,479.7893,1405.0761
40.6992,10908.3915,39.2672,239.9943,9.186,-0.0012898,-0.083408,-2.7522,90.0071,-0.060372,4.4377,4.8687,6.6375,-35.3989,-0.00015881,1.5172,-0.11971,5.8293e-07,0.052187,0,86.8501,0.16023,0.90642,479.7893,1405.0761
40.6992,10908.3915,39.2672,239.9943,9.186,-0.0012898,-0.083408,-2.7522,90.0071,-0.060372,4.4377,4.8687,6.6375,-35.3989,-0.00015881,1.5172,-0.11971,5.8293e-07,0.052187,0,86.8501,0.16023,0.90642,479.7893,1405.0761
40.6998,10908.7188,39.2675,239.9936,9.186,-0.0014956,-0.10634,-2.037,90.0065,-0.11827,4.4377,4.9134,6.3055,-35.3366,-4.0347e-05,1.4859,-0.11001,5.8345e-07,0.052198,0,86.9958,0.16006,0.94997,479.7881,1405.0581
40.7004,10908.7188,39.2675,239.9936,9.186,-0.0014956,-0.10634,-2.037,90.0065,-0.11827,4.4377,4.9134,6.3055,-35.3366,-4.0347e-05,1.4859,-0.11001,5.8345e-07,0.052198,0,86.9958,0.16005,0.94484,479.7881,1405.0581
40.7016,10908.7188,39.2675,239.9936,9.186,-0.0014956,-0.10634,-2.037,90.0065,-0.11827,4.4377,4.9134,6.3055,-35.3366,-4.0347e-05,1.4859,-0.11001,5.8345e-07,0.052198,0,86.9958,0.16004,0.93546,479.7881,1405.0581
40.704,10908.7188,39.2675,239.9936,9.186,-0.0014956,-0.10634,-2.037,90.0065,-0.11827,4.4377,4.9134,6.3055,-35.3366,-4.0347e-05,1.4859,-0.11001,5.8345e-07,0.052198,0,86.9958,0.16001,0.91971,479.7881,1405.0581
40.7082,10909.046,39.2677,239.9932,9.186,-0.0016625,-0.12332,-1.3361,90.0056,-0.17147,4.4377,4.985,6.6279,-35.2718,0.00010693,1.4531,-0.089288,5.8397e-07,0.052209,0,87.1415,0.15986,0.93078,479.7869,1405.0402
40.7165,10909.3732,39.2681,239.993,9.186,-0.0017444,-0.13445,-0.64914,90.0041,-0.21466,4.4377,5.0847,7.6253,-35.2032,0.00021591,1.4201,-0.063548,5.8451e-07,0.05222,0,87.2873,0.15975,0.90766,479.7858,1405.0222
40.7248,10909.7004,39.2684,239.9929,9.186,-0.0017353,-0.13986,0.023987,90.0023,-0.24539,4.4376,5.1978,8.9334,-35.13,0.00028186,1.3873,-0.035601,5.8505e-07,0.052231,0,87.4331,0.15975,0.88266,479.7846,1405.0043
40.7332,10910.0277,39.2689,239.9931,9.186,-0.0016413,-0.13966,0.6836,90.0003,-0.26261,4.4376,5.3174,10.3816,-35.053,0.0002907,1.3551,-0.0074652,5.8561e-07,0.052241,0,87.579,0.15984,0.85669,479.7834,1404.9864
40.7415,10910.3549,39.2694,239.9935,9.186,-0.0014851,-0.13397,1.33,89.9981,-0.26622,4.4376,5.4384,11.8472,-34.9721,0.00024804,1.3238,0.019196,5.8617e-07,0.052252,0,87.7249,0.16001,0.83017,479.7823,1404.9684
40.7498,10910.6822,39.27,239.9942,9.186,-0.0012962,-0.12288,1.9636,89.9959,-0.25694,4.4376,5.5565,13.2291,-34.8882,0.00016452,1.2937,0.043283,5.8675e-07,0.052263,0,87.8708,0.16022,0.8033,479.7811,1404.9505
40.7582,10911.0094,39.2706,239.995,9.186,-0.0011068,-0.10652,2.5846,89.9938,-0.23601,4.4375,5.6687,14.4605,-34.8021,5.7618e-05,1.2649,0.064153,5.8734e-07,0.052274,0,88.0168,0.16045,0.77615,479.7799,1404.9325
40.7665,10911.3367,39.2713,239.9961,9.186,-0.00094624,-0.08498,3.1935,89.9918,-0.20499,4.4375,5.7732,15.5022,-34.7149,-9.4127e-05,1.2373,0.08151,5.8794e-07,0.052285,0,87.6664,0.16067,0.74876,479.7788,1404.9146
40.7739,10911.3367,39.2713,239.9961,9.186,-0.00094624,-0.08498,3.1935,89.9918,-0.20499,4.4375,5.7732,15.5022,-34.7149,-9.4127e-05,1.2373,0.08151,5.8794e-07,0.052285,0,87.6664,0.16059,0.80651,479.7788,1404.9146
40.7739,10911.3367,39.2713,239.9961,9.186,-0.00094624,-0.08498,3.1935,89.9918,-0.20499,4.4375,5.7732,15.5022,-34.7149,-9.4127e-05,1.2373,0.08151,5.8794e-07,0.052285,0,87.6664,0.16059,0.80651,479.7788,1404.9146
40.7748,10911.6639,39.2718,239.9961,9.186,-0.00085755,-0.058368,3.7906,89.9901,-0.16557,4.4375,5.6813,16.336,-34.6252,-0.00023688,1.1701,0.095327,5.8855e-07,0.052295,0,87.3162,0.16076,0.80605,479.7776,1404.8966
40.7751,10911.6639,39.2718,239.9961,9.186,-0.00085755,-0.058368,3.7906,89.9901,-0.16557,4.4375,5.6813,16.336,-34.6252,-0.00023688,1.1701,0.095327,5.8855e-07,0.052295,0,87.3162,0.16076,0.80753,479.7776,1404.8966
40.7751,10911.6639,39.2718,239.9961,9.186,-0.00085755,-0.058368,3.7906,89.9901,-0.16557,4.4375,5.6813,16.336,-34.6252,-0.00023688,1.1701,0.095327,5.8855e-07,0.052295,0,87.3162,0.16076,0.80753,479.7776,1404.8966
40.7761,10911.6639,39.2718,239.9961,9.186,-0.00085755,-0.058368,3.7906,89.9901,-0.16557,4.4375,5.6813,16.336,-34.6252,-0.00023688,1.1701,0.095327,5.8855e-07,0.052295,0,87.3162,0.16075,0.81218,479.7776,1404.8966
40.777,10911.6639,39.2718,239.9961,9.186,-0.00085755,-0.058368,3.7906,89.9901,-0.16557,4.4375,5.6813,16.336,-34.6252,-0.00023688,1.1701,0.095327,5.8855e-07,0.052295,0,87.3162,0.16074,0.81641,479.7776,1404.8966
40.7789,10911.6639,39.2718,239.9961,9.186,-0.00085755,-0.058368,3.7906,89.9901,-0.16557,4.4375,5.6813,16.336,-34.6252,-0.00023688,1.1701,0.095327,5.8855e-07,0.052295,0,87.3162,0.16072,0.82376,479.7776,1404.8966
40.7827,10911.6639,39.2718,239.9961,9.186,-0.00085755,-0.058368,3.7906,89.9901,-0.16557,4.4375,5.6813,16.336,-34.6252,-0.00023688,1.1701,0.095327,5.8855e-07,0.052295,0,87.3162,0.16068,0.83491,479.7776,1404.8966
40.7832,10911.9912,39.272,239.9955,9.186,-0.00085927,-0.02678,4.3566,89.9887,-0.11947,4.4375,5.5676,16.5901,-34.4346,-0.00034343,0.0040788,0.10578,5.8917e-07,0.052306,0,86.9663,0.16071,0.87778,479.7764,1404.8787
40.7858,10911.9912,39.272,239.9955,9.186,-0.00085927,-0.02678,4.3566,89.9887,-0.11947,4.4375,5.5676,16.5901,-34.4346,-0.00034343,0.0040788,0.10578,5.8917e-07,0.052306,0,86.9663,0.16069,0.87362,479.7764,1404.8787
40.7915,10912.3185,39.272,239.9943,9.186,-0.00095691,0.0095251,4.3667,89.9877,-0.06831,4.4375,5.4464,6.6571,-31.5092,-0.00030727,-1.582,0.11316,5.8979e-07,0.052317,0,86.6168,0.16054,0.9534,479.7753,1404.8608
40.7998,10912.6457,39.2722,239.9937,9.186,-0.0011041,0.045914,3.6201,89.9871,-0.013585,4.4374,5.5117,-7.284,-27.5583,-0.00018922,-1.5524,0.11784,5.9041e-07,0.052328,0,86.7625,0.16035,0.94283,479.7741,1404.8428
40.8013,10912.6457,39.2722,239.9937,9.186,-0.0011041,0.045914,3.6201,89.9871,-0.013585,4.4374,5.5117,-7.284,-27.5583,-0.00018922,-1.5524,0.11784,5.9041e-07,0.052328,0,86.7625,0.16033,0.93196,479.7741,1404.8428
40.8013,10912.6457,39.2722,239.9937,9.186,-0.0011041,0.045914,3.6201,89.9871,-0.013585,4.4374,5.5117,-7.284,-27.5583,-0.00018922,-1.5524,0.11784,5.9041e-07,0.052328,0,86.7625,0.16033,0.93196,479.7741,1404.8428
40.8082,10912.973,39.2725,239.9933,9.186,-0.0012621,0.076082,2.888,89.987,0.043406,4.4374,5.57,-6.7297,-27.6494,-2.9582e-05,-1.5228,0.12001,5.9103e-07,0.052338,0,86.9082,0.16016,0.9238,479.7729,1404.8249
40.8141,10912.973,39.2725,239.9933,9.186,-0.0012621,0.076082,2.888,89.987,0.043406,4.4374,5.57,-6.7297,-27.6494,-2.9582e-05,-1.5228,0.12001,5.9103e-07,0.052338,0,86.9082,0.1601,0.89575,479.7729,1404.8249
40.8141,10912.973,39.2725,239.9933,9.186,-0.0012621,0.076082,2.888,89.987,0.043406,4.4374,5.57,-6.7297,-27.6494,-2.9582e-05,-1.5228,0.12001,5.9103e-07,0.052338,0,86.9082,0.1601,0.89575,479.7729,1404.8249
40.8165,10913.3003,39.2729,239.9932,9.186,-0.0013944,0.10015,2.1702,89.9874,0.10145,4.4374,5.6224,-6.3306,-27.7409,0.00010858,-1.4922,0.11397,5.9164e-07,0.052349,0,87.054,0.16,0.90087,479.7718,1404.8069
40.819,10913.3003,39.2729,239.9932,9.186,-0.0013944,0.10015,2.1702,89.9874,0.10145,4.4374,5.6224,-6.3306,-27.7409,0.00010858,-1.4922,0.11397,5.9164e-07,0.052349,0,87.054,0.15998,0.89216,479.7718,1404.8069
40.8239,10913.3003,39.2729,239.9932,9.186,-0.0013944,0.10015,2.1702,89.9874,0.10145,4.4374,5.6224,-6.3306,-27.7409,0.00010858,-1.4922,0.11397,5.9164e-07,0.052349,0,87.054,0.15993,0.88001,479.7718,1404.8069
40.8248,10913.6276,39.2733,239.9932,9.186,-0.0014864,0.11823,1.4665,89.9882,0.15657,4.4374,5.655,-6.4334,-27.8322,0.00021813,-1.4596,0.094998,5.9225e-07,0.05236,0,87.1998,0.1599,0.87607,479.7706,1404.789
40.8297,10913.6276,39.2733,239.9932,9.186,-0.0014864,0.11823,1.4665,89.9882,0.15657,4.4374,5.655,-6.4334,-27.8322,0.00021813,-1.4596,0.094998,5.9225e-07,0.05236,0,87.1998,0.15985,0.87018,479.7706,1404.789
40.8332,10913.9548,39.2737,239.9934,9.186,-0.0015185,0.13045,0.77694,89.9895,0.20252,4.4373,5.6561,-7.3261,-27.9252,0.00028282,-1.4266,0.070056,5.9285e-07,0.052371,0,87.3457,0.15988,0.85026,479.7694,1404.771
40.8415,10914.2821,39.2742,239.9939,9.186,-0.001486,0.13693,0.10122,89.9912,0.2364,4.4373,5.6433,-8.5855,-28.0152,0.00030206,-1.3937,0.042425,5.9344e-07,0.052382,0,87.4916,0.15992,0.82386,479.7683,1404.7531
40.8498,10914.6094,39.2748,239.9946,9.186,-0.0013939,0.13777,-0.56094,89.9932,0.25692,4.4373,5.6247,-10.0128,-28.1004,0.00027446,-1.3613,0.014126,5.9401e-07,0.052392,0,87.6375,0.16004,0.79704,479.7671,1404.7352
40.8582,10914.9367,39.2755,239.9955,9.186,-0.0012579,0.1331,-1.2098,89.9953,0.26375,4.4372,5.6053,-11.4853,-28.1794,0.00020634,-1.3299,-0.013025,5.9458e-07,0.052403,0,87.6702,0.16022,0.76989,479.766,1404.7172
40.8665,10915.264,39.2762,239.9966,9.186,-0.0011002,0.12302,-1.8458,89.9975,0.25745,4.4372,5.5896,-12.8929,-28.2514,6.44e-05,-1.2995,-0.037807,5.9513e-07,0.052414,0,87.3198,0.16044,0.74248,479.7648,1404.6993
40.8748,10915.5913,39.2766,239.9966,9.186,-0.00096728,0.10763,-2.4692,89.9997,0.23917,4.4372,5.3786,-14.1614,-28.3135,-0.00010341,-1.2704,-0.059485,5.9567e-07,0.052425,0,86.9697,0.16056,0.80595,479.7636,1404.6813
40.8832,10915.9186,39.2768,239.996,9.186,-0.00088871,0.087057,-3.0804,90.0017,0.2104,4.4372,5.1778,-15.2458,-28.3681,-0.00027067,-1.2425,-0.077688,5.9621e-07,0.052435,0,86.6198,0.1606,0.87791,479.7625,1404.6634
40.8888,10915.9186,39.2768,239.996,9.186,-0.00088871,0.087057,-3.0804,90.0017,0.2104,4.4372,5.1778,-15.2458,-28.3681,-0.00027067,-1.2425,-0.077688,5.9621e-07,0.052435,0,86.6198,0.16054,0.86999,479.7625,1404.6634
40.8888,10915.9186,39.2768,239.996,9.186,-0.00088871,0.087057,-3.0804,90.0017,0.2104,4.4372,5.1778,-15.2458,-28.3681,-0.00027067,-1.2425,-0.077688,5.9621e-07,0.052435,0,86.6198,0.16054,0.86999,479.7625,1404.6634
40.8915,10916.2459,39.2768,239.9948,9.186,-0.00088515,0.061387,-3.6796,90.0034,0.17283,4.4372,4.9876,-16.1237,-28.4165,-0.00032432,-1.2158,-0.092333,5.9673e-07,0.052446,0,86.4163,0.16052,0.95309,479.7613,1404.6454
40.8942,10916.2459,39.2768,239.9948,9.186,-0.00088515,0.061387,-3.6796,90.0034,0.17283,4.4372,4.9876,-16.1237,-28.4165,-0.00032432,-1.2158,-0.092333,5.9673e-07,0.052446,0,86.4163,0.16049,0.93086,479.7613,1404.6454
40.8998,10916.5732,39.277,239.9942,9.186,-0.00092505,0.030724,-4.2672,90.0049,0.12818,4.4372,5.0002,-16.7897,-28.4654,-0.0002913,-0.27669,-0.10356,5.9725e-07,0.052457,0,86.562,0.16043,0.94214,479.7601,1404.6275
40.9078,10916.5732,39.277,239.9942,9.186,-0.00092505,0.030724,-4.2672,90.0049,0.12818,4.4372,5.0002,-16.7897,-28.4654,-0.0002913,-0.27669,-0.10356,5.9725e-07,0.052457,0,86.562,0.16035,0.8972,479.7601,1404.6275
40.9078,10916.5732,39.277,239.9942,9.186,-0.00092505,0.030724,-4.2672,90.0049,0.12818,4.4372,5.0002,-16.7897,-28.4654,-0.0002913,-0.27669,-0.10356,5.9725e-07,0.052457,0,86.562,0.16035,0.8972,479.7601,1404.6275
40.9082,10916.9005,39.2773,239.9938,9.186,-0.00098977,-0.0048363,-4.4074,90.0059,0.078099,4.4371,5.0195,-8.9634,-30.8083,-0.00016821,1.3706,-0.1116,5.9776e-07,0.052468,0,86.7077,0.16033,0.92319,479.759,1404.6096
40.9085,10916.9005,39.2773,239.9938,9.186,-0.00098977,-0.0048363,-4.4074,90.0059,0.078099,4.4371,5.0195,-8.9634,-30.8083,-0.00016821,1.3706,-0.1116,5.9776e-07,0.052468,0,86.7077,0.16033,0.92102,479.759,1404.6096
40.9092,10916.9005,39.2773,239.9938,9.186,-0.00098977,-0.0048363,-4.4074,90.0059,0.078099,4.4371,5.0195,-8.9634,-30.8083,-0.00016821,1.3706,-0.1116,5.9776e-07,0.052468,0,86.7077,0.16032,0.91691,479.759,1404.6096
40.9106,10916.9005,39.2773,239.9938,9.186,-0.00098977,-0.0048363,-4.4074,90.0059,0.078099,4.4371,5.0195,-8.9634,-30.8083,-0.00016821,1.3706,-0.1116,5.9776e-07,0.052468,0,86.7077,0.16031,0.9095,479.759,1404.6096
40.9135,10916.9005,39.2773,239.9938,9.186,-0.00098977,-0.0048363,-4.4074,90.0059,0.078099,4.4371,5.0195,-8.9634,-30.8083,-0.00016821,1.3706,-0.1116,5.9776e-07,0.052468,0,86.7077,0.16028,0.89748,479.759,1404.6096
40.9165,10917.2278,39.2776,239.9936,9.186,-0.0010593,-0.041564,-3.7615,90.0066,0.024126,4.4371,5.0461,5.483,-34.9439,-2.9368e-05,1.558,-0.1169,5.9827e-07,0.052479,0,86.8535,0.16024,0.90043,479.7578,1404.5916
40.9173,10917.2278,39.2776,239.9936,9.186,-0.0010593,-0.041564,-3.7615,90.0066,0.024126,4.4371,5.0461,5.483,-34.9439,-2.9368e-05,1.558,-0.1169,5.9827e-07,0.052479,0,86.8535,0.16024,0.89745,479.7578,1404.5916
40.9173,10917.2278,39.2776,239.9936,9.186,-0.0010593,-0.041564,-3.7615,90.0066,0.024126,4.4371,5.0461,5.483,-34.9439,-2.9368e-05,1.558,-0.1169,5.9827e-07,0.052479,0,86.8535,0.16024,0.89745,479.7578,1404.5916
40.9248,10917.5551,39.278,239.9937,9.186,-0.0011313,-0.07291,-3.0267,90.0068,-0.032409,4.4371,5.0798,6.8517,-35.4309,9.3408e-05,1.5284,-0.11981,5.9878e-07,0.052489,0,86.9993,0.16016,0.87589,479.7566,1404.5737
40.9299,10917.5551,39.278,239.9937,9.186,-0.0011313,-0.07291,-3.0267,90.0068,-0.032409,4.4371,5.0798,6.8517,-35.4309,9.3408e-05,1.5284,-0.11981,5.9878e-07,0.052489,0,86.9993,0.16011,0.86982,479.7566,1404.5737
40.9299,10917.5551,39.278,239.9937,9.186,-0.0011313,-0.07291,-3.0267,90.0068,-0.032409,4.4371,5.0798,6.8517,-35.4309,9.3408e-05,1.5284,-0.11981,5.9878e-07,0.052489,0,86.9993,0.16011,0.86982,479.7566,1404.5737
40.9332,10917.8825,39.2785,239.9939,9.186,-0.0011988,-0.098132,-2.3062,90.0065,-0.090354,4.4371,5.1201,6.4012,-35.3729,0.00018632,1.498,-0.11572,5.993e-07,0.0525,0,87.1452,0.1601,0.85036,479.7555,1404.5557
40.9364,10917.8825,39.2785,239.9939,9.186,-0.0011988,-0.098132,-2.3062,90.0065,-0.090354,4.4371,5.1201,6.4012,-35.3729,0.00018632,1.498,-0.11572,5.993e-07,0.0525,0,87.1452,0.16007,0.85319,479.7555,1404.5557
40.9415,10918.2098,39.279,239.9944,9.186,-0.0012529,-0.11735,-1.5998,90.0058,-0.14632,4.437,5.1788,6.381,-35.3095,0.00024673,1.4658,-0.098914,5.9982e-07,0.052511,0,87.2911,0.16006,0.82422,479.7543,1404.5378
40.9498,10918.5371,39.2796,239.995,9.186,-0.0012764,-0.13068,-0.90761,90.0045,-0.19416,4.437,5.2701,7.1385,-35.2383,0.00027196,1.4328,-0.074967,6.0035e-07,0.052522,0,87.437,0.16007,0.79763,479.7531,1404.5198
40.9582,10918.8644,39.2802,239.9959,9.186,-0.0012583,-0.13825,-0.22927,90.0029,-0.23042,4.437,5.3802,8.3356,-35.1616,0.00026351,1.3999,-0.04778,6.009e-07,0.052533,0,87.5829,0.16013,0.77067,479.752,1404.5019
40.9665,10919.1918,39.2809,239.997,9.186,-0.0011958,-0.14016,0.43545,90.001,-0.25353,4.4369,5.4992,9.7354,-35.0812,0.00017723,1.3675,-0.019543,6.0145e-07,0.052543,0,87.2326,0.16025,0.74338,479.7508,1404.484
40.9748,10919.5191,39.2813,239.997,9.186,-0.0011176,-0.13653,1.0869,89.9989,-0.26298,4.4369,5.4202,11.205,-34.9952,4.9888e-05,1.3358,0.0078813,6.0202e-07,0.052554,0,86.8825,0.16032,0.8069,479.7496,1404.466
40.9832,10919.8465,39.2815,239.9964,9.186,-0.0010444,-0.12747,1.7253,89.9967,-0.25917,4.4369,5.3417,12.6311,-34.9062,-0.00010134,1.3052,0.03315,6.026e-07,0.052565,0,86.5326,0.16034,0.87888,479.7485,1404.4481
40.9915,10920.1738,39.2815,239.9952,9.186,-0.00099731,-0.11309,2.351,89.9945,-0.24314,4.4369,5.2604,13.932,-34.8157,-0.0001731,1.2759,0.055439,6.0319e-07,0.052576,0,86.483,0.1603,0.95406,479.7473,1404.4301
40.9998,10920.5011,39.2817,239.9946,9.1861,-0.00095469,-0.093501,2.9645,89.9925,-0.21633,4.4369,5.3663,15.0575,-34.7298,-0.00019609,1.2477,0.074314,6.0379e-07,0.052586,0,86.6287,0.1603,0.94288,479.7461,1404.4122
41.0026,10920.5011,39.2817,239.9946,9.1861,-0.00095469,-0.093501,2.9645,89.9925,-0.21633,4.4369,5.3663,15.0575,-34.7298,-0.00019609,1.2477,0.074314,6.0379e-07,0.052586,0,86.6287,0.16027,0.92279,479.7461,1404.4122
41.0026,10920.5011,39.2817,239.9946,9.1861,-0.00095469,-0.093501,2.9645,89.9925,-0.21633,4.4369,5.3663,15.0575,-34.7298,-0.00019609,1.2477,0.074314,6.0379e-07,0.052586,0,86.6287,0.16027,0.92279,479.7461,1404.4122
41.0082,10920.8285,39.2819,239.9942,9.1861,-0.00091363,-0.068797,3.566,89.9907,-0.18039,4.4369,5.4635,15.9813,-34.647,-0.00016426,1.2208,0.089639,6.044e-07,0.052597,0,86.7744,0.1603,0.92322,479.745,1404.3942
41.0136,10920.8285,39.2819,239.9942,9.1861,-0.00091363,-0.068797,3.566,89.9907,-0.18039,4.4369,5.4635,15.9813,-34.647,-0.00016426,1.2208,0.089639,6.044e-07,0.052597,0,86.7744,0.16024,0.89693,479.745,1404.3942
41.0136,10920.8285,39.2819,239.9942,9.1861,-0.00091363,-0.068797,3.566,89.9907,-0.18039,4.4369,5.4635,15.9813,-34.647,-0.00016426,1.2208,0.089639,6.044e-07,0.052597,0,86.7744,0.16024,0.89693,479.745,1404.3942
41.0165,10921.1558,39.2822,239.9941,9.1861,-0.00087051,-0.039081,4.1558,89.9892,-0.13704,4.4369,5.5512,16.6948,-34.5676,-0.00011783,0.64869,0.10151,6.0501e-07,0.052608,0,86.9202,0.16032,0.89987,479.7438,1404.3763
41.0194,10921.1558,39.2822,239.9941,9.1861,-0.00087051,-0.039081,4.1558,89.9892,-0.13704,4.4369,5.5512,16.6948,-34.5676,-0.00011783,0.64869,0.10151,6.0501e-07,0.052608,0,86.9202,0.16029,0.88996,479.7438,1404.3763
41.022,10921.1558,39.2822,239.9941,9.1861,-0.00087051,-0.039081,4.1558,89.9892,-0.13704,4.4369,5.5512,16.6948,-34.5676,-0.00011783,0.64869,0.10151,6.0501e-07,0.052608,0,86.9202,0.16026,0.88326,479.7438,1404.3763
41.022,10921.1558,39.2822,239.9941,9.1861,-0.00087051,-0.039081,4.1558,89.9892,-0.13704,4.4369,5.5512,16.6948,-34.5676,-0.00011783,0.64869,0.10151,6.0501e-07,0.052608,0,86.9202,0.16026,0.88326,479.7438,1404.3763
41.0248,10921.4832,39.2826,239.9941,9.1861,-0.00084124,-0.0044493,4.4734,89.9881,-0.087948,4.4369,5.6288,12.2425,-33.1292,-4.664e-05,-0.99795,0.11015,6.0564e-07,0.052619,0,87.066,0.16034,0.87531,479.7426,1404.3584
41.0277,10921.4832,39.2826,239.9941,9.1861,-0.00084124,-0.0044493,4.4734,89.9881,-0.087948,4.4369,5.6288,12.2425,-33.1292,-4.664e-05,-0.99795,0.11015,6.0564e-07,0.052619,0,87.066,0.16031,0.87167,479.7426,1404.3584
41.0332,10921.8105,39.2831,239.9943,9.1861,-0.00083715,0.032829,4.0054,89.9873,-0.034679,4.4368,5.6979,-2.1679,-29.0235,3.983e-05,-1.5677,0.11597,6.0626e-07,0.05263,0,87.2118,0.16035,0.84992,479.7415,1404.3404
41.0415,10922.1379,39.2836,239.9948,9.1861,-0.00086217,0.066207,3.2658,89.987,0.021405,4.4368,5.7602,-6.9821,-27.6158,0.00011089,-1.538,0.11931,6.0688e-07,0.05264,0,87.3577,0.16034,0.82403,479.7403,1404.3225
41.0455,10922.1379,39.2836,239.9948,9.1861,-0.00086217,0.066207,3.2658,89.987,0.021405,4.4368,5.7602,-6.9821,-27.6158,0.00011089,-1.538,0.11931,6.0688e-07,0.05264,0,87.3577,0.1603,0.8359,479.7403,1404.3225
41.0455,10922.1379,39.2836,239.9948,9.1861,-0.00086217,0.066207,3.2658,89.987,0.021405,4.4368,5.7602,-6.9821,-27.6158,0.00011089,-1.538,0.11931,6.0688e-07,0.05264,0,87.3577,0.1603,0.8359,479.7403,1404.3225
41.0498,10922.4653,39.2842,239.9954,9.1861,-0.00091214,0.093422,2.5407,89.9872,0.079109,4.4368,5.8169,-6.5104,-27.7036,0.00016213,-1.5079,0.11761,6.075e-07,0.052651,0,87.5036,0.16032,0.79774,479.7391,1404.3045
41.0542,10922.4653,39.2842,239.9954,9.1861,-0.00091214,0.093422,2.5407,89.9872,0.079109,4.4368,5.8169,-6.5104,-27.7036,0.00016213,-1.5079,0.11761,6.075e-07,0.052651,0,87.5036,0.16028,0.81972,479.7391,1404.3045
41.0582,10922.7926,39.2848,239.9963,9.1861,-0.0009759,0.11459,1.8298,89.9879,0.13599,4.4367,5.8617,-6.348,-27.7899,0.00019421,-1.4761,0.10404,6.0812e-07,0.052662,0,87.6496,0.1603,0.77105,479.738,1404.2866
41.0665,10923.12,39.2855,239.9974,9.1861,-0.0010315,0.12984,1.133,89.989,0.18631,4.4367,5.8777,-6.9104,-27.8778,0.00016108,-1.4433,0.08154,6.0872e-07,0.052673,0,87.2993,0.1603,0.744,479.7368,1404.2687
41.0748,10923.4474,39.2859,239.9974,9.1861,-0.0010795,0.13928,0.4502,89.9906,0.22575,4.4367,5.6706,-8.0195,-27.963,9.5494e-05,-1.4103,0.055009,6.0931e-07,0.052683,0,86.9491,0.16024,0.80769,479.7356,1404.2507
41.0832,10923.7748,39.2861,239.9968,9.1861,-0.0011141,0.14304,-0.21889,89.9924,0.25235,4.4367,5.4562,-9.3776,-28.0445,4.5948e-06,-1.3776,0.026898,6.099e-07,0.052694,0,86.5993,0.16016,0.87979,479.7345,1404.2328
41.0915,10924.1022,39.2861,239.9956,9.1861,-0.0011356,0.14121,-0.87457,89.9945,0.26536,4.4367,5.2406,-10.8362,-28.1215,-2.0319e-05,-1.3457,-0.00086266,6.1047e-07,0.052705,0,86.5385,0.16005,0.95503,479.7333,1404.2148
41.0998,10924.4295,39.2862,239.995,9.1861,-0.001111,0.13392,-1.5171,89.9968,0.26495,4.4367,5.2209,-12.2783,-28.198,-2.0168e-05,-1.3148,-0.026776,6.1103e-07,0.052716,0,86.6841,0.16002,0.94389,479.7321,1404.1969
41.1082,10924.7569,39.2865,239.9946,9.1861,-0.0010359,0.12128,-2.147,89.999,0.252,4.4367,5.2061,-13.613,-28.2708,2.3111e-06,-1.285,-0.049895,6.1157e-07,0.052727,0,86.8299,0.16006,0.92428,479.731,1404.1789
41.1165,10925.0843,39.2868,239.9944,9.1861,-0.00091412,0.10339,-2.7644,90.0011,0.22787,4.4366,5.1984,-14.7826,-28.3391,-2.3448e-06,-1.2565,-0.06969,6.1211e-07,0.052737,0,86.9756,0.16016,0.90082,479.7298,1404.161
41.1248,10925.4117,39.2871,239.9944,9.1861,-0.00077813,0.080353,-3.3697,90.003,0.19416,4.4366,5.1994,-15.7549,-28.3999,-1.8838e-05,-1.2293,-0.08595,6.1264e-07,0.052748,0,87.1214,0.16028,0.87559,479.7286,1404.1431
41.1269,10925.4117,39.2871,239.9944,9.1861,-0.00077813,0.080353,-3.3697,90.003,0.19416,4.4366,5.1994,-15.7549,-28.3999,-1.8838e-05,-1.2293,-0.08595,6.1264e-07,0.052748,0,87.1214,0.16026,0.87271,479.7286,1404.1431
41.1269,10925.4117,39.2871,239.9944,9.1861,-0.00077813,0.080353,-3.3697,90.003,0.19416,4.4366,5.1994,-15.7549,-28.3999,-1.8838e-05,-1.2293,-0.08595,6.1264e-07,0.052748,0,87.1214,0.16026,0.87271,479.7286,1404.1431
41.1332,10925.7391,39.2876,239.9947,9.1861,-0.00065574,0.052272,-3.9633,90.0046,0.1526,4.4366,5.2092,-16.517,-28.454,-3.248e-05,-1.0508,-0.098716,6.1315e-07,0.052759,0,87.2672,0.1604,0.84946,479.7275,1404.1251
41.1361,10925.7391,39.2876,239.9947,9.1861,-0.00065574,0.052272,-3.9633,90.0046,0.1526,4.4366,5.2092,-16.517,-28.454,-3.248e-05,-1.0508,-0.098716,6.1315e-07,0.052759,0,87.2672,0.16037,0.85224,479.7275,1404.1251
41.1361,10925.7391,39.2876,239.9947,9.1861,-0.00065574,0.052272,-3.9633,90.0046,0.1526,4.4366,5.2092,-16.517,-28.454,-3.248e-05,-1.0508,-0.098716,6.1315e-07,0.052759,0,87.2672,0.16037,0.85224,479.7275,1404.1251
41.1415,10926.0665,39.2881,239.9952,9.1861,-0.00056858,0.019245,-4.4726,90.0059,0.10486,4.4366,5.2265,-15.6879,-28.8854,-3.2124e-05,0.53982,-0.10821,6.1366e-07,0.05277,0,87.4131,0.16051,0.82344,479.7263,1404.1072
41.1469,10926.0665,39.2881,239.9952,9.1861,-0.00056858,0.019245,-4.4726,90.0059,0.10486,4.4366,5.2265,-15.6879,-28.8854,-3.2124e-05,0.53982,-0.10821,6.1366e-07,0.05277,0,87.4131,0.16045,0.83874,479.7263,1404.1072
41.1498,10926.3939,39.2886,239.9958,9.1861,-0.00053283,-0.018027,-4.2233,90.0067,0.052528,4.4366,5.2514,-1.8436,-32.8641,1.2556e-06,1.5763,-0.11472,6.1417e-07,0.052781,0,87.559,0.16057,0.79723,479.7251,1404.0892
41.1582,10926.7213,39.2893,239.9967,9.1861,-0.00055126,-0.05322,-3.4795,90.0072,-0.0029523,4.4365,5.2836,7.1548,-35.4697,3.928e-05,1.5467,-0.11868,6.1468e-07,0.052791,0,87.6407,0.1606,0.77077,479.724,1404.0713
41.1609,10926.7213,39.2893,239.9967,9.1861,-0.00055126,-0.05322,-3.4795,90.0072,-0.0029523,4.4365,5.2836,7.1548,-35.4697,3.928e-05,1.5467,-0.11868,6.1468e-07,0.052791,0,87.6407,0.16057,0.79206,479.724,1404.0713
41.1609,10926.7213,39.2893,239.9967,9.1861,-0.00055126,-0.05322,-3.4795,90.0072,-0.0029523,4.4365,5.2836,7.1548,-35.4697,3.928e-05,1.5467,-0.11868,6.1468e-07,0.052791,0,87.6407,0.16057,0.79206,479.724,1404.0713
41.1665,10927.0487,39.29,239.9978,9.1861,-0.00061529,-0.082216,-2.7502,90.0071,-0.060351,4.4365,5.3227,6.6379,-35.4082,2.6864e-05,1.5169,-0.11965,6.1519e-07,0.052802,0,87.2903,0.16059,0.74404,479.7228,1404.0533
41.1721,10927.0487,39.29,239.9978,9.1861,-0.00061529,-0.082216,-2.7502,90.0071,-0.060351,4.4365,5.3227,6.6379,-35.4082,2.6864e-05,1.5169,-0.11965,6.1519e-07,0.052802,0,87.2903,0.16053,0.79319,479.7228,1404.0533
41.1742,10927.0487,39.29,239.9978,9.1861,-0.00061529,-0.082216,-2.7502,90.0071,-0.060351,4.4365,5.3227,6.6379,-35.4082,2.6864e-05,1.5169,-0.11965,6.1519e-07,0.052802,0,87.2903,0.16051,0.80587,479.7228,1404.0533
41.1742,10927.0487,39.29,239.9978,9.1861,-0.00061529,-0.082216,-2.7502,90.0071,-0.060351,4.4365,5.3227,6.6379,-35.4082,2.6864e-05,1.5169,-0.11965,6.1519e-07,0.052802,0,87.2903,0.16051,0.80587,479.7228,1404.0533
41.1748,10927.3761,39.2904,239.9978,9.1861,-0.00073112,-0.10513,-2.0351,90.0066,-0.11822,4.4365,5.1683,6.3072,-35.3417,-2.0061e-06,1.4857,-0.10993,6.157e-07,0.052813,0,86.9403,0.16047,0.808,479.7216,1404.0354
41.1754,10927.3761,39.2904,239.9978,9.1861,-0.00073112,-0.10513,-2.0351,90.0066,-0.11822,4.4365,5.1683,6.3072,-35.3417,-2.0061e-06,1.4857,-0.10993,6.157e-07,0.052813,0,86.9403,0.16046,0.81095,479.7216,1404.0354
41.1766,10927.3761,39.2904,239.9978,9.1861,-0.00073112,-0.10513,-2.0351,90.0066,-0.11822,4.4365,5.1683,6.3072,-35.3417,-2.0061e-06,1.4857,-0.10993,6.157e-07,0.052813,0,86.9403,0.16045,0.81635,479.7216,1404.0354
41.179,10927.3761,39.2904,239.9978,9.1861,-0.00073112,-0.10513,-2.0351,90.0066,-0.11822,4.4365,5.1683,6.3072,-35.3417,-2.0061e-06,1.4857,-0.10993,6.157e-07,0.052813,0,86.9403,0.16042,0.8254,479.7216,1404.0354
41.1832,10927.7036,39.2905,239.9972,9.1861,-0.00087847,-0.12209,-1.3342,90.0057,-0.17139,4.4364,5.0434,6.6311,-35.2685,-4.2522e-05,1.453,-0.089203,6.1623e-07,0.052824,0,86.5904,0.16027,0.88033,479.7205,1404.0175
41.1915,10928.031,39.2905,239.9959,9.1861,-0.0010306,-0.13321,-0.6474,90.0042,-0.21453,4.4364,4.9486,7.6289,-35.1893,-6.1475e-06,1.4199,-0.063469,6.1676e-07,0.052834,0,86.5599,0.16003,0.95575,479.7193,1403.9995
41.1998,10928.3584,39.2907,239.9953,9.1861,-0.0011268,-0.13861,0.025643,90.0024,-0.24523,4.4364,5.0616,8.9367,-35.1119,5.7942e-05,1.3871,-0.035533,6.173e-07,0.052845,0,86.7056,0.15988,0.94477,479.7181,1403.9816
41.2082,10928.6858,39.2909,239.9949,9.1861,-0.0011392,-0.13839,0.68518,90.0004,-0.26241,4.4364,5.1804,10.3842,-35.0348,0.0001348,1.3549,-0.0074122,6.1785e-07,0.052856,0,86.8513,0.15983,0.92525,479.717,1403.9636
41.2165,10929.0132,39.2912,239.9947,9.1861,-0.0010572,-0.13268,1.3315,89.9982,-0.266,4.4364,5.3002,11.8489,-34.9576,0.00016403,1.3237,0.019233,6.1842e-07,0.052867,0,86.997,0.15989,0.90184,479.7158,1403.9457
41.2248,10929.3407,39.2916,239.9948,9.1861,-0.00090859,-0.12159,1.965,89.996,-0.2567,4.4364,5.417,13.23,-34.8775,0.00015289,1.2936,0.043304,6.19e-07,0.052878,0,87.1428,0.16002,0.87664,479.7146,1403.9277
41.2332,10929.6681,39.292,239.995,9.1861,-0.0007252,-0.10521,2.586,89.9939,-0.23575,4.4364,5.528,14.4604,-34.7954,0.00010265,1.2647,0.064159,6.1959e-07,0.052888,0,87.2887,0.1602,0.85054,479.7135,1403.9098
41.2415,10929.9955,39.2925,239.9955,9.1862,-0.00054392,-0.083663,3.1948,89.9919,-0.20473,4.4364,5.6314,15.5012,-34.7112,3.1626e-05,1.2371,0.081502,6.2018e-07,0.052899,0,87.4345,0.16039,0.82394,479.7123,1403.8919
41.249,10929.9955,39.2925,239.9955,9.1862,-0.00054392,-0.083663,3.1948,89.9919,-0.20473,4.4364,5.6314,15.5012,-34.7112,3.1626e-05,1.2371,0.081502,6.2018e-07,0.052899,0,87.4345,0.16032,0.84294,479.7123,1403.8919
41.249,10929.9955,39.2925,239.9955,9.1862,-0.00054392,-0.083663,3.1948,89.9919,-0.20473,4.4364,5.6314,15.5012,-34.7112,3.1626e-05,1.2371,0.081502,6.2018e-07,0.052899,0,87.4345,0.16032,0.84294,479.7123,1403.8919
41.2498,10930.323,39.293,239.9961,9.1862,-0.00039617,-0.05704,3.7918,89.9902,-0.16531,4.4364,5.7262,16.3342,-34.6262,-3.477e-05,1.1717,0.095309,6.2079e-07,0.05291,0,87.5804,0.16057,0.79702,479.7111,1403.8739
41.2501,10930.323,39.293,239.9961,9.1862,-0.00039617,-0.05704,3.7918,89.9902,-0.16531,4.4364,5.7262,16.3342,-34.6262,-3.477e-05,1.1717,0.095309,6.2079e-07,0.05291,0,87.5804,0.16057,0.79886,479.7111,1403.8739
41.2501,10930.323,39.293,239.9961,9.1862,-0.00039617,-0.05704,3.7918,89.9902,-0.16531,4.4364,5.7262,16.3342,-34.6262,-3.477e-05,1.1717,0.095309,6.2079e-07,0.05291,0,87.5804,0.16057,0.79886,479.7111,1403.8739
41.251,10930.323,39.293,239.9961,9.1862,-0.00039617,-0.05704,3.7918,89.9902,-0.16531,4.4364,5.7262,16.3342,-34.6262,-3.477e-05,1.1717,0.095309,6.2079e-07,0.05291,0,87.5804,0.16056,0.80392,479.7111,1403.8739
41.2519,10930.323,39.293,239.9961,9.1862,-0.00039617,-0.05704,3.7918,89.9902,-0.16531,4.4364,5.7262,16.3342,-34.6262,-3.477e-05,1.1717,0.095309,6.2079e-07,0.05291,0,87.5804,0.16055,0.80856,479.7111,1403.8739
41.2536,10930.323,39.293,239.9961,9.1862,-0.00039617,-0.05704,3.7918,89.9902,-0.16531,4.4364,5.7262,16.3342,-34.6262,-3.477e-05,1.1717,0.095309,6.2079e-07,0.05291,0,87.5804,0.16053,0.81672,479.7111,1403.8739
41.2571,10930.323,39.293,239.9961,9.1862,-0.00039617,-0.05704,3.7918,89.9902,-0.16531,4.4364,5.7262,16.3342,-34.6262,-3.477e-05,1.1717,0.095309,6.2079e-07,0.05291,0,87.5804,0.16049,0.82934,479.7111,1403.8739
41.2582,10930.6504,39.2936,239.997,9.1862,-0.00030257,-0.025442,4.3586,89.9888,-0.11922,4.4363,5.8113,16.6032,-34.4446,-7.7655e-05,8.4328e-05,0.10575,6.2141e-07,0.052921,0,87.6759,0.1607,0.77022,479.71,1403.856
41.2636,10930.6504,39.2936,239.997,9.1862,-0.00030257,-0.025442,4.3586,89.9888,-0.11922,4.4363,5.8113,16.6032,-34.4446,-7.7655e-05,8.4328e-05,0.10575,6.2141e-07,0.052921,0,87.6759,0.16065,0.80766,479.71,1403.856
41.2665,10930.9779,39.2943,239.9981,9.1862,-0.00027462,0.010879,4.3668,89.9878,-0.068076,4.4363,5.8869,6.6193,-31.5095,-0.00012019,-1.5819,0.11313,6.2202e-07,0.052932,0,87.3256,0.16079,0.74352,479.7088,1403.838
41.2748,10931.3053,39.2947,239.9981,9.1862,-0.00033389,0.047269,3.6202,89.9872,-0.013364,4.4363,5.7531,-7.2844,-27.5648,-0.00014607,-1.5523,0.11781,6.2264e-07,0.052942,0,86.9756,0.16072,0.80763,479.7076,1403.8201
41.2763,10931.3053,39.2947,239.9981,9.1862,-0.00033389,0.047269,3.6202,89.9872,-0.013364,4.4363,5.7531,-7.2844,-27.5648,-0.00014607,-1.5523,0.11781,6.2264e-07,0.052942,0,86.9756,0.16071,0.81444,479.7076,1403.8201
41.2763,10931.3053,39.2947,239.9981,9.1862,-0.00033389,0.047269,3.6202,89.9872,-0.013364,4.4363,5.7531,-7.2844,-27.5648,-0.00014607,-1.5523,0.11781,6.2264e-07,0.052942,0,86.9756,0.16071,0.81444,479.7076,1403.8201
41.2832,10931.6328,39.2949,239.9975,9.1862,-0.0004727,0.077437,2.8882,89.9871,0.043611,4.4363,5.6148,-6.7306,-27.6477,-0.00017101,-1.5227,0.11998,6.2326e-07,0.052953,0,86.6258,0.16054,0.88022,479.7065,1403.8022
41.2891,10931.6328,39.2949,239.9975,9.1862,-0.0004727,0.077437,2.8882,89.9871,0.043611,4.4363,5.6148,-6.7306,-27.6477,-0.00017101,-1.5227,0.11998,6.2326e-07,0.052953,0,86.6258,0.16048,0.87079,479.7065,1403.8022
41.2891,10931.6328,39.2949,239.9975,9.1862,-0.0004727,0.077437,2.8882,89.9871,0.043611,4.4363,5.6148,-6.7306,-27.6477,-0.00017101,-1.5227,0.11998,6.2326e-07,0.052953,0,86.6258,0.16048,0.87079,479.7065,1403.8022
41.2915,10931.9602,39.2949,239.9963,9.1862,-0.00067393,0.10151,2.1704,89.9875,0.10164,4.4363,5.4727,-6.3314,-27.7287,-0.00010321,-1.492,0.11393,6.2387e-07,0.052964,0,86.5344,0.16025,0.9559,479.7053,1403.7842
41.2939,10931.9602,39.2949,239.9963,9.1862,-0.00067393,0.10151,2.1704,89.9875,0.10164,4.4363,5.4727,-6.3314,-27.7287,-0.00010321,-1.492,0.11393,6.2387e-07,0.052964,0,86.5344,0.16022,0.93511,479.7053,1403.7842
41.2988,10931.9602,39.2949,239.9963,9.1862,-0.00067393,0.10151,2.1704,89.9875,0.10164,4.4363,5.4727,-6.3314,-27.7287,-0.00010321,-1.492,0.11393,6.2387e-07,0.052964,0,86.5344,0.16017,0.90604,479.7053,1403.7842
41.2998,10932.2877,39.295,239.9956,9.1862,-0.00086842,0.11959,1.4668,89.9883,0.15674,4.4363,5.505,-6.4353,-27.816,5.8917e-06,-1.4595,0.094947,6.2447e-07,0.052975,0,86.6801,0.16,0.94517,479.7041,1403.7663
41.305,10932.2877,39.295,239.9956,9.1862,-0.00086842,0.11959,1.4668,89.9883,0.15674,4.4363,5.505,-6.4353,-27.816,5.8917e-06,-1.4595,0.094947,6.2447e-07,0.052975,0,86.6801,0.15995,0.91091,479.7041,1403.7663
41.3082,10932.6151,39.2953,239.9952,9.1862,-0.0010029,0.13182,0.77728,89.9896,0.20266,4.4363,5.5053,-7.3281,-27.9088,0.00013917,-1.4265,0.070012,6.2507e-07,0.052985,0,86.8258,0.15983,0.92588,479.703,1403.7483
41.3165,10932.9426,39.2956,239.995,9.1862,-0.0010398,0.13829,0.10161,89.9913,0.23652,4.4362,5.4913,-8.5872,-28.0026,0.00023018,-1.3936,0.042388,6.2565e-07,0.052996,0,86.9715,0.15977,0.90265,479.7018,1403.7304
41.3248,10933.2701,39.2959,239.995,9.1862,-0.00098246,0.13914,-0.5605,89.9933,0.25702,4.4362,5.4714,-10.0141,-28.0916,0.00027425,-1.3612,0.014099,6.2623e-07,0.053007,0,87.1173,0.15981,0.87757,479.7006,1403.7124
41.3332,10933.5975,39.2963,239.9953,9.1862,-0.00084663,0.13447,-1.2093,89.9954,0.26384,4.4362,5.4508,-11.4861,-28.1744,0.00026166,-1.3298,-0.01304,6.2679e-07,0.053018,0,87.2631,0.15994,0.85154,479.6995,1403.6945
41.3415,10933.925,39.2968,239.9957,9.1862,-0.00066237,0.12439,-1.8453,89.9976,0.25754,4.4362,5.4339,-12.893,-28.2494,0.00020202,-1.2994,-0.037811,6.2734e-07,0.053029,0,87.409,0.16013,0.82498,479.6983,1403.6766
41.3498,10934.2525,39.2973,239.9964,9.1862,-0.00046333,0.10901,-2.4686,89.9998,0.23925,4.4362,5.4236,-14.1608,-28.3163,0.00010973,-1.2703,-0.05948,6.2788e-07,0.053039,0,87.5548,0.16036,0.79807,479.6971,1403.6586
41.3582,10934.58,39.2979,239.9973,9.1862,-0.0002823,0.088442,-3.0797,90.0018,0.21049,4.4362,5.4215,-15.2448,-28.3755,4.6514e-06,-1.2424,-0.077675,6.284e-07,0.05305,0,87.7008,0.16058,0.77091,479.696,1403.6407
41.3637,10934.58,39.2979,239.9973,9.1862,-0.0002823,0.088442,-3.0797,90.0018,0.21049,4.4362,5.4215,-15.2448,-28.3755,4.6514e-06,-1.2424,-0.077675,6.284e-07,0.05305,0,87.7008,0.16052,0.80867,479.696,1403.6407
41.3637,10934.58,39.2979,239.9973,9.1862,-0.0002823,0.088442,-3.0797,90.0018,0.21049,4.4362,5.4215,-15.2448,-28.3755,4.6514e-06,-1.2424,-0.077675,6.284e-07,0.05305,0,87.7008,0.16052,0.80867,479.696,1403.6407
41.3665,10934.9074,39.2986,239.9984,9.1862,-0.00014637,0.062777,-3.679,90.0035,0.17292,4.4361,5.4282,-16.1224,-28.428,-0.00013259,-1.2158,-0.092315,6.2892e-07,0.053061,0,87.3505,0.16077,0.74353,479.6948,1403.6227
41.3693,10934.9074,39.2986,239.9984,9.1862,-0.00014637,0.062777,-3.679,90.0035,0.17292,4.4361,5.4282,-16.1224,-28.428,-0.00013259,-1.2158,-0.092315,6.2892e-07,0.053061,0,87.3505,0.16074,0.77129,479.6948,1403.6227
41.3748,10935.2349,39.299,239.9984,9.1863,-9.362e-05,0.032119,-4.2666,90.005,0.12828,4.4361,5.2417,-16.7885,-28.4724,-0.00024732,-0.27766,-0.10353,6.2944e-07,0.053072,0,87.0005,0.16081,0.80716,479.6936,1403.6048
41.3828,10935.2349,39.299,239.9984,9.1863,-9.362e-05,0.032119,-4.2666,90.005,0.12828,4.4361,5.2417,-16.7885,-28.4724,-0.00024732,-0.27766,-0.10353,6.2944e-07,0.053072,0,87.0005,0.16073,0.83545,479.6936,1403.6048
41.3828,10935.2349,39.299,239.9984,9.1863,-9.362e-05,0.032119,-4.2666,90.005,0.12828,4.4361,5.2417,-16.7885,-28.4724,-0.00024732,-0.27766,-0.10353,6.2944e-07,0.053072,0,87.0005,0.16073,0.83545,479.6936,1403.6048
41.3832,10935.5624,39.2991,239.9978,9.1863,-0.00013609,-0.0034355,-4.4072,90.0061,0.078206,4.4361,5.0645,-8.9709,-30.8044,-0.00031248,1.3692,-0.11158,6.2994e-07,0.053083,0,86.6507,0.16072,0.87971,479.6925,1403.5868
41.3835,10935.5624,39.2991,239.9978,9.1863,-0.00013609,-0.0034355,-4.4072,90.0061,0.078206,4.4361,5.0645,-8.9709,-30.8044,-0.00031248,1.3692,-0.11158,6.2994e-07,0.053083,0,86.6507,0.16072,0.87897,479.6925,1403.5868
41.3843,10935.5624,39.2991,239.9978,9.1863,-0.00013609,-0.0034355,-4.4072,90.0061,0.078206,4.4361,5.0645,-8.9709,-30.8044,-0.00031248,1.3692,-0.11158,6.2994e-07,0.053083,0,86.6507,0.16071,0.87756,479.6925,1403.5868
41.3857,10935.5624,39.2991,239.9978,9.1863,-0.00013609,-0.0034355,-4.4072,90.0061,0.078206,4.4361,5.0645,-8.9709,-30.8044,-0.00031248,1.3692,-0.11158,6.2994e-07,0.053083,0,86.6507,0.1607,0.87504,479.6925,1403.5868
41.3886,10935.5624,39.2991,239.9978,9.1863,-0.00013609,-0.0034355,-4.4072,90.0061,0.078206,4.4361,5.0645,-8.9709,-30.8044,-0.00031248,1.3692,-0.11158,6.2994e-07,0.053083,0,86.6507,0.16067,0.87098,479.6925,1403.5868
41.3915,10935.8899,39.2991,239.9965,9.1863,-0.00027314,-0.040162,-3.762,90.0067,0.024246,4.4361,4.8967,5.4712,-34.928,-0.00024664,1.5578,-0.11687,6.3045e-07,0.053093,0,86.501,0.1605,0.95553,479.6913,1403.5689
41.3923,10935.8899,39.2991,239.9965,9.1863,-0.00027314,-0.040162,-3.762,90.0067,0.024246,4.4361,4.8967,5.4712,-34.928,-0.00024664,1.5578,-0.11687,6.3045e-07,0.053093,0,86.501,0.16049,0.94842,479.6913,1403.5689
41.3923,10935.8899,39.2991,239.9965,9.1863,-0.00027314,-0.040162,-3.762,90.0067,0.024246,4.4361,4.8967,5.4712,-34.928,-0.00024664,1.5578,-0.11687,6.3045e-07,0.053093,0,86.501,0.16049,0.94842,479.6913,1403.5689
41.3998,10936.2174,39.2993,239.9959,9.1863,-0.00044745,-0.071512,-3.0273,90.0069,-0.032274,4.4361,4.9302,6.8524,-35.4142,-0.00012612,1.5283,-0.11978,6.3096e-07,0.053104,0,86.6467,0.16028,0.94505,479.6901,1403.551
41.4049,10936.2174,39.2993,239.9959,9.1863,-0.00044745,-0.071512,-3.0273,90.0069,-0.032274,4.4361,4.9302,6.8524,-35.4142,-0.00012612,1.5283,-0.11978,6.3096e-07,0.053104,0,86.6467,0.16022,0.91118,479.6901,1403.551
41.4049,10936.2174,39.2993,239.9959,9.1863,-0.00044745,-0.071512,-3.0273,90.0069,-0.032274,4.4361,4.9302,6.8524,-35.4142,-0.00012612,1.5283,-0.11978,6.3096e-07,0.053104,0,86.6467,0.16022,0.91118,479.6901,1403.551
41.4082,10936.5449,39.2995,239.9955,9.1863,-0.00061825,-0.096739,-2.3068,90.0066,-0.090203,4.4361,4.9697,6.4022,-35.356,3.4359e-05,1.4979,-0.11569,6.3147e-07,0.053115,0,86.7924,0.16007,0.92602,479.689,1403.533
41.4114,10936.5449,39.2995,239.9955,9.1863,-0.00061825,-0.096739,-2.3068,90.0066,-0.090203,4.4361,4.9697,6.4022,-35.356,3.4359e-05,1.4979,-0.11569,6.3147e-07,0.053115,0,86.7924,0.16004,0.90769,479.689,1403.533
41.4165,10936.8724,39.2998,239.9953,9.1863,-0.00074352,-0.11596,-1.6005,90.0059,-0.14616,4.4361,5.0271,6.3816,-35.2963,0.00016615,1.4657,-0.098902,6.3199e-07,0.053126,0,86.9381,0.15992,0.90306,479.6878,1403.5151
41.4248,10937.1999,39.3001,239.9953,9.1863,-0.00080434,-0.1293,-0.90835,90.0047,-0.19399,4.4361,5.1171,7.1382,-35.2289,0.00026319,1.4327,-0.074967,6.3252e-07,0.053136,0,87.0839,0.15984,0.87821,479.6866,1403.4971
41.4332,10937.5274,39.3005,239.9955,9.1863,-0.00078948,-0.13687,-0.23006,90.0031,-0.23025,4.4361,5.2259,8.3347,-35.1561,0.00031083,1.3998,-0.047791,6.3305e-07,0.053147,0,87.2297,0.15985,0.85236,479.6855,1403.4792
41.4415,10937.8549,39.301,239.996,9.1863,-0.00070395,-0.13879,0.43462,90.0011,-0.25336,4.4361,5.3438,9.7338,-35.0787,0.00030775,1.3674,-0.019564,6.336e-07,0.053158,0,87.3755,0.15995,0.82593,479.6843,1403.4613
41.4498,10938.1824,39.3015,239.9966,9.1863,-0.00056324,-0.13516,1.086,89.999,-0.26283,4.436,5.4652,11.2029,-34.9975,0.00025709,1.3358,0.0078523,6.3416e-07,0.053169,0,87.5214,0.16011,0.7991,479.6831,1403.4433
41.4582,10938.5099,39.3021,239.9975,9.1863,-0.00039125,-0.12612,1.7244,89.9968,-0.25903,4.436,5.5854,12.6286,-34.9133,0.00016941,1.3052,0.033115,6.3474e-07,0.05318,0,87.6673,0.16032,0.77197,479.682,1403.4254
41.4665,10938.8374,39.3028,239.9986,9.1863,-0.00021539,-0.11175,2.3501,89.9947,-0.24302,4.436,5.7008,13.9293,-34.827,1.5563e-05,1.2758,0.055403,6.3532e-07,0.05319,0,87.317,0.16055,0.74459,479.6808,1403.4074
41.4748,10939.165,39.3032,239.9986,9.1863,-8.3415e-05,-0.092162,2.9635,89.9926,-0.21622,4.436,5.6078,15.0551,-34.737,-0.00015367,1.2477,0.074276,6.3591e-07,0.053201,0,86.967,0.16067,0.80797,479.6796,1403.3895
41.4776,10939.165,39.3032,239.9986,9.1863,-8.3415e-05,-0.092162,2.9635,89.9926,-0.21622,4.436,5.6078,15.0551,-34.737,-0.00015367,1.2477,0.074276,6.3591e-07,0.053201,0,86.967,0.16064,0.82037,479.6796,1403.3895
41.4776,10939.165,39.3032,239.9986,9.1863,-8.3415e-05,-0.092162,2.9635,89.9926,-0.21622,4.436,5.6078,15.0551,-34.737,-0.00015367,1.2477,0.074276,6.3591e-07,0.053201,0,86.967,0.16064,0.82037,479.6796,1403.3895
41.4832,10939.4925,39.3033,239.998,9.1863,-2.3025e-05,-0.067466,3.565,89.9908,-0.1803,4.436,5.5084,15.9789,-34.646,-0.00030864,1.2208,0.0896,6.3652e-07,0.053212,0,86.6173,0.16068,0.87985,479.6785,1403.3715
41.4886,10939.4925,39.3033,239.998,9.1863,-2.3025e-05,-0.067466,3.565,89.9908,-0.1803,4.436,5.5084,15.9789,-34.646,-0.00030864,1.2208,0.0896,6.3652e-07,0.053212,0,86.6173,0.16062,0.87109,479.6785,1403.3715
41.4886,10939.4925,39.3033,239.998,9.1863,-2.3025e-05,-0.067466,3.565,89.9908,-0.1803,4.436,5.5084,15.9789,-34.646,-0.00030864,1.2208,0.0896,6.3652e-07,0.053212,0,86.6173,0.16062,0.87109,479.6785,1403.3715
41.4915,10939.82,39.3033,239.9967,9.1864,-4.9905e-05,-0.037757,4.1548,89.9893,-0.13697,4.436,5.4017,16.6925,-34.5559,-0.00033398,0.64926,0.10147,6.3713e-07,0.053223,0,86.5576,0.16056,0.95503,479.6773,1403.3536
41.4944,10939.82,39.3033,239.9967,9.1864,-4.9905e-05,-0.037757,4.1548,89.9893,-0.13697,4.436,5.4017,16.6925,-34.5559,-0.00033398,0.64926,0.10147,6.3713e-07,0.053223,0,86.5576,0.16054,0.93105,479.6773,1403.3536
41.497,10939.82,39.3033,239.9967,9.1864,-4.9905e-05,-0.037757,4.1548,89.9893,-0.13697,4.436,5.4017,16.6925,-34.5559,-0.00033398,0.64926,0.10147,6.3713e-07,0.053223,0,86.5576,0.16051,0.91471,479.6773,1403.3536
41.497,10939.82,39.3033,239.9967,9.1864,-4.9905e-05,-0.037757,4.1548,89.9893,-0.13697,4.436,5.4017,16.6925,-34.5559,-0.00033398,0.64926,0.10147,6.3713e-07,0.053223,0,86.5576,0.16051,0.91471,479.6773,1403.3536
41.4998,10940.1475,39.3034,239.9961,9.1864,-0.00012501,-0.0031339,4.4727,89.9882,-0.087897,4.436,5.479,12.2452,-33.1148,-0.00026404,-0.99689,0.11011,6.3774e-07,0.053234,0,86.7033,0.16044,0.94453,479.6761,1403.3357
41.5027,10940.1475,39.3034,239.9961,9.1864,-0.00012501,-0.0031339,4.4727,89.9882,-0.087897,4.436,5.479,12.2452,-33.1148,-0.00026404,-0.99689,0.11011,6.3774e-07,0.053234,0,86.7033,0.16041,0.92357,479.6761,1403.3357
41.5082,10940.4751,39.3037,239.9957,9.1864,-0.00022595,0.034138,4.0052,89.9875,-0.034647,4.436,5.5474,-2.1608,-29.0101,-0.00010922,-1.5675,0.11593,6.3836e-07,0.053244,0,86.8489,0.1603,0.92564,479.675,1403.3177
41.5165,10940.8026,39.3039,239.9955,9.1864,-0.0003234,0.067515,3.2657,89.9872,0.021419,4.436,5.6085,-6.9829,-27.6039,3.3816e-05,-1.5379,0.11928,6.3898e-07,0.053255,0,86.9947,0.16018,0.90293,479.6738,1403.2998
41.5205,10940.8026,39.3039,239.9955,9.1864,-0.0003234,0.067515,3.2657,89.9872,0.021419,4.436,5.6085,-6.9829,-27.6039,3.3816e-05,-1.5379,0.11928,6.3898e-07,0.053255,0,86.9947,0.16014,0.88892,479.6738,1403.2998
41.5205,10940.8026,39.3039,239.9955,9.1864,-0.0003234,0.067515,3.2657,89.9872,0.021419,4.436,5.6085,-6.9829,-27.6039,3.3816e-05,-1.5379,0.11928,6.3898e-07,0.053255,0,86.9947,0.16014,0.88892,479.6738,1403.2998
41.5248,10941.1301,39.3043,239.9955,9.1864,-0.00041145,0.094729,2.5407,89.9874,0.079104,4.436,5.6639,-6.5111,-27.6956,0.00015727,-1.5078,0.11758,6.3959e-07,0.053266,0,87.1404,0.16008,0.87834,479.6726,1403.2818
41.5292,10941.1301,39.3043,239.9955,9.1864,-0.00041145,0.094729,2.5407,89.9874,0.079104,4.436,5.6639,-6.5111,-27.6956,0.00015727,-1.5078,0.11758,6.3959e-07,0.053266,0,87.1404,0.16004,0.87193,479.6726,1403.2818
41.5332,10941.4577,39.3047,239.9957,9.1864,-0.00047878,0.1159,1.8298,89.988,0.13597,4.4359,5.7075,-6.3484,-27.7857,0.00024564,-1.476,0.10402,6.402e-07,0.053277,0,87.2862,0.16001,0.85277,479.6715,1403.2639
41.5415,10941.7852,39.3052,239.9962,9.1864,-0.00051091,0.13115,1.1331,89.9892,0.18628,4.4359,5.7223,-6.91,-27.8767,0.00029568,-1.4431,0.081534,6.408e-07,0.053287,0,87.4321,0.15999,0.82659,479.6703,1403.246
41.5498,10942.1127,39.3057,239.9968,9.1864,-0.00049557,0.14059,0.4504,89.9907,0.22572,4.4359,5.7157,-8.0184,-27.9666,0.0003065,-1.4101,0.055015,6.4138e-07,0.053298,0,87.5779,0.16003,0.79996,479.6691,1403.228
41.5582,10942.4403,39.3063,239.9977,9.1864,-0.00043,0.14435,-0.21863,89.9926,0.25232,4.4359,5.7,-9.376,-28.0528,0.00027858,-1.3775,0.026915,6.4196e-07,0.053309,0,87.7238,0.16013,0.77297,479.668,1403.2101
41.5665,10942.7679,39.3069,239.9987,9.1864,-0.00032104,0.14252,-0.87426,89.9947,0.26534,4.4359,5.6811,-10.8343,-28.1339,0.00017077,-1.3456,-0.00083935,6.4252e-07,0.05332,0,87.3736,0.16029,0.74567,479.6668,1403.1921
41.5748,10943.0954,39.3073,239.9988,9.1864,-0.00020525,0.13524,-1.5168,89.9969,0.26494,4.4359,5.4626,-12.2763,-28.2059,2.3651e-05,-1.3147,-0.026749,6.4307e-07,0.053331,0,87.0236,0.16039,0.80907,479.6656,1403.1742
41.5832,10943.423,39.3074,239.9981,9.1864,-0.00010893,0.1226,-2.1466,89.9991,0.252,4.4359,5.2513,-13.6108,-28.2704,-0.00014183,-1.285,-0.049865,6.4361e-07,0.053341,0,86.6739,0.16044,0.88094,479.6645,1403.1563
41.5915,10943.7505,39.3074,239.9969,9.1865,-5.547e-05,0.10471,-2.764,90.0012,0.22789,4.4359,5.0492,-14.7803,-28.328,-0.00021951,-1.2565,-0.069654,6.4414e-07,0.053352,0,86.6352,0.1604,0.95601,479.6633,1403.1383
41.5998,10944.0781,39.3075,239.9963,9.1865,-2.2431e-05,0.081677,-3.3693,90.0031,0.1942,4.4359,5.0499,-15.7523,-28.3846,-0.00023851,-1.2293,-0.085912,6.4466e-07,0.053363,0,86.7809,0.16038,0.94485,479.6621,1403.1204
41.6019,10944.0781,39.3075,239.9963,9.1865,-2.2431e-05,0.081677,-3.3693,90.0031,0.1942,4.4359,5.0499,-15.7523,-28.3846,-0.00023851,-1.2293,-0.085912,6.4466e-07,0.053363,0,86.7809,0.16036,0.92884,479.6621,1403.1204
41.6019,10944.0781,39.3075,239.9963,9.1865,-2.2431e-05,0.081677,-3.3693,90.0031,0.1942,4.4359,5.0499,-15.7523,-28.3846,-0.00023851,-1.2293,-0.085912,6.4466e-07,0.053363,0,86.7809,0.16036,0.92884,479.6621,1403.1204
41.6082,10944.4057,39.3077,239.9959,9.1865,-3.9875e-06,0.0536,-3.9629,90.0047,0.15265,4.4359,5.0591,-16.5143,-28.4385,-0.00018501,-1.0494,-0.098676,6.4517e-07,0.053374,0,86.9265,0.16036,0.92523,479.661,1403.1024
41.6111,10944.4057,39.3077,239.9959,9.1865,-3.9875e-06,0.0536,-3.9629,90.0047,0.15265,4.4359,5.0591,-16.5143,-28.4385,-0.00018501,-1.0494,-0.098676,6.4517e-07,0.053374,0,86.9265,0.16033,0.90869,479.661,1403.1024
41.6111,10944.4057,39.3077,239.9959,9.1865,-3.9875e-06,0.0536,-3.9629,90.0047,0.15265,4.4359,5.0591,-16.5143,-28.4385,-0.00018501,-1.0494,-0.098676,6.4517e-07,0.053374,0,86.9265,0.16033,0.90869,479.661,1403.1024
41.6165,10944.7332,39.308,239.9957,9.1865,1.1457e-05,0.020576,-4.4715,90.006,0.10493,4.4359,5.075,-15.6724,-28.877,-0.00011373,0.53845,-0.10817,6.4567e-07,0.053385,0,87.0722,0.16035,0.90237,479.6598,1403.0845
41.6219,10944.7332,39.308,239.9957,9.1865,1.1457e-05,0.020576,-4.4715,90.006,0.10493,4.4359,5.075,-15.6724,-28.877,-0.00011373,0.53845,-0.10817,6.4567e-07,0.053385,0,87.0722,0.1603,0.88477,479.6598,1403.0845
41.6248,10945.0608,39.3083,239.9957,9.1865,9.4856e-06,-0.016687,-4.2228,90.0069,0.052622,4.4359,5.0987,-1.8535,-32.8525,-9.0662e-06,1.5761,-0.11468,6.4617e-07,0.053395,0,87.218,0.16034,0.8779,479.6586,1403.0666
41.6332,10945.3884,39.3087,239.9959,9.1865,-1.2513e-05,-0.051876,-3.4791,90.0073,-0.0028403,4.4359,5.1297,7.1553,-35.4647,8.4535e-05,1.5465,-0.11865,6.4667e-07,0.053406,0,87.3638,0.16031,0.85256,479.6575,1403.0486
41.6359,10945.3884,39.3087,239.9959,9.1865,-1.2513e-05,-0.051876,-3.4791,90.0073,-0.0028403,4.4359,5.1297,7.1553,-35.4647,8.4535e-05,1.5465,-0.11865,6.4667e-07,0.053406,0,87.3638,0.16029,0.85437,479.6575,1403.0486
41.6359,10945.3884,39.3087,239.9959,9.1865,-1.2513e-05,-0.051876,-3.4791,90.0073,-0.0028403,4.4359,5.1297,7.1553,-35.4647,8.4535e-05,1.5465,-0.11865,6.4667e-07,0.053406,0,87.3638,0.16029,0.85437,479.6575,1403.0486
41.6415,10945.7159,39.3092,239.9963,9.1865,-5.3524e-05,-0.080869,-2.7499,90.0073,-0.060221,4.4358,5.1676,6.6383,-35.4063,0.00015474,1.5167,-0.11961,6.4717e-07,0.053417,0,87.5096,0.16029,0.82667,479.6563,1403.0307
41.6471,10945.7159,39.3092,239.9963,9.1865,-5.3524e-05,-0.080869,-2.7499,90.0073,-0.060221,4.4358,5.1676,6.6383,-35.4063,0.00015474,1.5167,-0.11961,6.4717e-07,0.053417,0,87.5096,0.16023,0.84092,479.6563,1403.0307
41.6492,10945.7159,39.3092,239.9963,9.1865,-5.3524e-05,-0.080869,-2.7499,90.0073,-0.060221,4.4358,5.1676,6.6383,-35.4063,0.00015474,1.5167,-0.11961,6.4717e-07,0.053417,0,87.5096,0.16021,0.84453,479.6563,1403.0307
41.6492,10945.7159,39.3092,239.9963,9.1865,-5.3524e-05,-0.080869,-2.7499,90.0073,-0.060221,4.4358,5.1676,6.6383,-35.4063,0.00015474,1.5167,-0.11961,6.4717e-07,0.053417,0,87.5096,0.16021,0.84453,479.6563,1403.0307
41.6498,10946.0435,39.3098,239.997,9.1865,-0.00010686,-0.10378,-2.0349,90.0068,-0.11807,4.4358,5.2137,6.308,-35.3445,0.0002019,1.4855,-0.1099,6.4767e-07,0.053428,0,87.6554,0.16026,0.80033,479.6551,1403.0127
41.6505,10946.0435,39.3098,239.997,9.1865,-0.00010686,-0.10378,-2.0349,90.0068,-0.11807,4.4358,5.2137,6.308,-35.3445,0.0002019,1.4855,-0.1099,6.4767e-07,0.053428,0,87.6554,0.16025,0.80389,479.6551,1403.0127
41.6517,10946.0435,39.3098,239.997,9.1865,-0.00010686,-0.10378,-2.0349,90.0068,-0.11807,4.4358,5.2137,6.308,-35.3445,0.0002019,1.4855,-0.1099,6.4767e-07,0.053428,0,87.6554,0.16024,0.81039,479.6551,1403.0127
41.6542,10946.0435,39.3098,239.997,9.1865,-0.00010686,-0.10378,-2.0349,90.0068,-0.11807,4.4358,5.2137,6.308,-35.3445,0.0002019,1.4855,-0.1099,6.4767e-07,0.053428,0,87.6554,0.16022,0.82119,479.6551,1403.0127
41.6582,10946.3711,39.3104,239.9978,9.1865,-0.00015554,-0.12074,-1.3341,90.0058,-0.17122,4.4358,5.2873,6.6315,-35.2762,0.00022421,1.4528,-0.089182,6.4819e-07,0.053438,0,87.8013,0.16025,0.77361,479.654,1402.9948
41.6665,10946.6987,39.311,239.9989,9.1865,-0.00017928,-0.13186,-0.64735,90.0044,-0.21435,4.4358,5.3892,7.6289,-35.2012,0.0001778,1.4198,-0.063458,6.4871e-07,0.053449,0,87.4511,0.16028,0.74653,479.6528,1402.9768
41.6748,10947.0263,39.3114,239.9989,9.1866,-0.00018689,-0.13725,0.025638,90.0026,-0.24505,4.4358,5.3033,8.9364,-35.1195,9.5042e-05,1.387,-0.035529,6.4924e-07,0.05346,0,87.1012,0.16026,0.81007,479.6516,1402.9589
41.6832,10947.3539,39.3115,239.9983,9.1866,-0.00018118,-0.13704,0.68513,90.0005,-0.26223,4.4358,5.2256,10.3836,-35.0341,-1.5326e-05,1.3548,-0.0074157,6.4979e-07,0.053471,0,86.7515,0.16021,0.88201,479.6505,1402.941
41.6915,10947.6815,39.3114,239.997,9.1866,-0.00017082,-0.13133,1.3314,89.9984,-0.26582,4.4358,5.1511,11.8479,-34.9462,-5.8117e-05,1.3236,0.019221,6.5035e-07,0.053482,0,86.7047,0.16013,0.95711,479.6493,1402.923
41.6998,10948.009,39.3116,239.9964,9.1866,-0.0001285,-0.12024,1.9649,89.9961,-0.25652,4.4358,5.2676,13.2285,-34.862,-7.0551e-05,1.2935,0.043284,6.5091e-07,0.053492,0,86.8503,0.16012,0.94598,479.6481,1402.9051
41.7082,10948.3366,39.3118,239.996,9.1866,-5.2351e-05,-0.10386,2.5858,89.994,-0.23559,4.4358,5.3778,14.4585,-34.7797,-5.2295e-05,1.2646,0.064132,6.5149e-07,0.053503,0,86.996,0.16015,0.92639,479.647,1402.8871
41.7165,10948.6642,39.312,239.9958,9.1866,5.4139e-05,-0.082314,3.1946,89.992,-0.20458,4.4358,5.4799,15.4989,-34.6993,-5.1044e-05,1.237,0.081471,6.5208e-07,0.053514,0,87.1417,0.16023,0.90297,479.6458,1402.8692
41.724,10948.6642,39.312,239.9958,9.1866,5.4139e-05,-0.082314,3.1946,89.992,-0.20458,4.4358,5.4799,15.4989,-34.6993,-5.1044e-05,1.237,0.081471,6.5208e-07,0.053514,0,87.1417,0.16016,0.88039,479.6458,1402.8692
41.724,10948.6642,39.312,239.9958,9.1866,5.4139e-05,-0.082314,3.1946,89.992,-0.20458,4.4358,5.4799,15.4989,-34.6993,-5.1044e-05,1.237,0.081471,6.5208e-07,0.053514,0,87.1417,0.16016,0.88039,479.6458,1402.8692
41.7248,10948.9918,39.3124,239.9958,9.1866,0.00016141,-0.055692,3.7915,89.9903,-0.16517,4.4358,5.5735,16.3317,-34.6182,-4.4812e-05,1.1734,0.095275,6.5268e-07,0.053525,0,87.2874,0.16033,0.87777,479.6446,1402.8513
41.7251,10948.9918,39.3124,239.9958,9.1866,0.00016141,-0.055692,3.7915,89.9903,-0.16517,4.4358,5.5735,16.3317,-34.6182,-4.4812e-05,1.1734,0.095275,6.5268e-07,0.053525,0,87.2874,0.16032,0.87725,479.6446,1402.8513
41.7251,10948.9918,39.3124,239.9958,9.1866,0.00016141,-0.055692,3.7915,89.9903,-0.16517,4.4358,5.5735,16.3317,-34.6182,-4.4812e-05,1.1734,0.095275,6.5268e-07,0.053525,0,87.2874,0.16032,0.87725,479.6446,1402.8513
41.726,10948.9918,39.3124,239.9958,9.1866,0.00016141,-0.055692,3.7915,89.9903,-0.16517,4.4358,5.5735,16.3317,-34.6182,-4.4812e-05,1.1734,0.095275,6.5268e-07,0.053525,0,87.2874,0.16031,0.8759,479.6446,1402.8513
41.7268,10948.9918,39.3124,239.9958,9.1866,0.00016141,-0.055692,3.7915,89.9903,-0.16517,4.4358,5.5735,16.3317,-34.6182,-4.4812e-05,1.1734,0.095275,6.5268e-07,0.053525,0,87.2874,0.16031,0.87466,479.6446,1402.8513
41.7284,10948.9918,39.3124,239.9958,9.1866,0.00016141,-0.055692,3.7915,89.9903,-0.16517,4.4358,5.5735,16.3317,-34.6182,-4.4812e-05,1.1734,0.095275,6.5268e-07,0.053525,0,87.2874,0.16029,0.87247,479.6446,1402.8513
41.7317,10948.9918,39.3124,239.9958,9.1866,0.00016141,-0.055692,3.7915,89.9903,-0.16517,4.4358,5.5735,16.3317,-34.6182,-4.4812e-05,1.1734,0.095275,6.5268e-07,0.053525,0,87.2874,0.16026,0.86903,479.6446,1402.8513
41.7332,10949.3194,39.3128,239.996,9.1866,0.00024907,-0.024096,4.3591,89.989,-0.1191,4.4358,5.6573,16.6161,-34.4448,-3.0976e-05,-0.0010603,0.10572,6.5328e-07,0.053536,0,87.4332,0.16041,0.85208,479.6435,1402.8333
41.7404,10949.3194,39.3128,239.996,9.1866,0.00024907,-0.024096,4.3591,89.989,-0.1191,4.4358,5.6573,16.6161,-34.4448,-3.0976e-05,-0.0010603,0.10572,6.5328e-07,0.053536,0,87.4332,0.16034,0.85621,479.6435,1402.8333
41.7415,10949.6471,39.3132,239.9964,9.1866,0.00029805,0.012229,4.3668,89.988,-0.067971,4.4358,5.7317,6.6067,-31.5057,1.0116e-05,-1.5817,0.1131,6.5389e-07,0.053546,0,87.579,0.16047,0.82622,479.6423,1402.8154
41.7471,10949.6471,39.3132,239.9964,9.1866,0.00029805,0.012229,4.3668,89.988,-0.067971,4.4358,5.7317,6.6067,-31.5057,1.0116e-05,-1.5817,0.1131,6.5389e-07,0.053546,0,87.579,0.16042,0.84057,479.6423,1402.8154
41.7498,10949.9747,39.3138,239.9971,9.1867,0.00029967,0.048619,3.6203,89.9874,-0.013276,4.4358,5.7983,-7.2847,-27.5692,6.1022e-05,-1.5521,0.11778,6.545e-07,0.053557,0,87.7248,0.1605,0.80007,479.6411,1402.7974
41.7513,10949.9747,39.3138,239.9971,9.1867,0.00029967,0.048619,3.6203,89.9874,-0.013276,4.4358,5.7983,-7.2847,-27.5692,6.1022e-05,-1.5521,0.11778,6.545e-07,0.053557,0,87.7248,0.16049,0.80802,479.6411,1402.7974
41.7513,10949.9747,39.3138,239.9971,9.1867,0.00029967,0.048619,3.6203,89.9874,-0.013276,4.4358,5.7983,-7.2847,-27.5692,6.1022e-05,-1.5521,0.11778,6.545e-07,0.053557,0,87.7248,0.16049,0.80802,479.6411,1402.7974
41.7582,10950.3023,39.3144,239.9979,9.1867,0.00025838,0.078788,2.8883,89.9873,0.043683,4.4357,5.8585,-6.7309,-27.6569,9.9466e-05,-1.5225,0.11997,6.551e-07,0.053568,0,87.8355,0.1605,0.77363,479.64,1402.7795
41.7641,10950.3023,39.3144,239.9979,9.1867,0.00025838,0.078788,2.8883,89.9873,0.043683,4.4357,5.8585,-6.7309,-27.6569,9.9466e-05,-1.5225,0.11997,6.551e-07,0.053568,0,87.8355,0.16045,0.81178,479.64,1402.7795
41.7641,10950.3023,39.3144,239.9979,9.1867,0.00025838,0.078788,2.8883,89.9873,0.043683,4.4357,5.8585,-6.7309,-27.6569,9.9466e-05,-1.5225,0.11997,6.551e-07,0.053568,0,87.8355,0.16045,0.81178,479.64,1402.7795
41.7665,10950.6299,39.315,239.999,9.1867,0.00018493,0.10286,2.1707,89.9877,0.1017,4.4357,5.9132,-6.3308,-27.7419,8.49e-05,-1.4919,0.1139,6.557e-07,0.053579,0,87.4853,0.16048,0.74683,479.6388,1402.7616
41.7689,10950.6299,39.315,239.999,9.1867,0.00018493,0.10286,2.1707,89.9877,0.1017,4.4357,5.9132,-6.3308,-27.7419,8.49e-05,-1.4919,0.1139,6.557e-07,0.053579,0,87.4853,0.16046,0.77092,479.6388,1402.7616
41.7738,10950.6299,39.315,239.999,9.1867,0.00018493,0.10286,2.1707,89.9877,0.1017,4.4357,5.9132,-6.3308,-27.7419,8.49e-05,-1.4919,0.1139,6.557e-07,0.053579,0,87.4853,0.16041,0.80465,479.6388,1402.7616
41.7748,10950.9575,39.3154,239.999,9.1867,7.8977e-05,0.12095,1.4671,89.9885,0.15679,4.4357,5.7466,-6.436,-27.8248,4.735e-05,-1.4594,0.094929,6.563e-07,0.053589,0,87.1354,0.16037,0.81062,479.6376,1402.7436
41.7801,10950.9575,39.3154,239.999,9.1867,7.8977e-05,0.12095,1.4671,89.9885,0.15679,4.4357,5.7466,-6.436,-27.8248,4.735e-05,-1.4594,0.094929,6.563e-07,0.053589,0,87.1354,0.16032,0.83027,479.6376,1402.7436
41.7832,10951.2852,39.3155,239.9984,9.1867,-3.6791e-05,0.13317,0.77765,89.9898,0.2027,4.4357,5.5505,-7.3283,-27.9093,-6.6372e-06,-1.4264,0.070002,6.5688e-07,0.0536,0,86.7857,0.1602,0.88276,479.6365,1402.7257
41.7915,10951.6128,39.3155,239.9971,9.1867,-0.00014406,0.13965,0.10202,89.9915,0.23656,4.4357,5.3422,-8.587,-27.9923,1.2004e-05,-1.3935,0.042386,6.5745e-07,0.053611,0,86.7435,0.16,0.958,479.6353,1402.7077
41.7998,10951.9404,39.3156,239.9965,9.1867,-0.00019142,0.1405,-0.56004,89.9935,0.25706,4.4357,5.3221,-10.0134,-28.0772,5.4105e-05,-1.3611,0.014106,6.5802e-07,0.053622,0,86.8891,0.1599,0.94698,479.6341,1402.6898
41.8082,10952.268,39.3158,239.996,9.1867,-0.00016088,0.13584,-1.2089,89.9956,0.26388,4.4357,5.3008,-11.4848,-28.1598,0.00010904,-1.3297,-0.013024,6.5857e-07,0.053633,0,87.0348,0.15989,0.92745,479.633,1402.6719
41.8165,10952.5957,39.316,239.9958,9.1867,-4.9372e-05,0.12576,-1.8447,89.9978,0.25758,4.4357,5.2826,-12.8913,-28.2384,0.00012049,-1.2994,-0.03779,6.591e-07,0.053643,0,87.1805,0.15997,0.90407,479.6318,1402.6539
41.8248,10952.9233,39.3163,239.9958,9.1868,0.00011114,0.11039,-2.4681,90,0.23931,4.4357,5.2711,-14.1588,-28.3091,9.9487e-05,-1.2702,-0.059453,6.5963e-07,0.053654,0,87.3262,0.16011,0.8789,479.6306,1402.636
41.8332,10953.2509,39.3167,239.9961,9.1868,0.00028795,0.089822,-3.0791,90.002,0.21056,4.4357,5.2677,-15.2425,-28.3722,4.9798e-05,-1.2424,-0.077645,6.6015e-07,0.053665,0,87.472,0.16029,0.85284,479.6295,1402.618
41.8387,10953.2509,39.3167,239.9961,9.1868,0.00028795,0.089822,-3.0791,90.002,0.21056,4.4357,5.2677,-15.2425,-28.3722,4.9798e-05,-1.2424,-0.077645,6.6015e-07,0.053665,0,87.472,0.16023,0.85595,479.6295,1402.618
41.8387,10953.2509,39.3167,239.9961,9.1868,0.00028795,0.089822,-3.0791,90.002,0.21056,4.4357,5.2677,-15.2425,-28.3722,4.9798e-05,-1.2424,-0.077645,6.6015e-07,0.053665,0,87.472,0.16023,0.85595,479.6295,1402.618
41.8415,10953.5786,39.3172,239.9965,9.1868,0.00044633,0.064163,-3.6783,90.0037,0.17301,4.4357,5.2733,-16.1199,-28.4276,-5.1679e-06,-1.2158,-0.092283,6.6065e-07,0.053676,0,87.6178,0.16046,0.82629,479.6283,1402.6001
41.8443,10953.5786,39.3172,239.9965,9.1868,0.00044633,0.064163,-3.6783,90.0037,0.17301,4.4357,5.2733,-16.1199,-28.4276,-5.1679e-06,-1.2158,-0.092283,6.6065e-07,0.053676,0,87.6178,0.16043,0.83449,479.6283,1402.6001
41.8498,10953.9062,39.3177,239.9971,9.1868,0.000561,0.033511,-4.2659,90.0051,0.12838,4.4357,5.2872,-16.7859,-28.4767,-4.431e-05,-0.27985,-0.1035,6.6115e-07,0.053687,0,87.7636,0.1606,0.79967,479.6271,1402.5822
41.8578,10953.9062,39.3177,239.9971,9.1868,0.000561,0.033511,-4.2659,90.0051,0.12838,4.4357,5.2872,-16.7859,-28.4767,-4.431e-05,-0.27985,-0.1035,6.6115e-07,0.053687,0,87.7636,0.16052,0.83253,479.6271,1402.5822
41.8578,10953.9062,39.3177,239.9971,9.1868,0.000561,0.033511,-4.2659,90.0051,0.12838,4.4357,5.2872,-16.7859,-28.4767,-4.431e-05,-0.27985,-0.1035,6.6115e-07,0.053687,0,87.7636,0.16052,0.83253,479.6271,1402.5822
41.8582,10954.2339,39.3183,239.998,9.1868,0.00061672,-0.0020385,-4.4075,90.0062,0.078321,4.4357,5.3085,-8.9889,-30.8078,-4.7138e-05,1.3664,-0.11155,6.6165e-07,0.053697,0,87.8405,0.1607,0.77322,479.626,1402.5642
41.8586,10954.2339,39.3183,239.998,9.1868,0.00061672,-0.0020385,-4.4075,90.0062,0.078321,4.4357,5.3085,-8.9889,-30.8078,-4.7138e-05,1.3664,-0.11155,6.6165e-07,0.053697,0,87.8405,0.16069,0.77648,479.626,1402.5642
41.8593,10954.2339,39.3183,239.998,9.1868,0.00061672,-0.0020385,-4.4075,90.0062,0.078321,4.4357,5.3085,-8.9889,-30.8078,-4.7138e-05,1.3664,-0.11155,6.6165e-07,0.053697,0,87.8405,0.16069,0.78262,479.626,1402.5642
41.8609,10954.2339,39.3183,239.998,9.1868,0.00061672,-0.0020385,-4.4075,90.0062,0.078321,4.4357,5.3085,-8.9889,-30.8078,-4.7138e-05,1.3664,-0.11155,6.6165e-07,0.053697,0,87.8405,0.16067,0.79356,479.626,1402.5642
41.864,10954.2339,39.3183,239.998,9.1868,0.00061672,-0.0020385,-4.4075,90.0062,0.078321,4.4357,5.3085,-8.9889,-30.8078,-4.7138e-05,1.3664,-0.11155,6.6165e-07,0.053697,0,87.8405,0.16064,0.81098,479.626,1402.5642
41.8665,10954.5615,39.319,239.9991,9.1868,0.00060774,-0.038768,-3.7637,90.0069,0.024375,4.4357,5.3373,5.4483,-34.9342,-6.4473e-05,1.5578,-0.11684,6.6214e-07,0.053708,0,87.4904,0.16074,0.7466,479.6248,1402.5463
41.8673,10954.5615,39.319,239.9991,9.1868,0.00060774,-0.038768,-3.7637,90.0069,0.024375,4.4357,5.3373,5.4483,-34.9342,-6.4473e-05,1.5578,-0.11684,6.6214e-07,0.053708,0,87.4904,0.16074,0.75477,479.6248,1402.5463
41.8673,10954.5615,39.319,239.9991,9.1868,0.00060774,-0.038768,-3.7637,90.0069,0.024375,4.4357,5.3373,5.4483,-34.9342,-6.4473e-05,1.5578,-0.11684,6.6214e-07,0.053708,0,87.4904,0.16074,0.75477,479.6248,1402.5463
41.8748,10954.8892,39.3193,239.9991,9.1868,0.00052185,-0.070132,-3.029,90.0071,-0.032133,4.4357,5.172,6.8532,-35.4225,-9.1171e-05,1.5282,-0.11975,6.6264e-07,0.053719,0,87.1405,0.16065,0.81062,479.6236,1402.5283
41.8799,10954.8892,39.3193,239.9991,9.1868,0.00052185,-0.070132,-3.029,90.0071,-0.032133,4.4357,5.172,6.8532,-35.4225,-9.1171e-05,1.5282,-0.11975,6.6264e-07,0.053719,0,87.1405,0.1606,0.82968,479.6236,1402.5283
41.8799,10954.8892,39.3193,239.9991,9.1868,0.00052185,-0.070132,-3.029,90.0071,-0.032133,4.4357,5.172,6.8532,-35.4225,-9.1171e-05,1.5282,-0.11975,6.6264e-07,0.053719,0,87.1405,0.1606,0.82968,479.6236,1402.5283
41.8832,10955.2168,39.3195,239.9984,9.1869,0.00036917,-0.095373,-2.3085,90.0068,-0.09005,4.4357,5.0151,6.403,-35.3561,-0.00011834,1.4979,-0.11568,6.6314e-07,0.05373,0,86.7908,0.16045,0.88303,479.6225,1402.5104
41.8864,10955.2168,39.3195,239.9984,9.1869,0.00036917,-0.095373,-2.3085,90.0068,-0.09005,4.4357,5.0151,6.403,-35.3561,-0.00011834,1.4979,-0.11568,6.6314e-07,0.05373,0,86.7908,0.16041,0.8763,479.6225,1402.5104
41.8915,10955.5445,39.3194,239.9972,9.1869,0.00017233,-0.11461,-1.6023,90.0061,-0.146,4.4357,4.8782,6.3817,-35.2857,-5.9101e-05,1.4656,-0.098916,6.6364e-07,0.053741,0,86.7433,0.16016,0.9585,479.6213,1402.4925
41.8998,10955.8722,39.3195,239.9965,9.1869,5.0468e-06,-0.12796,-0.91013,90.0048,-0.19384,4.4357,4.9679,7.1369,-35.2141,3.6001e-05,1.4327,-0.074984,6.6416e-07,0.053751,0,86.8889,0.15994,0.9477,479.6201,1402.4745
41.9082,10956.1998,39.3197,239.9961,9.1869,-8.7792e-05,-0.13555,-0.23187,90.0032,-0.23011,4.4357,5.0759,8.3331,-35.1411,0.00015145,1.3998,-0.047826,6.6468e-07,0.053762,0,87.0345,0.15981,0.92836,479.619,1402.4566
41.9165,10956.5275,39.32,239.9959,9.1869,-7.7931e-05,-0.13748,0.43278,90.0013,-0.25324,4.4357,5.1925,9.7312,-35.0674,0.00022007,1.3673,-0.019609,6.6522e-07,0.053773,0,87.1802,0.15979,0.9051,479.6178,1402.4386
41.9248,10956.8552,39.3203,239.9959,9.1869,2.1005e-05,-0.13387,1.0841,89.9992,-0.26272,4.4357,5.3126,11.1997,-34.9901,0.00024161,1.3357,0.0078011,6.6577e-07,0.053784,0,87.3259,0.15987,0.88001,479.6166,1402.4207
41.9332,10957.1828,39.3207,239.9961,9.1869,0.00018537,-0.12484,1.7225,89.997,-0.25895,4.4357,5.4316,12.625,-34.9098,0.00021046,1.3052,0.033061,6.6632e-07,0.053794,0,87.4716,0.16003,0.85399,479.6155,1402.4028
41.9415,10957.5105,39.3211,239.9965,9.1869,0.00038034,-0.11048,2.3482,89.9948,-0.24296,4.4357,5.5458,13.9257,-34.8265,0.0001402,1.2758,0.055348,6.6689e-07,0.053805,0,87.6174,0.16024,0.82746,479.6143,1402.3848
41.9498,10957.8382,39.3216,239.9971,9.187,0.00057113,-0.090917,2.9616,89.9928,-0.2162,4.4357,5.6531,15.0514,-34.7413,4.7925e-05,1.2477,0.074223,6.6747e-07,0.053816,0,87.7633,0.16045,0.8006,479.6131,1402.3669
41.9526,10957.8382,39.3216,239.9971,9.187,0.00057113,-0.090917,2.9616,89.9928,-0.2162,4.4357,5.6531,15.0514,-34.7413,4.7925e-05,1.2477,0.074223,6.6747e-07,0.053816,0,87.7633,0.16042,0.81507,479.6131,1402.3669
41.9526,10957.8382,39.3216,239.9971,9.187,0.00057113,-0.090917,2.9616,89.9928,-0.2162,4.4357,5.6531,15.0514,-34.7413,4.7925e-05,1.2477,0.074223,6.6747e-07,0.053816,0,87.7633,0.16042,0.81507,479.6131,1402.3669
41.9582,10958.1659,39.3222,239.998,9.187,0.00072691,-0.066237,3.5631,89.991,-0.1803,4.4357,5.7522,15.9755,-34.6551,-4.339e-05,1.2208,0.089552,6.6806e-07,0.053827,0,87.9091,0.16065,0.7735,479.6119,1402.3489
41.9636,10958.1659,39.3222,239.998,9.187,0.00072691,-0.066237,3.5631,89.991,-0.1803,4.4357,5.7522,15.9755,-34.6551,-4.339e-05,1.2208,0.089552,6.6806e-07,0.053827,0,87.9091,0.16059,0.80943,479.6119,1402.3489
41.9636,10958.1659,39.3222,239.998,9.187,0.00072691,-0.066237,3.5631,89.991,-0.1803,4.4357,5.7522,15.9755,-34.6551,-4.339e-05,1.2208,0.089552,6.6806e-07,0.053827,0,87.9091,0.16059,0.80943,479.6119,1402.3489
41.9665,10958.4935,39.3229,239.9991,9.187,0.00082571,-0.036545,4.1529,89.9895,-0.13699,4.4356,5.8421,16.6895,-34.5693,-0.00015072,0.65178,0.10143,6.6866e-07,0.053838,0,87.559,0.1608,0.74626,479.6108,1402.331
41.9694,10958.4935,39.3229,239.9991,9.187,0.00082571,-0.036545,4.1529,89.9895,-0.13699,4.4356,5.8421,16.6895,-34.5693,-0.00015072,0.65178,0.10143,6.6866e-07,0.053838,0,87.559,0.16077,0.77459,479.6108,1402.331
41.972,10958.4935,39.3229,239.9991,9.187,0.00082571,-0.036545,4.1529,89.9895,-0.13699,4.4356,5.8421,16.6895,-34.5693,-0.00015072,0.65178,0.10143,6.6866e-07,0.053838,0,87.559,0.16075,0.79365,479.6108,1402.331
41.972,10958.4935,39.3229,239.9991,9.187,0.00082571,-0.036545,4.1529,89.9895,-0.13699,4.4356,5.8421,16.6895,-34.5693,-0.00015072,0.65178,0.10143,6.6866e-07,0.053838,0,87.559,0.16075,0.79365,479.6108,1402.331
41.9748,10958.8212,39.3232,239.9991,9.187,0.00083706,-0.0019372,4.4719,89.9884,-0.087938,4.4356,5.7206,12.2656,-33.1302,-0.00022704,-0.99386,0.11007,6.6926e-07,0.053848,0,87.2091,0.1608,0.81024,479.6096,1402.3131
41.9777,10958.8212,39.3232,239.9991,9.187,0.00083706,-0.0019372,4.4719,89.9884,-0.087938,4.4356,5.7206,12.2656,-33.1302,-0.00022704,-0.99386,0.11007,6.6926e-07,0.053848,0,87.2091,0.16077,0.8223,479.6096,1402.3131
41.9832,10959.1489,39.3233,239.9984,9.187,0.00075272,0.035329,4.0059,89.9876,-0.034705,4.4356,5.5927,-2.1355,-29.0184,-0.00025906,-1.5673,0.1159,6.6987e-07,0.053859,0,86.8595,0.16067,0.88274,479.6084,1402.2951
41.9915,10959.4766,39.3233,239.9972,9.187,0.00058263,0.068711,3.2665,89.9874,0.021347,4.4357,5.4595,-6.9836,-27.5943,-0.00018795,-1.5377,0.11925,6.7047e-07,0.05387,0,86.7168,0.16041,0.95844,479.6073,1402.2772
41.9955,10959.4766,39.3233,239.9972,9.187,0.00058263,0.068711,3.2665,89.9874,0.021347,4.4357,5.4595,-6.9836,-27.5943,-0.00018795,-1.5377,0.11925,6.7047e-07,0.05387,0,86.7168,0.16037,0.92606,479.6073,1402.2772
41.9955,10959.4766,39.3233,239.9972,9.187,0.00058263,0.068711,3.2665,89.9874,0.021347,4.4357,5.4595,-6.9836,-27.5943,-0.00018795,-1.5377,0.11925,6.7047e-07,0.05387,0,86.7168,0.16037,0.92606,479.6073,1402.2772
41.9998,10959.8043,39.3234,239.9965,9.1871,0.00038755,0.095932,2.5415,89.9875,0.079019,4.4357,5.5147,-6.5116,-27.6819,-6.6022e-05,-1.5077,0.11757,6.7107e-07,0.053881,0,86.8624,0.16017,0.94788,479.6061,1402.2592
42.0042,10959.8043,39.3234,239.9965,9.1871,0.00038755,0.095932,2.5415,89.9875,0.079019,4.4357,5.5147,-6.5116,-27.6819,-6.6022e-05,-1.5077,0.11757,6.7107e-07,0.053881,0,86.8624,0.16013,0.91678,479.6061,1402.2592
42.0082,10960.132,39.3236,239.9961,9.1871,0.00021245,0.11711,1.8307,89.9882,0.13588,4.4357,5.5576,-6.3479,-27.7718,9.0374e-05,-1.4759,0.10404,6.7166e-07,0.053892,0,87.008,0.15996,0.92882,479.6049,1402.2413
42.0165,10960.4597,39.3239,239.9959,9.1871,0.00010512,0.13237,1.1341,89.9893,0.1862,4.4357,5.5712,-6.9078,-27.8664,0.00021209,-1.443,0.08157,6.7224e-07,0.053902,0,87.1537,0.15982,0.90582,479.6038,1402.2234
42.0248,10960.7874,39.3242,239.9959,9.1871,7.9665e-05,0.14182,0.45139,89.9909,0.22565,4.4356,5.5634,-8.0152,-27.9602,0.00029484,-1.41,0.055063,6.7281e-07,0.053913,0,87.2994,0.15978,0.88093,479.6026,1402.2054
42.0332,10961.1151,39.3246,239.9961,9.1871,0.00013902,0.14558,-0.2176,89.9928,0.25229,4.4356,5.5464,-9.3721,-28.0502,0.00032294,-1.3774,0.026971,6.7337e-07,0.053924,0,87.4452,0.15983,0.85506,479.6014,1402.1875
42.0415,10961.4428,39.325,239.9965,9.1871,0.00026878,0.14377,-0.87317,89.9949,0.26533,4.4356,5.5265,-10.8299,-28.1342,0.00029795,-1.3455,-0.00077896,6.7392e-07,0.053935,0,87.5909,0.15997,0.82862,479.6003,1402.1696
42.0498,10961.7705,39.3255,239.9971,9.1871,0.00044519,0.13649,-1.5157,89.9971,0.26496,4.4356,5.5083,-12.2717,-28.2111,0.00022681,-1.3146,-0.026687,6.7446e-07,0.053945,0,87.7368,0.16017,0.80181,479.5991,1402.1516
42.0582,10962.0982,39.3261,239.998,9.1871,0.00063869,0.12386,-2.1454,89.9993,0.25205,4.4356,5.4953,-13.6064,-28.2802,0.00012388,-1.2849,-0.049805,6.7498e-07,0.053956,0,87.8826,0.1604,0.77471,479.5979,1402.1337
42.0665,10962.426,39.3267,239.999,9.1872,0.00081946,0.10598,-2.7628,90.0014,0.22796,4.4356,5.4899,-14.7763,-28.3419,-3.6943e-05,-1.2565,-0.069601,6.7549e-07,0.053967,0,87.5325,0.16064,0.74737,479.5968,1402.1157
42.0748,10962.7537,39.3271,239.999,9.1872,0.00094036,0.082957,-3.3681,90.0033,0.1943,4.4356,5.2918,-15.7489,-28.394,-0.0002033,-1.2293,-0.085864,6.76e-07,0.053978,0,87.1826,0.16075,0.81066,479.5956,1402.0978
42.0769,10962.7537,39.3271,239.999,9.1872,0.00094036,0.082957,-3.3681,90.0033,0.1943,4.4356,5.2918,-15.7489,-28.394,-0.0002033,-1.2293,-0.085864,6.76e-07,0.053978,0,87.1826,0.16073,0.8196,479.5956,1402.0978
42.0769,10962.7537,39.3271,239.999,9.1872,0.00094036,0.082957,-3.3681,90.0033,0.1943,4.4356,5.2918,-15.7489,-28.394,-0.0002033,-1.2293,-0.085864,6.76e-07,0.053978,0,87.1826,0.16073,0.8196,479.5956,1402.0978
42.0832,10963.0814,39.3272,239.9984,9.1872,0.00097654,0.054889,-3.9616,90.0049,0.15278,4.4356,5.1046,-16.5114,-28.4396,-0.00033774,-1.0489,-0.098634,6.7649e-07,0.053989,0,86.8331,0.16073,0.88244,479.5944,1402.0799
42.0861,10963.0814,39.3272,239.9984,9.1872,0.00097654,0.054889,-3.9616,90.0049,0.15278,4.4356,5.1046,-16.5114,-28.4396,-0.00033774,-1.0489,-0.098634,6.7649e-07,0.053989,0,86.8331,0.16071,0.87656,479.5944,1402.0799
42.0861,10963.0814,39.3272,239.9984,9.1872,0.00097654,0.054889,-3.9616,90.0049,0.15278,4.4356,5.1046,-16.5114,-28.4396,-0.00033774,-1.0489,-0.098634,6.7649e-07,0.053989,0,86.8331,0.16071,0.87656,479.5944,1402.0799
42.0915,10963.4091,39.3272,239.9971,9.1872,0.00092016,0.021876,-4.4701,90.0062,0.10508,4.4357,4.9264,-15.6652,-28.8687,-0.00033943,0.53417,-0.10813,6.7697e-07,0.053999,0,86.7465,0.16059,0.95798,479.5933,1402.0619
42.0969,10963.4091,39.3272,239.9971,9.1872,0.00092016,0.021876,-4.4701,90.0062,0.10508,4.4357,4.9264,-15.6652,-28.8687,-0.00033943,0.53417,-0.10813,6.7697e-07,0.053999,0,86.7465,0.16054,0.91684,479.5933,1402.0619
42.0998,10963.7369,39.3273,239.9965,9.1872,0.00081168,-0.015374,-4.2234,90.007,0.052783,4.4357,4.9498,-1.8901,-32.8279,-0.00023722,1.5759,-0.11465,6.7746e-07,0.05401,0,86.892,0.16043,0.94755,479.5921,1402.044
42.1082,10964.0646,39.3275,239.9961,9.1873,0.00068211,-0.050569,-3.4798,90.0075,-0.0026637,4.4357,4.98,7.1559,-35.4502,-7.6283e-05,1.5463,-0.11862,6.7794e-07,0.054021,0,87.0377,0.16027,0.92872,479.5909,1402.026
42.1109,10964.0646,39.3275,239.9961,9.1873,0.00068211,-0.050569,-3.4798,90.0075,-0.0026637,4.4357,4.98,7.1559,-35.4502,-7.6283e-05,1.5463,-0.11862,6.7794e-07,0.054021,0,87.0377,0.16024,0.91245,479.5909,1402.026
42.1109,10964.0646,39.3275,239.9961,9.1873,0.00068211,-0.050569,-3.4798,90.0075,-0.0026637,4.4357,4.98,7.1559,-35.4502,-7.6283e-05,1.5463,-0.11862,6.7794e-07,0.054021,0,87.0377,0.16024,0.91245,479.5909,1402.026
42.1165,10964.3923,39.3278,239.9958,9.1873,0.00056571,-0.079567,-2.7506,90.0075,-0.060031,4.4357,5.0167,6.6387,-35.3954,6.5063e-05,1.5166,-0.11959,6.7842e-07,0.054032,0,87.1833,0.16013,0.90597,479.5898,1402.0081
42.1221,10964.3923,39.3278,239.9958,9.1873,0.00056571,-0.079567,-2.7506,90.0075,-0.060031,4.4357,5.0167,6.6387,-35.3954,6.5063e-05,1.5166,-0.11959,6.7842e-07,0.054032,0,87.1833,0.16007,0.88638,479.5898,1402.0081
42.1242,10964.3923,39.3278,239.9958,9.1873,0.00056571,-0.079567,-2.7506,90.0075,-0.060031,4.4357,5.0167,6.6387,-35.3954,6.5063e-05,1.5166,-0.11959,6.7842e-07,0.054032,0,87.1833,0.16005,0.88154,479.5898,1402.0081
42.1242,10964.3923,39.3278,239.9958,9.1873,0.00056571,-0.079567,-2.7506,90.0075,-0.060031,4.4357,5.0167,6.6387,-35.3954,6.5063e-05,1.5166,-0.11959,6.7842e-07,0.054032,0,87.1833,0.16005,0.88154,479.5898,1402.0081
42.1248,10964.72,39.3281,239.9958,9.1873,0.00047094,-0.10249,-2.0357,90.007,-0.11787,4.4357,5.0615,6.3082,-35.3375,0.00018379,1.4854,-0.1099,6.7891e-07,0.054043,0,87.329,0.16002,0.88137,479.5886,1401.9902
42.1255,10964.72,39.3281,239.9958,9.1873,0.00047094,-0.10249,-2.0357,90.007,-0.11787,4.4357,5.0615,6.3082,-35.3375,0.00018379,1.4854,-0.1099,6.7891e-07,0.054043,0,87.329,0.16001,0.88006,479.5886,1401.9902
42.1268,10964.72,39.3281,239.9958,9.1873,0.00047094,-0.10249,-2.0357,90.007,-0.11787,4.4357,5.0615,6.3082,-35.3375,0.00018379,1.4854,-0.1099,6.7891e-07,0.054043,0,87.329,0.16,0.87768,479.5886,1401.9902
42.1294,10964.72,39.3281,239.9958,9.1873,0.00047094,-0.10249,-2.0357,90.007,-0.11787,4.4357,5.0615,6.3082,-35.3375,0.00018379,1.4854,-0.1099,6.7891e-07,0.054043,0,87.329,0.15998,0.87375,479.5886,1401.9902
42.1332,10965.0478,39.3285,239.996,9.1873,0.00041484,-0.11945,-1.335,90.006,-0.17102,4.4356,5.1338,6.6301,-35.273,0.00026197,1.4527,-0.089201,6.7941e-07,0.054053,0,87.4747,0.15996,0.85577,479.5874,1401.9722
42.1415,10965.3755,39.3289,239.9964,9.1873,0.00041007,-0.13058,-0.64828,90.0046,-0.21416,4.4356,5.2345,7.6265,-35.201,0.00029845,1.4197,-0.063488,6.7992e-07,0.054064,0,87.6205,0.15997,0.82956,479.5863,1401.9543
42.1498,10965.7033,39.3294,239.997,9.1873,0.0004607,-0.13598,0.024658,90.0028,-0.24487,4.4356,5.3488,8.9334,-35.1241,0.00029203,1.3869,-0.035569,6.8043e-07,0.054075,0,87.7663,0.16004,0.80291,479.5851,1401.9363
42.1582,10966.031,39.33,239.9979,9.1873,0.00056075,-0.13577,0.6841,90.0007,-0.26207,4.4356,5.4695,10.3802,-35.0435,0.00024488,1.3547,-0.0074618,6.8096e-07,0.054086,0,87.9122,0.16018,0.77592,479.5839,1401.9184
42.1665,10966.3588,39.3306,239.9989,9.1874,0.00069532,-0.13007,1.3304,89.9985,-0.26568,4.4356,5.5915,11.8444,-34.9599,0.00011992,1.3235,0.019174,6.815e-07,0.054097,0,87.5621,0.16037,0.74863,479.5828,1401.9005
42.1748,10966.6865,39.331,239.9989,9.1874,0.00082234,-0.11899,1.9638,89.9963,-0.25641,4.4356,5.5093,13.2252,-34.8714,-3.8656e-05,1.2935,0.043239,6.8205e-07,0.054107,0,87.2122,0.16048,0.81193,479.5816,1401.8825
42.1832,10967.0143,39.3311,239.9983,9.1874,0.00091316,-0.10262,2.5847,89.9942,-0.2355,4.4356,5.4232,14.4555,-34.7809,-0.00020696,1.2646,0.06409,6.8261e-07,0.054118,0,86.8627,0.16052,0.88369,479.5804,1401.8646
42.1915,10967.342,39.331,239.997,9.1874,0.00094505,-0.081083,3.1935,89.9922,-0.20451,4.4357,5.3312,15.4962,-34.6898,-0.00027733,1.237,0.08143,6.8318e-07,0.054129,0,86.8351,0.16047,0.95865,479.5793,1401.8467
42.199,10967.342,39.331,239.997,9.1874,0.00094505,-0.081083,3.1935,89.9922,-0.20451,4.4357,5.3312,15.4962,-34.6898,-0.00027733,1.237,0.08143,6.8318e-07,0.054129,0,86.8351,0.16039,0.90638,479.5793,1401.8467
42.199,10967.342,39.331,239.997,9.1874,0.00094505,-0.081083,3.1935,89.9922,-0.20451,4.4357,5.3312,15.4962,-34.6898,-0.00027733,1.237,0.08143,6.8318e-07,0.054129,0,86.8351,0.16039,0.90638,479.5793,1401.8467
42.1998,10967.6698,39.3311,239.9964,9.1874,0.00094337,-0.054471,3.7904,89.9905,-0.16512,4.4357,5.4245,16.329,-34.6046,-0.00027226,1.1751,0.095236,6.8376e-07,0.05414,0,86.9806,0.16042,0.94751,479.5781,1401.8287
42.2001,10967.6698,39.3311,239.9964,9.1874,0.00094337,-0.054471,3.7904,89.9905,-0.16512,4.4357,5.4245,16.329,-34.6046,-0.00027226,1.1751,0.095236,6.8376e-07,0.05414,0,86.9806,0.16041,0.94496,479.5781,1401.8287
42.2001,10967.6698,39.3311,239.9964,9.1874,0.00094337,-0.054471,3.7904,89.9905,-0.16512,4.4357,5.4245,16.329,-34.6046,-0.00027226,1.1751,0.095236,6.8376e-07,0.05414,0,86.9806,0.16041,0.94496,479.5781,1401.8287
42.2009,10967.6698,39.3311,239.9964,9.1874,0.00094337,-0.054471,3.7904,89.9905,-0.16512,4.4357,5.4245,16.329,-34.6046,-0.00027226,1.1751,0.095236,6.8376e-07,0.05414,0,86.9806,0.16041,0.93844,479.5781,1401.8287
42.2017,10967.6698,39.3311,239.9964,9.1874,0.00094337,-0.054471,3.7904,89.9905,-0.16512,4.4357,5.4245,16.329,-34.6046,-0.00027226,1.1751,0.095236,6.8376e-07,0.05414,0,86.9806,0.1604,0.93242,479.5781,1401.8287
42.2033,10967.6698,39.3311,239.9964,9.1874,0.00094337,-0.054471,3.7904,89.9905,-0.16512,4.4357,5.4245,16.329,-34.6046,-0.00027226,1.1751,0.095236,6.8376e-07,0.05414,0,86.9806,0.16038,0.92174,479.5781,1401.8287
42.2065,10967.6698,39.3311,239.9964,9.1874,0.00094337,-0.054471,3.7904,89.9905,-0.16512,4.4357,5.4245,16.329,-34.6046,-0.00027226,1.1751,0.095236,6.8376e-07,0.05414,0,86.9806,0.16035,0.90488,479.5781,1401.8287
42.2082,10967.9975,39.3313,239.996,9.1875,0.0009214,-0.022885,4.3588,89.9892,-0.11906,4.4357,5.5075,16.6298,-34.4355,-0.00019007,-0.00015237,0.10568,6.8435e-07,0.054151,0,87.1262,0.16036,0.92831,479.5769,1401.8108
42.2165,10968.3253,39.3316,239.9957,9.1875,0.00089333,0.013439,4.3669,89.9882,-0.067955,4.4357,5.5807,6.6128,-31.498,-7.6971e-05,-1.5815,0.11306,6.8494e-07,0.054161,0,87.2719,0.16031,0.90563,479.5758,1401.7928
42.2248,10968.6531,39.3319,239.9957,9.1875,0.00085224,0.049829,3.6206,89.9876,-0.013274,4.4357,5.6461,-7.2848,-27.5635,4.6197e-05,-1.5519,0.11775,6.8553e-07,0.054172,0,87.4175,0.16025,0.88122,479.5746,1401.7749
42.2263,10968.6531,39.3319,239.9957,9.1875,0.00085224,0.049829,3.6206,89.9876,-0.013274,4.4357,5.6461,-7.2848,-27.5635,4.6197e-05,-1.5519,0.11775,6.8553e-07,0.054172,0,87.4175,0.16024,0.87845,479.5746,1401.7749
42.2263,10968.6531,39.3319,239.9957,9.1875,0.00085224,0.049829,3.6206,89.9876,-0.013274,4.4357,5.6461,-7.2848,-27.5635,4.6197e-05,-1.5519,0.11775,6.8553e-07,0.054172,0,87.4175,0.16024,0.87845,479.5746,1401.7749
42.2332,10968.9808,39.3323,239.9959,9.1875,0.0008027,0.080001,2.8887,89.9875,0.043673,4.4357,5.705,-6.7309,-27.655,0.00014101,-1.5224,0.11997,6.8611e-07,0.054183,0,87.5633,0.1602,0.85587,479.5734,1401.757
42.2391,10968.9808,39.3323,239.9959,9.1875,0.0008027,0.080001,2.8887,89.9875,0.043673,4.4357,5.705,-6.7309,-27.655,0.00014101,-1.5224,0.11997,6.8611e-07,0.054183,0,87.5633,0.16015,0.85791,479.5734,1401.757
42.2391,10968.9808,39.3323,239.9959,9.1875,0.0008027,0.080001,2.8887,89.9875,0.043673,4.4357,5.705,-6.7309,-27.655,0.00014101,-1.5224,0.11997,6.8611e-07,0.054183,0,87.5633,0.16015,0.85791,479.5734,1401.757
42.2415,10969.3086,39.3328,239.9963,9.1875,0.00074787,0.10407,2.1711,89.9878,0.10169,4.4357,5.7586,-6.3294,-27.743,0.00020966,-1.4917,0.11392,6.867e-07,0.054194,0,87.709,0.16016,0.82993,479.5723,1401.739
42.2439,10969.3086,39.3328,239.9963,9.1875,0.00074787,0.10407,2.1711,89.9878,0.10169,4.4357,5.7586,-6.3294,-27.743,0.00020966,-1.4917,0.11392,6.867e-07,0.054194,0,87.709,0.16014,0.83646,479.5723,1401.739
42.2488,10969.3086,39.3328,239.9963,9.1875,0.00074787,0.10407,2.1711,89.9878,0.10169,4.4357,5.7586,-6.3294,-27.743,0.00020966,-1.4917,0.11392,6.867e-07,0.054194,0,87.709,0.16009,0.8456,479.5723,1401.739
42.2498,10969.6364,39.3333,239.9969,9.1875,0.00070031,0.12216,1.4676,89.9887,0.15679,4.4356,5.7922,-6.4332,-27.8307,0.00024856,-1.4592,0.094951,6.8727e-07,0.054204,0,87.8548,0.16014,0.80355,479.5711,1401.7211
42.2551,10969.6364,39.3333,239.9969,9.1875,0.00070031,0.12216,1.4676,89.9887,0.15679,4.4356,5.7922,-6.4332,-27.8307,0.00024856,-1.4592,0.094951,6.8727e-07,0.054204,0,87.8548,0.16009,0.82678,479.5711,1401.7211
42.2582,10969.9642,39.3339,239.9978,9.1876,0.0006796,0.13439,0.77821,89.99,0.20271,4.4356,5.7945,-7.3256,-27.9199,0.00025767,-1.4262,0.070028,6.8783e-07,0.054215,0,88.0006,0.16016,0.7768,479.5699,1401.7031
42.2665,10970.2919,39.3345,239.9988,9.1876,0.00069777,0.14088,0.10264,89.9917,0.23658,4.4356,5.7827,-8.5842,-28.007,0.00019536,-1.3934,0.042415,6.8839e-07,0.054226,0,87.6506,0.16023,0.74968,479.5688,1401.6852
42.2748,10970.6197,39.3348,239.9988,9.1876,0.00073746,0.14174,-0.55938,89.9937,0.2571,4.4356,5.5711,-10.0108,-28.0875,9.1072e-05,-1.3611,0.014135,6.8893e-07,0.054237,0,87.3008,0.16026,0.80986,479.5676,1401.6673
42.2832,10970.9475,39.335,239.9982,9.1876,0.00078545,0.13707,-1.2082,89.9958,0.26393,4.4356,5.3533,-11.4824,-28.1618,-4.1402e-05,-1.3296,-0.012997,6.8946e-07,0.054248,0,86.9512,0.16026,0.88137,479.5664,1401.6493
42.2915,10971.2753,39.3349,239.997,9.1876,0.00082522,0.12701,-1.844,89.998,0.25765,4.4357,5.141,-12.8891,-28.2297,-0.00010439,-1.2993,-0.037761,6.8998e-07,0.054258,0,86.6901,0.16021,0.95624,479.5652,1401.6314
42.2998,10971.6031,39.335,239.9964,9.1876,0.00087872,0.11164,-2.4673,90.0002,0.23939,4.4357,5.1293,-14.1565,-28.2961,-0.00012907,-1.2702,-0.059425,6.9049e-07,0.054269,0,86.8356,0.16022,0.94504,479.5641,1401.6135
42.3082,10971.9309,39.3352,239.996,9.1877,0.000947,0.091078,-3.0783,90.0021,0.21065,4.4357,5.1252,-15.2403,-28.3589,-0.00011292,-1.2423,-0.077617,6.9099e-07,0.05428,0,86.9812,0.16025,0.92544,479.5629,1401.5955
42.3137,10971.9309,39.3352,239.996,9.1877,0.000947,0.091078,-3.0783,90.0021,0.21065,4.4357,5.1252,-15.2403,-28.3589,-0.00011292,-1.2423,-0.077617,6.9099e-07,0.05428,0,86.9812,0.1602,0.89794,479.5629,1401.5955
42.3137,10971.9309,39.3352,239.996,9.1877,0.000947,0.091078,-3.0783,90.0021,0.21065,4.4357,5.1252,-15.2403,-28.3589,-0.00011292,-1.2423,-0.077617,6.9099e-07,0.05428,0,86.9812,0.1602,0.89794,479.5629,1401.5955
42.3165,10972.2587,39.3355,239.9958,9.1877,0.0010285,0.065426,-3.6775,90.0039,0.17311,4.4357,5.1296,-16.1177,-28.4178,-9.8011e-05,-1.2157,-0.092256,6.9147e-07,0.054291,0,87.1269,0.16031,0.902,479.5617,1401.5776
42.3193,10972.2587,39.3355,239.9958,9.1877,0.0010285,0.065426,-3.6775,90.0039,0.17311,4.4357,5.1296,-16.1177,-28.4178,-9.8011e-05,-1.2157,-0.092256,6.9147e-07,0.054291,0,87.1269,0.16028,0.89177,479.5617,1401.5776
42.3248,10972.2587,39.3355,239.9958,9.1877,0.0010285,0.065426,-3.6775,90.0039,0.17311,4.4357,5.1296,-16.1177,-28.4178,-9.8011e-05,-1.2157,-0.092256,6.9147e-07,0.054291,0,87.1269,0.16023,0.8786,479.5617,1401.5776
42.3248,10972.2587,39.3355,239.9958,9.1877,0.0010285,0.065426,-3.6775,90.0039,0.17311,4.4357,5.1296,-16.1177,-28.4178,-9.8011e-05,-1.2157,-0.092256,6.9147e-07,0.054291,0,87.1269,0.16023,0.8786,479.5617,1401.5776
42.3248,10972.5865,39.3358,239.9958,9.1877,0.0010999,0.03478,-4.2651,90.0053,0.12849,4.4357,5.1423,-16.7838,-28.4708,-6.6614e-05,-0.28303,-0.10348,6.9195e-07,0.054302,0,87.2726,0.16037,0.87708,479.5606,1401.5596
42.3248,10972.5865,39.3358,239.9958,9.1877,0.0010999,0.03478,-4.2651,90.0053,0.12849,4.4357,5.1423,-16.7838,-28.4708,-6.6614e-05,-0.28303,-0.10348,6.9195e-07,0.054302,0,87.2726,0.16037,0.87705,479.5606,1401.5596
42.3249,10972.5865,39.3358,239.9958,9.1877,0.0010999,0.03478,-4.2651,90.0053,0.12849,4.4357,5.1423,-16.7838,-28.4708,-6.6614e-05,-0.28303,-0.10348,6.9195e-07,0.054302,0,87.2726,0.16037,0.877,479.5606,1401.5596
42.3249,10972.5865,39.3358,239.9958,9.1877,0.0010999,0.03478,-4.2651,90.0053,0.12849,4.4357,5.1423,-16.7838,-28.4708,-6.6614e-05,-0.28303,-0.10348,6.9195e-07,0.054302,0,87.2726,0.16037,0.8769,479.5606,1401.5596
42.3251,10972.5865,39.3358,239.9958,9.1877,0.0010999,0.03478,-4.2651,90.0053,0.12849,4.4357,5.1423,-16.7838,-28.4708,-6.6614e-05,-0.28303,-0.10348,6.9195e-07,0.054302,0,87.2726,0.16037,0.8767,479.5606,1401.5596
42.3253,10972.5865,39.3358,239.9958,9.1877,0.0010999,0.03478,-4.2651,90.0053,0.12849,4.4357,5.1423,-16.7838,-28.4708,-6.6614e-05,-0.28303,-0.10348,6.9195e-07,0.054302,0,87.2726,0.16037,0.87631,479.5606,1401.5596
42.3258,10972.5865,39.3358,239.9958,9.1877,0.0010999,0.03478,-4.2651,90.0053,0.12849,4.4357,5.1423,-16.7838,-28.4708,-6.6614e-05,-0.28303,-0.10348,6.9195e-07,0.054302,0,87.2726,0.16036,0.87555,479.5606,1401.5596
42.3268,10972.5865,39.3358,239.9958,9.1877,0.0010999,0.03478,-4.2651,90.0053,0.12849,4.4357,5.1423,-16.7838,-28.4708,-6.6614e-05,-0.28303,-0.10348,6.9195e-07,0.054302,0,87.2726,0.16035,0.87415,479.5606,1401.5596
42.3287,10972.5865,39.3358,239.9958,9.1877,0.0010999,0.03478,-4.2651,90.0053,0.12849,4.4357,5.1423,-16.7838,-28.4708,-6.6614e-05,-0.28303,-0.10348,6.9195e-07,0.054302,0,87.2726,0.16033,0.87173,479.5606,1401.5596
42.3327,10972.5865,39.3358,239.9958,9.1877,0.0010999,0.03478,-4.2651,90.0053,0.12849,4.4357,5.1423,-16.7838,-28.4708,-6.6614e-05,-0.28303,-0.10348,6.9195e-07,0.054302,0,87.2726,0.1603,0.86811,479.5606,1401.5596
42.3327,10972.5865,39.3358,239.9958,9.1877,0.0010999,0.03478,-4.2651,90.0053,0.12849,4.4357,5.1423,-16.7838,-28.4708,-6.6614e-05,-0.28303,-0.10348,6.9195e-07,0.054302,0,87.2726,0.16029,0.86806,479.5606,1401.5596
42.3327,10972.5865,39.3358,239.9958,9.1877,0.0010999,0.03478,-4.2651,90.0053,0.12849,4.4357,5.1423,-16.7838,-28.4708,-6.6614e-05,-0.28303,-0.10348,6.9195e-07,0.054302,0,87.2726,0.16029,0.86806,479.5606,1401.5596
42.3332,10972.9143,39.3362,239.996,9.1877,0.0011461,-0.00076215,-4.4082,90.0064,0.07845,4.4357,5.1623,-9.0162,-30.7975,-1.4384e-05,1.3629,-0.11152,6.9243e-07,0.054312,0,87.4183,0.16042,0.85172,479.5594,1401.5417
42.3336,10972.9143,39.3362,239.996,9.1877,0.0011461,-0.00076215,-4.4082,90.0064,0.07845,4.4357,5.1623,-9.0162,-30.7975,-1.4384e-05,1.3629,-0.11152,6.9243e-07,0.054312,0,87.4183,0.16042,0.85209,479.5594,1401.5417
42.3345,10972.9143,39.3362,239.996,9.1877,0.0011461,-0.00076215,-4.4082,90.0064,0.07845,4.4357,5.1623,-9.0162,-30.7975,-1.4384e-05,1.3629,-0.11152,6.9243e-07,0.054312,0,87.4183,0.16041,0.85278,479.5594,1401.5417
42.3362,10972.9143,39.3362,239.996,9.1877,0.0011461,-0.00076215,-4.4082,90.0064,0.07845,4.4357,5.1623,-9.0162,-30.7975,-1.4384e-05,1.3629,-0.11152,6.9243e-07,0.054312,0,87.4183,0.16039,0.854,479.5594,1401.5417
42.3396,10972.9143,39.3362,239.996,9.1877,0.0011461,-0.00076215,-4.4082,90.0064,0.07845,4.4357,5.1623,-9.0162,-30.7975,-1.4384e-05,1.3629,-0.11152,6.9243e-07,0.054312,0,87.4183,0.16036,0.85588,479.5594,1401.5417
42.3415,10973.2421,39.3367,239.9965,9.1877,0.001154,-0.037497,-3.7661,90.0071,0.024515,4.4357,5.19,5.4175,-34.9258,5.0622e-05,1.5576,-0.11682,6.929e-07,0.054323,0,87.564,0.16045,0.82592,479.5582,1401.5238
42.3422,10973.2421,39.3367,239.9965,9.1877,0.001154,-0.037497,-3.7661,90.0071,0.024515,4.4357,5.19,5.4175,-34.9258,5.0622e-05,1.5576,-0.11682,6.929e-07,0.054323,0,87.564,0.16044,0.82837,479.5582,1401.5238
42.3422,10973.2421,39.3367,239.9965,9.1877,0.001154,-0.037497,-3.7661,90.0071,0.024515,4.4357,5.19,5.4175,-34.9258,5.0622e-05,1.5576,-0.11682,6.929e-07,0.054323,0,87.564,0.16044,0.82837,479.5582,1401.5238
42.3498,10973.5699,39.3372,239.9971,9.1878,0.0011244,-0.068881,-3.0314,90.0073,-0.031984,4.4357,5.2249,6.8534,-35.4275,9.9843e-05,1.5281,-0.11972,6.9338e-07,0.054334,0,87.7098,0.16045,0.79976,479.5571,1401.5058
42.3549,10973.5699,39.3372,239.9971,9.1878,0.0011244,-0.068881,-3.0314,90.0073,-0.031984,4.4357,5.2249,6.8534,-35.4275,9.9843e-05,1.5281,-0.11972,6.9338e-07,0.054334,0,87.7098,0.1604,0.82357,479.5571,1401.5058
42.3549,10973.5699,39.3372,239.9971,9.1878,0.0011244,-0.068881,-3.0314,90.0073,-0.031984,4.4357,5.2249,6.8534,-35.4275,9.9843e-05,1.5281,-0.11972,6.9338e-07,0.054334,0,87.7098,0.1604,0.82357,479.5571,1401.5058
42.3582,10973.8977,39.3378,239.998,9.1878,0.0010642,-0.094142,-2.311,90.007,-0.089888,4.4357,5.2664,6.404,-35.3658,0.00013548,1.4978,-0.11568,6.9386e-07,0.054345,0,87.8141,0.16043,0.77326,479.5559,1401.4879
42.3615,10973.8977,39.3378,239.998,9.1878,0.0010642,-0.094142,-2.311,90.007,-0.089888,4.4357,5.2664,6.404,-35.3658,0.00013548,1.4978,-0.11568,6.9386e-07,0.054345,0,87.8141,0.1604,0.79751,479.5559,1401.4879
42.3665,10974.2255,39.3385,239.999,9.1878,0.00098976,-0.1134,-1.6048,90.0063,-0.14584,4.4356,5.3259,6.381,-35.2997,0.00011213,1.4656,-0.098952,6.9434e-07,0.054356,0,87.4641,0.16042,0.74639,479.5547,1401.47
42.3748,10974.5533,39.3388,239.999,9.1878,0.00090515,-0.12677,-0.91264,90.005,-0.1937,4.4356,5.2168,7.1344,-35.2239,6.0618e-05,1.4327,-0.075037,6.9484e-07,0.054366,0,87.1143,0.16032,0.81,479.5536,1401.452
42.3832,10974.8812,39.3389,239.9984,9.1878,0.00082469,-0.13438,-0.23438,90.0034,-0.22999,4.4357,5.1284,8.3298,-35.1426,-1.0955e-05,1.3998,-0.047888,6.9534e-07,0.054377,0,86.7648,0.1602,0.882,479.5524,1401.4341
42.3915,10975.209,39.3389,239.9972,9.1879,0.00075731,-0.13633,0.43027,90.0015,-0.25315,4.4357,5.0508,9.7274,-35.0583,-1.4328e-05,1.3673,-0.019678,6.9586e-07,0.054388,0,86.7003,0.16004,0.9571,479.5512,1401.4161
42.3998,10975.5368,39.339,239.9965,9.1879,0.00074434,-0.13275,1.0816,89.9994,-0.26267,4.4357,5.1707,11.1954,-34.9768,5.8089e-06,1.3357,0.0077304,6.9638e-07,0.054399,0,86.8458,0.15998,0.94604,479.5501,1401.3982
42.4082,10975.8646,39.3392,239.9961,9.1879,0.00079588,-0.12373,1.72,89.9972,-0.25893,4.4357,5.2889,12.6207,-34.8964,4.2954e-05,1.3052,0.032991,6.9692e-07,0.054409,0,86.9914,0.15999,0.9265,479.5489,1401.3803
42.4165,10976.1925,39.3395,239.9959,9.1879,0.00091041,-0.1094,2.3457,89.9951,-0.24298,4.4357,5.4019,13.9214,-34.8168,4.4755e-05,1.2758,0.055283,6.9747e-07,0.05442,0,87.137,0.16008,0.90311,479.5477,1401.3623
42.4248,10976.5203,39.3398,239.9959,9.1879,0.001055,-0.089853,2.9591,89.993,-0.21624,4.4357,5.508,15.0474,-34.7354,2.4878e-05,1.2477,0.074164,6.9803e-07,0.054431,0,87.2827,0.16022,0.87795,479.5466,1401.3444
42.4276,10976.5203,39.3398,239.9959,9.1879,0.001055,-0.089853,2.9591,89.993,-0.21624,4.4357,5.508,15.0474,-34.7354,2.4878e-05,1.2477,0.074164,6.9803e-07,0.054431,0,87.2827,0.16019,0.8737,479.5466,1401.3444
42.4276,10976.5203,39.3398,239.9959,9.1879,0.001055,-0.089853,2.9591,89.993,-0.21624,4.4357,5.508,15.0474,-34.7354,2.4878e-05,1.2477,0.074164,6.9803e-07,0.054431,0,87.2827,0.16019,0.8737,479.5466,1401.3444
42.4332,10976.8481,39.3402,239.9962,9.1879,0.001199,-0.065194,3.5605,89.9912,-0.18037,4.4357,5.6059,15.9719,-34.6531,-9.903e-06,1.2209,0.089501,6.986e-07,0.054442,0,87.4284,0.16036,0.8519,479.5454,1401.3265
42.4386,10976.8481,39.3402,239.9962,9.1879,0.001199,-0.065194,3.5605,89.9912,-0.18037,4.4357,5.6059,15.9719,-34.6531,-9.903e-06,1.2209,0.089501,6.986e-07,0.054442,0,87.4284,0.16031,0.85546,479.5454,1401.3265
42.4386,10976.8481,39.3402,239.9962,9.1879,0.001199,-0.065194,3.5605,89.9912,-0.18037,4.4357,5.6059,15.9719,-34.6531,-9.903e-06,1.2209,0.089501,6.986e-07,0.054442,0,87.4284,0.16031,0.85546,479.5454,1401.3265
42.4415,10977.1759,39.3406,239.9966,9.188,0.001313,-0.035523,4.1504,89.9897,-0.13709,4.4357,5.6947,16.6864,-34.5703,-3.3822e-05,0.65397,0.10138,6.9917e-07,0.054453,0,87.5742,0.16049,0.82548,479.5442,1401.3085
42.4444,10977.1759,39.3406,239.9966,9.188,0.001313,-0.035523,4.1504,89.9897,-0.13709,4.4357,5.6947,16.6864,-34.5703,-3.3822e-05,0.65397,0.10138,6.9917e-07,0.054453,0,87.5742,0.16047,0.8343,479.5442,1401.3085
42.447,10977.1759,39.3406,239.9966,9.188,0.001313,-0.035523,4.1504,89.9897,-0.13709,4.4357,5.6947,16.6864,-34.5703,-3.3822e-05,0.65397,0.10138,6.9917e-07,0.054453,0,87.5742,0.16044,0.8401,479.5442,1401.3085
42.447,10977.1759,39.3406,239.9966,9.188,0.001313,-0.035523,4.1504,89.9897,-0.13709,4.4357,5.6947,16.6864,-34.5703,-3.3822e-05,0.65397,0.10138,6.9917e-07,0.054453,0,87.5742,0.16044,0.8401,479.5442,1401.3085
42.4498,10977.5038,39.3411,239.9973,9.188,0.0013794,-0.00093658,4.4704,89.9886,-0.088055,4.4357,5.7734,12.2828,-33.1415,-3.3531e-05,-0.99119,0.11004,6.9975e-07,0.054463,0,87.7199,0.16059,0.79931,479.5431,1401.2906
42.4527,10977.5038,39.3411,239.9973,9.188,0.0013794,-0.00093658,4.4704,89.9886,-0.088055,4.4357,5.7734,12.2828,-33.1415,-3.3531e-05,-0.99119,0.11004,6.9975e-07,0.054463,0,87.7199,0.16057,0.81445,479.5431,1401.2906
42.4582,10977.8316,39.3417,239.9981,9.188,0.0013866,0.036317,4.0057,89.9878,-0.034838,4.4357,5.8438,-2.1134,-29.0356,-2.2416e-06,-1.5672,0.11587,7.0033e-07,0.054474,0,87.7839,0.16065,0.77293,479.5419,1401.2726
42.4665,10978.1595,39.3424,239.9992,9.188,0.0013382,0.069698,3.2664,89.9876,0.021202,4.4357,5.9071,-6.9834,-27.6095,-1.3369e-05,-1.5376,0.11923,7.0091e-07,0.054485,0,87.4339,0.16066,0.74629,479.5407,1401.2547
42.4705,10978.1595,39.3424,239.9992,9.188,0.0013382,0.069698,3.2664,89.9876,0.021202,4.4357,5.9071,-6.9834,-27.6095,-1.3369e-05,-1.5376,0.11923,7.0091e-07,0.054485,0,87.4339,0.16062,0.78316,479.5407,1401.2547
42.4705,10978.1595,39.3424,239.9992,9.188,0.0013382,0.069698,3.2664,89.9876,0.021202,4.4357,5.9071,-6.9834,-27.6095,-1.3369e-05,-1.5376,0.11923,7.0091e-07,0.054485,0,87.4339,0.16062,0.78316,479.5407,1401.2547
42.4748,10978.4873,39.3428,239.9992,9.1881,0.0012256,0.096917,2.5415,89.9877,0.078867,4.4357,5.7636,-6.5112,-27.6926,-3.7825e-05,-1.5075,0.11757,7.0149e-07,0.054496,0,87.0842,0.16054,0.81022,479.5396,1401.2368
42.4792,10978.4873,39.3428,239.9992,9.1881,0.0012256,0.096917,2.5415,89.9877,0.078867,4.4357,5.7636,-6.5112,-27.6926,-3.7825e-05,-1.5075,0.11757,7.0149e-07,0.054496,0,87.0842,0.1605,0.82748,479.5396,1401.2368
42.4832,10978.8152,39.3429,239.9986,9.1881,0.0010631,0.1181,1.8307,89.9884,0.13573,4.4357,5.6102,-6.3465,-27.7742,-6.8364e-05,-1.4758,0.10407,7.0206e-07,0.054507,0,86.7347,0.16033,0.88244,479.5384,1401.2188
42.4915,10979.143,39.3428,239.9973,9.1881,0.0008791,0.13335,1.1342,89.9895,0.18606,4.4357,5.4298,-6.9051,-27.8581,-1.8735e-05,-1.4429,0.081609,7.0262e-07,0.054517,0,86.7151,0.16007,0.95776,479.5372,1401.2009
42.4998,10979.4709,39.343,239.9967,9.1881,0.00074274,0.1428,0.45153,89.9911,0.22553,4.4357,5.4218,-8.0117,-27.9477,6.2337e-05,-1.4099,0.055112,7.0317e-07,0.054528,0,86.8606,0.15988,0.94688,479.5361,1401.183
42.5082,10979.7988,39.3432,239.9963,9.1881,0.00069056,0.14657,-0.21739,89.993,0.25219,4.4358,5.4041,-9.3681,-28.0375,0.00015825,-1.3773,0.027026,7.0371e-07,0.054539,0,87.0062,0.15979,0.92748,479.5349,1401.165
42.5165,10980.1266,39.3434,239.9961,9.1881,0.00074139,0.14475,-0.87292,89.9951,0.26526,4.4358,5.383,-10.8256,-28.1251,0.00020465,-1.3454,-0.00072199,7.0423e-07,0.05455,0,87.1518,0.15982,0.90417,479.5337,1401.1471
42.5248,10980.4545,39.3437,239.9961,9.1882,0.00087318,0.13748,-1.5154,89.9973,0.26491,4.4358,5.3635,-12.2673,-28.2058,0.00020511,-1.3145,-0.026631,7.0475e-07,0.054561,0,87.2975,0.15994,0.87906,479.5325,1401.1291
42.5332,10980.7823,39.3441,239.9963,9.1882,0.0010565,0.12485,-2.1451,89.9995,0.25204,4.4358,5.3494,-13.602,-28.2788,0.00015785,-1.2848,-0.049752,7.0525e-07,0.054571,0,87.4432,0.16012,0.85305,479.5314,1401.1112
42.5415,10981.1102,39.3446,239.9967,9.1882,0.0012538,0.10698,-2.7624,90.0016,0.22797,4.4358,5.3428,-14.7721,-28.3434,7.9511e-05,-1.2564,-0.069551,7.0574e-07,0.054582,0,87.5889,0.16034,0.82653,479.5302,1401.0933
42.5498,10981.4381,39.3451,239.9974,9.1882,0.0014308,0.083957,-3.3676,90.0035,0.19434,4.4358,5.3449,-15.745,-28.4003,-1.112e-05,-1.2292,-0.085821,7.0622e-07,0.054593,0,87.7347,0.16054,0.79969,479.529,1401.0753
42.5519,10981.4381,39.3451,239.9974,9.1882,0.0014308,0.083957,-3.3676,90.0035,0.19434,4.4358,5.3449,-15.745,-28.4003,-1.112e-05,-1.2292,-0.085821,7.0622e-07,0.054593,0,87.7347,0.16052,0.81075,479.529,1401.0753
42.5519,10981.4381,39.3451,239.9974,9.1882,0.0014308,0.083957,-3.3676,90.0035,0.19434,4.4358,5.3449,-15.745,-28.4003,-1.112e-05,-1.2292,-0.085821,7.0622e-07,0.054593,0,87.7347,0.16052,0.81075,479.529,1401.0753
42.5582,10981.766,39.3457,239.9982,9.1882,0.0015595,0.055894,-3.9611,90.0051,0.15283,4.4358,5.3559,-16.508,-28.4505,-8.3158e-05,-1.0501,-0.098598,7.0669e-07,0.054604,0,87.8573,0.16072,0.7726,479.5279,1401.0574
42.561,10981.766,39.3457,239.9982,9.1882,0.0015595,0.055894,-3.9611,90.0051,0.15283,4.4358,5.3559,-16.508,-28.4505,-8.3158e-05,-1.0501,-0.098598,7.0669e-07,0.054604,0,87.8573,0.16069,0.79436,479.5279,1401.0574
42.561,10981.766,39.3457,239.9982,9.1882,0.0015595,0.055894,-3.9611,90.0051,0.15283,4.4358,5.3559,-16.508,-28.4505,-8.3158e-05,-1.0501,-0.098598,7.0669e-07,0.054604,0,87.8573,0.16069,0.79436,479.5279,1401.0574
42.5665,10982.0938,39.3463,239.9993,9.1883,0.0016255,0.022884,-4.4701,90.0064,0.10515,4.4358,5.3741,-15.6739,-28.8805,-0.00016791,0.52947,-0.1081,7.0715e-07,0.054615,0,87.5073,0.16085,0.74585,479.5267,1401.0395
42.5719,10982.0938,39.3463,239.9993,9.1883,0.0016255,0.022884,-4.4701,90.0064,0.10515,4.4358,5.3741,-15.6739,-28.8805,-0.00016791,0.52947,-0.1081,7.0715e-07,0.054615,0,87.5073,0.16079,0.79338,479.5267,1401.0395
42.5748,10982.4217,39.3467,239.9993,9.1883,0.0015999,-0.014367,-4.2257,90.0072,0.052868,4.4358,5.1989,-1.931,-32.8266,-0.00021277,1.5759,-0.11463,7.0761e-07,0.054625,0,87.1576,0.16082,0.80982,479.5255,1401.0215
42.5832,10982.7496,39.3468,239.9987,9.1883,0.001483,-0.049581,-3.4821,90.0077,-0.0025692,4.4358,5.0328,7.1566,-35.4522,-0.00023923,1.5463,-0.1186,7.0807e-07,0.054636,0,86.8081,0.16066,0.88226,479.5244,1401.0036
42.5859,10982.7496,39.3468,239.9987,9.1883,0.001483,-0.049581,-3.4821,90.0077,-0.0025692,4.4358,5.0328,7.1566,-35.4522,-0.00023923,1.5463,-0.1186,7.0807e-07,0.054636,0,86.8081,0.16063,0.87681,479.5244,1401.0036
42.5859,10982.7496,39.3468,239.9987,9.1883,0.001483,-0.049581,-3.4821,90.0077,-0.0025692,4.4358,5.0328,7.1566,-35.4522,-0.00023923,1.5463,-0.1186,7.0807e-07,0.054636,0,86.8081,0.16063,0.87681,479.5244,1401.0036
42.5915,10983.0775,39.3468,239.9974,9.1883,0.0012898,-0.078598,-2.753,90.0077,-0.059929,4.4358,4.8753,6.6392,-35.3867,-0.00017033,1.5166,-0.11958,7.0853e-07,0.054647,0,86.6872,0.16038,0.95784,479.5232,1400.9857
42.5971,10983.0775,39.3468,239.9974,9.1883,0.0012898,-0.078598,-2.753,90.0077,-0.059929,4.4358,4.8753,6.6392,-35.3867,-0.00017033,1.5166,-0.11958,7.0853e-07,0.054647,0,86.6872,0.16033,0.91565,479.5232,1400.9857
42.5992,10983.0775,39.3468,239.9974,9.1883,0.0012898,-0.078598,-2.753,90.0077,-0.059929,4.4358,4.8753,6.6392,-35.3867,-0.00017033,1.5166,-0.11958,7.0853e-07,0.054647,0,86.6872,0.16031,0.90539,479.5232,1400.9857
42.5992,10983.0775,39.3468,239.9974,9.1883,0.0012898,-0.078598,-2.753,90.0077,-0.059929,4.4358,4.8753,6.6392,-35.3867,-0.00017033,1.5166,-0.11958,7.0853e-07,0.054647,0,86.6872,0.16031,0.90539,479.5232,1400.9857
42.5998,10983.4054,39.3469,239.9968,9.1884,0.0010836,-0.10154,-2.0381,90.0072,-0.11776,4.4358,4.9199,6.3082,-35.3245,-5.3513e-05,1.4854,-0.10993,7.09e-07,0.054658,0,86.8327,0.16013,0.94724,479.522,1400.9677
42.6005,10983.4054,39.3469,239.9968,9.1884,0.0010836,-0.10154,-2.0381,90.0072,-0.11776,4.4358,4.9199,6.3082,-35.3245,-5.3513e-05,1.4854,-0.10993,7.09e-07,0.054658,0,86.8327,0.16013,0.94164,479.522,1400.9677
42.6018,10983.4054,39.3469,239.9968,9.1884,0.0010836,-0.10154,-2.0381,90.0072,-0.11776,4.4358,4.9199,6.3082,-35.3245,-5.3513e-05,1.4854,-0.10993,7.09e-07,0.054658,0,86.8327,0.16011,0.9315,479.522,1400.9677
42.6045,10983.4054,39.3469,239.9968,9.1884,0.0010836,-0.10154,-2.0381,90.0072,-0.11776,4.4358,4.9199,6.3082,-35.3245,-5.3513e-05,1.4854,-0.10993,7.09e-07,0.054658,0,86.8327,0.16009,0.91485,479.522,1400.9677
42.6082,10983.7333,39.3471,239.9964,9.1884,0.00091502,-0.11852,-1.3374,90.0062,-0.17093,4.4358,4.9914,6.6281,-35.2599,9.2402e-05,1.4526,-0.089246,7.0947e-07,0.054669,0,86.9783,0.15993,0.9281,479.5209,1400.9498
42.6165,10984.0612,39.3474,239.9961,9.1884,0.00082988,-0.12967,-0.65071,90.0048,-0.21409,4.4358,5.0909,7.6234,-35.1915,0.00020038,1.4196,-0.063542,7.0995e-07,0.054679,0,87.1239,0.15982,0.90503,479.5197,1400.9318
42.6248,10984.3891,39.3477,239.9961,9.1884,0.00083402,-0.13509,0.0222,90.003,-0.24483,4.4358,5.2039,8.9297,-35.1185,0.00026587,1.3869,-0.035629,7.1045e-07,0.05469,0,87.2696,0.15982,0.88008,479.5185,1400.9139
42.6332,10984.717,39.3481,239.9963,9.1884,0.00092169,-0.13491,0.68162,90.0009,-0.26206,4.4358,5.3233,10.3762,-35.0418,0.00027495,1.3547,-0.0075233,7.1095e-07,0.054701,0,87.4152,0.15991,0.85417,479.5174,1400.896
42.6415,10985.0449,39.3485,239.9968,9.1885,0.0010705,-0.12923,1.3279,89.9987,-0.2657,4.4358,5.4442,11.8404,-34.9611,0.00023322,1.3235,0.019114,7.1146e-07,0.054712,0,87.561,0.16007,0.82771,479.5162,1400.878
42.6498,10985.3728,39.3491,239.9974,9.1885,0.0012513,-0.11816,1.9613,89.9965,-0.25645,4.4358,5.5621,13.2213,-34.8775,0.00015124,1.2935,0.043183,7.1199e-07,0.054722,0,87.7067,0.16028,0.8009,479.515,1400.8601
42.6582,10985.7007,39.3496,239.9983,9.1885,0.0014324,-0.10182,2.5822,89.9944,-0.23557,4.4358,5.6742,14.4519,-34.7917,4.6306e-05,1.2646,0.06404,7.1253e-07,0.054733,0,87.8525,0.16051,0.77381,479.5139,1400.8422
42.6665,10986.0286,39.3503,239.9993,9.1885,0.0015847,-0.080298,3.191,89.9924,-0.2046,4.4358,5.7786,15.4932,-34.7049,-0.00010612,1.2371,0.08139,7.1307e-07,0.054744,0,87.5026,0.16072,0.74648,479.5127,1400.8242
42.674,10986.0286,39.3503,239.9993,9.1885,0.0015847,-0.080298,3.191,89.9924,-0.2046,4.4358,5.7786,15.4932,-34.7049,-0.00010612,1.2371,0.08139,7.1307e-07,0.054744,0,87.5026,0.16065,0.80589,479.5127,1400.8242
42.674,10986.0286,39.3503,239.9993,9.1885,0.0015847,-0.080298,3.191,89.9924,-0.2046,4.4358,5.7786,15.4932,-34.7049,-0.00010612,1.2371,0.08139,7.1307e-07,0.054744,0,87.5026,0.16065,0.80589,479.5127,1400.8242
42.6748,10986.3565,39.3506,239.9994,9.1885,0.0016642,-0.053707,3.7879,89.9907,-0.16524,4.4358,5.6733,16.3269,-34.6154,-0.00024723,1.1756,0.095205,7.1363e-07,0.054755,0,87.1528,0.16079,0.80971,479.5115,1400.8063
42.6751,10986.3565,39.3506,239.9994,9.1885,0.0016642,-0.053707,3.7879,89.9907,-0.16524,4.4358,5.6733,16.3269,-34.6154,-0.00024723,1.1756,0.095205,7.1363e-07,0.054755,0,87.1528,0.16079,0.81109,479.5115,1400.8063
42.6751,10986.3565,39.3506,239.9994,9.1885,0.0016642,-0.053707,3.7879,89.9907,-0.16524,4.4358,5.6733,16.3269,-34.6154,-0.00024723,1.1756,0.095205,7.1363e-07,0.054755,0,87.1528,0.16079,0.81109,479.5115,1400.8063
42.6759,10986.3565,39.3506,239.9994,9.1885,0.0016642,-0.053707,3.7879,89.9907,-0.16524,4.4358,5.6733,16.3269,-34.6154,-0.00024723,1.1756,0.095205,7.1363e-07,0.054755,0,87.1528,0.16078,0.81485,479.5115,1400.8063
42.6768,10986.3565,39.3506,239.9994,9.1885,0.0016642,-0.053707,3.7879,89.9907,-0.16524,4.4358,5.6733,16.3269,-34.6154,-0.00024723,1.1756,0.095205,7.1363e-07,0.054755,0,87.1528,0.16078,0.81833,479.5115,1400.8063
42.6784,10986.3565,39.3506,239.9994,9.1885,0.0016642,-0.053707,3.7879,89.9907,-0.16524,4.4358,5.6733,16.3269,-34.6154,-0.00024723,1.1756,0.095205,7.1363e-07,0.054755,0,87.1528,0.16076,0.82447,479.5115,1400.8063
42.6817,10986.3565,39.3506,239.9994,9.1885,0.0016642,-0.053707,3.7879,89.9907,-0.16524,4.4358,5.6733,16.3269,-34.6154,-0.00024723,1.1756,0.095205,7.1363e-07,0.054755,0,87.1528,0.16073,0.83411,479.5115,1400.8063
42.6832,10986.6844,39.3508,239.9987,9.1886,0.0016536,-0.022142,4.3565,89.9894,-0.11919,4.4358,5.5601,16.6318,-34.439,-0.00035172,0.002674,0.10566,7.1419e-07,0.054766,0,86.8034,0.16074,0.8818,479.5104,1400.7884
42.6906,10986.6844,39.3508,239.9987,9.1886,0.0016536,-0.022142,4.3565,89.9894,-0.11919,4.4358,5.5601,16.6318,-34.439,-0.00035172,0.002674,0.10566,7.1419e-07,0.054766,0,86.8034,0.16067,0.86994,479.5104,1400.7884
42.6915,10987.0124,39.3507,239.9975,9.1886,0.0015477,0.014163,4.366,89.9884,-0.068095,4.4359,5.4393,6.637,-31.4968,-0.00031052,-1.5813,0.11304,7.1476e-07,0.054776,0,86.6799,0.16055,0.9574,479.5092,1400.7704
42.6958,10987.0124,39.3507,239.9975,9.1886,0.0015477,0.014163,4.366,89.9884,-0.068095,4.4359,5.4393,6.637,-31.4968,-0.00031052,-1.5813,0.11304,7.1476e-07,0.054776,0,86.6799,0.16052,0.92337,479.5092,1400.7704
42.6998,10987.3403,39.3509,239.9968,9.1886,0.0013946,0.050546,3.6197,89.9878,-0.013423,4.4359,5.5045,-7.2841,-27.5517,-0.0001888,-1.5517,0.11773,7.1532e-07,0.054787,0,86.8254,0.16036,0.94698,479.508,1400.7525
42.7013,10987.3403,39.3509,239.9968,9.1886,0.0013946,0.050546,3.6197,89.9878,-0.013423,4.4359,5.5045,-7.2841,-27.5517,-0.0001888,-1.5517,0.11773,7.1532e-07,0.054787,0,86.8254,0.16035,0.93545,479.508,1400.7525
42.7013,10987.3403,39.3509,239.9968,9.1886,0.0013946,0.050546,3.6197,89.9878,-0.013423,4.4359,5.5045,-7.2841,-27.5517,-0.0001888,-1.5517,0.11773,7.1532e-07,0.054787,0,86.8254,0.16035,0.93545,479.508,1400.7525
42.7082,10987.6682,39.3511,239.9964,9.1886,0.0012322,0.08071,2.8879,89.9877,0.043517,4.4359,5.5627,-6.7299,-27.6429,-2.5961e-05,-1.5222,0.11995,7.1588e-07,0.054798,0,86.9709,0.16017,0.9281,479.5069,1400.7345
42.7141,10987.6682,39.3511,239.9964,9.1886,0.0012322,0.08071,2.8879,89.9877,0.043517,4.4359,5.5627,-6.7299,-27.6429,-2.5961e-05,-1.5222,0.11995,7.1588e-07,0.054798,0,86.9709,0.16011,0.89796,479.5069,1400.7345
42.7141,10987.6682,39.3511,239.9964,9.1886,0.0012322,0.08071,2.8879,89.9877,0.043517,4.4359,5.5627,-6.7299,-27.6429,-2.5961e-05,-1.5222,0.11995,7.1588e-07,0.054798,0,86.9709,0.16011,0.89796,479.5069,1400.7345
42.7165,10987.9961,39.3514,239.9962,9.1887,0.001097,0.10478,2.1704,89.988,0.10153,4.4359,5.615,-6.3286,-27.7346,0.00011434,-1.4916,0.11391,7.1644e-07,0.054809,0,87.1165,0.16001,0.9053,479.5057,1400.7166
42.7189,10987.9961,39.3514,239.9962,9.1887,0.001097,0.10478,2.1704,89.988,0.10153,4.4359,5.615,-6.3286,-27.7346,0.00011434,-1.4916,0.11391,7.1644e-07,0.054809,0,87.1165,0.15999,0.89563,479.5057,1400.7166
42.7238,10987.9961,39.3514,239.9962,9.1887,0.001097,0.10478,2.1704,89.988,0.10153,4.4359,5.615,-6.3286,-27.7346,0.00011434,-1.4916,0.11391,7.1644e-07,0.054809,0,87.1165,0.15994,0.88212,479.5057,1400.7166
42.7248,10988.3241,39.3517,239.9962,9.1887,0.0010034,0.12286,1.467,89.9889,0.15662,4.4359,5.6475,-6.4319,-27.826,0.00022516,-1.4591,0.094968,7.1699e-07,0.05482,0,87.2622,0.15991,0.88061,479.5045,1400.6987
42.73,10988.3241,39.3517,239.9962,9.1887,0.0010034,0.12286,1.467,89.9889,0.15662,4.4359,5.6475,-6.4319,-27.826,0.00022516,-1.4591,0.094968,7.1699e-07,0.05482,0,87.2622,0.15986,0.87255,479.5045,1400.6987
42.7332,10988.652,39.3521,239.9964,9.1887,0.00097097,0.13509,0.77773,89.9902,0.20255,4.4359,5.6485,-7.323,-27.919,0.00029036,-1.4261,0.070058,7.1753e-07,0.05483,0,87.4078,0.15988,0.85493,479.5033,1400.6807
42.7415,10988.9799,39.3525,239.9968,9.1887,0.0010043,0.14157,0.10224,89.9919,0.23644,4.4359,5.6357,-8.5809,-28.0091,0.00030944,-1.3932,0.042453,7.1806e-07,0.054841,0,87.5536,0.15993,0.82865,479.5022,1400.6628
42.7498,10989.3079,39.353,239.9974,9.1887,0.0010982,0.14242,-0.5597,89.9939,0.25697,4.4359,5.617,-10.007,-28.0943,0.00028097,-1.3609,0.014179,7.1858e-07,0.054852,0,87.6993,0.16006,0.80195,479.501,1400.6449
42.7582,10989.6358,39.3536,239.9983,9.1888,0.0012368,0.13776,-1.2084,89.996,0.26383,4.4359,5.5976,-11.4784,-28.1732,0.00021133,-1.3295,-0.012951,7.1908e-07,0.054863,0,87.8451,0.16024,0.77494,479.4998,1400.6269
42.7665,10989.9638,39.3543,239.9993,9.1888,0.0013972,0.12769,-1.8442,89.9982,0.25757,4.4359,5.5817,-12.8852,-28.2451,6.7468e-05,-1.2992,-0.037718,7.1958e-07,0.054874,0,87.4951,0.16046,0.74765,479.4987,1400.609
42.7748,10990.2917,39.3546,239.9993,9.1888,0.0015329,0.11232,-2.4674,90.0003,0.23933,4.4359,5.3713,-14.1531,-28.3072,-0.00010261,-1.2701,-0.059385,7.2006e-07,0.054884,0,87.1454,0.16059,0.81088,479.4975,1400.5911
42.7832,10990.6197,39.3548,239.9987,9.1888,0.0016141,0.091756,-3.0785,90.0023,0.21061,4.4359,5.171,-15.2372,-28.3617,-0.0002724,-1.2422,-0.077582,7.2053e-07,0.054895,0,86.796,0.16062,0.88258,479.4963,1400.5731
42.7886,10990.6197,39.3548,239.9987,9.1888,0.0016141,0.091756,-3.0785,90.0023,0.21061,4.4359,5.171,-15.2372,-28.3617,-0.0002724,-1.2422,-0.077582,7.2053e-07,0.054895,0,86.796,0.16057,0.87276,479.4963,1400.5731
42.7886,10990.6197,39.3548,239.9987,9.1888,0.0016141,0.091756,-3.0785,90.0023,0.21061,4.4359,5.171,-15.2372,-28.3617,-0.0002724,-1.2422,-0.077582,7.2053e-07,0.054895,0,86.796,0.16057,0.87276,479.4963,1400.5731
42.7915,10990.9476,39.3547,239.9975,9.1889,0.0016199,0.066102,-3.6776,90.0041,0.17309,4.4359,4.9813,-16.115,-28.41,-0.00032902,-1.2156,-0.092224,7.2099e-07,0.054906,0,86.7615,0.16055,0.95747,479.4952,1400.5552
42.7943,10990.9476,39.3547,239.9975,9.1889,0.0016199,0.066102,-3.6776,90.0041,0.17309,4.4359,4.9813,-16.115,-28.41,-0.00032902,-1.2156,-0.092224,7.2099e-07,0.054906,0,86.7615,0.16052,0.93331,479.4952,1400.5552
42.7998,10990.9476,39.3547,239.9975,9.1889,0.0016199,0.066102,-3.6776,90.0041,0.17309,4.4359,4.9813,-16.115,-28.41,-0.00032902,-1.2156,-0.092224,7.2099e-07,0.054906,0,86.7615,0.16047,0.90245,479.4952,1400.5552
42.7998,10990.9476,39.3547,239.9975,9.1889,0.0016199,0.066102,-3.6776,90.0041,0.17309,4.4359,4.9813,-16.115,-28.41,-0.00032902,-1.2156,-0.092224,7.2099e-07,0.054906,0,86.7615,0.16047,0.90245,479.4952,1400.5552
42.7998,10991.2756,39.3549,239.9968,9.1889,0.0015815,0.035456,-4.2651,90.0055,0.12848,4.4359,4.9938,-16.7812,-28.4588,-0.00029906,-0.28537,-0.10345,7.2145e-07,0.054917,0,86.907,0.16047,0.94658,479.494,1400.5372
42.7999,10991.2756,39.3549,239.9968,9.1889,0.0015815,0.035456,-4.2651,90.0055,0.12848,4.4359,4.9938,-16.7812,-28.4588,-0.00029906,-0.28537,-0.10345,7.2145e-07,0.054917,0,86.907,0.16047,0.94635,479.494,1400.5372
42.7999,10991.2756,39.3549,239.9968,9.1889,0.0015815,0.035456,-4.2651,90.0055,0.12848,4.4359,4.9938,-16.7812,-28.4588,-0.00029906,-0.28537,-0.10345,7.2145e-07,0.054917,0,86.907,0.16047,0.9459,479.494,1400.5372
42.8,10991.2756,39.3549,239.9968,9.1889,0.0015815,0.035456,-4.2651,90.0055,0.12848,4.4359,4.9938,-16.7812,-28.4588,-0.00029906,-0.28537,-0.10345,7.2145e-07,0.054917,0,86.907,0.16047,0.94501,479.494,1400.5372
42.8002,10991.2756,39.3549,239.9968,9.1889,0.0015815,0.035456,-4.2651,90.0055,0.12848,4.4359,4.9938,-16.7812,-28.4588,-0.00029906,-0.28537,-0.10345,7.2145e-07,0.054917,0,86.907,0.16047,0.94326,479.494,1400.5372
42.8006,10991.2756,39.3549,239.9968,9.1889,0.0015815,0.035456,-4.2651,90.0055,0.12848,4.4359,4.9938,-16.7812,-28.4588,-0.00029906,-0.28537,-0.10345,7.2145e-07,0.054917,0,86.907,0.16046,0.93985,479.494,1400.5372
42.8015,10991.2756,39.3549,239.9968,9.1889,0.0015815,0.035456,-4.2651,90.0055,0.12848,4.4359,4.9938,-16.7812,-28.4588,-0.00029906,-0.28537,-0.10345,7.2145e-07,0.054917,0,86.907,0.16045,0.93346,479.494,1400.5372
42.8032,10991.2756,39.3549,239.9968,9.1889,0.0015815,0.035456,-4.2651,90.0055,0.12848,4.4359,4.9938,-16.7812,-28.4588,-0.00029906,-0.28537,-0.10345,7.2145e-07,0.054917,0,86.907,0.16044,0.92218,479.494,1400.5372
42.8065,10991.2756,39.3549,239.9968,9.1889,0.0015815,0.035456,-4.2651,90.0055,0.12848,4.4359,4.9938,-16.7812,-28.4588,-0.00029906,-0.28537,-0.10345,7.2145e-07,0.054917,0,86.907,0.16041,0.90457,479.494,1400.5372
42.8077,10991.2756,39.3549,239.9968,9.1889,0.0015815,0.035456,-4.2651,90.0055,0.12848,4.4359,4.9938,-16.7812,-28.4588,-0.00029906,-0.28537,-0.10345,7.2145e-07,0.054917,0,86.907,0.1604,0.89951,479.494,1400.5372
42.8077,10991.2756,39.3549,239.9968,9.1889,0.0015815,0.035456,-4.2651,90.0055,0.12848,4.4359,4.9938,-16.7812,-28.4588,-0.00029906,-0.28537,-0.10345,7.2145e-07,0.054917,0,86.907,0.1604,0.89951,479.494,1400.5372
42.8082,10991.6035,39.3551,239.9964,9.1889,0.0015173,-8.662e-05,-4.4094,90.0066,0.078455,4.4359,5.013,-9.0356,-30.7793,-0.00017905,1.3603,-0.1115,7.219e-07,0.054928,0,87.0526,0.16038,0.92771,479.4928,1400.5193
42.8086,10991.6035,39.3551,239.9964,9.1889,0.0015173,-8.662e-05,-4.4094,90.0066,0.078455,4.4359,5.013,-9.0356,-30.7793,-0.00017905,1.3603,-0.1115,7.219e-07,0.054928,0,87.0526,0.16037,0.92476,479.4928,1400.5193
42.8095,10991.6035,39.3551,239.9964,9.1889,0.0015173,-8.662e-05,-4.4094,90.0066,0.078455,4.4359,5.013,-9.0356,-30.7793,-0.00017905,1.3603,-0.1115,7.219e-07,0.054928,0,87.0526,0.16036,0.91925,479.4928,1400.5193
42.8113,10991.6035,39.3551,239.9964,9.1889,0.0015173,-8.662e-05,-4.4094,90.0066,0.078455,4.4359,5.013,-9.0356,-30.7793,-0.00017905,1.3603,-0.1115,7.219e-07,0.054928,0,87.0526,0.16035,0.9096,479.4928,1400.5193
42.8149,10991.6035,39.3551,239.9964,9.1889,0.0015173,-8.662e-05,-4.4094,90.0066,0.078455,4.4359,5.013,-9.0356,-30.7793,-0.00017905,1.3603,-0.1115,7.219e-07,0.054928,0,87.0526,0.16031,0.89479,479.4928,1400.5193
42.8165,10991.9315,39.3553,239.9962,9.1889,0.0014472,-0.036831,-3.7685,90.0073,0.024532,4.436,5.0395,5.3954,-34.9106,-4.2721e-05,1.5576,-0.1168,7.2235e-07,0.054938,0,87.1982,0.16029,0.90508,479.4917,1400.5014
42.8172,10991.9315,39.3553,239.9962,9.1889,0.0014472,-0.036831,-3.7685,90.0073,0.024532,4.436,5.0395,5.3954,-34.9106,-4.2721e-05,1.5576,-0.1168,7.2235e-07,0.054938,0,87.1982,0.16028,0.90192,479.4917,1400.5014
42.8172,10991.9315,39.3553,239.9962,9.1889,0.0014472,-0.036831,-3.7685,90.0073,0.024532,4.436,5.0395,5.3954,-34.9106,-4.2721e-05,1.5576,-0.1168,7.2235e-07,0.054938,0,87.1982,0.16028,0.90192,479.4917,1400.5014
42.8248,10992.2595,39.3557,239.9962,9.1889,0.0013737,-0.068235,-3.0338,90.0075,-0.031957,4.436,5.0731,6.8539,-35.4224,7.8088e-05,1.528,-0.11971,7.228e-07,0.054949,0,87.3438,0.16021,0.88065,479.4905,1400.4834
42.8299,10992.2595,39.3557,239.9962,9.1889,0.0013737,-0.068235,-3.0338,90.0075,-0.031957,4.436,5.0731,6.8539,-35.4224,7.8088e-05,1.528,-0.11971,7.228e-07,0.054949,0,87.3438,0.16016,0.87274,479.4905,1400.4834
42.8299,10992.2595,39.3557,239.9962,9.1889,0.0013737,-0.068235,-3.0338,90.0075,-0.031957,4.436,5.0731,6.8539,-35.4224,7.8088e-05,1.528,-0.11971,7.228e-07,0.054949,0,87.3438,0.16016,0.87274,479.4905,1400.4834
42.8332,10992.5874,39.3561,239.9964,9.189,0.0013038,-0.093517,-2.3135,90.0072,-0.089853,4.4359,5.1133,6.4043,-35.3645,0.00016951,1.4977,-0.11568,7.2325e-07,0.05496,0,87.4895,0.16015,0.85524,479.4893,1400.4655
42.8365,10992.5874,39.3561,239.9964,9.189,0.0013038,-0.093517,-2.3135,90.0072,-0.089853,4.4359,5.1133,6.4043,-35.3645,0.00016951,1.4977,-0.11568,7.2325e-07,0.05496,0,87.4895,0.16012,0.85673,479.4893,1400.4655
42.8415,10992.9154,39.3565,239.9968,9.189,0.0012461,-0.1128,-1.6073,90.0064,-0.1458,4.4359,5.1716,6.3803,-35.3013,0.00022889,1.4656,-0.098977,7.2371e-07,0.054971,0,87.6352,0.16011,0.82923,479.4882,1400.4476
42.8498,10993.2434,39.357,239.9974,9.189,0.0012177,-0.12619,-0.91521,90.0052,-0.19367,4.4359,5.2626,7.1322,-35.2303,0.0002535,1.4326,-0.075076,7.2418e-07,0.054982,0,87.7809,0.16011,0.80277,479.487,1400.4296
42.8582,10993.5713,39.3576,239.9983,9.189,0.0012295,-0.13382,-0.23698,90.0036,-0.22999,4.4359,5.3724,8.327,-35.1538,0.00024487,1.3998,-0.047936,7.2466e-07,0.054992,0,87.9267,0.16017,0.77594,479.4858,1400.4117
42.8665,10993.8993,39.3583,239.9993,9.1891,0.0012844,-0.13579,0.42766,90.0017,-0.25317,4.4359,5.4912,9.7243,-35.0737,0.00015911,1.3674,-0.019729,7.2515e-07,0.055003,0,87.5768,0.16029,0.74878,479.4847,1400.3938
42.8748,10994.2273,39.3586,239.9993,9.1891,0.0013542,-0.13223,1.079,89.9996,-0.26271,4.4359,5.4125,11.1924,-34.988,3.2918e-05,1.3357,0.0076812,7.2565e-07,0.055014,0,87.2271,0.16035,0.81206,479.4835,1400.3758
42.8832,10994.5553,39.3588,239.9987,9.1891,0.0014185,-0.12324,1.7174,89.9974,-0.259,4.4359,5.3345,12.6179,-34.8992,-0.00011667,1.3052,0.032946,7.2616e-07,0.055025,0,86.8777,0.16037,0.88377,479.4823,1400.3579
42.8915,10994.8833,39.3587,239.9974,9.1891,0.0014565,-0.10893,2.3431,89.9952,-0.24307,4.436,5.2536,13.9189,-34.809,-0.00018673,1.2758,0.05524,7.2668e-07,0.055036,0,86.8442,0.16033,0.95866,479.4811,1400.34
42.8998,10995.2113,39.3588,239.9968,9.1891,0.0014903,-0.089399,2.9565,89.9932,-0.21635,4.436,5.3594,15.0451,-34.7235,-0.00020806,1.2477,0.074126,7.2721e-07,0.055046,0,86.9897,0.16032,0.94755,479.48,1400.322
42.9026,10995.2113,39.3588,239.9968,9.1891,0.0014903,-0.089399,2.9565,89.9932,-0.21635,4.436,5.3594,15.0451,-34.7235,-0.00020806,1.2477,0.074126,7.2721e-07,0.055046,0,86.9897,0.16029,0.92643,479.48,1400.322
42.9026,10995.2113,39.3588,239.9968,9.1891,0.0014903,-0.089399,2.9565,89.9932,-0.21635,4.436,5.3594,15.0451,-34.7235,-0.00020806,1.2477,0.074126,7.2721e-07,0.055046,0,86.9897,0.16029,0.92643,479.48,1400.322
42.9082,10995.5393,39.359,239.9964,9.1892,0.0015228,-0.064762,3.558,89.9914,-0.1805,4.436,5.4565,15.9698,-34.641,-0.00017481,1.2209,0.089466,7.2776e-07,0.055057,0,87.1352,0.16032,0.92797,479.4788,1400.3041
42.9135,10995.5393,39.359,239.9964,9.1892,0.0015228,-0.064762,3.558,89.9914,-0.1805,4.436,5.4565,15.9698,-34.641,-0.00017481,1.2209,0.089466,7.2776e-07,0.055057,0,87.1352,0.16027,0.89995,479.4788,1400.3041
42.9135,10995.5393,39.359,239.9964,9.1892,0.0015228,-0.064762,3.558,89.9914,-0.1805,4.436,5.4565,15.9698,-34.641,-0.00017481,1.2209,0.089466,7.2776e-07,0.055057,0,87.1352,0.16027,0.89995,479.4788,1400.3041
42.9165,10995.8672,39.3593,239.9961,9.1892,0.0015577,-0.035112,4.1478,89.9899,-0.13723,4.436,5.5441,16.6845,-34.5618,-0.00012701,0.65718,0.10136,7.283e-07,0.055068,0,87.2808,0.16034,0.90473,479.4776,1400.2862
42.9195,10995.8672,39.3593,239.9961,9.1892,0.0015577,-0.035112,4.1478,89.9899,-0.13723,4.436,5.5441,16.6845,-34.5618,-0.00012701,0.65718,0.10136,7.283e-07,0.055068,0,87.2808,0.16031,0.89345,479.4776,1400.2862
42.9219,10995.8672,39.3593,239.9961,9.1892,0.0015577,-0.035112,4.1478,89.9899,-0.13723,4.436,5.5441,16.6845,-34.5618,-0.00012701,0.65718,0.10136,7.283e-07,0.055068,0,87.2808,0.16029,0.88626,479.4776,1400.2862
42.9219,10995.8672,39.3593,239.9961,9.1892,0.0015577,-0.035112,4.1478,89.9899,-0.13723,4.436,5.5441,16.6845,-34.5618,-0.00012701,0.65718,0.10136,7.283e-07,0.055068,0,87.2808,0.16029,0.88626,479.4776,1400.2862
42.9248,10996.1952,39.3596,239.9961,9.1892,0.0015793,-0.00054717,4.4694,89.9888,-0.088214,4.436,5.6216,12.3101,-33.1447,-5.4764e-05,-0.98767,0.11001,7.2886e-07,0.055079,0,87.4264,0.16035,0.88028,479.4765,1400.2682
42.9277,10996.1952,39.3596,239.9961,9.1892,0.0015793,-0.00054717,4.4694,89.9888,-0.088214,4.436,5.6216,12.3101,-33.1447,-5.4764e-05,-0.98767,0.11001,7.2886e-07,0.055079,0,87.4264,0.16033,0.87536,479.4765,1400.2682
42.9332,10996.5232,39.36,239.9963,9.1892,0.0015761,0.036698,4.0063,89.988,-0.035008,4.436,5.6907,-2.0828,-29.0435,3.2728e-05,-1.567,0.11586,7.2941e-07,0.055089,0,87.5721,0.16036,0.85501,479.4753,1400.2503
42.9415,10996.8512,39.3605,239.9967,9.1893,0.0015442,0.070084,3.2671,89.9877,0.021024,4.436,5.7528,-6.9828,-27.6119,0.00010472,-1.5374,0.11922,7.2997e-07,0.0551,0,87.7178,0.16035,0.82924,479.4741,1400.2323
42.9454,10996.8512,39.3605,239.9967,9.1893,0.0015442,0.070084,3.2671,89.9877,0.021024,4.436,5.7528,-6.9828,-27.6119,0.00010472,-1.5374,0.11922,7.2997e-07,0.0551,0,87.7178,0.16031,0.83942,479.4741,1400.2323
42.9454,10996.8512,39.3605,239.9967,9.1893,0.0015442,0.070084,3.2671,89.9877,0.021024,4.436,5.7528,-6.9828,-27.6119,0.00010472,-1.5374,0.11922,7.2997e-07,0.0551,0,87.7178,0.16031,0.83942,479.4741,1400.2323
42.9498,10997.1792,39.361,239.9974,9.1893,0.0014877,0.09731,2.5423,89.9879,0.078684,4.436,5.8095,-6.5104,-27.6998,0.00015666,-1.5074,0.11759,7.3052e-07,0.055111,0,87.8635,0.16033,0.80307,479.473,1400.2144
42.9542,10997.1792,39.361,239.9974,9.1893,0.0014877,0.09731,2.5423,89.9879,0.078684,4.436,5.8095,-6.5104,-27.6998,0.00015666,-1.5074,0.11759,7.3052e-07,0.055111,0,87.8635,0.16029,0.82332,479.473,1400.2144
42.9582,10997.5073,39.3616,239.9982,9.1893,0.0014176,0.1185,1.8316,89.9886,0.13555,4.436,5.8543,-6.3445,-27.786,0.00018922,-1.4757,0.10411,7.3106e-07,0.055122,0,88.0092,0.16031,0.77651,479.4718,1400.1965
42.9665,10997.8353,39.3623,239.9993,9.1893,0.0013563,0.13376,1.1351,89.9897,0.18591,4.436,5.8703,-6.9013,-27.874,0.00015653,-1.4428,0.08167,7.3159e-07,0.055133,0,87.6594,0.16031,0.74959,479.4706,1400.1785
42.9748,10998.1633,39.3626,239.9992,9.1894,0.0013032,0.14322,0.45252,89.9912,0.22541,4.436,5.6638,-8.0073,-27.9591,9.1224e-05,-1.4099,0.055179,7.3212e-07,0.055143,0,87.3097,0.16025,0.81304,479.4695,1400.1606
42.9832,10998.4913,39.3628,239.9986,9.1894,0.0012646,0.14699,-0.21637,89.9931,0.2521,4.436,5.45,-9.3634,-28.0406,2.6653e-07,-1.3773,0.027095,7.3263e-07,0.055154,0,86.9603,0.16017,0.88487,479.4683,1400.1427
42.9915,10998.8193,39.3627,239.9973,9.1894,0.0012397,0.14519,-0.87187,89.9952,0.2652,4.436,5.2349,-10.8208,-28.1175,-2.545e-05,-1.3454,-0.00065284,7.3313e-07,0.055165,0,86.9129,0.16006,0.95982,479.4671,1400.1247
42.9998,10999.1474,39.3628,239.9967,9.1894,0.0012615,0.13792,-1.5143,89.9974,0.26489,4.4361,5.2152,-12.2625,-28.194,-2.6772e-05,-1.3145,-0.026564,7.3362e-07,0.055176,0,87.0584,0.16004,0.94875,479.466,1400.1068
43.0082,10999.4754,39.363,239.9962,9.1894,0.0013341,0.1253,-2.144,89.9996,0.25204,4.4361,5.2003,-13.5974,-28.2668,-6.353e-06,-1.2848,-0.049689,7.3409e-07,0.055187,0,87.2039,0.16008,0.92923,479.4648,1400.0889
43.0165,10999.8034,39.3633,239.996,9.1895,0.0014531,0.10744,-2.7612,90.0017,0.22801,4.4361,5.1924,-14.7678,-28.335,-1.337e-05,-1.2563,-0.069496,7.3455e-07,0.055197,0,87.3495,0.16018,0.90589,479.4636,1400.0709
43.0248,11000.1314,39.3636,239.996,9.1895,0.001586,0.084425,-3.3665,90.0036,0.1944,4.4361,5.1932,-15.7412,-28.3957,-3.2398e-05,-1.2291,-0.085773,7.35e-07,0.055208,0,87.4951,0.1603,0.88078,479.4625,1400.053
43.0268,11000.1314,39.3636,239.996,9.1895,0.001586,0.084425,-3.3665,90.0036,0.1944,4.4361,5.1932,-15.7412,-28.3957,-3.2398e-05,-1.2291,-0.085773,7.35e-07,0.055208,0,87.4951,0.16029,0.87716,479.4625,1400.053
43.0268,11000.1314,39.3636,239.996,9.1895,0.001586,0.084425,-3.3665,90.0036,0.1944,4.4361,5.1932,-15.7412,-28.3957,-3.2398e-05,-1.2291,-0.085773,7.35e-07,0.055208,0,87.4951,0.16029,0.87716,479.4625,1400.053
43.0332,11000.4595,39.364,239.9962,9.1895,0.0017048,0.056371,-3.96,90.0053,0.15292,4.4361,5.203,-16.5046,-28.4497,-4.8678e-05,-1.0515,-0.098558,7.3545e-07,0.055219,0,87.6407,0.16043,0.85478,479.4613,1400.0351
43.036,11000.4595,39.364,239.9962,9.1895,0.0017048,0.056371,-3.96,90.0053,0.15292,4.4361,5.203,-16.5046,-28.4497,-4.8678e-05,-1.0515,-0.098558,7.3545e-07,0.055219,0,87.6407,0.16041,0.85626,479.4613,1400.0351
43.036,11000.4595,39.364,239.9962,9.1895,0.0017048,0.056371,-3.96,90.0053,0.15292,4.4361,5.203,-16.5046,-28.4497,-4.8678e-05,-1.0515,-0.098558,7.3545e-07,0.055219,0,87.6407,0.16041,0.85626,479.4613,1400.0351
43.0415,11000.7875,39.3645,239.9966,9.1895,0.0017877,0.023372,-4.4696,90.0065,0.10525,4.4361,5.22,-15.6844,-28.879,-5.0776e-05,0.52422,-0.10807,7.3588e-07,0.05523,0,87.7864,0.16054,0.82888,479.4601,1400.0171
43.047,11000.7875,39.3645,239.9966,9.1895,0.0017877,0.023372,-4.4696,90.0065,0.10525,4.4361,5.22,-15.6844,-28.879,-5.0776e-05,0.52422,-0.10807,7.3588e-07,0.05523,0,87.7864,0.16049,0.84223,479.4601,1400.0171
43.0498,11001.1155,39.365,239.9973,9.1896,0.0018185,-0.013875,-4.2277,90.0074,0.052986,4.4361,5.2448,-1.9768,-32.8202,-1.9657e-05,1.5757,-0.1146,7.3632e-07,0.055241,0,87.9321,0.16061,0.8028,479.4589,1399.9992
43.0582,11001.4436,39.3656,239.9981,9.1896,0.0017944,-0.049106,-3.4842,90.0079,-0.0024401,4.4361,5.2769,7.1569,-35.4633,1.6732e-05,1.5462,-0.11859,7.3675e-07,0.055251,0,88.0215,0.16063,0.77647,479.4578,1399.9813
43.0608,11001.4436,39.3656,239.9981,9.1896,0.0017944,-0.049106,-3.4842,90.0079,-0.0024401,4.4361,5.2769,7.1569,-35.4633,1.6732e-05,1.5462,-0.11859,7.3675e-07,0.055251,0,88.0215,0.16061,0.79613,479.4578,1399.9813
43.0608,11001.4436,39.3656,239.9981,9.1896,0.0017944,-0.049106,-3.4842,90.0079,-0.0024401,4.4361,5.2769,7.1569,-35.4633,1.6732e-05,1.5462,-0.11859,7.3675e-07,0.055251,0,88.0215,0.16061,0.79613,479.4578,1399.9813
43.0665,11001.7716,39.3663,239.9991,9.1896,0.001724,-0.07814,-2.7551,90.0078,-0.059793,4.4361,5.3157,6.6392,-35.402,3.1342e-06,1.5165,-0.11958,7.3718e-07,0.055262,0,87.6716,0.16063,0.74987,479.4566,1399.9633
43.0721,11001.7716,39.3663,239.9991,9.1896,0.001724,-0.07814,-2.7551,90.0078,-0.059793,4.4361,5.3157,6.6392,-35.402,3.1342e-06,1.5165,-0.11958,7.3718e-07,0.055262,0,87.6716,0.16058,0.79707,479.4566,1399.9633
43.0741,11001.7716,39.3663,239.9991,9.1896,0.001724,-0.07814,-2.7551,90.0078,-0.059793,4.4361,5.3157,6.6392,-35.402,3.1342e-06,1.5165,-0.11958,7.3718e-07,0.055262,0,87.6716,0.16056,0.80836,479.4566,1399.9633
43.0741,11001.7716,39.3663,239.9991,9.1896,0.001724,-0.07814,-2.7551,90.0078,-0.059793,4.4361,5.3157,6.6392,-35.402,3.1342e-06,1.5165,-0.11958,7.3718e-07,0.055262,0,87.6716,0.16056,0.80836,479.4566,1399.9633
43.0748,11002.0997,39.3666,239.9991,9.1896,0.0016011,-0.1011,-2.0403,90.0073,-0.11763,4.4361,5.1618,6.3075,-35.3356,-2.6514e-05,1.4853,-0.10996,7.3762e-07,0.055273,0,87.322,0.1605,0.81359,479.4554,1399.9454
43.0755,11002.0997,39.3666,239.9991,9.1896,0.0016011,-0.1011,-2.0403,90.0073,-0.11763,4.4361,5.1618,6.3075,-35.3356,-2.6514e-05,1.4853,-0.10996,7.3762e-07,0.055273,0,87.322,0.1605,0.81661,479.4554,1399.9454
43.0769,11002.0997,39.3666,239.9991,9.1896,0.0016011,-0.1011,-2.0403,90.0073,-0.11763,4.4361,5.1618,6.3075,-35.3356,-2.6514e-05,1.4853,-0.10996,7.3762e-07,0.055273,0,87.322,0.16049,0.82207,479.4554,1399.9454
43.0796,11002.0997,39.3666,239.9991,9.1896,0.0016011,-0.1011,-2.0403,90.0073,-0.11763,4.4361,5.1618,6.3075,-35.3356,-2.6514e-05,1.4853,-0.10996,7.3762e-07,0.055273,0,87.322,0.16046,0.83097,479.4554,1399.9454
43.0832,11002.4277,39.3668,239.9985,9.1897,0.0014457,-0.1181,-1.3396,90.0064,-0.17081,4.4361,5.037,6.6254,-35.2627,-6.7477e-05,1.4526,-0.089301,7.3807e-07,0.055284,0,86.9726,0.16031,0.88565,479.4543,1399.9275
43.0915,11002.7558,39.3667,239.9972,9.1897,0.0012844,-0.12926,-0.6529,90.0049,-0.214,4.4361,4.9426,7.6197,-35.1837,-3.1559e-05,1.4196,-0.063607,7.3852e-07,0.055295,0,86.9515,0.16007,0.9608,479.4531,1399.9095
43.0998,11003.0838,39.3669,239.9965,9.1897,0.0011779,-0.13471,0.02,90.0032,-0.24477,4.4361,5.0553,8.9254,-35.1065,3.2307e-05,1.3868,-0.0357,7.3899e-07,0.055305,0,87.097,0.15992,0.94988,479.4519,1399.8916
43.1082,11003.4119,39.3671,239.9961,9.1897,0.001154,-0.13454,0.6794,90.0011,-0.26203,4.4361,5.174,10.3716,-35.0295,0.00010931,1.3547,-0.0075955,7.3947e-07,0.055316,0,87.2425,0.15986,0.93046,479.4508,1399.8737
43.1165,11003.74,39.3673,239.9959,9.1898,0.0012236,-0.12888,1.3256,89.9989,-0.26571,4.4361,5.2935,11.8357,-34.9526,0.00013925,1.3235,0.019045,7.3995e-07,0.055327,0,87.388,0.15991,0.90717,479.4496,1399.8557
43.1248,11004.068,39.3676,239.9959,9.1898,0.0013594,-0.11783,1.959,89.9967,-0.2565,4.4362,5.4102,13.2168,-34.8727,0.00012929,1.2934,0.043119,7.4045e-07,0.055338,0,87.5336,0.16004,0.88208,479.4484,1399.8378
43.1332,11004.3961,39.368,239.9961,9.1898,0.0015297,-0.1015,2.5799,89.9946,-0.23565,4.4362,5.5211,14.4478,-34.7908,8.059e-05,1.2646,0.063984,7.4096e-07,0.055349,0,87.6793,0.16022,0.8561,479.4473,1399.8198
43.1415,11004.7241,39.3685,239.9965,9.1898,0.0016981,-0.080006,3.1887,89.9926,-0.2047,4.4362,5.6243,15.4895,-34.707,1.1279e-05,1.237,0.081341,7.4148e-07,0.055359,0,87.8249,0.16041,0.82963,479.4461,1399.8019
43.149,11004.7241,39.3685,239.9965,9.1898,0.0016981,-0.080006,3.1887,89.9926,-0.2047,4.4362,5.6243,15.4895,-34.707,1.1279e-05,1.237,0.081341,7.4148e-07,0.055359,0,87.8249,0.16034,0.84598,479.4461,1399.8019
43.149,11004.7241,39.3685,239.9965,9.1898,0.0016981,-0.080006,3.1887,89.9926,-0.2047,4.4362,5.6243,15.4895,-34.707,1.1279e-05,1.237,0.081341,7.4148e-07,0.055359,0,87.8249,0.16034,0.84598,479.4461,1399.8019
43.1498,11005.0522,39.369,239.9971,9.1898,0.0018335,-0.053433,3.7856,89.9909,-0.16536,4.4362,5.719,16.3237,-34.6223,-5.347e-05,1.176,0.095165,7.4201e-07,0.05537,0,87.9706,0.16058,0.80283,479.4449,1399.784
43.1501,11005.0522,39.369,239.9971,9.1898,0.0018335,-0.053433,3.7856,89.9909,-0.16536,4.4362,5.719,16.3237,-34.6223,-5.347e-05,1.176,0.095165,7.4201e-07,0.05537,0,87.9706,0.16058,0.80435,479.4449,1399.784
43.1501,11005.0522,39.369,239.9971,9.1898,0.0018335,-0.053433,3.7856,89.9909,-0.16536,4.4362,5.719,16.3237,-34.6223,-5.347e-05,1.176,0.095165,7.4201e-07,0.05537,0,87.9706,0.16058,0.80435,479.4449,1399.784
43.1509,11005.0522,39.369,239.9971,9.1898,0.0018335,-0.053433,3.7856,89.9909,-0.16536,4.4362,5.719,16.3237,-34.6223,-5.347e-05,1.176,0.095165,7.4201e-07,0.05537,0,87.9706,0.16057,0.80889,479.4449,1399.784
43.1518,11005.0522,39.369,239.9971,9.1898,0.0018335,-0.053433,3.7856,89.9909,-0.16536,4.4362,5.719,16.3237,-34.6223,-5.347e-05,1.176,0.095165,7.4201e-07,0.05537,0,87.9706,0.16056,0.81307,479.4449,1399.784
43.1535,11005.0522,39.369,239.9971,9.1898,0.0018335,-0.053433,3.7856,89.9909,-0.16536,4.4362,5.719,16.3237,-34.6223,-5.347e-05,1.176,0.095165,7.4201e-07,0.05537,0,87.9706,0.16055,0.82044,479.4449,1399.784
43.1569,11005.0522,39.369,239.9971,9.1898,0.0018335,-0.053433,3.7856,89.9909,-0.16536,4.4362,5.719,16.3237,-34.6223,-5.347e-05,1.176,0.095165,7.4201e-07,0.05537,0,87.9706,0.16052,0.8319,479.4449,1399.784
43.1582,11005.3803,39.3696,239.9979,9.1899,0.0019152,-0.021887,4.3545,89.9895,-0.11934,4.4362,5.804,16.6332,-34.4517,-9.4887e-05,0.0062535,0.10563,7.4254e-07,0.055381,0,88.0742,0.16071,0.77616,479.4438,1399.766
43.1646,11005.3803,39.3696,239.9979,9.1899,0.0019152,-0.021887,4.3545,89.9895,-0.11934,4.4362,5.804,16.6332,-34.4517,-9.4887e-05,0.0062535,0.10563,7.4254e-07,0.055381,0,88.0742,0.16066,0.81606,479.4438,1399.766
43.1665,11005.7084,39.3703,239.999,9.1899,0.0019318,0.0144,4.3656,89.9885,-0.068252,4.4362,5.8795,6.6677,-31.5214,-0.00013601,-1.5811,0.11302,7.4308e-07,0.055392,0,87.7244,0.1608,0.74958,479.4426,1399.7481
43.1748,11006.0365,39.3706,239.999,9.1899,0.0018618,0.05078,3.6194,89.988,-0.01359,4.4362,5.7462,-7.2836,-27.5634,-0.00016056,-1.5515,0.11772,7.4362e-07,0.055403,0,87.3747,0.16073,0.81346,479.4414,1399.7302
43.1762,11006.0365,39.3706,239.999,9.1899,0.0018618,0.05078,3.6194,89.988,-0.01359,4.4362,5.7462,-7.2836,-27.5634,-0.00016056,-1.5515,0.11772,7.4362e-07,0.055403,0,87.3747,0.16072,0.81954,479.4414,1399.7302
43.1762,11006.0365,39.3706,239.999,9.1899,0.0018618,0.05078,3.6194,89.988,-0.01359,4.4362,5.7462,-7.2836,-27.5634,-0.00016056,-1.5515,0.11772,7.4362e-07,0.055403,0,87.3747,0.16072,0.81954,479.4414,1399.7302
43.1832,11006.3646,39.3708,239.9983,9.19,0.0017128,0.080942,2.8877,89.9879,0.043345,4.4362,5.6084,-6.7291,-27.6463,-0.00018448,-1.522,0.11994,7.4415e-07,0.055413,0,87.0254,0.16054,0.88578,479.4402,1399.7122
43.189,11006.3646,39.3708,239.9983,9.19,0.0017128,0.080942,2.8877,89.9879,0.043345,4.4362,5.6084,-6.7291,-27.6463,-0.00018448,-1.522,0.11994,7.4415e-07,0.055413,0,87.0254,0.16049,0.8742,479.4402,1399.7122
43.189,11006.3646,39.3708,239.9983,9.19,0.0017128,0.080942,2.8877,89.9879,0.043345,4.4362,5.6084,-6.7291,-27.6463,-0.00018448,-1.522,0.11994,7.4415e-07,0.055413,0,87.0254,0.16049,0.8742,479.4402,1399.7122
43.1915,11006.6926,39.3707,239.997,9.19,0.0015018,0.10501,2.1703,89.9882,0.10135,4.4362,5.4669,-6.3277,-27.7273,-0.00011619,-1.4914,0.11394,7.4468e-07,0.055424,0,86.9421,0.16025,0.96117,479.4391,1399.6943
43.1939,11006.6926,39.3707,239.997,9.19,0.0015018,0.10501,2.1703,89.9882,0.10135,4.4362,5.4669,-6.3277,-27.7273,-0.00011619,-1.4914,0.11394,7.4468e-07,0.055424,0,86.9421,0.16023,0.9393,479.4391,1399.6943
43.1988,11006.6926,39.3707,239.997,9.19,0.0015018,0.10501,2.1703,89.9882,0.10135,4.4362,5.4669,-6.3277,-27.7273,-0.00011619,-1.4914,0.11394,7.4468e-07,0.055424,0,86.9421,0.16019,0.90878,479.4391,1399.6943
43.1998,11007.0207,39.3709,239.9964,9.19,0.0012979,0.12309,1.467,89.9891,0.15646,4.4362,5.4992,-6.4284,-27.8145,-7.0285e-06,-1.4589,0.095008,7.452e-07,0.055435,0,87.0876,0.16001,0.9505,479.4379,1399.6764
43.2048,11007.0207,39.3709,239.9964,9.19,0.0012979,0.12309,1.467,89.9891,0.15646,4.4362,5.4992,-6.4284,-27.8145,-7.0285e-06,-1.4589,0.095008,7.452e-07,0.055435,0,87.0876,0.15997,0.91534,479.4379,1399.6764
43.2082,11007.3488,39.3711,239.9959,9.19,0.0011544,0.13532,0.77773,89.9904,0.20241,4.4362,5.4995,-7.3192,-27.9073,0.00012599,-1.4259,0.070103,7.4572e-07,0.055446,0,87.2331,0.15984,0.93131,479.4367,1399.6584
43.2165,11007.6769,39.3714,239.9957,9.19,0.0011091,0.1418,0.10231,89.9921,0.23632,4.4362,5.4854,-8.5768,-28.001,0.00021658,-1.3931,0.042502,7.4622e-07,0.055457,0,87.3786,0.15977,0.9082,479.4356,1399.6405
43.2248,11008.005,39.3717,239.9957,9.1901,0.0011586,0.14265,-0.55956,89.994,0.25688,4.4362,5.4655,-10.0027,-28.0899,0.00025993,-1.3608,0.014228,7.4671e-07,0.055467,0,87.5242,0.15982,0.88323,479.4344,1399.6226
43.2332,11008.3331,39.3721,239.9959,9.1901,0.0012869,0.13799,-1.2082,89.9962,0.26376,4.4362,5.4448,-11.4742,-28.1727,0.00024632,-1.3294,-0.012904,7.4719e-07,0.055478,0,87.6698,0.15995,0.85733,479.4332,1399.6046
43.2415,11008.6612,39.3725,239.9963,9.1901,0.0014641,0.12792,-1.8439,89.9984,0.25752,4.4362,5.4278,-12.8811,-28.2476,0.00018535,-1.2991,-0.037673,7.4765e-07,0.055489,0,87.8155,0.16015,0.8309,479.4321,1399.5867
43.2498,11008.9893,39.373,239.9969,9.1901,0.0016561,0.11255,-2.4671,90.0005,0.2393,4.4362,5.4173,-14.1492,-28.3144,9.1448e-05,-1.27,-0.059345,7.4811e-07,0.0555,0,87.9612,0.16038,0.80413,479.4309,1399.5688
43.2582,11009.3174,39.3736,239.9977,9.1902,0.00183,0.091993,-3.0781,90.0025,0.2106,4.4362,5.415,-15.2338,-28.3735,-1.5444e-05,-1.2422,-0.077547,7.4855e-07,0.055511,0,88.1069,0.1606,0.77709,479.4297,1399.5508
43.2636,11009.3174,39.3736,239.9977,9.1902,0.00183,0.091993,-3.0781,90.0025,0.2106,4.4362,5.415,-15.2338,-28.3735,-1.5444e-05,-1.2422,-0.077547,7.4855e-07,0.055511,0,88.1069,0.16055,0.81209,479.4297,1399.5508
43.2636,11009.3174,39.3736,239.9977,9.1902,0.00183,0.091993,-3.0781,90.0025,0.2106,4.4362,5.415,-15.2338,-28.3735,-1.5444e-05,-1.2422,-0.077547,7.4855e-07,0.055511,0,88.1069,0.16055,0.81209,479.4297,1399.5508
43.2665,11009.6455,39.3743,239.9988,9.1902,0.0019586,0.066343,-3.6772,90.0043,0.1731,4.4362,5.4216,-16.1122,-28.4259,-0.00015232,-1.2156,-0.092197,7.4899e-07,0.055521,0,87.7571,0.16079,0.74984,479.4286,1399.5329
43.2694,11009.6455,39.3743,239.9988,9.1902,0.0019586,0.066343,-3.6772,90.0043,0.1731,4.4362,5.4216,-16.1122,-28.4259,-0.00015232,-1.2156,-0.092197,7.4899e-07,0.055521,0,87.7571,0.16077,0.77717,479.4286,1399.5329
43.2748,11009.6455,39.3743,239.9988,9.1902,0.0019586,0.066343,-3.6772,90.0043,0.1731,4.4362,5.4216,-16.1122,-28.4259,-0.00015232,-1.2156,-0.092197,7.4899e-07,0.055521,0,87.7571,0.16072,0.81169,479.4286,1399.5329
43.2748,11009.6455,39.3743,239.9988,9.1902,0.0019586,0.066343,-3.6772,90.0043,0.1731,4.4362,5.4216,-16.1122,-28.4259,-0.00015232,-1.2156,-0.092197,7.4899e-07,0.055521,0,87.7571,0.16072,0.81169,479.4286,1399.5329
43.2748,11009.9737,39.3746,239.9988,9.1902,0.0020047,0.0357,-4.2647,90.0057,0.12851,4.4362,5.2458,-16.7792,-28.4704,-0.00026833,-0.28806,-0.10343,7.4941e-07,0.055532,0,87.4075,0.16085,0.80863,479.4274,1399.515
43.2749,11009.9737,39.3746,239.9988,9.1902,0.0020047,0.0357,-4.2647,90.0057,0.12851,4.4362,5.2458,-16.7792,-28.4704,-0.00026833,-0.28806,-0.10343,7.4941e-07,0.055532,0,87.4075,0.16085,0.80885,479.4274,1399.515
43.275,11009.9737,39.3746,239.9988,9.1902,0.0020047,0.0357,-4.2647,90.0057,0.12851,4.4362,5.2458,-16.7792,-28.4704,-0.00026833,-0.28806,-0.10343,7.4941e-07,0.055532,0,87.4075,0.16084,0.80929,479.4274,1399.515
43.2751,11009.9737,39.3746,239.9988,9.1902,0.0020047,0.0357,-4.2647,90.0057,0.12851,4.4362,5.2458,-16.7792,-28.4704,-0.00026833,-0.28806,-0.10343,7.4941e-07,0.055532,0,87.4075,0.16084,0.81014,479.4274,1399.515
43.2755,11009.9737,39.3746,239.9988,9.1902,0.0020047,0.0357,-4.2647,90.0057,0.12851,4.4362,5.2458,-16.7792,-28.4704,-0.00026833,-0.28806,-0.10343,7.4941e-07,0.055532,0,87.4075,0.16084,0.81181,479.4274,1399.515
43.2762,11009.9737,39.3746,239.9988,9.1902,0.0020047,0.0357,-4.2647,90.0057,0.12851,4.4362,5.2458,-16.7792,-28.4704,-0.00026833,-0.28806,-0.10343,7.4941e-07,0.055532,0,87.4075,0.16083,0.81498,479.4274,1399.515
43.2775,11009.9737,39.3746,239.9988,9.1902,0.0020047,0.0357,-4.2647,90.0057,0.12851,4.4362,5.2458,-16.7792,-28.4704,-0.00026833,-0.28806,-0.10343,7.4941e-07,0.055532,0,87.4075,0.16082,0.8207,479.4274,1399.515
43.2803,11009.9737,39.3746,239.9988,9.1902,0.0020047,0.0357,-4.2647,90.0057,0.12851,4.4362,5.2458,-16.7792,-28.4704,-0.00026833,-0.28806,-0.10343,7.4941e-07,0.055532,0,87.4075,0.1608,0.83003,479.4274,1399.515
43.2827,11009.9737,39.3746,239.9988,9.1902,0.0020047,0.0357,-4.2647,90.0057,0.12851,4.4362,5.2458,-16.7792,-28.4704,-0.00026833,-0.28806,-0.10343,7.4941e-07,0.055532,0,87.4075,0.16078,0.83637,479.4274,1399.515
43.2827,11009.9737,39.3746,239.9988,9.1902,0.0020047,0.0357,-4.2647,90.0057,0.12851,4.4362,5.2458,-16.7792,-28.4704,-0.00026833,-0.28806,-0.10343,7.4941e-07,0.055532,0,87.4075,0.16078,0.83637,479.4274,1399.515
43.2832,11010.3018,39.3748,239.9982,9.1902,0.0019554,0.00016086,-4.4102,90.0068,0.078486,4.4363,5.0689,-9.0589,-30.7757,-0.00033529,1.3574,-0.11148,7.4983e-07,0.055543,0,87.0582,0.16076,0.88051,479.4262,1399.497
43.2836,11010.3018,39.3748,239.9982,9.1902,0.0019554,0.00016086,-4.4102,90.0068,0.078486,4.4363,5.0689,-9.0589,-30.7757,-0.00033529,1.3574,-0.11148,7.4983e-07,0.055543,0,87.0582,0.16076,0.87957,479.4262,1399.497
43.2846,11010.3018,39.3748,239.9982,9.1902,0.0019554,0.00016086,-4.4102,90.0068,0.078486,4.4363,5.0689,-9.0589,-30.7757,-0.00033529,1.3574,-0.11148,7.4983e-07,0.055543,0,87.0582,0.16075,0.87781,479.4262,1399.497
43.2864,11010.3018,39.3748,239.9982,9.1902,0.0019554,0.00016086,-4.4102,90.0068,0.078486,4.4363,5.0689,-9.0589,-30.7757,-0.00033529,1.3574,-0.11148,7.4983e-07,0.055543,0,87.0582,0.16073,0.87475,479.4262,1399.497
43.2902,11010.3018,39.3748,239.9982,9.1902,0.0019554,0.00016086,-4.4102,90.0068,0.078486,4.4363,5.0689,-9.0589,-30.7757,-0.00033529,1.3574,-0.11148,7.4983e-07,0.055543,0,87.0582,0.1607,0.87011,479.4262,1399.497
43.2915,11010.6299,39.3748,239.997,9.1903,0.001811,-0.036591,-3.7707,90.0074,0.024569,4.4363,4.9014,5.3699,-34.8957,-0.00027367,1.5575,-0.11679,7.5025e-07,0.055554,0,86.7092,0.16055,0.95589,479.4251,1399.4791
43.2922,11010.6299,39.3748,239.997,9.1903,0.001811,-0.036591,-3.7707,90.0074,0.024569,4.4363,4.9014,5.3699,-34.8957,-0.00027367,1.5575,-0.11679,7.5025e-07,0.055554,0,86.7092,0.16054,0.94917,479.4251,1399.4791
43.2922,11010.6299,39.3748,239.997,9.1903,0.001811,-0.036591,-3.7707,90.0074,0.024569,4.4363,4.9014,5.3699,-34.8957,-0.00027367,1.5575,-0.11679,7.5025e-07,0.055554,0,86.7092,0.16054,0.94917,479.4251,1399.4791
43.2988,11010.6299,39.3748,239.997,9.1903,0.001811,-0.036591,-3.7707,90.0074,0.024569,4.4363,4.9014,5.3699,-34.8957,-0.00027367,1.5575,-0.11679,7.5025e-07,0.055554,0,86.7092,0.16048,0.90632,479.4251,1399.4791
43.2998,11010.958,39.375,239.9963,9.1903,0.0016274,-0.068013,-3.0361,90.0076,-0.031914,4.4363,4.9347,6.854,-35.4103,-0.00015656,1.528,-0.1197,7.5068e-07,0.055565,0,86.8547,0.16033,0.94536,479.4239,1399.4612
43.3048,11010.958,39.375,239.9963,9.1903,0.0016274,-0.068013,-3.0361,90.0076,-0.031914,4.4363,4.9347,6.854,-35.4103,-0.00015656,1.528,-0.1197,7.5068e-07,0.055565,0,86.8547,0.16028,0.91209,479.4239,1399.4612
43.3048,11010.958,39.375,239.9963,9.1903,0.0016274,-0.068013,-3.0361,90.0076,-0.031914,4.4363,4.9347,6.854,-35.4103,-0.00015656,1.528,-0.1197,7.5068e-07,0.055565,0,86.8547,0.16028,0.91198,479.4239,1399.4612
43.3048,11010.958,39.375,239.9963,9.1903,0.0016274,-0.068013,-3.0361,90.0076,-0.031914,4.4363,4.9347,6.854,-35.4103,-0.00015656,1.528,-0.1197,7.5068e-07,0.055565,0,86.8547,0.16028,0.91198,479.4239,1399.4612
43.3082,11011.2861,39.3752,239.9959,9.1903,0.0014457,-0.093314,-2.3158,90.0074,-0.089806,4.4363,4.9742,6.4042,-35.3521,6.8286e-07,1.4977,-0.11569,7.511e-07,0.055575,0,87.0002,0.16012,0.92636,479.4227,1399.4432
43.3115,11011.2861,39.3752,239.9959,9.1903,0.0014457,-0.093314,-2.3158,90.0074,-0.089806,4.4363,4.9742,6.4042,-35.3521,6.8286e-07,1.4977,-0.11569,7.511e-07,0.055575,0,87.0002,0.16009,0.90794,479.4227,1399.4432
43.3165,11011.6143,39.3755,239.9957,9.1903,0.0013076,-0.11261,-1.6097,90.0066,-0.14576,4.4363,5.0313,6.3791,-35.2925,0.0001302,1.4655,-0.099009,7.5153e-07,0.055586,0,87.1457,0.15997,0.90345,479.4215,1399.4253
43.3248,11011.9424,39.3758,239.9958,9.1904,0.0012321,-0.12603,-0.91759,90.0054,-0.19365,4.4363,5.121,7.1297,-35.2252,0.00022573,1.4326,-0.075144,7.5197e-07,0.055597,0,87.2913,0.1599,0.87868,479.4204,1399.4074
43.3332,11012.2705,39.3762,239.996,9.1904,0.0012306,-0.13367,-0.23939,90.0038,-0.22999,4.4363,5.2295,8.3222,-35.1526,0.00027272,1.3997,-0.048,7.5242e-07,0.055608,0,87.4369,0.15991,0.85291,479.4192,1399.3894
43.3415,11012.5987,39.3767,239.9964,9.1904,0.0012987,-0.13567,0.42522,90.0019,-0.25321,4.4363,5.3472,9.7198,-35.0754,0.00026981,1.3673,-0.019791,7.5289e-07,0.055619,0,87.5826,0.16,0.82656,479.418,1399.3715
43.3498,11012.9268,39.3772,239.9971,9.1904,0.0014212,-0.13212,1.0765,89.9998,-0.26278,4.4363,5.4685,11.1881,-34.9944,0.00021999,1.3357,0.0076209,7.5336e-07,0.055629,0,87.7283,0.16016,0.79981,479.4169,1399.3536
43.3582,11013.255,39.3778,239.9979,9.1904,0.0015746,-0.12315,1.7149,89.9976,-0.2591,4.4363,5.5886,12.6139,-34.9105,0.00013363,1.3052,0.032892,7.5384e-07,0.05564,0,87.8591,0.16037,0.77277,479.4157,1399.3356
43.3665,11013.5831,39.3785,239.999,9.1905,0.0017321,-0.10886,2.3406,89.9954,-0.24319,4.4363,5.7039,13.9154,-34.8244,-1.8529e-05,1.2759,0.055195,7.5434e-07,0.055651,0,87.5094,0.16059,0.74547,479.4145,1399.3177
43.3748,11013.9113,39.3788,239.999,9.1905,0.0018461,-0.089358,2.954,89.9934,-0.2165,4.4363,5.6113,15.0425,-34.7346,-0.00018599,1.2478,0.074089,7.5484e-07,0.055662,0,87.1598,0.16071,0.80865,479.4134,1399.2998
43.3776,11013.9113,39.3788,239.999,9.1905,0.0018461,-0.089358,2.954,89.9934,-0.2165,4.4363,5.6113,15.0425,-34.7346,-0.00018599,1.2478,0.074089,7.5484e-07,0.055662,0,87.1598,0.16068,0.82083,479.4134,1399.2998
43.3776,11013.9113,39.3788,239.999,9.1905,0.0018461,-0.089358,2.954,89.9934,-0.2165,4.4363,5.6113,15.0425,-34.7346,-0.00018599,1.2478,0.074089,7.5484e-07,0.055662,0,87.1598,0.16068,0.82083,479.4134,1399.2998
43.3832,11014.2394,39.379,239.9984,9.1905,0.0018891,-0.064741,3.5555,89.9916,-0.18066,4.4363,5.5122,15.9678,-34.6439,-0.00033944,1.2209,0.089438,7.5536e-07,0.055673,0,86.8105,0.16071,0.88031,479.4122,1399.2818
43.3885,11014.2394,39.379,239.9984,9.1905,0.0018891,-0.064741,3.5555,89.9916,-0.18066,4.4363,5.5122,15.9678,-34.6439,-0.00033944,1.2209,0.089438,7.5536e-07,0.055673,0,86.8105,0.16067,0.87183,479.4122,1399.2818
43.3885,11014.2394,39.379,239.9984,9.1905,0.0018891,-0.064741,3.5555,89.9916,-0.18066,4.4363,5.5122,15.9678,-34.6439,-0.00033944,1.2209,0.089438,7.5536e-07,0.055673,0,86.8105,0.16067,0.87183,479.4122,1399.2818
43.3915,11014.5676,39.379,239.9972,9.1905,0.0018454,-0.035112,4.1454,89.9901,-0.13741,4.4363,5.4059,16.6831,-34.5541,-0.00036361,0.66167,0.10133,7.5588e-07,0.055683,0,86.6053,0.1606,0.95526,479.411,1399.2639
43.3945,11014.5676,39.379,239.9972,9.1905,0.0018454,-0.035112,4.1454,89.9901,-0.13741,4.4363,5.4059,16.6831,-34.5541,-0.00036361,0.66167,0.10133,7.5588e-07,0.055683,0,86.6053,0.16057,0.9307,479.411,1399.2639
43.3969,11014.5676,39.379,239.9972,9.1905,0.0018454,-0.035112,4.1454,89.9901,-0.13741,4.4363,5.4059,16.6831,-34.5541,-0.00036361,0.66167,0.10133,7.5588e-07,0.055683,0,86.6053,0.16055,0.91563,479.411,1399.2639
43.3969,11014.5676,39.379,239.9972,9.1905,0.0018454,-0.035112,4.1454,89.9901,-0.13741,4.4363,5.4059,16.6831,-34.5541,-0.00036361,0.66167,0.10133,7.5588e-07,0.055683,0,86.6053,0.16055,0.91563,479.411,1399.2639
43.3998,11014.8957,39.3792,239.9966,9.1906,0.001754,-0.00056717,4.4691,89.9889,-0.0884,4.4364,5.4832,12.3495,-33.1439,-0.00029306,-0.9831,0.11,7.564e-07,0.055694,0,86.7508,0.16047,0.94478,479.4099,1399.246
43.4027,11014.8957,39.3792,239.9966,9.1906,0.001754,-0.00056717,4.4691,89.9889,-0.0884,4.4364,5.4832,12.3495,-33.1439,-0.00029306,-0.9831,0.11,7.564e-07,0.055694,0,86.7508,0.16045,0.92348,479.4099,1399.246
43.4082,11015.2239,39.3794,239.9962,9.1906,0.0016372,0.036675,4.0082,89.9882,-0.035202,4.4364,5.5516,-2.0423,-29.0426,-0.00013772,-1.5669,0.11584,7.5693e-07,0.055705,0,86.8963,0.16033,0.92595,479.4087,1399.228
43.4165,11015.552,39.3797,239.996,9.1906,0.0015241,0.070077,3.269,89.9879,0.020825,4.4364,5.6126,-6.9825,-27.6035,5.824e-06,-1.5373,0.11921,7.5746e-07,0.055716,0,87.0418,0.16021,0.9033,479.4075,1399.2101
43.4204,11015.552,39.3797,239.996,9.1906,0.0015241,0.070077,3.269,89.9879,0.020825,4.4364,5.6126,-6.9825,-27.6035,5.824e-06,-1.5373,0.11921,7.5746e-07,0.055716,0,87.0418,0.16018,0.88955,479.4075,1399.2101
43.4204,11015.552,39.3797,239.996,9.1906,0.0015241,0.070077,3.269,89.9879,0.020825,4.4364,5.6126,-6.9825,-27.6035,5.824e-06,-1.5373,0.11921,7.5746e-07,0.055716,0,87.0418,0.16018,0.88955,479.4075,1399.2101
43.4248,11015.8802,39.38,239.996,9.1906,0.0014204,0.097319,2.5442,89.9881,0.078481,4.4364,5.668,-6.5099,-27.6952,0.0001296,-1.5073,0.11761,7.5798e-07,0.055726,0,87.1874,0.16011,0.87879,479.4063,1399.1922
43.4292,11015.8802,39.38,239.996,9.1906,0.0014204,0.097319,2.5442,89.9881,0.078481,4.4364,5.668,-6.5099,-27.6952,0.0001296,-1.5073,0.11761,7.5798e-07,0.055726,0,87.1874,0.16007,0.87248,479.4063,1399.1922
43.4332,11016.2084,39.3804,239.9962,9.1907,0.0013374,0.11852,1.8337,89.9887,0.13536,4.4364,5.7117,-6.3422,-27.7852,0.00021823,-1.4756,0.10417,7.5849e-07,0.055737,0,87.333,0.16004,0.8533,479.4052,1399.1742
43.4415,11016.5366,39.3809,239.9967,9.1907,0.0012899,0.1338,1.1372,89.9899,0.18575,4.4364,5.7267,-6.8968,-27.8761,0.00026847,-1.4428,0.081751,7.59e-07,0.055748,0,87.4786,0.16002,0.8272,479.404,1399.1563
43.4498,11016.8647,39.3815,239.9973,9.1907,0.0012901,0.14328,0.45463,89.9914,0.22529,4.4363,5.7202,-8.0016,-27.9659,0.00027941,-1.4098,0.055271,7.5949e-07,0.055759,0,87.6243,0.16006,0.80065,479.4028,1399.1384
43.4582,11017.1929,39.3821,239.9982,9.1907,0.0013411,0.14707,-0.21423,89.9933,0.25202,4.4363,5.7044,-9.3572,-28.0521,0.00025146,-1.3772,0.027191,7.5998e-07,0.05577,0,87.77,0.16016,0.77375,479.4017,1399.1204
43.4665,11017.5211,39.3827,239.9992,9.1908,0.001436,0.14528,-0.86971,89.9954,0.26517,4.4363,5.6856,-10.8146,-28.1331,0.00014345,-1.3454,-0.0005612,7.6045e-07,0.05578,0,87.4203,0.16033,0.74654,479.4005,1399.1025
43.4748,11017.8493,39.3831,239.9992,9.1908,0.0015382,0.13803,-1.5121,89.9976,0.2649,4.4363,5.4674,-12.2569,-28.2052,-4.172e-06,-1.3145,-0.026481,7.6091e-07,0.055791,0,87.0707,0.16043,0.80975,479.3993,1399.0846
43.4832,11018.1775,39.3832,239.9986,9.1908,0.0016214,0.12543,-2.1418,89.9998,0.25209,4.4364,5.2563,-13.5925,-28.2696,-0.00017051,-1.2848,-0.049617,7.6135e-07,0.055802,0,86.7214,0.16048,0.8814,479.3982,1399.0666
43.4915,11018.5057,39.3832,239.9974,9.1908,0.001662,0.10758,-2.7591,90.0019,0.2281,4.4364,5.0545,-14.7635,-28.3272,-0.00024956,-1.2564,-0.069433,7.6179e-07,0.055813,0,86.6823,0.16044,0.95624,479.397,1399.0487
43.4998,11018.8339,39.3834,239.9968,9.1908,0.0016822,0.084592,-3.3643,90.0038,0.19452,4.4364,5.0551,-15.7374,-28.3837,-0.0002703,-1.2292,-0.08572,7.6221e-07,0.055824,0,86.8277,0.16043,0.94512,479.3958,1399.0308
43.5018,11018.8339,39.3834,239.9968,9.1908,0.0016822,0.084592,-3.3643,90.0038,0.19452,4.4364,5.0551,-15.7374,-28.3837,-0.0002703,-1.2292,-0.08572,7.6221e-07,0.055824,0,86.8277,0.16041,0.93007,479.3958,1399.0308
43.5018,11018.8339,39.3834,239.9968,9.1908,0.0016822,0.084592,-3.3643,90.0038,0.19452,4.4364,5.0551,-15.7374,-28.3837,-0.0002703,-1.2292,-0.08572,7.6221e-07,0.055824,0,86.8277,0.16041,0.93007,479.3958,1399.0308
43.5082,11019.1621,39.3836,239.9964,9.1909,0.0016875,0.056556,-3.9578,90.0054,0.15306,4.4364,5.0641,-16.5015,-28.4375,-0.0002189,-1.0533,-0.098515,7.6263e-07,0.055834,0,86.9732,0.16041,0.92556,479.3947,1399.0128
43.511,11019.1621,39.3836,239.9964,9.1909,0.0016875,0.056556,-3.9578,90.0054,0.15306,4.4364,5.0641,-16.5015,-28.4375,-0.0002189,-1.0533,-0.098515,7.6263e-07,0.055834,0,86.9732,0.16039,0.90967,479.3947,1399.0128
43.511,11019.1621,39.3836,239.9964,9.1909,0.0016875,0.056556,-3.9578,90.0054,0.15306,4.4364,5.0641,-16.5015,-28.4375,-0.0002189,-1.0533,-0.098515,7.6263e-07,0.055834,0,86.9732,0.16039,0.90967,479.3947,1399.0128
43.5165,11019.4902,39.3839,239.9962,9.1909,0.0016893,0.023575,-4.4683,90.0067,0.10542,4.4364,5.0799,-15.6981,-28.8659,-0.00014968,0.51756,-0.10803,7.6303e-07,0.055845,0,87.1187,0.1604,0.90277,479.3935,1398.9949
43.522,11019.4902,39.3839,239.9962,9.1909,0.0016893,0.023575,-4.4683,90.0067,0.10542,4.4364,5.0799,-15.6981,-28.8659,-0.00014968,0.51756,-0.10803,7.6303e-07,0.055845,0,87.1187,0.16036,0.88507,479.3935,1398.9949
43.5248,11019.8184,39.3842,239.9962,9.1909,0.0016731,-0.013661,-4.2296,90.0076,0.053167,4.4364,5.1034,-2.0351,-32.7987,-4.6919e-05,1.5756,-0.11458,7.6344e-07,0.055856,0,87.2643,0.16039,0.87837,479.3923,1398.977
43.5332,11020.1466,39.3846,239.9964,9.191,0.0016363,-0.048908,-3.4861,90.008,-0.0022475,4.4364,5.1343,7.1572,-35.4619,4.5451e-05,1.546,-0.11857,7.6384e-07,0.055867,0,87.4099,0.16037,0.85311,479.3911,1398.959
43.5358,11020.1466,39.3846,239.9964,9.191,0.0016363,-0.048908,-3.4861,90.008,-0.0022475,4.4364,5.1343,7.1572,-35.4619,4.5451e-05,1.546,-0.11857,7.6384e-07,0.055867,0,87.4099,0.16035,0.85494,479.3911,1398.959
43.5358,11020.1466,39.3846,239.9964,9.191,0.0016363,-0.048908,-3.4861,90.008,-0.0022475,4.4364,5.1343,7.1572,-35.4619,4.5451e-05,1.546,-0.11857,7.6384e-07,0.055867,0,87.4099,0.16035,0.85494,479.3911,1398.959
43.5415,11020.4749,39.3851,239.9968,9.191,0.0015799,-0.077958,-2.7571,90.008,-0.059593,4.4364,5.172,6.6392,-35.4036,0.00011471,1.5164,-0.11958,7.6425e-07,0.055878,0,87.5555,0.16035,0.8273,479.39,1398.9411
43.5472,11020.4749,39.3851,239.9968,9.191,0.0015799,-0.077958,-2.7571,90.008,-0.059593,4.4364,5.172,6.6392,-35.4036,0.00011471,1.5164,-0.11958,7.6425e-07,0.055878,0,87.5555,0.1603,0.84174,479.39,1398.9411
43.5491,11020.4749,39.3851,239.9968,9.191,0.0015799,-0.077958,-2.7571,90.008,-0.059593,4.4364,5.172,6.6392,-35.4036,0.00011471,1.5164,-0.11958,7.6425e-07,0.055878,0,87.5555,0.16028,0.84512,479.39,1398.9411
43.5491,11020.4749,39.3851,239.9968,9.191,0.0015799,-0.077958,-2.7571,90.008,-0.059593,4.4364,5.172,6.6392,-35.4036,0.00011471,1.5164,-0.11958,7.6425e-07,0.055878,0,87.5555,0.16028,0.84512,479.39,1398.9411
43.5498,11020.8031,39.3857,239.9975,9.191,0.0015105,-0.10093,-2.0423,90.0075,-0.11743,4.4364,5.2179,6.3065,-35.342,0.00016123,1.4852,-0.11001,7.6466e-07,0.055888,0,87.7012,0.16032,0.80105,479.3888,1398.9232
43.5505,11020.8031,39.3857,239.9975,9.191,0.0015105,-0.10093,-2.0423,90.0075,-0.11743,4.4364,5.2179,6.3065,-35.342,0.00016123,1.4852,-0.11001,7.6466e-07,0.055888,0,87.7012,0.16031,0.8051,479.3888,1398.9232
43.5519,11020.8031,39.3857,239.9975,9.191,0.0015105,-0.10093,-2.0423,90.0075,-0.11743,4.4364,5.2179,6.3065,-35.342,0.00016123,1.4852,-0.11001,7.6466e-07,0.055888,0,87.7012,0.1603,0.8124,479.3888,1398.9232
43.5548,11020.8031,39.3857,239.9975,9.191,0.0015105,-0.10093,-2.0423,90.0075,-0.11743,4.4364,5.2179,6.3065,-35.342,0.00016123,1.4852,-0.11001,7.6466e-07,0.055888,0,87.7012,0.16028,0.82423,479.3888,1398.9232
43.5582,11021.1313,39.3863,239.9983,9.191,0.0014449,-0.11795,-1.3417,90.0065,-0.17064,4.4364,5.291,6.6216,-35.2738,0.00018323,1.4526,-0.089374,7.6508e-07,0.055899,0,87.8469,0.16031,0.77442,479.3876,1398.9052
43.5665,11021.4595,39.387,239.9994,9.191,0.0014033,-0.12913,-0.65503,90.0051,-0.21386,4.4364,5.3927,7.6147,-35.199,0.00013684,1.4196,-0.063693,7.655e-07,0.05591,0,87.4971,0.16034,0.74742,479.3865,1398.8873
43.5748,11021.7877,39.3873,239.9994,9.1911,0.0013771,-0.13459,0.017854,90.0033,-0.24467,4.4364,5.3069,8.92,-35.1176,5.4478e-05,1.3868,-0.035789,7.6594e-07,0.055921,0,87.1476,0.16032,0.81076,479.3853,1398.8694
43.5832,11022.116,39.3875,239.9988,9.1911,0.0013636,-0.13444,0.67725,90.0013,-0.26198,4.4364,5.2295,10.366,-35.0324,-5.5143e-05,1.3547,-0.007682,7.6639e-07,0.055932,0,86.7984,0.16027,0.88249,479.3841,1398.8514
43.5915,11022.4442,39.3875,239.9975,9.1911,0.0013545,-0.1288,1.3235,89.9991,-0.2657,4.4364,5.1552,11.8304,-34.9447,-9.7071e-05,1.3235,0.018963,7.6685e-07,0.055942,0,86.7532,0.16018,0.95736,479.383,1398.8335
43.5998,11022.7724,39.3876,239.9969,9.1911,0.0013773,-0.11777,1.9569,89.9969,-0.25653,4.4365,5.2717,13.2117,-34.8607,-0.00010855,1.2934,0.043043,7.6732e-07,0.055953,0,86.8986,0.16017,0.94626,479.3818,1398.8156
43.6082,11023.1006,39.3878,239.9965,9.1912,0.0014339,-0.10146,2.5778,89.9947,-0.23571,4.4365,5.3819,14.4431,-34.7786,-8.9335e-05,1.2646,0.063916,7.678e-07,0.055964,0,87.0441,0.1602,0.92673,479.3806,1398.7976
43.6165,11023.4289,39.3881,239.9963,9.1912,0.0015211,-0.079983,3.1865,89.9928,-0.2048,4.4365,5.4839,15.4853,-34.6984,-8.7106e-05,1.2371,0.081284,7.6829e-07,0.055975,0,87.1896,0.16028,0.90337,479.3795,1398.7797
43.6239,11023.4289,39.3881,239.9963,9.1912,0.0015211,-0.079983,3.1865,89.9928,-0.2048,4.4365,5.4839,15.4853,-34.6984,-8.7106e-05,1.2371,0.081284,7.6829e-07,0.055975,0,87.1896,0.16022,0.88111,479.3795,1398.7797
43.6239,11023.4289,39.3881,239.9963,9.1912,0.0015211,-0.079983,3.1865,89.9928,-0.2048,4.4365,5.4839,15.4853,-34.6984,-8.7106e-05,1.2371,0.081284,7.6829e-07,0.055975,0,87.1896,0.16022,0.88111,479.3795,1398.7797
43.6248,11023.7571,39.3885,239.9963,9.1912,0.0016094,-0.053428,3.7834,89.9911,-0.16549,4.4365,5.5775,16.3201,-34.6175,-8.0086e-05,1.1766,0.095118,7.6879e-07,0.055986,0,87.3352,0.16037,0.87825,479.3783,1398.7618
43.6251,11023.7571,39.3885,239.9963,9.1912,0.0016094,-0.053428,3.7834,89.9911,-0.16549,4.4365,5.5775,16.3201,-34.6175,-8.0086e-05,1.1766,0.095118,7.6879e-07,0.055986,0,87.3352,0.16037,0.87783,479.3783,1398.7618
43.6251,11023.7571,39.3885,239.9963,9.1912,0.0016094,-0.053428,3.7834,89.9911,-0.16549,4.4365,5.5775,16.3201,-34.6175,-8.0086e-05,1.1766,0.095118,7.6879e-07,0.055986,0,87.3352,0.16037,0.87783,479.3783,1398.7618
43.6259,11023.7571,39.3885,239.9963,9.1912,0.0016094,-0.053428,3.7834,89.9911,-0.16549,4.4365,5.5775,16.3201,-34.6175,-8.0086e-05,1.1766,0.095118,7.6879e-07,0.055986,0,87.3352,0.16036,0.87642,479.3783,1398.7618
43.6268,11023.7571,39.3885,239.9963,9.1912,0.0016094,-0.053428,3.7834,89.9911,-0.16549,4.4365,5.5775,16.3201,-34.6175,-8.0086e-05,1.1766,0.095118,7.6879e-07,0.055986,0,87.3352,0.16035,0.87512,479.3783,1398.7618
43.6286,11023.7571,39.3885,239.9963,9.1912,0.0016094,-0.053428,3.7834,89.9911,-0.16549,4.4365,5.5775,16.3201,-34.6175,-8.0086e-05,1.1766,0.095118,7.6879e-07,0.055986,0,87.3352,0.16034,0.87285,479.3783,1398.7618
43.6321,11023.7571,39.3885,239.9963,9.1912,0.0016094,-0.053428,3.7834,89.9911,-0.16549,4.4365,5.5775,16.3201,-34.6175,-8.0086e-05,1.1766,0.095118,7.6879e-07,0.055986,0,87.3352,0.16031,0.86934,479.3783,1398.7618
43.6332,11024.0853,39.3889,239.9966,9.1912,0.0016784,-0.0219,4.3526,89.9897,-0.11948,4.4365,5.6612,16.6356,-34.4522,-6.5546e-05,0.010494,0.10559,7.693e-07,0.055996,0,87.4808,0.16046,0.85263,479.3771,1398.7438
43.6385,11024.0853,39.3889,239.9966,9.1912,0.0016784,-0.0219,4.3526,89.9897,-0.11948,4.4365,5.6612,16.6356,-34.4522,-6.5546e-05,0.010494,0.10559,7.693e-07,0.055996,0,87.4808,0.16041,0.85604,479.3771,1398.7438
43.6415,11024.4136,39.3894,239.997,9.1913,0.0017092,0.014372,4.3657,89.9887,-0.068416,4.4365,5.7357,6.7038,-31.534,-2.3894e-05,-1.5809,0.113,7.698e-07,0.056007,0,87.6264,0.16052,0.82685,479.3759,1398.7259
43.6498,11024.7418,39.3899,239.9976,9.1913,0.0016929,0.050753,3.6197,89.9881,-0.013768,4.4365,5.8023,-7.2835,-27.5707,2.7723e-05,-1.5514,0.1177,7.7031e-07,0.056018,0,87.7721,0.16055,0.80078,479.3748,1398.708
43.6512,11024.7418,39.3899,239.9976,9.1913,0.0016929,0.050753,3.6197,89.9881,-0.013768,4.4365,5.8023,-7.2835,-27.5707,2.7723e-05,-1.5514,0.1177,7.7031e-07,0.056018,0,87.7721,0.16053,0.8086,479.3748,1398.708
43.6512,11024.7418,39.3899,239.9976,9.1913,0.0016929,0.050753,3.6197,89.9881,-0.013768,4.4365,5.8023,-7.2835,-27.5707,2.7723e-05,-1.5514,0.1177,7.7031e-07,0.056018,0,87.7721,0.16053,0.8086,479.3748,1398.708
43.6582,11025.0701,39.3905,239.9985,9.1913,0.0016339,0.080916,2.888,89.988,0.043159,4.4365,5.8624,-6.7286,-27.6582,6.6716e-05,-1.5219,0.11993,7.7082e-07,0.056029,0,87.8798,0.16055,0.77442,479.3736,1398.69
43.664,11025.0701,39.3905,239.9985,9.1913,0.0016339,0.080916,2.888,89.988,0.043159,4.4365,5.8624,-6.7286,-27.6582,6.6716e-05,-1.5219,0.11993,7.7082e-07,0.056029,0,87.8798,0.1605,0.8124,479.3736,1398.69
43.664,11025.0701,39.3905,239.9985,9.1913,0.0016339,0.080916,2.888,89.988,0.043159,4.4365,5.8624,-6.7286,-27.6582,6.6716e-05,-1.5219,0.11993,7.7082e-07,0.056029,0,87.8798,0.1605,0.8124,479.3736,1398.69
43.6665,11025.3983,39.3912,239.9995,9.1913,0.0015429,0.10498,2.1707,89.9884,0.10116,4.4364,5.917,-6.3268,-27.7431,5.2659e-05,-1.4913,0.11397,7.7132e-07,0.05604,0,87.5301,0.16053,0.74771,479.3724,1398.6721
43.669,11025.3983,39.3912,239.9995,9.1913,0.0015429,0.10498,2.1707,89.9884,0.10116,4.4364,5.917,-6.3268,-27.7431,5.2659e-05,-1.4913,0.11397,7.7132e-07,0.05604,0,87.5301,0.16051,0.77209,479.3724,1398.6721
43.6739,11025.3983,39.3912,239.9995,9.1913,0.0015429,0.10498,2.1707,89.9884,0.10116,4.4364,5.917,-6.3268,-27.7431,5.2659e-05,-1.4913,0.11397,7.7132e-07,0.05604,0,87.5301,0.16046,0.80604,479.3724,1398.6721
43.6748,11025.7266,39.3916,239.9995,9.1914,0.0014196,0.12307,1.4674,89.9892,0.15629,4.4364,5.751,-6.4258,-27.8259,1.5555e-05,-1.4588,0.09505,7.7182e-07,0.05605,0,87.1806,0.16041,0.8113,479.3713,1398.6542
43.6796,11025.7266,39.3916,239.9995,9.1914,0.0014196,0.12307,1.4674,89.9892,0.15629,4.4364,5.751,-6.4258,-27.8259,1.5555e-05,-1.4588,0.09505,7.7182e-07,0.05605,0,87.1806,0.16037,0.82947,479.3713,1398.6542
43.6832,11026.0549,39.3918,239.9989,9.1914,0.001287,0.1353,0.77824,89.9905,0.20226,4.4364,5.5553,-7.3158,-27.9103,-3.8095e-05,-1.4259,0.070152,7.723e-07,0.056061,0,86.8314,0.16024,0.88323,479.3701,1398.6362
43.6915,11026.3831,39.3917,239.9976,9.1914,0.0011633,0.14179,0.10286,89.9922,0.23619,4.4365,5.3474,-8.5731,-27.9933,-1.9418e-05,-1.393,0.042557,7.7277e-07,0.056072,0,86.7913,0.16005,0.95824,479.3689,1398.6183
43.6998,11026.7114,39.3919,239.997,9.1914,0.0010999,0.14264,-0.55897,89.9942,0.25677,4.4365,5.3273,-9.9986,-28.0781,2.2372e-05,-1.3607,0.014285,7.7324e-07,0.056083,0,86.9367,0.15995,0.94725,479.3678,1398.6004
43.7082,11027.0397,39.3921,239.9966,9.1914,0.0011148,0.13799,-1.2076,89.9963,0.26368,4.4365,5.3059,-11.47,-28.1606,7.6655e-05,-1.3293,-0.012847,7.7369e-07,0.056094,0,87.0822,0.15994,0.92778,479.3666,1398.5825
43.7165,11027.3679,39.3924,239.9964,9.1915,0.0012108,0.12792,-1.8433,89.9985,0.25747,4.4365,5.2877,-12.8769,-28.2391,8.7233e-05,-1.299,-0.03762,7.7412e-07,0.056104,0,87.2277,0.16002,0.90447,479.3654,1398.5645
43.7248,11027.6962,39.3927,239.9964,9.1915,0.0013559,0.11256,-2.4664,90.0007,0.23927,4.4365,5.276,-14.1453,-28.3097,6.5179e-05,-1.2699,-0.059297,7.7455e-07,0.056115,0,87.3733,0.16017,0.87938,479.3643,1398.5466
43.7332,11028.0245,39.3931,239.9966,9.1915,0.0015172,0.092008,-3.0773,90.0026,0.2106,4.4365,5.2725,-15.2302,-28.3727,1.4326e-05,-1.2421,-0.077505,7.7496e-07,0.056126,0,87.5188,0.16034,0.8534,479.3631,1398.5287
43.7386,11028.0245,39.3931,239.9966,9.1915,0.0015172,0.092008,-3.0773,90.0026,0.2106,4.4365,5.2725,-15.2302,-28.3727,1.4326e-05,-1.2421,-0.077505,7.7496e-07,0.056126,0,87.5188,0.1603,0.85656,479.3631,1398.5287
43.7386,11028.0245,39.3931,239.9966,9.1915,0.0015172,0.092008,-3.0773,90.0026,0.2106,4.4365,5.2725,-15.2302,-28.3727,1.4326e-05,-1.2421,-0.077505,7.7496e-07,0.056126,0,87.5188,0.1603,0.85656,479.3631,1398.5287
43.7415,11028.3527,39.3936,239.9971,9.1915,0.00166,0.066364,-3.6764,90.0044,0.17311,4.4365,5.278,-16.1089,-28.428,-4.1907e-05,-1.2155,-0.092161,7.7537e-07,0.056137,0,87.6645,0.16052,0.82694,479.3619,1398.5107
43.7444,11028.3527,39.3936,239.9971,9.1915,0.00166,0.066364,-3.6764,90.0044,0.17311,4.4365,5.278,-16.1089,-28.428,-4.1907e-05,-1.2155,-0.092161,7.7537e-07,0.056137,0,87.6645,0.16049,0.83538,479.3619,1398.5107
43.7498,11028.3527,39.3936,239.9971,9.1915,0.00166,0.066364,-3.6764,90.0044,0.17311,4.4365,5.278,-16.1089,-28.428,-4.1907e-05,-1.2155,-0.092161,7.7537e-07,0.056137,0,87.6645,0.16045,0.84593,479.3619,1398.5107
43.7498,11028.3527,39.3936,239.9971,9.1915,0.00166,0.066364,-3.6764,90.0044,0.17311,4.4365,5.278,-16.1089,-28.428,-4.1907e-05,-1.2155,-0.092161,7.7537e-07,0.056137,0,87.6645,0.16045,0.84593,479.3619,1398.5107
43.7498,11028.681,39.3941,239.9977,9.1915,0.0017588,0.035727,-4.2639,90.0058,0.12854,4.4365,5.2918,-16.7763,-28.4771,-8.2268e-05,-0.29082,-0.1034,7.7577e-07,0.056148,0,87.8101,0.16066,0.80039,479.3607,1398.4928
43.7499,11028.681,39.3941,239.9977,9.1915,0.0017588,0.035727,-4.2639,90.0058,0.12854,4.4365,5.2918,-16.7763,-28.4771,-8.2268e-05,-0.29082,-0.1034,7.7577e-07,0.056148,0,87.8101,0.16066,0.80077,479.3607,1398.4928
43.75,11028.681,39.3941,239.9977,9.1915,0.0017588,0.035727,-4.2639,90.0058,0.12854,4.4365,5.2918,-16.7763,-28.4771,-8.2268e-05,-0.29082,-0.1034,7.7577e-07,0.056148,0,87.8101,0.16066,0.80151,479.3607,1398.4928
43.7503,11028.681,39.3941,239.9977,9.1915,0.0017588,0.035727,-4.2639,90.0058,0.12854,4.4365,5.2918,-16.7763,-28.4771,-8.2268e-05,-0.29082,-0.1034,7.7577e-07,0.056148,0,87.8101,0.16066,0.80296,479.3607,1398.4928
43.7508,11028.681,39.3941,239.9977,9.1915,0.0017588,0.035727,-4.2639,90.0058,0.12854,4.4365,5.2918,-16.7763,-28.4771,-8.2268e-05,-0.29082,-0.1034,7.7577e-07,0.056148,0,87.8101,0.16065,0.80577,479.3607,1398.4928
43.7518,11028.681,39.3941,239.9977,9.1915,0.0017588,0.035727,-4.2639,90.0058,0.12854,4.4365,5.2918,-16.7763,-28.4771,-8.2268e-05,-0.29082,-0.1034,7.7577e-07,0.056148,0,87.8101,0.16064,0.81097,479.3607,1398.4928
43.7538,11028.681,39.3941,239.9977,9.1915,0.0017588,0.035727,-4.2639,90.0058,0.12854,4.4365,5.2918,-16.7763,-28.4771,-8.2268e-05,-0.29082,-0.1034,7.7577e-07,0.056148,0,87.8101,0.16063,0.81994,479.3607,1398.4928
43.7577,11028.681,39.3941,239.9977,9.1915,0.0017588,0.035727,-4.2639,90.0058,0.12854,4.4365,5.2918,-16.7763,-28.4771,-8.2268e-05,-0.29082,-0.1034,7.7577e-07,0.056148,0,87.8101,0.16059,0.833,479.3607,1398.4928
43.7577,11028.681,39.3941,239.9977,9.1915,0.0017588,0.035727,-4.2639,90.0058,0.12854,4.4365,5.2918,-16.7763,-28.4771,-8.2268e-05,-0.29082,-0.1034,7.7577e-07,0.056148,0,87.8101,0.16059,0.833,479.3607,1398.4928
43.7582,11029.0093,39.3948,239.9986,9.1916,0.0017984,0.00019488,-4.4107,90.0069,0.078534,4.4365,5.3129,-9.0821,-30.78,-8.6363e-05,1.3543,-0.11146,7.7616e-07,0.056158,0,87.8855,0.16076,0.77404,479.3596,1398.4749
43.7586,11029.0093,39.3948,239.9986,9.1916,0.0017984,0.00019488,-4.4107,90.0069,0.078534,4.4365,5.3129,-9.0821,-30.78,-8.6363e-05,1.3543,-0.11146,7.7616e-07,0.056158,0,87.8855,0.16076,0.77812,479.3596,1398.4749
43.7596,11029.0093,39.3948,239.9986,9.1916,0.0017984,0.00019488,-4.4107,90.0069,0.078534,4.4365,5.3129,-9.0821,-30.78,-8.6363e-05,1.3543,-0.11146,7.7616e-07,0.056158,0,87.8855,0.16075,0.78572,479.3596,1398.4749
43.7616,11029.0093,39.3948,239.9986,9.1916,0.0017984,0.00019488,-4.4107,90.0069,0.078534,4.4365,5.3129,-9.0821,-30.78,-8.6363e-05,1.3543,-0.11146,7.7616e-07,0.056158,0,87.8855,0.16073,0.79886,479.3596,1398.4749
43.7655,11029.0093,39.3948,239.9986,9.1916,0.0017984,0.00019488,-4.4107,90.0069,0.078534,4.4365,5.3129,-9.0821,-30.78,-8.6363e-05,1.3543,-0.11146,7.7616e-07,0.056158,0,87.8855,0.1607,0.81857,479.3596,1398.4749
43.7665,11029.3376,39.3955,239.9996,9.1916,0.0017729,-0.036561,-3.7727,90.0076,0.024628,4.4365,5.3416,5.3433,-34.9033,-0.00010453,1.5574,-0.11678,7.7655e-07,0.056169,0,87.5358,0.16081,0.7475,479.3584,1398.4569
43.7672,11029.3376,39.3955,239.9996,9.1916,0.0017729,-0.036561,-3.7727,90.0076,0.024628,4.4365,5.3416,5.3433,-34.9033,-0.00010453,1.5574,-0.11678,7.7655e-07,0.056169,0,87.5358,0.1608,0.75532,479.3584,1398.4569
43.7672,11029.3376,39.3955,239.9996,9.1916,0.0017729,-0.036561,-3.7727,90.0076,0.024628,4.4365,5.3416,5.3433,-34.9033,-0.00010453,1.5574,-0.11678,7.7655e-07,0.056169,0,87.5358,0.1608,0.75532,479.3584,1398.4569
43.7724,11029.3376,39.3955,239.9996,9.1916,0.0017729,-0.036561,-3.7727,90.0076,0.024628,4.4365,5.3416,5.3433,-34.9033,-0.00010453,1.5574,-0.11678,7.7655e-07,0.056169,0,87.5358,0.16076,0.79712,479.3584,1398.4569
43.7748,11029.6659,39.3958,239.9996,9.1916,0.0016702,-0.068,-3.0381,90.0078,-0.03185,4.4365,5.1765,6.8541,-35.4211,-0.0001317,1.5279,-0.11969,7.7695e-07,0.05618,0,87.1863,0.16071,0.81132,479.3572,1398.439
43.7798,11029.6659,39.3958,239.9996,9.1916,0.0016702,-0.068,-3.0381,90.0078,-0.03185,4.4365,5.1765,6.8541,-35.4211,-0.0001317,1.5279,-0.11969,7.7695e-07,0.05618,0,87.1863,0.16067,0.83029,479.3572,1398.439
43.7798,11029.6659,39.3958,239.9996,9.1916,0.0016702,-0.068,-3.0381,90.0078,-0.03185,4.4365,5.1765,6.8541,-35.4211,-0.0001317,1.5279,-0.11969,7.7695e-07,0.05618,0,87.1863,0.16067,0.83029,479.3572,1398.439
43.7832,11029.9942,39.396,239.999,9.1917,0.0015003,-0.093318,-2.3179,90.0075,-0.089738,4.4365,5.02,6.4042,-35.3548,-0.00015917,1.4976,-0.1157,7.7734e-07,0.056191,0,86.8371,0.16051,0.88351,479.3561,1398.4211
43.7865,11029.9942,39.396,239.999,9.1917,0.0015003,-0.093318,-2.3179,90.0075,-0.089738,4.4365,5.02,6.4042,-35.3548,-0.00015917,1.4976,-0.1157,7.7734e-07,0.056191,0,86.8371,0.16049,0.87679,479.3561,1398.4211
43.7915,11030.3225,39.396,239.9977,9.1917,0.0012859,-0.11263,-1.6117,90.0068,-0.1457,4.4365,4.8832,6.3781,-35.2846,-0.00010021,1.4655,-0.099043,7.7775e-07,0.056202,0,86.7926,0.16023,0.95876,479.3549,1398.4031
43.7998,11030.6508,39.3961,239.9971,9.1917,0.0011002,-0.12606,-0.91968,90.0055,-0.1936,4.4365,4.9725,7.1273,-35.2132,-5.3503e-06,1.4326,-0.075171,7.7816e-07,0.056212,0,86.938,0.16001,0.948,479.3537,1398.3852
43.8082,11030.9791,39.3964,239.9967,9.1917,0.00098836,-0.13373,-0.2415,90.0039,-0.22996,4.4365,5.0803,8.3202,-35.1404,0.00010997,1.3997,-0.048048,7.7858e-07,0.056223,0,87.0835,0.15988,0.92871,479.3526,1398.3673
43.8165,11031.3074,39.3966,239.9964,9.1917,0.00097854,-0.13574,0.42309,90.002,-0.2532,4.4365,5.1967,9.7165,-35.0669,0.00017876,1.3673,-0.019848,7.7902e-07,0.056234,0,87.229,0.15986,0.90552,479.3514,1398.3493
43.8248,11031.6357,39.397,239.9964,9.1918,0.0010574,-0.13221,1.0744,89.9999,-0.2628,4.4366,5.3166,11.1843,-34.9898,0.00020075,1.3357,0.0075619,7.7946e-07,0.056245,0,87.3745,0.15994,0.8805,479.3502,1398.3314
43.8332,11031.964,39.3974,239.9967,9.1918,0.0012016,-0.12326,1.7127,89.9977,-0.25914,4.4366,5.4355,12.61,-34.9096,0.0001703,1.3052,0.032833,7.7991e-07,0.056256,0,87.5201,0.16009,0.85457,479.3491,1398.3135
43.8415,11032.2923,39.3978,239.9971,9.1918,0.0013764,-0.10899,2.3384,89.9956,-0.24326,4.4366,5.5496,13.9116,-34.8265,0.00010089,1.2758,0.055139,7.8038e-07,0.056266,0,87.6657,0.1603,0.82812,479.3479,1398.2955
43.8498,11032.6206,39.3984,239.9977,9.1918,0.0015474,-0.089502,2.9518,89.9935,-0.2166,4.4366,5.6569,15.0388,-34.7415,9.4677e-06,1.2478,0.074039,7.8086e-07,0.056277,0,87.8113,0.16051,0.80134,479.3467,1398.2776
43.8525,11032.6206,39.3984,239.9977,9.1918,0.0015474,-0.089502,2.9518,89.9935,-0.2166,4.4366,5.6569,15.0388,-34.7415,9.4677e-06,1.2478,0.074039,7.8086e-07,0.056277,0,87.8113,0.16049,0.81535,479.3467,1398.2776
43.8525,11032.6206,39.3984,239.9977,9.1918,0.0015474,-0.089502,2.9518,89.9935,-0.2166,4.4366,5.6569,15.0388,-34.7415,9.4677e-06,1.2478,0.074039,7.8086e-07,0.056277,0,87.8113,0.16049,0.81535,479.3467,1398.2776
43.8582,11032.949,39.399,239.9986,9.1918,0.0016837,-0.064904,3.5533,89.9917,-0.18079,4.4366,5.7559,15.9646,-34.6555,-8.1221e-05,1.2209,0.089396,7.8134e-07,0.056288,0,87.957,0.1607,0.77432,479.3455,1398.2597
43.8635,11032.949,39.399,239.9986,9.1918,0.0016837,-0.064904,3.5533,89.9917,-0.18079,4.4366,5.7559,15.9646,-34.6555,-8.1221e-05,1.2209,0.089396,7.8134e-07,0.056288,0,87.957,0.16066,0.80956,479.3455,1398.2597
43.8635,11032.949,39.399,239.9986,9.1918,0.0016837,-0.064904,3.5533,89.9917,-0.18079,4.4366,5.7559,15.9646,-34.6555,-8.1221e-05,1.2209,0.089396,7.8134e-07,0.056288,0,87.957,0.16066,0.80956,479.3455,1398.2597
43.8665,11033.2773,39.3997,239.9997,9.1919,0.0017635,-0.035293,4.1432,89.9902,-0.13755,4.4365,5.8458,16.6806,-34.5698,-0.00018787,0.66588,0.1013,7.8184e-07,0.056299,0,87.6073,0.16086,0.74715,479.3444,1398.2417
43.8695,11033.2773,39.3997,239.9997,9.1919,0.0017635,-0.035293,4.1432,89.9902,-0.13755,4.4365,5.8458,16.6806,-34.5698,-0.00018787,0.66588,0.1013,7.8184e-07,0.056299,0,87.6073,0.16083,0.77654,479.3444,1398.2417
43.8719,11033.2773,39.3997,239.9997,9.1919,0.0017635,-0.035293,4.1432,89.9902,-0.13755,4.4365,5.8458,16.6806,-34.5698,-0.00018787,0.66588,0.1013,7.8184e-07,0.056299,0,87.6073,0.16081,0.79391,479.3444,1398.2417
43.8719,11033.2773,39.3997,239.9997,9.1919,0.0017635,-0.035293,4.1432,89.9902,-0.13755,4.4365,5.8458,16.6806,-34.5698,-0.00018787,0.66588,0.1013,7.8184e-07,0.056299,0,87.6073,0.16081,0.79391,479.3444,1398.2417
43.8748,11033.6056,39.4001,239.9996,9.1919,0.0017563,-0.00076678,4.4689,89.9891,-0.088561,4.4365,5.7247,12.3857,-33.1657,-0.00026379,-0.97854,0.10997,7.8233e-07,0.05631,0,87.2579,0.16086,0.81094,479.3432,1398.2238
43.8778,11033.6056,39.4001,239.9996,9.1919,0.0017563,-0.00076678,4.4689,89.9891,-0.088561,4.4365,5.7247,12.3857,-33.1657,-0.00026379,-0.97854,0.10997,7.8233e-07,0.05631,0,87.2579,0.16083,0.82333,479.3432,1398.2238
43.8832,11033.9339,39.4002,239.999,9.1919,0.0016537,0.036474,4.0102,89.9883,-0.035375,4.4365,5.5972,-2.0024,-29.0569,-0.00029524,-1.5668,0.11583,7.8283e-07,0.05632,0,86.9087,0.16073,0.88322,479.342,1398.2059
43.8915,11034.2623,39.4002,239.9978,9.1919,0.0014657,0.069892,3.2711,89.988,0.020643,4.4366,5.4644,-6.983,-27.5959,-0.00022367,-1.5372,0.1192,7.8333e-07,0.056331,0,86.7656,0.16047,0.95869,479.3409,1398.1879
43.8954,11034.2623,39.4002,239.9978,9.1919,0.0014657,0.069892,3.2711,89.988,0.020643,4.4366,5.4644,-6.983,-27.5959,-0.00022367,-1.5372,0.1192,7.8333e-07,0.056331,0,86.7656,0.16044,0.92677,479.3409,1398.1879
43.8954,11034.2623,39.4002,239.9978,9.1919,0.0014657,0.069892,3.2711,89.988,0.020643,4.4366,5.4644,-6.983,-27.5959,-0.00022367,-1.5372,0.1192,7.8333e-07,0.056331,0,86.7656,0.16044,0.92677,479.3409,1398.1879
43.8998,11034.5906,39.4004,239.9971,9.192,0.0012527,0.097151,2.5463,89.9882,0.078293,4.4366,5.5195,-6.5101,-27.6834,-0.00010153,-1.5072,0.11762,7.8382e-07,0.056342,0,86.911,0.16023,0.94816,479.3397,1398.17
43.9042,11034.5906,39.4004,239.9971,9.192,0.0012527,0.097151,2.5463,89.9882,0.078293,4.4366,5.5195,-6.5101,-27.6834,-0.00010153,-1.5072,0.11762,7.8382e-07,0.056342,0,86.911,0.16019,0.91696,479.3397,1398.17
43.9082,11034.9189,39.4006,239.9967,9.192,0.0010595,0.11837,1.8357,89.9889,0.13518,4.4366,5.5625,-6.3408,-27.7732,5.4932e-05,-1.4755,0.10423,7.8431e-07,0.056353,0,87.0565,0.16001,0.92916,479.3385,1398.1521
43.9165,11035.2473,39.4009,239.9965,9.192,0.00093404,0.13367,1.1393,89.99,0.18559,4.4366,5.5764,-6.8929,-27.8676,0.00017672,-1.4427,0.081824,7.8479e-07,0.056364,0,87.202,0.15988,0.90623,479.3374,1398.1341
43.9248,11035.5756,39.4012,239.9965,9.192,0.00089044,0.14316,0.45678,89.9915,0.22517,4.4366,5.5686,-7.9966,-27.9612,0.00025956,-1.4098,0.055354,7.8525e-07,0.056374,0,87.3475,0.15984,0.88142,479.3362,1398.1162
43.9332,11035.904,39.4016,239.9967,9.192,0.00093182,0.14697,-0.21206,89.9934,0.25194,4.4366,5.5517,-9.3516,-28.0512,0.00028778,-1.3772,0.027279,7.8571e-07,0.056385,0,87.493,0.15989,0.85562,479.335,1398.0983
43.9415,11036.2323,39.4021,239.9971,9.1921,0.0010439,0.1452,-0.86751,89.9955,0.26513,4.4366,5.5316,-10.8088,-28.1351,0.00026282,-1.3453,-0.00047386,7.8615e-07,0.056396,0,87.6386,0.16003,0.82926,479.3338,1398.0804
43.9498,11036.5607,39.4026,239.9977,9.1921,0.0012029,0.13797,-1.5099,89.9977,0.26491,4.4366,5.5133,-12.2511,-28.2119,0.00019158,-1.3145,-0.026399,7.8658e-07,0.056407,0,87.7843,0.16023,0.80254,479.3327,1398.0624
43.9582,11036.889,39.4032,239.9986,9.1921,0.0013794,0.12539,-2.1396,89.9999,0.25214,4.4366,5.5002,-13.5871,-28.281,8.8353e-05,-1.2848,-0.049543,7.87e-07,0.056418,0,87.9299,0.16047,0.77553,479.3315,1398.0445
43.9665,11037.2174,39.4039,239.9996,9.1921,0.0015435,0.10756,-2.7568,90.002,0.22818,4.4366,5.4946,-14.7589,-28.3427,-7.2876e-05,-1.2564,-0.069371,7.8741e-07,0.056428,0,87.5803,0.1607,0.74827,479.3303,1398.0266
43.9748,11037.5458,39.4043,239.9996,9.1921,0.0016479,0.084587,-3.3621,90.0039,0.19463,4.4366,5.2968,-15.7338,-28.3948,-0.0002398,-1.2292,-0.085669,7.878e-07,0.056439,0,87.2309,0.16081,0.81137,479.3292,1398.0086
43.9767,11037.5458,39.4043,239.9996,9.1921,0.0016479,0.084587,-3.3621,90.0039,0.19463,4.4366,5.2968,-15.7338,-28.3948,-0.0002398,-1.2292,-0.085669,7.878e-07,0.056439,0,87.2309,0.1608,0.8198,479.3292,1398.0086
43.9767,11037.5458,39.4043,239.9996,9.1921,0.0016479,0.084587,-3.3621,90.0039,0.19463,4.4366,5.2968,-15.7338,-28.3948,-0.0002398,-1.2292,-0.085669,7.878e-07,0.056439,0,87.2309,0.1608,0.8198,479.3292,1398.0086
43.9832,11037.8741,39.4044,239.999,9.1922,0.0016677,0.05657,-3.9556,90.0056,0.1532,4.4366,5.1098,-16.4987,-28.4403,-0.0003751,-1.0549,-0.098475,7.8819e-07,0.05645,0,86.8817,0.1608,0.88293,479.328,1397.9907
43.9859,11037.8741,39.4044,239.999,9.1922,0.0016677,0.05657,-3.9556,90.0056,0.1532,4.4366,5.1098,-16.4987,-28.4403,-0.0003751,-1.0549,-0.098475,7.8819e-07,0.05645,0,86.8817,0.16078,0.87731,479.328,1397.9907
43.9859,11037.8741,39.4044,239.999,9.1922,0.0016677,0.05657,-3.9556,90.0056,0.1532,4.4366,5.1098,-16.4987,-28.4403,-0.0003751,-1.0549,-0.098475,7.8819e-07,0.05645,0,86.8817,0.16078,0.87731,479.328,1397.9907
43.9915,11038.2025,39.4044,239.9977,9.1922,0.001595,0.023607,-4.4669,90.0068,0.10557,4.4366,4.9319,-15.7102,-28.854,-0.00037791,0.51137,-0.108,7.8857e-07,0.056461,0,86.7959,0.16066,0.95824,479.3268,1397.9728
43.997,11038.2025,39.4044,239.9977,9.1922,0.001595,0.023607,-4.4669,90.0068,0.10557,4.4366,4.9319,-15.7102,-28.854,-0.00037791,0.51137,-0.108,7.8857e-07,0.056461,0,86.7959,0.16062,0.91661,479.3268,1397.9728
43.9998,11038.5309,39.4046,239.9971,9.1922,0.00147,-0.013617,-4.2311,90.0077,0.053337,4.4366,4.9551,-2.0892,-32.7711,-0.00027691,1.5755,-0.11456,7.8895e-07,0.056472,0,86.9412,0.16051,0.94784,479.3257,1397.9548
44.0082,11038.8592,39.4048,239.9967,9.1922,0.0013236,-0.048876,-3.4877,90.0082,-0.0020659,4.4366,4.9851,7.1577,-35.4493,-0.00011673,1.5459,-0.11855,7.8932e-07,0.056482,0,87.0867,0.16034,0.92907,479.3245,1397.9369
44.0108,11038.8592,39.4048,239.9967,9.1922,0.0013236,-0.048876,-3.4877,90.0082,-0.0020659,4.4366,4.9851,7.1577,-35.4493,-0.00011673,1.5459,-0.11855,7.8932e-07,0.056482,0,87.0867,0.16032,0.91318,479.3245,1397.9369
44.0108,11038.8592,39.4048,239.9967,9.1922,0.0013236,-0.048876,-3.4877,90.0082,-0.0020659,4.4366,4.9851,7.1577,-35.4493,-0.00011673,1.5459,-0.11855,7.8932e-07,0.056482,0,87.0867,0.16032,0.91318,479.3245,1397.9369
44.0165,11039.1876,39.4051,239.9964,9.1923,0.0011898,-0.07794,-2.7587,90.0081,-0.059403,4.4366,5.0216,6.6392,-35.3946,2.3999e-05,1.5163,-0.11958,7.897e-07,0.056493,0,87.2322,0.1602,0.90639,479.3233,1397.919
44.0222,11039.1876,39.4051,239.9964,9.1923,0.0011898,-0.07794,-2.7587,90.0081,-0.059403,4.4366,5.0216,6.6392,-35.3946,2.3999e-05,1.5163,-0.11958,7.897e-07,0.056493,0,87.2322,0.16016,0.88678,479.3233,1397.919
44.0241,11039.1876,39.4051,239.9964,9.1923,0.0011898,-0.07794,-2.7587,90.0081,-0.059403,4.4366,5.0216,6.6392,-35.3946,2.3999e-05,1.5163,-0.11958,7.897e-07,0.056493,0,87.2322,0.16014,0.88229,479.3233,1397.919
44.0241,11039.1876,39.4051,239.9964,9.1923,0.0011898,-0.07794,-2.7587,90.0081,-0.059403,4.4366,5.0216,6.6392,-35.3946,2.3999e-05,1.5163,-0.11958,7.897e-07,0.056493,0,87.2322,0.16014,0.88229,479.3233,1397.919
44.0248,11039.516,39.4055,239.9964,9.1923,0.0010771,-0.10093,-2.044,90.0076,-0.11724,4.4366,5.0662,6.3057,-35.3368,0.00014235,1.4851,-0.11005,7.9008e-07,0.056504,0,87.3777,0.1601,0.88187,479.3221,1397.901
44.0256,11039.516,39.4055,239.9964,9.1923,0.0010771,-0.10093,-2.044,90.0076,-0.11724,4.4366,5.0662,6.3057,-35.3368,0.00014235,1.4851,-0.11005,7.9008e-07,0.056504,0,87.3777,0.16009,0.88041,479.3221,1397.901
44.027,11039.516,39.4055,239.9964,9.1923,0.0010771,-0.10093,-2.044,90.0076,-0.11724,4.4366,5.0662,6.3057,-35.3368,0.00014235,1.4851,-0.11005,7.9008e-07,0.056504,0,87.3777,0.16008,0.87779,479.3221,1397.901
44.0299,11039.516,39.4055,239.9964,9.1923,0.0010771,-0.10093,-2.044,90.0076,-0.11724,4.4366,5.0662,6.3057,-35.3368,0.00014235,1.4851,-0.11005,7.9008e-07,0.056504,0,87.3777,0.16006,0.87358,479.3221,1397.901
44.0332,11039.8444,39.4059,239.9966,9.1923,0.0010025,-0.11796,-1.3434,90.0067,-0.17047,4.4366,5.138,6.6182,-35.2725,0.00022042,1.4525,-0.089438,7.9047e-07,0.056515,0,87.5232,0.16004,0.85634,479.321,1397.8831
44.0415,11040.1727,39.4064,239.997,9.1923,0.00097862,-0.12916,-0.65678,90.0052,-0.21372,4.4366,5.2384,7.61,-35.2006,0.00025701,1.4195,-0.063768,7.9087e-07,0.056526,0,87.6688,0.16005,0.83021,479.3198,1397.8652
44.0498,11040.5011,39.4069,239.9976,9.1923,0.0010096,-0.13463,0.016064,90.0035,-0.24457,4.4366,5.3525,8.9146,-35.1239,0.00025097,1.3868,-0.035872,7.9128e-07,0.056537,0,87.8144,0.16012,0.80365,479.3186,1397.8472
44.0582,11040.8295,39.4075,239.9985,9.1924,0.0010898,-0.1345,0.67543,90.0014,-0.26192,4.4366,5.473,10.3603,-35.0434,0.00020443,1.3547,-0.0077656,7.917e-07,0.056547,0,87.9601,0.16026,0.77674,479.3175,1397.8293
44.0665,11041.1579,39.4082,239.9995,9.1924,0.0012045,-0.12887,1.3216,89.9992,-0.26567,4.4366,5.5948,11.8248,-34.96,8.0341e-05,1.3235,0.018884,7.9213e-07,0.056558,0,87.6105,0.16044,0.74954,479.3163,1397.8114
44.0748,11041.4863,39.4085,239.9995,9.1924,0.0013118,-0.11785,1.955,89.997,-0.25654,4.4366,5.513,13.2068,-34.8717,-7.7259e-05,1.2935,0.042974,7.9257e-07,0.056569,0,87.2611,0.16056,0.81264,479.3151,1397.7935
44.0832,11041.8147,39.4087,239.9989,9.1924,0.0013833,-0.10156,2.5759,89.9949,-0.23576,4.4366,5.4273,14.4388,-34.7813,-0.00024462,1.2646,0.063856,7.9303e-07,0.05658,0,86.9119,0.16059,0.88418,479.314,1397.7755
44.0915,11042.1431,39.4087,239.9976,9.1925,0.0013963,-0.080096,3.1847,89.9929,-0.20488,4.4366,5.3356,15.4817,-34.6905,-0.00031435,1.2371,0.081231,7.9349e-07,0.056591,0,86.8848,0.16054,0.95891,479.3128,1397.7576
44.0989,11042.1431,39.4087,239.9976,9.1925,0.0013963,-0.080096,3.1847,89.9929,-0.20488,4.4366,5.3356,15.4817,-34.6905,-0.00031435,1.2371,0.081231,7.9349e-07,0.056591,0,86.8848,0.16048,0.90736,479.3128,1397.7576
44.0989,11042.1431,39.4087,239.9976,9.1925,0.0013963,-0.080096,3.1847,89.9929,-0.20488,4.4366,5.3356,15.4817,-34.6905,-0.00031435,1.2371,0.081231,7.9349e-07,0.056591,0,86.8848,0.16048,0.90736,479.3128,1397.7576
44.0998,11042.4715,39.4088,239.997,9.1925,0.0013762,-0.053558,3.7816,89.9912,-0.16559,4.4366,5.4289,16.3168,-34.6053,-0.00030907,1.1773,0.095073,7.9396e-07,0.056601,0,87.0302,0.16049,0.9478,479.3116,1397.7397
44.1001,11042.4715,39.4088,239.997,9.1925,0.0013762,-0.053558,3.7816,89.9912,-0.16559,4.4366,5.4289,16.3168,-34.6053,-0.00030907,1.1773,0.095073,7.9396e-07,0.056601,0,87.0302,0.16049,0.94585,479.3116,1397.7397
44.1001,11042.4715,39.4088,239.997,9.1925,0.0013762,-0.053558,3.7816,89.9912,-0.16559,4.4366,5.4289,16.3168,-34.6053,-0.00030907,1.1773,0.095073,7.9396e-07,0.056601,0,87.0302,0.16049,0.94585,479.3116,1397.7397
44.101,11042.4715,39.4088,239.997,9.1925,0.0013762,-0.053558,3.7816,89.9912,-0.16559,4.4366,5.4289,16.3168,-34.6053,-0.00030907,1.1773,0.095073,7.9396e-07,0.056601,0,87.0302,0.16048,0.93849,479.3116,1397.7397
44.1019,11042.4715,39.4088,239.997,9.1925,0.0013762,-0.053558,3.7816,89.9912,-0.16559,4.4366,5.4289,16.3168,-34.6053,-0.00030907,1.1773,0.095073,7.9396e-07,0.056601,0,87.0302,0.16047,0.93177,479.3116,1397.7397
44.1037,11042.4715,39.4088,239.997,9.1925,0.0013762,-0.053558,3.7816,89.9912,-0.16559,4.4366,5.4289,16.3168,-34.6053,-0.00030907,1.1773,0.095073,7.9396e-07,0.056601,0,87.0302,0.16046,0.92003,479.3116,1397.7397
44.1073,11042.4715,39.4088,239.997,9.1925,0.0013762,-0.053558,3.7816,89.9912,-0.16559,4.4366,5.4289,16.3168,-34.6053,-0.00030907,1.1773,0.095073,7.9396e-07,0.056601,0,87.0302,0.16043,0.90206,479.3116,1397.7397
44.1082,11042.7999,39.409,239.9966,9.1925,0.001336,-0.022044,4.3511,89.9898,-0.11961,4.4367,5.5119,16.6393,-34.4416,-0.00022688,0.014444,0.10555,7.9444e-07,0.056612,0,87.1756,0.16043,0.92866,479.3104,1397.7217
44.1125,11042.7999,39.409,239.9966,9.1925,0.001336,-0.022044,4.3511,89.9898,-0.11961,4.4367,5.5119,16.6393,-34.4416,-0.00022688,0.014444,0.10555,7.9444e-07,0.056612,0,87.1756,0.16039,0.90498,479.3104,1397.7217
44.1165,11043.1284,39.4093,239.9964,9.1925,0.0012899,0.014214,4.3661,89.9888,-0.06856,4.4367,5.5851,6.7373,-31.535,-0.00011392,-1.5807,0.11297,7.9492e-07,0.056623,0,87.3211,0.16038,0.90604,479.3093,1397.7038
44.1248,11043.4568,39.4097,239.9963,9.1925,0.0012308,0.050598,3.6201,89.9883,-0.013925,4.4366,5.6505,-7.2837,-27.566,9.4256e-06,-1.5512,0.11768,7.954e-07,0.056634,0,87.4666,0.16032,0.8817,479.3081,1397.6859
44.1262,11043.4568,39.4097,239.9963,9.1925,0.0012308,0.050598,3.6201,89.9883,-0.013925,4.4366,5.6505,-7.2837,-27.566,9.4256e-06,-1.5512,0.11768,7.954e-07,0.056634,0,87.4666,0.16031,0.87903,479.3081,1397.6859
44.1262,11043.4568,39.4097,239.9963,9.1925,0.0012308,0.050598,3.6201,89.9883,-0.013925,4.4366,5.6505,-7.2837,-27.566,9.4256e-06,-1.5512,0.11768,7.954e-07,0.056634,0,87.4666,0.16031,0.87903,479.3081,1397.6859
44.1332,11043.7852,39.4101,239.9965,9.1926,0.0011634,0.080766,2.8886,89.9882,0.042991,4.4366,5.7094,-6.7284,-27.6573,0.00010439,-1.5217,0.11992,7.9588e-07,0.056645,0,87.6121,0.16028,0.85643,479.3069,1397.6679
44.139,11043.7852,39.4101,239.9965,9.1926,0.0011634,0.080766,2.8886,89.9882,0.042991,4.4366,5.7094,-6.7284,-27.6573,0.00010439,-1.5217,0.11992,7.9588e-07,0.056645,0,87.6121,0.16023,0.85852,479.3069,1397.6679
44.139,11043.7852,39.4101,239.9965,9.1926,0.0011634,0.080766,2.8886,89.9882,0.042991,4.4366,5.7094,-6.7284,-27.6573,0.00010439,-1.5217,0.11992,7.9588e-07,0.056645,0,87.6121,0.16023,0.85852,479.3069,1397.6679
44.1415,11044.1136,39.4106,239.9969,9.1926,0.0010906,0.10484,2.1713,89.9885,0.10099,4.4366,5.7629,-6.3261,-27.7452,0.00017321,-1.4911,0.11399,7.9635e-07,0.056655,0,87.7577,0.16024,0.83058,479.3058,1397.65
44.144,11044.1136,39.4106,239.9969,9.1926,0.0010906,0.10484,2.1713,89.9885,0.10099,4.4366,5.7629,-6.3261,-27.7452,0.00017321,-1.4911,0.11399,7.9635e-07,0.056655,0,87.7577,0.16022,0.83724,479.3058,1397.65
44.1489,11044.1136,39.4106,239.9969,9.1926,0.0010906,0.10484,2.1713,89.9885,0.10099,4.4366,5.7629,-6.3261,-27.7452,0.00017321,-1.4911,0.11399,7.9635e-07,0.056655,0,87.7577,0.16018,0.84649,479.3058,1397.65
44.1498,11044.442,39.4111,239.9976,9.1926,0.001025,0.12293,1.4681,89.9894,0.15612,4.4366,5.7967,-6.4233,-27.8327,0.00021232,-1.4587,0.095085,7.9682e-07,0.056666,0,87.9033,0.16022,0.80428,479.3046,1397.6321
44.1543,11044.442,39.4111,239.9976,9.1926,0.001025,0.12293,1.4681,89.9894,0.15612,4.4366,5.7967,-6.4233,-27.8327,0.00021232,-1.4587,0.095085,7.9682e-07,0.056666,0,87.9033,0.16018,0.82478,479.3046,1397.6321
44.1582,11044.7704,39.4117,239.9984,9.1926,0.00098641,0.13517,0.779,89.9907,0.20211,4.4366,5.799,-7.3124,-27.9217,0.00022167,-1.4258,0.070198,7.9727e-07,0.056677,0,88.049,0.16024,0.7776,479.3034,1397.6141
44.1665,11045.0989,39.4124,239.9994,9.1926,0.00098678,0.14166,0.10368,89.9923,0.23606,4.4366,5.7872,-8.5692,-28.0087,0.00015909,-1.393,0.042609,7.9772e-07,0.056688,0,87.6994,0.16031,0.75057,479.3023,1397.5962
44.1748,11045.4273,39.4128,239.9994,9.1927,0.0010086,0.14252,-0.55812,89.9943,0.25667,4.4366,5.5731,-9.9947,-28.0891,5.5021e-05,-1.3607,0.014338,7.9815e-07,0.056699,0,87.35,0.16034,0.81186,479.3011,1397.5783
44.1832,11045.7558,39.4129,239.9988,9.1927,0.001039,0.13787,-1.2067,89.9964,0.26361,4.4366,5.3557,-11.4662,-28.1633,-7.7166e-05,-1.3293,-0.012796,7.9858e-07,0.056709,0,87.0009,0.16033,0.88327,479.2999,1397.5603
44.1915,11046.0842,39.4129,239.9976,9.1927,0.0010614,0.12781,-1.8424,89.9986,0.25742,4.4366,5.1438,-12.8734,-28.2311,-0.00013946,-1.299,-0.037571,7.9899e-07,0.05672,0,86.8303,0.16029,0.95796,479.2987,1397.5424
44.1998,11046.4126,39.4131,239.9969,9.1927,0.0010982,0.11246,-2.4655,90.0008,0.23925,4.4366,5.1318,-14.1418,-28.2975,-0.00016386,-1.2699,-0.05925,7.9938e-07,0.056731,0,86.9757,0.16029,0.94683,479.2976,1397.5245
44.2082,11046.7411,39.4133,239.9965,9.1927,0.00115,0.091916,-3.0764,90.0028,0.21059,4.4367,5.1276,-15.2268,-28.3602,-0.00014766,-1.2421,-0.077462,7.9977e-07,0.056742,0,87.1211,0.16032,0.9273,479.2964,1397.5066
44.2136,11046.7411,39.4133,239.9965,9.1927,0.00115,0.091916,-3.0764,90.0028,0.21059,4.4367,5.1276,-15.2268,-28.3602,-0.00014766,-1.2421,-0.077462,7.9977e-07,0.056742,0,87.1211,0.16028,0.89954,479.2964,1397.5066
44.2136,11046.7411,39.4133,239.9965,9.1927,0.00115,0.091916,-3.0764,90.0028,0.21059,4.4367,5.1276,-15.2268,-28.3602,-0.00014766,-1.2421,-0.077462,7.9977e-07,0.056742,0,87.1211,0.16028,0.89954,479.2964,1397.5066
44.2165,11047.0695,39.4136,239.9963,9.1928,0.0012153,0.06628,-3.6754,90.0045,0.17313,4.4367,5.1318,-16.1058,-28.419,-0.00013297,-1.2155,-0.092123,8.0015e-07,0.056753,0,87.2666,0.16038,0.90395,479.2952,1397.4886
44.2194,11047.0695,39.4136,239.9963,9.1928,0.0012153,0.06628,-3.6754,90.0045,0.17313,4.4367,5.1318,-16.1058,-28.419,-0.00013297,-1.2155,-0.092123,8.0015e-07,0.056753,0,87.2666,0.16036,0.89323,479.2952,1397.4886
44.2247,11047.0695,39.4136,239.9963,9.1928,0.0012153,0.06628,-3.6754,90.0045,0.17313,4.4367,5.1318,-16.1058,-28.419,-0.00013297,-1.2155,-0.092123,8.0015e-07,0.056753,0,87.2666,0.16032,0.87998,479.2952,1397.4886
44.2247,11047.0695,39.4136,239.9963,9.1928,0.0012153,0.06628,-3.6754,90.0045,0.17313,4.4367,5.1318,-16.1058,-28.419,-0.00013297,-1.2155,-0.092123,8.0015e-07,0.056753,0,87.2666,0.16032,0.87998,479.2952,1397.4886
44.2248,11047.398,39.4139,239.9963,9.1928,0.0012705,0.035651,-4.2629,90.006,0.12858,4.4367,5.1443,-16.7735,-28.4719,-0.0001019,-0.29327,-0.10337,8.0052e-07,0.056763,0,87.4121,0.16045,0.87912,479.2941,1397.4707
44.2249,11047.398,39.4139,239.9963,9.1928,0.0012705,0.035651,-4.2629,90.006,0.12858,4.4367,5.1443,-16.7735,-28.4719,-0.0001019,-0.29327,-0.10337,8.0052e-07,0.056763,0,87.4121,0.16045,0.87897,479.2941,1397.4707
44.2251,11047.398,39.4139,239.9963,9.1928,0.0012705,0.035651,-4.2629,90.006,0.12858,4.4367,5.1443,-16.7735,-28.4719,-0.0001019,-0.29327,-0.10337,8.0052e-07,0.056763,0,87.4121,0.16044,0.87868,479.2941,1397.4707
44.2254,11047.398,39.4139,239.9963,9.1928,0.0012705,0.035651,-4.2629,90.006,0.12858,4.4367,5.1443,-16.7735,-28.4719,-0.0001019,-0.29327,-0.10337,8.0052e-07,0.056763,0,87.4121,0.16044,0.87811,479.2941,1397.4707
44.2261,11047.398,39.4139,239.9963,9.1928,0.0012705,0.035651,-4.2629,90.006,0.12858,4.4367,5.1443,-16.7735,-28.4719,-0.0001019,-0.29327,-0.10337,8.0052e-07,0.056763,0,87.4121,0.16044,0.87703,479.2941,1397.4707
44.2274,11047.398,39.4139,239.9963,9.1928,0.0012705,0.035651,-4.2629,90.006,0.12858,4.4367,5.1443,-16.7735,-28.4719,-0.0001019,-0.29327,-0.10337,8.0052e-07,0.056763,0,87.4121,0.16043,0.87508,479.2941,1397.4707
44.23,11047.398,39.4139,239.9963,9.1928,0.0012705,0.035651,-4.2629,90.006,0.12858,4.4367,5.1443,-16.7735,-28.4719,-0.0001019,-0.29327,-0.10337,8.0052e-07,0.056763,0,87.4121,0.1604,0.87187,479.2941,1397.4707
44.2327,11047.398,39.4139,239.9963,9.1928,0.0012705,0.035651,-4.2629,90.006,0.12858,4.4367,5.1443,-16.7735,-28.4719,-0.0001019,-0.29327,-0.10337,8.0052e-07,0.056763,0,87.4121,0.16038,0.86943,479.2941,1397.4707
44.2327,11047.398,39.4139,239.9963,9.1928,0.0012705,0.035651,-4.2629,90.006,0.12858,4.4367,5.1443,-16.7735,-28.4719,-0.0001019,-0.29327,-0.10337,8.0052e-07,0.056763,0,87.4121,0.16038,0.86943,479.2941,1397.4707
44.2332,11047.7264,39.4143,239.9966,9.1928,0.0013007,0.00012767,-4.4109,90.0071,0.078586,4.4367,5.1642,-9.1023,-30.7723,-5.0197e-05,1.3514,-0.11143,8.0089e-07,0.056774,0,87.5576,0.1605,0.85385,479.2929,1397.4528
44.2337,11047.7264,39.4143,239.9966,9.1928,0.0013007,0.00012767,-4.4109,90.0071,0.078586,4.4367,5.1642,-9.1023,-30.7723,-5.0197e-05,1.3514,-0.11143,8.0089e-07,0.056774,0,87.5576,0.16049,0.85421,479.2929,1397.4528
44.2347,11047.7264,39.4143,239.9966,9.1928,0.0013007,0.00012767,-4.4109,90.0071,0.078586,4.4367,5.1642,-9.1023,-30.7723,-5.0197e-05,1.3514,-0.11143,8.0089e-07,0.056774,0,87.5576,0.16049,0.85488,479.2929,1397.4528
44.2367,11047.7264,39.4143,239.9966,9.1928,0.0013007,0.00012767,-4.4109,90.0071,0.078586,4.4367,5.1642,-9.1023,-30.7723,-5.0197e-05,1.3514,-0.11143,8.0089e-07,0.056774,0,87.5576,0.16047,0.85603,479.2929,1397.4528
44.2407,11047.7264,39.4143,239.9966,9.1928,0.0013007,0.00012767,-4.4109,90.0071,0.078586,4.4367,5.1642,-9.1023,-30.7723,-5.0197e-05,1.3514,-0.11143,8.0089e-07,0.056774,0,87.5576,0.16044,0.85774,479.2929,1397.4528
44.2415,11048.0549,39.4148,239.997,9.1928,0.0012925,-0.03663,-3.7742,90.0077,0.024693,4.4367,5.1918,5.3191,-34.8975,1.4475e-05,1.5573,-0.11675,8.0125e-07,0.056785,0,87.7032,0.16052,0.82814,479.2917,1397.4348
44.2422,11048.0549,39.4148,239.997,9.1928,0.0012925,-0.03663,-3.7742,90.0077,0.024693,4.4367,5.1918,5.3191,-34.8975,1.4475e-05,1.5573,-0.11675,8.0125e-07,0.056785,0,87.7032,0.16052,0.83041,479.2917,1397.4348
44.2422,11048.0549,39.4148,239.997,9.1928,0.0012925,-0.03663,-3.7742,90.0077,0.024693,4.4367,5.1918,5.3191,-34.8975,1.4475e-05,1.5573,-0.11675,8.0125e-07,0.056785,0,87.7032,0.16052,0.83041,479.2917,1397.4348
44.246,11048.0549,39.4148,239.997,9.1928,0.0012925,-0.03663,-3.7742,90.0077,0.024693,4.4367,5.1918,5.3191,-34.8975,1.4475e-05,1.5573,-0.11675,8.0125e-07,0.056785,0,87.7032,0.16049,0.84005,479.2917,1397.4348
44.2498,11048.3833,39.4154,239.9976,9.1928,0.0012465,-0.068081,-3.0397,90.0079,-0.031774,4.4366,5.2265,6.8542,-35.4269,6.3557e-05,1.5278,-0.11967,8.0161e-07,0.056796,0,87.8488,0.16053,0.80208,479.2906,1397.4169
44.2548,11048.3833,39.4154,239.9976,9.1928,0.0012465,-0.068081,-3.0397,90.0079,-0.031774,4.4366,5.2265,6.8542,-35.4269,6.3557e-05,1.5278,-0.11967,8.0161e-07,0.056796,0,87.8488,0.16049,0.82514,479.2906,1397.4169
44.2548,11048.3833,39.4154,239.9976,9.1928,0.0012465,-0.068081,-3.0397,90.0079,-0.031774,4.4366,5.2265,6.8542,-35.4269,6.3557e-05,1.5278,-0.11967,8.0161e-07,0.056796,0,87.8488,0.16049,0.82514,479.2906,1397.4169
44.2582,11048.7118,39.416,239.9985,9.1929,0.0011699,-0.093412,-2.3195,90.0076,-0.089654,4.4366,5.2678,6.4041,-35.3653,9.9146e-05,1.4975,-0.11571,8.0198e-07,0.056807,0,87.9699,0.16051,0.77568,479.2894,1397.399
44.2615,11048.7118,39.416,239.9985,9.1929,0.0011699,-0.093412,-2.3195,90.0076,-0.089654,4.4366,5.2678,6.4041,-35.3653,9.9146e-05,1.4975,-0.11571,8.0198e-07,0.056807,0,87.9699,0.16049,0.79965,479.2894,1397.399
44.2665,11049.0403,39.4167,239.9995,9.1929,0.0010786,-0.11274,-1.6134,90.0069,-0.14562,4.4366,5.327,6.377,-35.2993,7.5985e-05,1.4654,-0.099074,8.0236e-07,0.056817,0,87.6203,0.1605,0.7489,479.2882,1397.381
44.2748,11049.3687,39.4171,239.9995,9.1929,0.000977,-0.12619,-0.92142,90.0057,-0.19353,4.4366,5.218,7.1248,-35.2236,2.4824e-05,1.4325,-0.075215,8.0274e-07,0.056828,0,87.2709,0.1604,0.81231,479.287,1397.3631
44.2832,11049.6972,39.4172,239.9989,9.1929,0.00087935,-0.13387,-0.24326,90.0041,-0.22991,4.4366,5.1298,8.3172,-35.1426,-4.6296e-05,1.3997,-0.048097,8.0314e-07,0.056839,0,86.9219,0.16028,0.88407,479.2859,1397.3452
44.2915,11050.0257,39.4172,239.9976,9.1929,0.00079475,-0.13589,0.42131,90.0022,-0.25318,4.4366,5.0525,9.7132,-35.0584,-4.9316e-05,1.3673,-0.019902,8.0354e-07,0.05685,0,86.8618,0.16012,0.95894,479.2847,1397.3272
44.2998,11050.3542,39.4174,239.997,9.193,0.00076456,-0.13238,1.0726,90.0001,-0.2628,4.4366,5.1722,11.1806,-34.9771,-2.8892e-05,1.3357,0.0075056,8.0396e-07,0.056861,0,87.0072,0.16006,0.94791,479.2835,1397.3093
44.3082,11050.6826,39.4176,239.9966,9.193,0.00079896,-0.12344,1.7109,89.9979,-0.25917,4.4366,5.2903,12.6062,-34.8967,8.4614e-06,1.3051,0.032777,8.0439e-07,0.056871,0,87.1526,0.16007,0.92844,479.2824,1397.2914
44.3165,11051.0111,39.4179,239.9964,9.193,0.00089648,-0.10919,2.3366,89.9957,-0.24332,4.4367,5.4032,13.9078,-34.8173,1.0471e-05,1.2758,0.055087,8.0483e-07,0.056882,0,87.2981,0.16016,0.90514,479.2812,1397.2735
44.3248,11051.3396,39.4182,239.9964,9.193,0.0010243,-0.089714,2.95,89.9937,-0.21668,4.4367,5.5093,15.0352,-34.736,-9.2471e-06,1.2477,0.073992,8.0527e-07,0.056893,0,87.4435,0.1603,0.88006,479.28,1397.2555
44.3275,11051.3396,39.4182,239.9964,9.193,0.0010243,-0.089714,2.95,89.9937,-0.21668,4.4367,5.5093,15.0352,-34.736,-9.2471e-06,1.2477,0.073992,8.0527e-07,0.056893,0,87.4435,0.16027,0.87565,479.28,1397.2555
44.3275,11051.3396,39.4182,239.9964,9.193,0.0010243,-0.089714,2.95,89.9937,-0.21668,4.4367,5.5093,15.0352,-34.736,-9.2471e-06,1.2477,0.073992,8.0527e-07,0.056893,0,87.4435,0.16027,0.87565,479.28,1397.2555
44.3332,11051.6681,39.4186,239.9966,9.193,0.0011518,-0.065131,3.5515,89.9919,-0.1809,4.4367,5.607,15.9614,-34.6538,-4.4073e-05,1.2209,0.089354,8.0573e-07,0.056904,0,87.5891,0.16044,0.8541,479.2789,1397.2376
44.3384,11051.6681,39.4186,239.9966,9.193,0.0011518,-0.065131,3.5515,89.9919,-0.1809,4.4367,5.607,15.9614,-34.6538,-4.4073e-05,1.2209,0.089354,8.0573e-07,0.056904,0,87.5891,0.1604,0.85701,479.2789,1397.2376
44.3384,11051.6681,39.4186,239.9966,9.193,0.0011518,-0.065131,3.5515,89.9919,-0.1809,4.4367,5.607,15.9614,-34.6538,-4.4073e-05,1.2209,0.089354,8.0573e-07,0.056904,0,87.5891,0.1604,0.85701,479.2789,1397.2376
44.3415,11051.9966,39.4191,239.997,9.1931,0.0012495,-0.035536,4.1413,89.9904,-0.13768,4.4367,5.6958,16.6777,-34.571,-6.7998e-05,0.6698,0.10126,8.062e-07,0.056915,0,87.7346,0.16057,0.82778,479.2777,1397.2197
44.3446,11051.9966,39.4191,239.997,9.1931,0.0012495,-0.035536,4.1413,89.9904,-0.13768,4.4367,5.6958,16.6777,-34.571,-6.7998e-05,0.6698,0.10126,8.062e-07,0.056915,0,87.7346,0.16055,0.83655,479.2777,1397.2197
44.3468,11051.9966,39.4191,239.997,9.1931,0.0012495,-0.035536,4.1413,89.9904,-0.13768,4.4367,5.6958,16.6777,-34.571,-6.7998e-05,0.6698,0.10126,8.062e-07,0.056915,0,87.7346,0.16053,0.84156,479.2777,1397.2197
44.3468,11051.9966,39.4191,239.997,9.1931,0.0012495,-0.035536,4.1413,89.9904,-0.13768,4.4367,5.6958,16.6777,-34.571,-6.7998e-05,0.6698,0.10126,8.062e-07,0.056915,0,87.7346,0.16053,0.84156,479.2777,1397.2197
44.3498,11052.3251,39.4196,239.9976,9.1931,0.0012997,-0.0010253,4.4689,89.9892,-0.088706,4.4366,5.7745,12.4189,-33.1815,-6.7964e-05,-0.9742,0.10994,8.0667e-07,0.056925,0,87.8802,0.16067,0.80169,479.2765,1397.2017
44.3528,11052.3251,39.4196,239.9976,9.1931,0.0012997,-0.0010253,4.4689,89.9892,-0.088706,4.4366,5.7745,12.4189,-33.1815,-6.7964e-05,-0.9742,0.10994,8.0667e-07,0.056925,0,87.8802,0.16065,0.81687,479.2765,1397.2017
44.3582,11052.6536,39.4203,239.9985,9.1931,0.001291,0.036216,4.0123,89.9885,-0.035534,4.4366,5.8448,-1.9649,-29.0783,-3.6596e-05,-1.5667,0.1158,8.0714e-07,0.056936,0,87.9443,0.16073,0.77541,479.2753,1397.1838
44.3665,11052.9821,39.421,239.9995,9.1931,0.0012268,0.069651,3.2732,89.9882,0.020473,4.4366,5.9081,-6.9834,-27.6109,-4.7305e-05,-1.5372,0.11919,8.0761e-07,0.056947,0,87.5948,0.16074,0.74886,479.2742,1397.1659
44.3704,11052.9821,39.421,239.9995,9.1931,0.0012268,0.069651,3.2732,89.9882,0.020473,4.4366,5.9081,-6.9834,-27.6109,-4.7305e-05,-1.5372,0.11919,8.0761e-07,0.056947,0,87.5948,0.16071,0.78477,479.2742,1397.1659
44.3704,11052.9821,39.421,239.9995,9.1931,0.0012268,0.069651,3.2732,89.9882,0.020473,4.4366,5.9081,-6.9834,-27.6109,-4.7305e-05,-1.5372,0.11919,8.0761e-07,0.056947,0,87.5948,0.16071,0.78477,479.2742,1397.1659
44.3748,11053.3106,39.4213,239.9995,9.1931,0.0010983,0.096927,2.5485,89.9883,0.078117,4.4366,5.765,-6.5103,-27.6939,-7.1315e-05,-1.5072,0.11763,8.0807e-07,0.056958,0,87.2454,0.16062,0.81258,479.273,1397.1479
44.3792,11053.3106,39.4213,239.9995,9.1931,0.0010983,0.096927,2.5485,89.9883,0.078117,4.4366,5.765,-6.5103,-27.6939,-7.1315e-05,-1.5072,0.11763,8.0807e-07,0.056958,0,87.2454,0.16059,0.82945,479.273,1397.1479
44.3832,11053.6391,39.4215,239.9989,9.1932,0.00091987,0.11816,1.8379,89.989,0.13501,4.4366,5.6122,-6.3396,-27.7753,-0.00010136,-1.4755,0.10428,8.0853e-07,0.056969,0,86.8964,0.16042,0.88458,479.2718,1397.13
44.3915,11053.9676,39.4215,239.9976,9.1932,0.00071985,0.13348,1.1415,89.9901,0.18544,4.4366,5.4325,-6.8897,-27.859,-5.1421e-05,-1.4427,0.08189,8.0898e-07,0.056979,0,86.8808,0.16015,0.95966,479.2707,1397.1121
44.3998,11054.2961,39.4216,239.997,9.1932,0.00056733,0.14299,0.45899,89.9917,0.22505,4.4366,5.4245,-7.9922,-27.9485,2.9859e-05,-1.4097,0.055432,8.0942e-07,0.05699,0,87.0262,0.15996,0.94882,479.2695,1397.0942
44.4082,11054.6246,39.4219,239.9966,9.1932,0.00049894,0.14682,-0.20983,89.9935,0.25186,4.4366,5.4068,-9.3465,-28.0383,0.00012594,-1.3772,0.027363,8.0985e-07,0.057001,0,87.1716,0.15988,0.92948,479.2683,1397.0762
44.4165,11054.9531,39.4221,239.9963,9.1932,0.00053357,0.14507,-0.86526,89.9956,0.2651,4.4366,5.3856,-10.8033,-28.1258,0.00017254,-1.3453,-0.00039005,8.1027e-07,0.057012,0,87.317,0.1599,0.90626,479.2672,1397.0583
44.4248,11055.2817,39.4225,239.9963,9.1932,0.00064933,0.13786,-1.5076,89.9979,0.26491,4.4366,5.366,-12.2457,-28.2064,0.00017318,-1.3145,-0.026319,8.1067e-07,0.057023,0,87.4625,0.16002,0.88124,479.266,1397.0404
44.4332,11055.6102,39.4229,239.9965,9.1933,0.00081684,0.1253,-2.1373,90.0001,0.25218,4.4366,5.3517,-13.5819,-28.2793,0.00012607,-1.2848,-0.049469,8.1106e-07,0.057033,0,87.608,0.16021,0.85532,479.2648,1397.0224
44.4415,11055.9387,39.4233,239.997,9.1933,0.00099873,0.10748,-2.7545,90.0022,0.22826,4.4366,5.3449,-14.7541,-28.3439,4.779e-05,-1.2564,-0.069305,8.1144e-07,0.057044,0,87.7536,0.16042,0.8289,479.2636,1397.0045
44.4498,11056.2672,39.4239,239.9976,9.1933,0.0011606,0.08453,-3.3598,90.0041,0.19474,4.4366,5.3468,-15.7295,-28.4008,-4.2918e-05,-1.2292,-0.085613,8.1181e-07,0.057055,0,87.8991,0.16063,0.80215,479.2625,1396.9866
44.4517,11056.2672,39.4239,239.9976,9.1933,0.0011606,0.08453,-3.3598,90.0041,0.19474,4.4366,5.3468,-15.7295,-28.4008,-4.2918e-05,-1.2292,-0.085613,8.1181e-07,0.057055,0,87.8991,0.16061,0.81224,479.2625,1396.9866
44.4517,11056.2672,39.4239,239.9976,9.1933,0.0011606,0.08453,-3.3598,90.0041,0.19474,4.4366,5.3468,-15.7295,-28.4008,-4.2918e-05,-1.2292,-0.085613,8.1181e-07,0.057055,0,87.8991,0.16061,0.81224,479.2625,1396.9866
44.4582,11056.5958,39.4245,239.9985,9.1933,0.0012744,0.056532,-3.9533,90.0057,0.15333,4.4366,5.3576,-16.4951,-28.4509,-0.00011533,-1.0563,-0.098429,8.1217e-07,0.057066,0,88.0228,0.1608,0.77516,479.2613,1396.9686
44.4609,11056.5958,39.4245,239.9985,9.1933,0.0012744,0.056532,-3.9533,90.0057,0.15333,4.4366,5.3576,-16.4951,-28.4509,-0.00011533,-1.0563,-0.098429,8.1217e-07,0.057066,0,88.0228,0.16078,0.79568,479.2613,1396.9686
44.4609,11056.5958,39.4245,239.9985,9.1933,0.0012744,0.056532,-3.9533,90.0057,0.15333,4.4366,5.3576,-16.4951,-28.4509,-0.00011533,-1.0563,-0.098429,8.1217e-07,0.057066,0,88.0228,0.16078,0.79568,479.2613,1396.9686
44.4665,11056.9243,39.4252,239.9995,9.1933,0.0013257,0.023588,-4.4652,90.007,0.10573,4.4366,5.3756,-15.7195,-28.8654,-0.00020042,0.50544,-0.10797,8.1252e-07,0.057077,0,87.6732,0.16093,0.74849,479.2601,1396.9507
44.4721,11056.9243,39.4252,239.9995,9.1933,0.0013257,0.023588,-4.4652,90.007,0.10573,4.4366,5.3756,-15.7195,-28.8654,-0.00020042,0.50544,-0.10797,8.1252e-07,0.057077,0,87.6732,0.16089,0.79607,479.2601,1396.9507
44.4748,11057.2528,39.4256,239.9995,9.1934,0.0012856,-0.013622,-4.2322,90.0078,0.053514,4.4366,5.2006,-2.1409,-32.7665,-0.00024558,1.5754,-0.11453,8.1287e-07,0.057087,0,87.3239,0.1609,0.81225,479.259,1396.9328
44.4832,11057.5814,39.4257,239.9989,9.1934,0.0011542,-0.04889,-3.4889,90.0083,-0.0018778,4.4366,5.0348,7.1582,-35.451,-0.00027186,1.5458,-0.11853,8.1322e-07,0.057098,0,86.9749,0.16075,0.88446,479.2578,1396.9149
44.4858,11057.5814,39.4257,239.9989,9.1934,0.0011542,-0.04889,-3.4889,90.0083,-0.0018778,4.4366,5.0348,7.1582,-35.451,-0.00027186,1.5458,-0.11853,8.1322e-07,0.057098,0,86.9749,0.16073,0.87881,479.2578,1396.9149
44.4858,11057.5814,39.4257,239.9989,9.1934,0.0011542,-0.04889,-3.4889,90.0083,-0.0018778,4.4366,5.0348,7.1582,-35.451,-0.00027186,1.5458,-0.11853,8.1322e-07,0.057098,0,86.9749,0.16073,0.87881,479.2578,1396.9149
44.4915,11057.9099,39.4257,239.9976,9.1934,0.00094643,-0.077964,-2.76,90.0083,-0.059206,4.4366,4.8776,6.6395,-35.3856,-0.00020298,1.5162,-0.11957,8.1357e-07,0.057109,0,86.8576,0.16047,0.9598,479.2566,1396.8969
44.4972,11057.9099,39.4257,239.9976,9.1934,0.00094643,-0.077964,-2.76,90.0083,-0.059206,4.4366,4.8776,6.6395,-35.3856,-0.00020298,1.5162,-0.11957,8.1357e-07,0.057109,0,86.8576,0.16043,0.9168,479.2566,1396.8969
44.4991,11057.9099,39.4257,239.9976,9.1934,0.00094643,-0.077964,-2.76,90.0083,-0.059206,4.4366,4.8776,6.6395,-35.3856,-0.00020298,1.5162,-0.11957,8.1357e-07,0.057109,0,86.8576,0.16041,0.90717,479.2566,1396.8969
44.4991,11057.9099,39.4257,239.9976,9.1934,0.00094643,-0.077964,-2.76,90.0083,-0.059206,4.4366,4.8776,6.6395,-35.3856,-0.00020298,1.5162,-0.11957,8.1357e-07,0.057109,0,86.8576,0.16041,0.90717,479.2566,1396.8969
44.4998,11058.2385,39.4259,239.997,9.1934,0.00072545,-0.10096,-2.0453,90.0078,-0.11704,4.4366,4.9219,6.3052,-35.3236,-8.6225e-05,1.4851,-0.11009,8.1392e-07,0.05712,0,87.0029,0.16022,0.94924,479.2555,1396.879
44.5006,11058.2385,39.4259,239.997,9.1934,0.00072545,-0.10096,-2.0453,90.0078,-0.11704,4.4366,4.9219,6.3052,-35.3236,-8.6225e-05,1.4851,-0.11009,8.1392e-07,0.05712,0,87.0029,0.16022,0.94285,479.2555,1396.879
44.5021,11058.2385,39.4259,239.997,9.1934,0.00072545,-0.10096,-2.0453,90.0078,-0.11704,4.4366,4.9219,6.3052,-35.3236,-8.6225e-05,1.4851,-0.11009,8.1392e-07,0.05712,0,87.0029,0.16021,0.93143,479.2555,1396.879
44.5051,11058.2385,39.4259,239.997,9.1934,0.00072545,-0.10096,-2.0453,90.0078,-0.11704,4.4366,4.9219,6.3052,-35.3236,-8.6225e-05,1.4851,-0.11009,8.1392e-07,0.05712,0,87.0029,0.16018,0.91315,479.2555,1396.879
44.5082,11058.567,39.4261,239.9965,9.1934,0.00054165,-0.11801,-1.3447,90.0068,-0.17028,4.4366,4.9929,6.6152,-35.2591,5.9638e-05,1.4524,-0.089494,8.1428e-07,0.057131,0,87.1483,0.16002,0.93017,479.2543,1396.8611
44.5165,11058.8956,39.4264,239.9963,9.1935,0.00044089,-0.12921,-0.65818,90.0054,-0.21357,4.4366,5.092,7.6057,-35.1909,0.0001677,1.4194,-0.063837,8.1466e-07,0.057142,0,87.2937,0.15992,0.90718,479.2531,1396.8431
44.5248,11059.2241,39.4267,239.9963,9.1935,0.00042912,-0.1347,0.014619,90.0036,-0.24444,4.4366,5.2048,8.9096,-35.118,0.00023345,1.3867,-0.035948,8.1504e-07,0.057152,0,87.4392,0.15991,0.88232,479.2519,1396.8252
44.5332,11059.5527,39.4271,239.9965,9.1935,0.00050078,-0.13458,0.67394,90.0016,-0.26183,4.4366,5.324,10.3549,-35.0414,0.00024296,1.3546,-0.0078437,8.1543e-07,0.057163,0,87.5847,0.16,0.8565,479.2508,1396.8073
44.5415,11059.8813,39.4276,239.9969,9.1935,0.00063369,-0.12896,1.3201,89.9994,-0.26563,4.4366,5.4447,11.8193,-34.9609,0.00020177,1.3234,0.018808,8.1583e-07,0.057174,0,87.7302,0.16016,0.83014,479.2496,1396.7893
44.5498,11060.2098,39.4281,239.9975,9.1935,0.00079886,-0.11796,1.9535,89.9972,-0.25653,4.4366,5.5626,13.2014,-34.8773,0.00012036,1.2934,0.042902,8.1625e-07,0.057185,0,87.8758,0.16037,0.80342,479.2484,1396.7714
44.5582,11060.5384,39.4287,239.9984,9.1935,0.00096463,-0.10168,2.5743,89.995,-0.23578,4.4366,5.6746,14.4339,-34.7917,1.5922e-05,1.2646,0.063792,8.1667e-07,0.057196,0,88.0214,0.1606,0.77643,479.2473,1396.7535
44.5665,11060.867,39.4294,239.9994,9.1935,0.001102,-0.080229,3.1831,89.9931,-0.20493,4.4366,5.779,15.4774,-34.705,-0.00013603,1.2371,0.081177,8.1711e-07,0.057206,0,87.6719,0.16081,0.7492,479.2461,1396.7356
44.5739,11060.867,39.4294,239.9994,9.1935,0.001102,-0.080229,3.1831,89.9931,-0.20493,4.4366,5.779,15.4774,-34.705,-0.00013603,1.2371,0.081177,8.1711e-07,0.057206,0,87.6719,0.16075,0.8071,479.2461,1396.7356
44.5739,11060.867,39.4294,239.9994,9.1935,0.001102,-0.080229,3.1831,89.9931,-0.20493,4.4366,5.779,15.4774,-34.705,-0.00013603,1.2371,0.081177,8.1711e-07,0.057206,0,87.6719,0.16075,0.8071,479.2461,1396.7356
44.5748,11061.1955,39.4298,239.9994,9.1936,0.0011671,-0.053703,3.78,89.9914,-0.16567,4.4366,5.6741,16.3135,-34.6156,-0.00027692,1.1782,0.095029,8.1755e-07,0.057217,0,87.3226,0.16088,0.81222,479.2449,1396.7176
44.575,11061.1955,39.4298,239.9994,9.1936,0.0011671,-0.053703,3.78,89.9914,-0.16567,4.4366,5.6741,16.3135,-34.6156,-0.00027692,1.1782,0.095029,8.1755e-07,0.057217,0,87.3226,0.16088,0.81321,479.2449,1396.7176
44.575,11061.1955,39.4298,239.9994,9.1936,0.0011671,-0.053703,3.78,89.9914,-0.16567,4.4366,5.6741,16.3135,-34.6156,-0.00027692,1.1782,0.095029,8.1755e-07,0.057217,0,87.3226,0.16088,0.81321,479.2449,1396.7176
44.576,11061.1955,39.4298,239.9994,9.1936,0.0011671,-0.053703,3.78,89.9914,-0.16567,4.4366,5.6741,16.3135,-34.6156,-0.00027692,1.1782,0.095029,8.1755e-07,0.057217,0,87.3226,0.16087,0.81735,479.2449,1396.7176
44.5769,11061.1955,39.4298,239.9994,9.1936,0.0011671,-0.053703,3.78,89.9914,-0.16567,4.4366,5.6741,16.3135,-34.6156,-0.00027692,1.1782,0.095029,8.1755e-07,0.057217,0,87.3226,0.16087,0.82112,479.2449,1396.7176
44.5787,11061.1955,39.4298,239.9994,9.1936,0.0011671,-0.053703,3.78,89.9914,-0.16567,4.4366,5.6741,16.3135,-34.6156,-0.00027692,1.1782,0.095029,8.1755e-07,0.057217,0,87.3226,0.16085,0.82769,479.2449,1396.7176
44.5825,11061.1955,39.4298,239.9994,9.1936,0.0011671,-0.053703,3.78,89.9914,-0.16567,4.4366,5.6741,16.3135,-34.6156,-0.00027692,1.1782,0.095029,8.1755e-07,0.057217,0,87.3226,0.16082,0.83768,479.2449,1396.7176
44.5832,11061.5241,39.4299,239.9988,9.1936,0.0011423,-0.022203,4.3499,89.99,-0.11971,4.4366,5.5614,16.6442,-34.4456,-0.00038129,0.018237,0.10552,8.18e-07,0.057228,0,86.9736,0.16083,0.88406,479.2437,1396.6997
44.5866,11061.5241,39.4299,239.9988,9.1936,0.0011423,-0.022203,4.3499,89.99,-0.11971,4.4366,5.5614,16.6442,-34.4456,-0.00038129,0.018237,0.10552,8.18e-07,0.057228,0,86.9736,0.1608,0.87705,479.2437,1396.6997
44.5915,11061.8527,39.4299,239.9975,9.1936,0.0010227,0.014045,4.3667,89.989,-0.06868,4.4366,5.441,6.7695,-31.5357,-0.00034034,-1.5805,0.11294,8.1846e-07,0.057239,0,86.8556,0.16065,0.95942,479.2426,1396.6818
44.5998,11062.1813,39.4301,239.9969,9.1936,0.0008558,0.050434,3.6208,89.9884,-0.01406,4.4366,5.5061,-7.2842,-27.5534,-0.00021868,-1.551,0.11766,8.1891e-07,0.05725,0,87.0009,0.16045,0.94906,479.2414,1396.6638
44.6012,11062.1813,39.4301,239.9969,9.1936,0.0008558,0.050434,3.6208,89.9884,-0.01406,4.4366,5.5061,-7.2842,-27.5534,-0.00021868,-1.551,0.11766,8.1891e-07,0.05725,0,87.0009,0.16044,0.93769,479.2414,1396.6638
44.6012,11062.1813,39.4301,239.9969,9.1936,0.0008558,0.050434,3.6208,89.9884,-0.01406,4.4366,5.5061,-7.2842,-27.5534,-0.00021868,-1.551,0.11766,8.1891e-07,0.05725,0,87.0009,0.16044,0.93769,479.2414,1396.6638
44.6082,11062.5099,39.4303,239.9964,9.1936,0.00067966,0.080608,2.8893,89.9883,0.042844,4.4366,5.5643,-6.7286,-27.6445,-5.6024e-05,-1.5215,0.11991,8.1936e-07,0.05726,0,87.1463,0.16026,0.93024,479.2402,1396.6459
44.614,11062.5099,39.4303,239.9964,9.1936,0.00067966,0.080608,2.8893,89.9883,0.042844,4.4366,5.5643,-6.7286,-27.6445,-5.6024e-05,-1.5215,0.11991,8.1936e-07,0.05726,0,87.1463,0.16021,0.89978,479.2402,1396.6459
44.614,11062.5099,39.4303,239.9964,9.1936,0.00067966,0.080608,2.8893,89.9883,0.042844,4.4366,5.5643,-6.7286,-27.6445,-5.6024e-05,-1.5215,0.11991,8.1936e-07,0.05726,0,87.1463,0.16021,0.89978,479.2402,1396.6459
44.6165,11062.8385,39.4306,239.9962,9.1937,0.00053054,0.10469,2.1721,89.9887,0.10084,4.4366,5.6166,-6.3257,-27.7359,8.4159e-05,-1.491,0.114,8.1981e-07,0.057271,0,87.2917,0.16011,0.90751,479.2391,1396.628
44.619,11062.8385,39.4306,239.9962,9.1937,0.00053054,0.10469,2.1721,89.9887,0.10084,4.4366,5.6166,-6.3257,-27.7359,8.4159e-05,-1.491,0.114,8.1981e-07,0.057271,0,87.2917,0.16009,0.89738,479.2391,1396.628
44.624,11062.8385,39.4306,239.9962,9.1937,0.00053054,0.10469,2.1721,89.9887,0.10084,4.4366,5.6166,-6.3257,-27.7359,8.4159e-05,-1.491,0.114,8.1981e-07,0.057271,0,87.2917,0.16005,0.88332,479.2391,1396.628
44.6248,11063.167,39.4309,239.9962,9.1937,0.00042263,0.12279,1.469,89.9895,0.15597,4.4366,5.6493,-6.4213,-27.8271,0.00019498,-1.4586,0.095116,8.2025e-07,0.057282,0,87.4372,0.16001,0.88292,479.2379,1396.61
44.6291,11063.167,39.4309,239.9962,9.1937,0.00042263,0.12279,1.469,89.9895,0.15597,4.4366,5.6493,-6.4213,-27.8271,0.00019498,-1.4586,0.095116,8.2025e-07,0.057282,0,87.4372,0.15997,0.87541,479.2379,1396.61
44.6332,11063.4956,39.4313,239.9964,9.1937,0.0003758,0.13503,0.77994,89.9908,0.20198,4.4366,5.6503,-7.3094,-27.92,0.00026031,-1.4256,0.07024,8.2068e-07,0.057293,0,87.5827,0.15998,0.85733,479.2367,1396.5921
44.6415,11063.8242,39.4318,239.9968,9.1937,0.00039463,0.14153,0.10467,89.9925,0.23595,4.4366,5.6374,-8.5656,-28.0099,0.00027967,-1.3929,0.042658,8.2109e-07,0.057304,0,87.7282,0.16003,0.83114,479.2356,1396.5742
44.6498,11064.1528,39.4323,239.9974,9.1937,0.000474,0.1424,-0.55707,89.9944,0.25658,4.4366,5.6187,-9.9907,-28.0949,0.0002516,-1.3606,0.014391,8.215e-07,0.057314,0,87.8737,0.16015,0.80454,479.2344,1396.5563
44.6582,11064.4814,39.4329,239.9982,9.1937,0.00059813,0.13776,-1.2056,89.9966,0.26355,4.4366,5.5992,-11.4621,-28.1737,0.00018242,-1.3292,-0.012743,8.2189e-07,0.057325,0,88.0193,0.16033,0.77762,479.2332,1396.5383
44.6665,11064.81,39.4336,239.9993,9.1938,0.00074441,0.12771,-1.8412,89.9988,0.25738,4.4365,5.5832,-12.8694,-28.2456,4.0142e-05,-1.2989,-0.037521,8.2228e-07,0.057336,0,87.6698,0.16055,0.75043,479.232,1396.5204
44.6748,11065.1387,39.434,239.9993,9.1938,0.00086675,0.11237,-2.4643,90.0009,0.23924,4.4366,5.3778,-14.1383,-28.3077,-0.00012915,-1.2699,-0.059205,8.2265e-07,0.057347,0,87.3206,0.16068,0.81132,479.2309,1396.5025
44.6832,11065.4673,39.4341,239.9987,9.1938,0.00093504,0.091831,-3.0752,90.0029,0.2106,4.4366,5.1777,-15.2238,-28.3621,-0.00029849,-1.242,-0.077422,8.2301e-07,0.057358,0,86.9716,0.16072,0.88259,479.2297,1396.4845
44.6886,11065.4673,39.4341,239.9987,9.1938,0.00093504,0.091831,-3.0752,90.0029,0.2106,4.4366,5.1777,-15.2238,-28.3621,-0.00029849,-1.242,-0.077422,8.2301e-07,0.057358,0,86.9716,0.16068,0.87327,479.2297,1396.4845
44.6886,11065.4673,39.4341,239.9987,9.1938,0.00093504,0.091831,-3.0752,90.0029,0.2106,4.4366,5.1777,-15.2238,-28.3621,-0.00029849,-1.242,-0.077422,8.2301e-07,0.057358,0,86.9716,0.16068,0.87327,479.2297,1396.4845
44.6915,11065.7959,39.4341,239.9974,9.1938,0.00092822,0.066204,-3.6742,90.0047,0.17316,4.4366,4.9883,-16.1032,-28.4103,-0.00035622,-1.2155,-0.092087,8.2336e-07,0.057368,0,86.7926,0.16065,0.95717,479.2285,1396.4666
44.6944,11065.7959,39.4341,239.9974,9.1938,0.00092822,0.066204,-3.6742,90.0047,0.17316,4.4366,4.9883,-16.1032,-28.4103,-0.00035622,-1.2155,-0.092087,8.2336e-07,0.057368,0,86.7926,0.16063,0.93286,479.2285,1396.4666
44.6997,11065.7959,39.4341,239.9974,9.1938,0.00092822,0.066204,-3.6742,90.0047,0.17316,4.4366,4.9883,-16.1032,-28.4103,-0.00035622,-1.2155,-0.092087,8.2336e-07,0.057368,0,86.7926,0.16059,0.90321,479.2285,1396.4666
44.6997,11065.7959,39.4341,239.9974,9.1938,0.00092822,0.066204,-3.6742,90.0047,0.17316,4.4366,4.9883,-16.1032,-28.4103,-0.00035622,-1.2155,-0.092087,8.2336e-07,0.057368,0,86.7926,0.16059,0.90321,479.2285,1396.4666
44.6998,11066.1245,39.4343,239.9968,9.1938,0.0008768,0.035586,-4.2617,90.0061,0.12862,4.4366,5.0006,-16.7711,-28.4589,-0.00032729,-0.29585,-0.10333,8.237e-07,0.057379,0,86.9379,0.16057,0.94627,479.2274,1396.4487
44.6999,11066.1245,39.4343,239.9968,9.1938,0.0008768,0.035586,-4.2617,90.0061,0.12862,4.4366,5.0006,-16.7711,-28.4589,-0.00032729,-0.29585,-0.10333,8.237e-07,0.057379,0,86.9379,0.16057,0.94537,479.2274,1396.4487
44.7001,11066.1245,39.4343,239.9968,9.1938,0.0008768,0.035586,-4.2617,90.0061,0.12862,4.4366,5.0006,-16.7711,-28.4589,-0.00032729,-0.29585,-0.10333,8.237e-07,0.057379,0,86.9379,0.16057,0.94361,479.2274,1396.4487
44.7006,11066.1245,39.4343,239.9968,9.1938,0.0008768,0.035586,-4.2617,90.0061,0.12862,4.4366,5.0006,-16.7711,-28.4589,-0.00032729,-0.29585,-0.10333,8.237e-07,0.057379,0,86.9379,0.16057,0.94019,479.2274,1396.4487
44.7014,11066.1245,39.4343,239.9968,9.1938,0.0008768,0.035586,-4.2617,90.0061,0.12862,4.4366,5.0006,-16.7711,-28.4589,-0.00032729,-0.29585,-0.10333,8.237e-07,0.057379,0,86.9379,0.16056,0.93378,479.2274,1396.4487
44.7031,11066.1245,39.4343,239.9968,9.1938,0.0008768,0.035586,-4.2617,90.0061,0.12862,4.4366,5.0006,-16.7711,-28.4589,-0.00032729,-0.29585,-0.10333,8.237e-07,0.057379,0,86.9379,0.16055,0.92247,479.2274,1396.4487
44.7065,11066.1245,39.4343,239.9968,9.1938,0.0008768,0.035586,-4.2617,90.0061,0.12862,4.4366,5.0006,-16.7711,-28.4589,-0.00032729,-0.29585,-0.10333,8.237e-07,0.057379,0,86.9379,0.16052,0.90488,479.2274,1396.4487
44.7076,11066.1245,39.4343,239.9968,9.1938,0.0008768,0.035586,-4.2617,90.0061,0.12862,4.4366,5.0006,-16.7711,-28.4589,-0.00032729,-0.29585,-0.10333,8.237e-07,0.057379,0,86.9379,0.16051,0.90019,479.2274,1396.4487
44.7076,11066.1245,39.4343,239.9968,9.1938,0.0008768,0.035586,-4.2617,90.0061,0.12862,4.4366,5.0006,-16.7711,-28.4589,-0.00032729,-0.29585,-0.10333,8.237e-07,0.057379,0,86.9379,0.16051,0.90019,479.2274,1396.4487
44.7082,11066.4531,39.4345,239.9964,9.1938,0.0007993,7.1879e-05,-4.4109,90.0072,0.078649,4.4366,5.0197,-9.1236,-30.7526,-0.00020859,1.3486,-0.1114,8.2404e-07,0.05739,0,87.0833,0.16048,0.92744,479.2262,1396.4308
44.7087,11066.4531,39.4345,239.9964,9.1938,0.0007993,7.1879e-05,-4.4109,90.0072,0.078649,4.4366,5.0197,-9.1236,-30.7526,-0.00020859,1.3486,-0.1114,8.2404e-07,0.05739,0,87.0833,0.16048,0.92407,479.2262,1396.4308
44.7097,11066.4531,39.4345,239.9964,9.1938,0.0007993,7.1879e-05,-4.4109,90.0072,0.078649,4.4366,5.0197,-9.1236,-30.7526,-0.00020859,1.3486,-0.1114,8.2404e-07,0.05739,0,87.0833,0.16047,0.91785,479.2262,1396.4308
44.7118,11066.4531,39.4345,239.9964,9.1938,0.0007993,7.1879e-05,-4.4109,90.0072,0.078649,4.4366,5.0197,-9.1236,-30.7526,-0.00020859,1.3486,-0.1114,8.2404e-07,0.05739,0,87.0833,0.16045,0.90721,479.2262,1396.4308
44.716,11066.4531,39.4345,239.9964,9.1938,0.0007993,7.1879e-05,-4.4109,90.0072,0.078649,4.4366,5.0197,-9.1236,-30.7526,-0.00020859,1.3486,-0.1114,8.2404e-07,0.05739,0,87.0833,0.16042,0.89157,479.2262,1396.4308
44.7165,11066.7817,39.4348,239.9962,9.1939,0.00071546,-0.036686,-3.7756,90.0078,0.024771,4.4366,5.046,5.2949,-34.8806,-7.3087e-05,1.5571,-0.11673,8.2438e-07,0.057401,0,87.2287,0.1604,0.90485,479.225,1396.4128
44.7172,11066.7817,39.4348,239.9962,9.1939,0.00071546,-0.036686,-3.7756,90.0078,0.024771,4.4366,5.046,5.2949,-34.8806,-7.3087e-05,1.5571,-0.11673,8.2438e-07,0.057401,0,87.2287,0.16039,0.90189,479.225,1396.4128
44.7172,11066.7817,39.4348,239.9962,9.1939,0.00071546,-0.036686,-3.7756,90.0078,0.024771,4.4366,5.046,5.2949,-34.8806,-7.3087e-05,1.5571,-0.11673,8.2438e-07,0.057401,0,87.2287,0.16039,0.90189,479.225,1396.4128
44.7196,11066.7817,39.4348,239.9962,9.1939,0.00071546,-0.036686,-3.7756,90.0078,0.024771,4.4366,5.046,5.2949,-34.8806,-7.3087e-05,1.5571,-0.11673,8.2438e-07,0.057401,0,87.2287,0.16037,0.8932,479.225,1396.4128
44.7221,11066.7817,39.4348,239.9962,9.1939,0.00071546,-0.036686,-3.7756,90.0078,0.024771,4.4366,5.046,5.2949,-34.8806,-7.3087e-05,1.5571,-0.11673,8.2438e-07,0.057401,0,87.2287,0.16035,0.88638,479.225,1396.4128
44.7248,11067.1104,39.4351,239.9962,9.1939,0.0006277,-0.068149,-3.0412,90.008,-0.031684,4.4366,5.0794,6.8546,-35.4205,4.7294e-05,1.5277,-0.11965,8.2472e-07,0.057412,0,87.3742,0.16032,0.88049,479.2238,1396.3949
44.7298,11067.1104,39.4351,239.9962,9.1939,0.0006277,-0.068149,-3.0412,90.008,-0.031684,4.4366,5.0794,6.8546,-35.4205,4.7294e-05,1.5277,-0.11965,8.2472e-07,0.057412,0,87.3742,0.16028,0.87306,479.2238,1396.3949
44.7298,11067.1104,39.4351,239.9962,9.1939,0.0006277,-0.068149,-3.0412,90.008,-0.031684,4.4366,5.0794,6.8546,-35.4205,4.7294e-05,1.5277,-0.11965,8.2472e-07,0.057412,0,87.3742,0.16028,0.87306,479.2238,1396.3949
44.7332,11067.439,39.4356,239.9964,9.1939,0.00054322,-0.093493,-2.321,90.0078,-0.089554,4.4366,5.1195,6.4042,-35.3628,0.00013859,1.4974,-0.11571,8.2506e-07,0.057422,0,87.5196,0.16026,0.85515,479.2227,1396.377
44.7365,11067.439,39.4356,239.9964,9.1939,0.00054322,-0.093493,-2.321,90.0078,-0.089554,4.4366,5.1195,6.4042,-35.3628,0.00013859,1.4974,-0.11571,8.2506e-07,0.057422,0,87.5196,0.16023,0.85695,479.2227,1396.377
44.7415,11067.7676,39.436,239.9968,9.1939,0.00047076,-0.11283,-1.615,90.007,-0.14552,4.4366,5.1776,6.3761,-35.2997,0.00019814,1.4653,-0.099098,8.2541e-07,0.057433,0,87.6652,0.16022,0.82921,479.2215,1396.359
44.7498,11068.0963,39.4366,239.9975,9.1939,0.00042733,-0.12629,-0.92307,90.0058,-0.19345,4.4365,5.2681,7.1223,-35.2288,0.00022312,1.4324,-0.075256,8.2576e-07,0.057444,0,87.8107,0.16022,0.80283,479.2203,1396.3411
44.7582,11068.4249,39.4372,239.9983,9.1939,0.00042419,-0.13399,-0.24495,90.0042,-0.22984,4.4365,5.3777,8.3138,-35.1525,0.00021498,1.3996,-0.048149,8.2613e-07,0.057455,0,87.9563,0.16028,0.77607,479.2192,1396.3232
44.7665,11068.7535,39.4379,239.9994,9.194,0.00046418,-0.13603,0.41958,90.0023,-0.25313,4.4365,5.4963,9.7094,-35.0725,0.00012987,1.3672,-0.019959,8.2651e-07,0.057466,0,87.6068,0.16039,0.74898,479.218,1396.3052
44.7748,11069.0822,39.4382,239.9994,9.194,0.00051939,-0.13253,1.0708,90.0002,-0.26279,4.4365,5.4179,11.1768,-34.9869,4.3541e-06,1.3357,0.007449,8.269e-07,0.057476,0,87.2576,0.16046,0.81207,479.2168,1396.2873
44.7832,11069.4108,39.4384,239.9987,9.194,0.00056955,-0.12361,1.7091,89.998,-0.25918,4.4365,5.3401,12.6025,-34.8983,-0.00014465,1.3051,0.032723,8.273e-07,0.057487,0,86.9086,0.16048,0.88357,479.2157,1396.2694
44.7915,11069.7395,39.4383,239.9975,9.194,0.00059391,-0.10936,2.3348,89.9958,-0.24336,4.4365,5.2595,13.9044,-34.8082,-0.00021444,1.2758,0.055035,8.2771e-07,0.057498,0,86.845,0.16043,0.95825,479.2145,1396.2515
44.7998,11070.0681,39.4385,239.9969,9.194,0.00061433,-0.089907,2.9482,89.9938,-0.21674,4.4366,5.3653,15.0319,-34.7227,-0.0002358,1.2477,0.073942,8.2813e-07,0.057509,0,86.9903,0.16043,0.94716,479.2133,1396.2335
44.8025,11070.0681,39.4385,239.9969,9.194,0.00061433,-0.089907,2.9482,89.9938,-0.21674,4.4366,5.3653,15.0319,-34.7227,-0.0002358,1.2477,0.073942,8.2813e-07,0.057509,0,86.9903,0.16041,0.92711,479.2133,1396.2335
44.8025,11070.0681,39.4385,239.9969,9.194,0.00061433,-0.089907,2.9482,89.9938,-0.21674,4.4366,5.3653,15.0319,-34.7227,-0.0002358,1.2477,0.073942,8.2813e-07,0.057509,0,86.9903,0.16041,0.92711,479.2133,1396.2335
44.8082,11070.3968,39.4387,239.9965,9.194,0.00063375,-0.065338,3.5497,89.992,-0.18098,4.4366,5.4623,15.9582,-34.6403,-0.00020299,1.2209,0.089308,8.2856e-07,0.05752,0,87.1357,0.16043,0.92763,479.2121,1396.2156
44.8134,11070.3968,39.4387,239.9965,9.194,0.00063375,-0.065338,3.5497,89.992,-0.18098,4.4366,5.4623,15.9582,-34.6403,-0.00020299,1.2209,0.089308,8.2856e-07,0.05752,0,87.1357,0.16039,0.90066,479.2121,1396.2156
44.8134,11070.3968,39.4387,239.9965,9.194,0.00063375,-0.065338,3.5497,89.992,-0.18098,4.4366,5.4623,15.9582,-34.6403,-0.00020299,1.2209,0.089308,8.2856e-07,0.05752,0,87.1357,0.16039,0.90066,479.2121,1396.2156
44.8165,11070.7255,39.439,239.9963,9.194,0.00065568,-0.035758,4.1395,89.9905,-0.13779,4.4366,5.5499,16.6747,-34.5612,-0.00015564,0.67354,0.10122,8.29e-07,0.057531,0,87.2811,0.16045,0.90444,479.211,1396.1977
44.8196,11070.7255,39.439,239.9963,9.194,0.00065568,-0.035758,4.1395,89.9905,-0.13779,4.4366,5.5499,16.6747,-34.5612,-0.00015564,0.67354,0.10122,8.29e-07,0.057531,0,87.2811,0.16042,0.89305,479.211,1396.1977
44.8218,11070.7255,39.439,239.9963,9.194,0.00065568,-0.035758,4.1395,89.9905,-0.13779,4.4366,5.5499,16.6747,-34.5612,-0.00015564,0.67354,0.10122,8.29e-07,0.057531,0,87.2811,0.16041,0.88674,479.211,1396.1977
44.8218,11070.7255,39.439,239.9963,9.194,0.00065568,-0.035758,4.1395,89.9905,-0.13779,4.4366,5.5499,16.6747,-34.5612,-0.00015564,0.67354,0.10122,8.29e-07,0.057531,0,87.2811,0.16041,0.88674,479.211,1396.1977
44.8248,11071.0541,39.4393,239.9963,9.1941,0.00066433,-0.0012619,4.4689,89.9893,-0.088834,4.4366,5.6273,12.4504,-33.1847,-8.4086e-05,-0.97002,0.10991,8.2944e-07,0.057541,0,87.4265,0.16047,0.88006,479.2098,1396.1797
44.8278,11071.0541,39.4393,239.9963,9.1941,0.00066433,-0.0012619,4.4689,89.9893,-0.088834,4.4366,5.6273,12.4504,-33.1847,-8.4086e-05,-0.97002,0.10991,8.2944e-07,0.057541,0,87.4265,0.16044,0.87528,479.2098,1396.1797
44.8332,11071.3828,39.4398,239.9965,9.1941,0.00064823,0.035979,4.0143,89.9886,-0.035679,4.4365,5.6964,-1.9291,-29.0864,3.1228e-06,-1.5666,0.11577,8.2989e-07,0.057552,0,87.572,0.16047,0.85486,479.2086,1396.1618
44.8415,11071.7114,39.4402,239.9969,9.1941,0.0006033,0.069431,3.2752,89.9883,0.020314,4.4365,5.7586,-6.9841,-27.6118,7.5174e-05,-1.537,0.11916,8.3033e-07,0.057563,0,87.7175,0.16046,0.82915,479.2075,1396.1439
44.8454,11071.7114,39.4402,239.9969,9.1941,0.0006033,0.069431,3.2752,89.9883,0.020314,4.4365,5.7586,-6.9841,-27.6118,7.5174e-05,-1.537,0.11916,8.3033e-07,0.057563,0,87.7175,0.16043,0.83954,479.2075,1396.1439
44.8454,11071.7114,39.4402,239.9969,9.1941,0.0006033,0.069431,3.2752,89.9883,0.020314,4.4365,5.7586,-6.9841,-27.6118,7.5174e-05,-1.537,0.11916,8.3033e-07,0.057563,0,87.7175,0.16043,0.83954,479.2075,1396.1439
44.8498,11072.0401,39.4408,239.9975,9.1941,0.00053359,0.096725,2.5506,89.9885,0.077946,4.4365,5.8151,-6.5107,-27.6995,0.00012725,-1.5071,0.11764,8.3077e-07,0.057574,0,87.8631,0.16044,0.80306,479.2063,1396.126
44.8543,11072.0401,39.4408,239.9975,9.1941,0.00053359,0.096725,2.5506,89.9885,0.077946,4.4365,5.8151,-6.5107,-27.6995,0.00012725,-1.5071,0.11764,8.3077e-07,0.057574,0,87.8631,0.16041,0.82383,479.2063,1396.126
44.8582,11072.3688,39.4414,239.9983,9.1941,0.00045015,0.11798,1.8401,89.9891,0.13484,4.4365,5.8601,-6.3386,-27.7856,0.0001601,-1.4754,0.10432,8.312e-07,0.057585,0,88.0086,0.16042,0.77657,479.2051,1396.108
44.8665,11072.6975,39.4421,239.9994,9.1941,0.00037508,0.13331,1.1437,89.9903,0.1853,4.4365,5.8764,-6.8865,-27.8733,0.00012788,-1.4427,0.081953,8.3162e-07,0.057595,0,87.6592,0.16042,0.74972,479.2039,1396.0901
44.8748,11073.0261,39.4424,239.9994,9.1942,0.00030815,0.14284,0.46121,89.9918,0.22493,4.4365,5.6704,-7.988,-27.9583,6.3192e-05,-1.4097,0.055505,8.3204e-07,0.057606,0,87.31,0.16036,0.81299,479.2028,1396.0722
44.8832,11073.3548,39.4426,239.9988,9.1942,0.00025558,0.14669,-0.2076,89.9937,0.25178,4.4365,5.457,-9.3419,-28.0397,-2.7034e-05,-1.3772,0.02744,8.3244e-07,0.057617,0,86.961,0.16028,0.88461,479.2016,1396.0542
44.8915,11073.6835,39.4425,239.9975,9.1942,0.00021703,0.14496,-0.86303,89.9958,0.26505,4.4365,5.2422,-10.7985,-28.1166,-5.2143e-05,-1.3453,-0.00031114,8.3283e-07,0.057628,0,86.9093,0.16017,0.95934,479.2004,1396.0363
44.8998,11074.0122,39.4427,239.9969,9.1942,0.00022534,0.13777,-1.5054,89.998,0.2649,4.4365,5.2223,-12.2407,-28.193,-5.2992e-05,-1.3145,-0.026241,8.332e-07,0.057639,0,87.0546,0.16015,0.9483,479.1993,1396.0184
44.9082,11074.3409,39.4429,239.9964,9.1942,0.00028467,0.12522,-2.135,90.0002,0.25221,4.4365,5.2073,-13.5771,-28.2657,-3.2264e-05,-1.2848,-0.049395,8.3357e-07,0.057649,0,87.2,0.16019,0.92883,479.1981,1396.0005
44.9165,11074.6696,39.4432,239.9962,9.1942,0.0003908,0.10743,-2.7523,90.0023,0.22832,4.4365,5.1992,-14.7495,-28.3339,-3.908e-05,-1.2564,-0.069238,8.3392e-07,0.05766,0,87.3453,0.16029,0.90555,479.1969,1395.9825
44.9248,11074.9983,39.4435,239.9962,9.1942,0.00051112,0.084493,-3.3575,90.0042,0.19484,4.4365,5.1998,-15.7253,-28.3946,-5.8044e-05,-1.2292,-0.085553,8.3426e-07,0.057671,0,87.4908,0.16042,0.8805,479.1957,1395.9646
44.9267,11074.9983,39.4435,239.9962,9.1942,0.00051112,0.084493,-3.3575,90.0042,0.19484,4.4365,5.1998,-15.7253,-28.3946,-5.8044e-05,-1.2292,-0.085553,8.3426e-07,0.057671,0,87.4908,0.16041,0.87731,479.1957,1395.9646
44.9267,11074.9983,39.4435,239.9962,9.1942,0.00051112,0.084493,-3.3575,90.0042,0.19484,4.4365,5.1998,-15.7253,-28.3946,-5.8044e-05,-1.2292,-0.085553,8.3426e-07,0.057671,0,87.4908,0.16041,0.87731,479.1957,1395.9646
44.9332,11075.327,39.4439,239.9965,9.1943,0.00061762,0.056514,-3.951,90.0058,0.15346,4.4365,5.2094,-16.4914,-28.4485,-7.4545e-05,-1.0573,-0.098378,8.3459e-07,0.057682,0,87.6362,0.16055,0.85457,479.1946,1395.9467
44.9359,11075.327,39.4439,239.9965,9.1943,0.00061762,0.056514,-3.951,90.0058,0.15346,4.4365,5.2094,-16.4914,-28.4485,-7.4545e-05,-1.0573,-0.098378,8.3459e-07,0.057682,0,87.6362,0.16053,0.85624,479.1946,1395.9467
44.9359,11075.327,39.4439,239.9965,9.1943,0.00061762,0.056514,-3.951,90.0058,0.15346,4.4365,5.2094,-16.4914,-28.4485,-7.4545e-05,-1.0573,-0.098378,8.3459e-07,0.057682,0,87.6362,0.16053,0.85624,479.1946,1395.9467
44.9415,11075.6557,39.4444,239.9969,9.1943,0.00068842,0.023589,-4.4635,90.0071,0.10588,4.4365,5.2263,-15.7259,-28.8633,-7.691e-05,0.49995,-0.10792,8.3492e-07,0.057693,0,87.7817,0.16065,0.82873,479.1934,1395.9287
44.9471,11075.6557,39.4444,239.9969,9.1943,0.00068842,0.023589,-4.4635,90.0071,0.10588,4.4365,5.2263,-15.7259,-28.8633,-7.691e-05,0.49995,-0.10792,8.3492e-07,0.057693,0,87.7817,0.16061,0.84273,479.1934,1395.9287
44.9498,11075.9844,39.4449,239.9975,9.1943,0.00070732,-0.013607,-4.2331,90.008,0.053686,4.4365,5.2509,-2.188,-32.758,-4.6056e-05,1.5752,-0.1145,8.3524e-07,0.057703,0,87.9273,0.16072,0.80272,479.1922,1395.9108
44.9582,11076.3131,39.4455,239.9983,9.1943,0.00067132,-0.048882,-3.4898,90.0084,-0.0016887,4.4365,5.2827,7.1587,-35.4604,-9.4435e-06,1.5457,-0.11851,8.3556e-07,0.057714,0,88.011,0.16075,0.77646,479.1911,1395.8929
44.9608,11076.3131,39.4455,239.9983,9.1943,0.00067132,-0.048882,-3.4898,90.0084,-0.0016887,4.4365,5.2827,7.1587,-35.4604,-9.4435e-06,1.5457,-0.11851,8.3556e-07,0.057714,0,88.011,0.16073,0.7959,479.1911,1395.8929
44.9608,11076.3131,39.4455,239.9983,9.1943,0.00067132,-0.048882,-3.4898,90.0084,-0.0016887,4.4365,5.2827,7.1587,-35.4604,-9.4435e-06,1.5457,-0.11851,8.3556e-07,0.057714,0,88.011,0.16073,0.7959,479.1911,1395.8929
44.9665,11076.6418,39.4462,239.9994,9.1943,0.00058897,-0.077964,-2.761,90.0084,-0.059005,4.4364,5.3214,6.6397,-35.3992,-2.2734e-05,1.5161,-0.11956,8.3589e-07,0.057725,0,87.6616,0.16075,0.74993,479.1899,1395.875
44.9722,11076.6418,39.4462,239.9994,9.1943,0.00058897,-0.077964,-2.761,90.0084,-0.059005,4.4364,5.3214,6.6397,-35.3992,-2.2734e-05,1.5161,-0.11956,8.3589e-07,0.057725,0,87.6616,0.1607,0.79787,479.1899,1395.875
44.974,11076.6418,39.4462,239.9994,9.1943,0.00058897,-0.077964,-2.761,90.0084,-0.059005,4.4364,5.3214,6.6397,-35.3992,-2.2734e-05,1.5161,-0.11956,8.3589e-07,0.057725,0,87.6616,0.16069,0.80836,479.1899,1395.875
44.974,11076.6418,39.4462,239.9994,9.1943,0.00058897,-0.077964,-2.761,90.0084,-0.059005,4.4364,5.3214,6.6397,-35.3992,-2.2734e-05,1.5161,-0.11956,8.3589e-07,0.057725,0,87.6616,0.16069,0.80836,479.1899,1395.875
44.9748,11076.9705,39.4466,239.9994,9.1943,0.00045412,-0.10097,-2.0464,90.0079,-0.11683,4.4364,5.1676,6.3049,-35.333,-5.1966e-05,1.485,-0.11012,8.3621e-07,0.057736,0,87.3124,0.16062,0.81347,479.1887,1395.857
44.9756,11076.9705,39.4466,239.9994,9.1943,0.00045412,-0.10097,-2.0464,90.0079,-0.11683,4.4364,5.1676,6.3049,-35.333,-5.1966e-05,1.485,-0.11012,8.3621e-07,0.057736,0,87.3124,0.16062,0.81695,479.1887,1395.857
44.9771,11076.9705,39.4466,239.9994,9.1943,0.00045412,-0.10097,-2.0464,90.0079,-0.11683,4.4364,5.1676,6.3049,-35.333,-5.1966e-05,1.485,-0.11012,8.3621e-07,0.057736,0,87.3124,0.16061,0.82316,479.1887,1395.857
44.9803,11076.9705,39.4466,239.9994,9.1943,0.00045412,-0.10097,-2.0464,90.0079,-0.11683,4.4364,5.1676,6.3049,-35.333,-5.1966e-05,1.485,-0.11012,8.3621e-07,0.057736,0,87.3124,0.16058,0.83302,479.1887,1395.857
44.9832,11077.2992,39.4467,239.9987,9.1943,0.00028668,-0.11803,-1.3458,90.0069,-0.17009,4.4364,5.0427,6.6128,-35.2603,-9.2434e-05,1.4523,-0.089541,8.3655e-07,0.057747,0,86.9635,0.16043,0.88532,479.1875,1395.8391
44.9915,11077.628,39.4467,239.9975,9.1944,0.00011324,-0.12924,-0.65932,90.0055,-0.2134,4.4364,4.9483,7.6022,-35.1814,-5.615e-05,1.4194,-0.063895,8.3689e-07,0.057757,0,86.9428,0.16019,0.96024,479.1864,1395.8212
44.9998,11077.9567,39.4469,239.9968,9.1944,-5.506e-06,-0.13473,0.013437,90.0037,-0.2443,4.4364,5.0608,8.9053,-35.1043,8.042e-06,1.3867,-0.036015,8.3725e-07,0.057768,0,87.0881,0.16004,0.94935,479.1852,1395.8032
45.0082,11078.2854,39.4471,239.9964,9.1944,-4.1599e-05,-0.13462,0.67273,90.0017,-0.26172,4.4364,5.1793,10.3501,-35.0275,8.5327e-05,1.3546,-0.0079161,8.3761e-07,0.057779,0,87.2334,0.15998,0.92998,479.184,1395.7853
45.0165,11078.6141,39.4473,239.9962,9.1944,1.5909e-05,-0.12902,1.3189,89.9995,-0.26555,4.4364,5.2987,11.8143,-34.9506,0.00011556,1.3234,0.018736,8.3799e-07,0.05779,0,87.3788,0.16003,0.90675,479.1829,1395.7674
45.0248,11078.9429,39.4477,239.9962,9.1944,0.0001398,-0.11803,1.9522,89.9973,-0.25649,4.4364,5.4153,13.1964,-34.8709,0.00010588,1.2934,0.042833,8.3838e-07,0.057801,0,87.5242,0.16016,0.88173,479.1817,1395.7495
45.0332,11079.2716,39.448,239.9964,9.1944,0.00029856,-0.10176,2.573,89.9952,-0.23577,4.4364,5.5261,14.429,-34.789,5.74e-05,1.2646,0.063727,8.3878e-07,0.057812,0,87.6697,0.16034,0.85582,479.1805,1395.7315
45.0415,11079.6003,39.4485,239.9968,9.1944,0.00045572,-0.080316,3.1817,89.9932,-0.20495,4.4364,5.6294,15.4728,-34.7052,-1.179e-05,1.237,0.081119,8.3919e-07,0.057822,0,87.8152,0.16053,0.82942,479.1794,1395.7136
45.0489,11079.6003,39.4485,239.9968,9.1944,0.00045572,-0.080316,3.1817,89.9932,-0.20495,4.4364,5.6294,15.4728,-34.7052,-1.179e-05,1.237,0.081119,8.3919e-07,0.057822,0,87.8152,0.16048,0.84615,479.1794,1395.7136
45.0489,11079.6003,39.4485,239.9968,9.1944,0.00045572,-0.080316,3.1817,89.9932,-0.20495,4.4364,5.6294,15.4728,-34.7052,-1.179e-05,1.237,0.081119,8.3919e-07,0.057822,0,87.8152,0.16048,0.84615,479.1794,1395.7136
45.0498,11079.9291,39.449,239.9974,9.1944,0.00058009,-0.053802,3.7786,89.9915,-0.16572,4.4364,5.7241,16.3093,-34.6206,-7.6664e-05,1.179,0.094978,8.396e-07,0.057833,0,87.9607,0.1607,0.80269,479.1782,1395.6957
45.05,11079.9291,39.449,239.9974,9.1944,0.00058009,-0.053802,3.7786,89.9915,-0.16572,4.4364,5.7241,16.3093,-34.6206,-7.6664e-05,1.179,0.094978,8.396e-07,0.057833,0,87.9607,0.1607,0.80381,479.1782,1395.6957
45.05,11079.9291,39.449,239.9974,9.1944,0.00058009,-0.053802,3.7786,89.9915,-0.16572,4.4364,5.7241,16.3093,-34.6206,-7.6664e-05,1.179,0.094978,8.396e-07,0.057833,0,87.9607,0.1607,0.80381,479.1782,1395.6957
45.051,11079.9291,39.449,239.9974,9.1944,0.00058009,-0.053802,3.7786,89.9915,-0.16572,4.4364,5.7241,16.3093,-34.6206,-7.6664e-05,1.179,0.094978,8.396e-07,0.057833,0,87.9607,0.16069,0.80897,479.1782,1395.6957
45.0519,11079.9291,39.449,239.9974,9.1944,0.00058009,-0.053802,3.7786,89.9915,-0.16572,4.4364,5.7241,16.3093,-34.6206,-7.6664e-05,1.179,0.094978,8.396e-07,0.057833,0,87.9607,0.16069,0.81367,479.1782,1395.6957
45.0538,11079.9291,39.449,239.9974,9.1944,0.00058009,-0.053802,3.7786,89.9915,-0.16572,4.4364,5.7241,16.3093,-34.6206,-7.6664e-05,1.179,0.094978,8.396e-07,0.057833,0,87.9607,0.16067,0.82183,479.1782,1395.6957
45.0576,11079.9291,39.449,239.9974,9.1944,0.00058009,-0.053802,3.7786,89.9915,-0.16572,4.4364,5.7241,16.3093,-34.6206,-7.6664e-05,1.179,0.094978,8.396e-07,0.057833,0,87.9607,0.16065,0.83418,479.1782,1395.6957
45.0582,11080.2578,39.4497,239.9983,9.1945,0.00065105,-0.022314,4.3489,89.9901,-0.11979,4.4364,5.809,16.6489,-34.4576,-0.00011827,0.021503,0.10547,8.4003e-07,0.057844,0,88.0592,0.16084,0.77608,479.177,1395.6777
45.0611,11080.2578,39.4497,239.9983,9.1945,0.00065105,-0.022314,4.3489,89.9901,-0.11979,4.4364,5.809,16.6489,-34.4576,-0.00011827,0.021503,0.10547,8.4003e-07,0.057844,0,88.0592,0.16081,0.79777,479.177,1395.6777
45.0665,11080.5866,39.4503,239.9993,9.1945,0.00065714,0.013927,4.3673,89.9891,-0.068778,4.4364,5.8845,6.7965,-31.5577,-0.00015959,-1.5804,0.1129,8.4045e-07,0.057855,0,87.7098,0.16092,0.74957,479.1758,1395.6598
45.0748,11080.9153,39.4507,239.9993,9.1945,0.00057673,0.050321,3.6215,89.9886,-0.014175,4.4364,5.7516,-7.285,-27.5632,-0.00018394,-1.5509,0.11763,8.4088e-07,0.057866,0,87.3606,0.16085,0.81326,479.1747,1395.6419
45.0762,11080.9153,39.4507,239.9993,9.1945,0.00057673,0.050321,3.6215,89.9886,-0.014175,4.4364,5.7516,-7.285,-27.5632,-0.00018394,-1.5509,0.11763,8.4088e-07,0.057866,0,87.3606,0.16084,0.8193,479.1747,1395.6419
45.0762,11080.9153,39.4507,239.9993,9.1945,0.00057673,0.050321,3.6215,89.9886,-0.014175,4.4364,5.7516,-7.285,-27.5632,-0.00018394,-1.5509,0.11763,8.4088e-07,0.057866,0,87.3606,0.16084,0.8193,479.1747,1395.6419
45.0832,11081.2441,39.4509,239.9987,9.1945,0.00041736,0.0805,2.8901,89.9884,0.042717,4.4364,5.6141,-6.7291,-27.646,-0.00020765,-1.5214,0.11989,8.4131e-07,0.057876,0,87.0117,0.16067,0.88537,479.1735,1395.624
45.089,11081.2441,39.4509,239.9987,9.1945,0.00041736,0.0805,2.8901,89.9884,0.042717,4.4364,5.6141,-6.7291,-27.646,-0.00020765,-1.5214,0.11989,8.4131e-07,0.057876,0,87.0117,0.16062,0.87439,479.1735,1395.624
45.089,11081.2441,39.4509,239.9987,9.1945,0.00041736,0.0805,2.8901,89.9884,0.042717,4.4364,5.6141,-6.7291,-27.646,-0.00020765,-1.5214,0.11989,8.4131e-07,0.057876,0,87.0117,0.16062,0.87439,479.1735,1395.624
45.0915,11081.5728,39.4508,239.9974,9.1945,0.000196,0.10458,2.1729,89.9888,0.1007,4.4364,5.4729,-6.3257,-27.7267,-0.0001393,-1.4909,0.11401,8.4173e-07,0.057887,0,86.9283,0.16038,0.96054,479.1723,1395.606
45.094,11081.5728,39.4508,239.9974,9.1945,0.000196,0.10458,2.1729,89.9888,0.1007,4.4364,5.4729,-6.3257,-27.7267,-0.0001393,-1.4909,0.11401,8.4173e-07,0.057887,0,86.9283,0.16036,0.93855,479.1723,1395.606
45.099,11081.5728,39.4508,239.9974,9.1945,0.000196,0.10458,2.1729,89.9888,0.1007,4.4364,5.4729,-6.3257,-27.7267,-0.0001393,-1.4909,0.11401,8.4173e-07,0.057887,0,86.9283,0.16032,0.90809,479.1723,1395.606
45.0998,11081.9016,39.451,239.9968,9.1945,-1.8485e-05,0.12269,1.4698,89.9896,0.15584,4.4364,5.5054,-6.4198,-27.8137,-3.0104e-05,-1.4585,0.095139,8.4214e-07,0.057898,0,87.0735,0.16014,0.9499,479.1712,1395.5881
45.104,11081.9016,39.451,239.9968,9.1945,-1.8485e-05,0.12269,1.4698,89.9896,0.15584,4.4364,5.5054,-6.4198,-27.8137,-3.0104e-05,-1.4585,0.095139,8.4214e-07,0.057898,0,87.0735,0.16011,0.91984,479.1712,1395.5881
45.1082,11082.2303,39.4512,239.9963,9.1945,-0.00017273,0.13494,0.78083,89.9909,0.20186,4.4364,5.5058,-7.307,-27.9063,0.00010293,-1.4256,0.070275,8.4254e-07,0.057909,0,87.2189,0.15996,0.93075,479.17,1395.5702
45.1165,11082.5591,39.4514,239.9961,9.1946,-0.00022905,0.14145,0.10561,89.9926,0.23585,4.4364,5.4917,-8.5625,-27.9998,0.00019367,-1.3928,0.0427,8.4293e-07,0.05792,0,87.3642,0.1599,0.9077,479.1688,1395.5523
45.1248,11082.8879,39.4518,239.9961,9.1946,-0.0001908,0.14233,-0.55608,89.9946,0.2565,4.4364,5.4718,-9.9872,-28.0886,0.00023732,-1.3605,0.014438,8.4331e-07,0.05793,0,87.5097,0.15994,0.8828,479.1676,1395.5343
45.1332,11083.2166,39.4522,239.9963,9.1946,-7.3576e-05,0.13769,-1.2046,89.9967,0.26348,4.4364,5.451,-11.4583,-28.1713,0.00022414,-1.3291,-0.012693,8.4368e-07,0.057941,0,87.6551,0.16008,0.85697,479.1665,1395.5164
45.1415,11083.5454,39.4526,239.9967,9.1946,9.2514e-05,0.12765,-1.8402,89.9989,0.25735,4.4364,5.4339,-12.8655,-28.2461,0.00016368,-1.2989,-0.037471,8.4404e-07,0.057952,0,87.8006,0.16028,0.8306,479.1653,1395.4985
45.1498,11083.8742,39.4531,239.9973,9.1946,0.00027373,0.11232,-2.4632,90.0011,0.23923,4.4364,5.4233,-14.1345,-28.3128,7.0305e-05,-1.2698,-0.059158,8.4438e-07,0.057963,0,87.9461,0.1605,0.8039,479.1641,1395.4805
45.1582,11084.2029,39.4537,239.9982,9.1946,0.00043715,0.091793,-3.0741,90.0031,0.21062,4.4363,5.4209,-15.2203,-28.3718,-3.6104e-05,-1.242,-0.077379,8.4471e-07,0.057974,0,88.0916,0.16073,0.77694,479.163,1395.4626
45.1636,11084.2029,39.4537,239.9982,9.1946,0.00043715,0.091793,-3.0741,90.0031,0.21062,4.4363,5.4209,-15.2203,-28.3718,-3.6104e-05,-1.242,-0.077379,8.4471e-07,0.057974,0,88.0916,0.16069,0.81197,479.163,1395.4626
45.1636,11084.2029,39.4537,239.9982,9.1946,0.00043715,0.091793,-3.0741,90.0031,0.21062,4.4363,5.4209,-15.2203,-28.3718,-3.6104e-05,-1.242,-0.077379,8.4471e-07,0.057974,0,88.0916,0.16069,0.81197,479.163,1395.4626
45.1665,11084.5317,39.4544,239.9992,9.1946,0.00055554,0.066176,-3.6731,90.0048,0.17319,4.4363,5.4273,-16.1,-28.4241,-0.00017478,-1.2154,-0.092049,8.4504e-07,0.057984,0,87.7423,0.16092,0.74976,479.1618,1395.4447
45.1694,11084.5317,39.4544,239.9992,9.1946,0.00055554,0.066176,-3.6731,90.0048,0.17319,4.4363,5.4273,-16.1,-28.4241,-0.00017478,-1.2154,-0.092049,8.4504e-07,0.057984,0,87.7423,0.1609,0.77784,479.1618,1395.4447
45.1747,11084.5317,39.4544,239.9992,9.1946,0.00055554,0.066176,-3.6731,90.0048,0.17319,4.4363,5.4273,-16.1,-28.4241,-0.00017478,-1.2154,-0.092049,8.4504e-07,0.057984,0,87.7423,0.16086,0.81163,479.1618,1395.4447
45.1747,11084.5317,39.4544,239.9992,9.1946,0.00055554,0.066176,-3.6731,90.0048,0.17319,4.4363,5.4273,-16.1,-28.4241,-0.00017478,-1.2154,-0.092049,8.4504e-07,0.057984,0,87.7423,0.16086,0.81163,479.1618,1395.4447
45.1748,11084.8605,39.4547,239.9992,9.1946,0.00059071,0.035567,-4.2605,90.0062,0.12867,4.4363,5.2415,-16.7686,-28.4684,-0.00029088,-0.29833,-0.1033,8.4536e-07,0.057995,0,87.3931,0.16097,0.81296,479.1606,1395.4268
45.1749,11084.8605,39.4547,239.9992,9.1946,0.00059071,0.035567,-4.2605,90.0062,0.12867,4.4363,5.2415,-16.7686,-28.4684,-0.00029088,-0.29833,-0.1033,8.4536e-07,0.057995,0,87.3931,0.16097,0.81358,479.1606,1395.4268
45.1752,11084.8605,39.4547,239.9992,9.1946,0.00059071,0.035567,-4.2605,90.0062,0.12867,4.4363,5.2415,-16.7686,-28.4684,-0.00029088,-0.29833,-0.1033,8.4536e-07,0.057995,0,87.3931,0.16096,0.81478,479.1606,1395.4268
45.1757,11084.8605,39.4547,239.9992,9.1946,0.00059071,0.035567,-4.2605,90.0062,0.12867,4.4363,5.2415,-16.7686,-28.4684,-0.00029088,-0.29833,-0.1033,8.4536e-07,0.057995,0,87.3931,0.16096,0.8171,479.1606,1395.4268
45.1768,11084.8605,39.4547,239.9992,9.1946,0.00059071,0.035567,-4.2605,90.0062,0.12867,4.4363,5.2415,-16.7686,-28.4684,-0.00029088,-0.29833,-0.1033,8.4536e-07,0.057995,0,87.3931,0.16095,0.82138,479.1606,1395.4268
45.1789,11084.8605,39.4547,239.9992,9.1946,0.00059071,0.035567,-4.2605,90.0062,0.12867,4.4363,5.2415,-16.7686,-28.4684,-0.00029088,-0.29833,-0.1033,8.4536e-07,0.057995,0,87.3931,0.16094,0.82872,479.1606,1395.4268
45.1826,11084.8605,39.4547,239.9992,9.1946,0.00059071,0.035567,-4.2605,90.0062,0.12867,4.4363,5.2415,-16.7686,-28.4684,-0.00029088,-0.29833,-0.1033,8.4536e-07,0.057995,0,87.3931,0.16091,0.83858,479.1606,1395.4268
45.1826,11084.8605,39.4547,239.9992,9.1946,0.00059071,0.035567,-4.2605,90.0062,0.12867,4.4363,5.2415,-16.7686,-28.4684,-0.00029088,-0.29833,-0.1033,8.4536e-07,0.057995,0,87.3931,0.16091,0.83858,479.1606,1395.4268
45.1832,11085.1893,39.4549,239.9986,9.1947,0.0005306,6.3369e-05,-4.4109,90.0073,0.078715,4.4363,5.065,-9.1441,-30.7476,-0.00035763,1.3457,-0.11138,8.4567e-07,0.058006,0,87.0443,0.16088,0.88504,479.1594,1395.4088
45.1837,11085.1893,39.4549,239.9986,9.1947,0.0005306,6.3369e-05,-4.4109,90.0073,0.078715,4.4363,5.065,-9.1441,-30.7476,-0.00035763,1.3457,-0.11138,8.4567e-07,0.058006,0,87.0443,0.16088,0.88376,479.1594,1395.4088
45.1848,11085.1893,39.4549,239.9986,9.1947,0.0005306,6.3369e-05,-4.4109,90.0073,0.078715,4.4363,5.065,-9.1441,-30.7476,-0.00035763,1.3457,-0.11138,8.4567e-07,0.058006,0,87.0443,0.16087,0.88138,479.1594,1395.4088
45.1869,11085.1893,39.4549,239.9986,9.1947,0.0005306,6.3369e-05,-4.4109,90.0073,0.078715,4.4363,5.065,-9.1441,-30.7476,-0.00035763,1.3457,-0.11138,8.4567e-07,0.058006,0,87.0443,0.16085,0.87734,479.1594,1395.4088
45.1915,11085.5181,39.4549,239.9973,9.1947,0.00037564,-0.036694,-3.777,90.008,0.024851,4.4363,4.8978,5.2707,-34.8639,-0.00029331,1.557,-0.1167,8.4598e-07,0.058017,0,86.9074,0.16066,0.96035,479.1583,1395.3909
45.1922,11085.5181,39.4549,239.9973,9.1947,0.00037564,-0.036694,-3.777,90.008,0.024851,4.4363,4.8978,5.2707,-34.8639,-0.00029331,1.557,-0.1167,8.4598e-07,0.058017,0,86.9074,0.16065,0.95365,479.1583,1395.3909
45.1922,11085.5181,39.4549,239.9973,9.1947,0.00037564,-0.036694,-3.777,90.008,0.024851,4.4363,4.8978,5.2707,-34.8639,-0.00029331,1.557,-0.1167,8.4598e-07,0.058017,0,86.9074,0.16065,0.95365,479.1583,1395.3909
45.1998,11085.8469,39.455,239.9967,9.1947,0.00018278,-0.068169,-3.0426,90.0082,-0.031591,4.4363,4.931,6.8552,-35.4066,-0.00017413,1.5276,-0.11963,8.4629e-07,0.058028,0,87.0526,0.16044,0.94996,479.1571,1395.373
45.2048,11085.8469,39.455,239.9967,9.1947,0.00018278,-0.068169,-3.0426,90.0082,-0.031591,4.4363,4.931,6.8552,-35.4066,-0.00017413,1.5276,-0.11963,8.4629e-07,0.058028,0,87.0526,0.1604,0.91528,479.1571,1395.373
45.2048,11085.8469,39.455,239.9967,9.1947,0.00018278,-0.068169,-3.0426,90.0082,-0.031591,4.4363,4.931,6.8552,-35.4066,-0.00017413,1.5276,-0.11963,8.4629e-07,0.058028,0,87.0526,0.1604,0.91528,479.1571,1395.373
45.2082,11086.1757,39.4552,239.9962,9.1947,-7.3994e-06,-0.093524,-2.3225,90.0079,-0.08945,4.4363,4.9703,6.4046,-35.3486,-1.4934e-05,1.4973,-0.1157,8.466e-07,0.058039,0,87.198,0.16023,0.93107,479.1559,1395.355
45.2115,11086.1757,39.4552,239.9962,9.1947,-7.3994e-06,-0.093524,-2.3225,90.0079,-0.08945,4.4363,4.9703,6.4046,-35.3486,-1.4934e-05,1.4973,-0.1157,8.466e-07,0.058039,0,87.198,0.16021,0.91133,479.1559,1395.355
45.2165,11086.5045,39.4555,239.996,9.1947,-0.00015319,-0.11288,-1.6166,90.0072,-0.14541,4.4363,5.027,6.3754,-35.2892,0.00011603,1.4652,-0.099126,8.4693e-07,0.058049,0,87.3433,0.16008,0.90829,479.1548,1395.3371
45.2248,11086.8333,39.4558,239.996,9.1947,-0.00023591,-0.12635,-0.92464,90.006,-0.19335,4.4363,5.1162,7.1197,-35.2221,0.00021266,1.4323,-0.075295,8.4726e-07,0.05806,0,87.4887,0.16001,0.88363,479.1536,1395.3192
45.2332,11087.1621,39.4562,239.9962,9.1947,-0.00024415,-0.13405,-0.24657,90.0044,-0.22977,4.4363,5.2245,8.3105,-35.1496,0.00026041,1.3995,-0.048198,8.476e-07,0.058071,0,87.6342,0.16002,0.85798,479.1524,1395.3013
45.2415,11087.4909,39.4567,239.9966,9.1947,-0.00018262,-0.13611,0.41793,90.0024,-0.25308,4.4363,5.342,9.7056,-35.0726,0.00025804,1.3672,-0.020014,8.4795e-07,0.058082,0,87.7796,0.16011,0.83175,479.1512,1395.2833
45.2498,11087.8197,39.4572,239.9972,9.1947,-6.6351e-05,-0.13263,1.0691,90.0003,-0.26276,4.4363,5.463,11.1727,-34.9917,0.00020858,1.3356,0.0073911,8.4831e-07,0.058093,0,87.9251,0.16027,0.80512,479.1501,1395.2654
45.2582,11088.1485,39.4578,239.998,9.1948,8.1192e-05,-0.12372,1.7074,89.9981,-0.25919,4.4363,5.5829,12.5983,-34.9078,0.00012244,1.3051,0.032666,8.4868e-07,0.058103,0,88.0707,0.16047,0.7782,479.1489,1395.2475
45.2665,11088.4773,39.4584,239.9991,9.1948,0.00023299,-0.10949,2.3331,89.996,-0.24339,4.4362,5.6981,13.9004,-34.8219,-2.7479e-05,1.2758,0.054982,8.4907e-07,0.058114,0,87.7213,0.1607,0.75102,479.1477,1395.2296
45.2748,11088.8061,39.4588,239.9991,9.1948,0.00034266,-0.090047,2.9465,89.994,-0.2168,4.4362,5.6153,15.0285,-34.7323,-0.00019435,1.2477,0.073895,8.4946e-07,0.058125,0,87.3722,0.16082,0.80974,479.1466,1395.2116
45.2775,11088.8061,39.4588,239.9991,9.1948,0.00034266,-0.090047,2.9465,89.994,-0.2168,4.4362,5.6153,15.0285,-34.7323,-0.00019435,1.2477,0.073895,8.4946e-07,0.058125,0,87.3722,0.1608,0.82148,479.1466,1395.2116
45.2775,11088.8061,39.4588,239.9991,9.1948,0.00034266,-0.090047,2.9465,89.994,-0.2168,4.4362,5.6153,15.0285,-34.7323,-0.00019435,1.2477,0.073895,8.4946e-07,0.058125,0,87.3722,0.1608,0.82148,479.1466,1395.2116
45.2832,11089.1349,39.4589,239.9985,9.1948,0.00038191,-0.065493,3.5479,89.9921,-0.18106,4.4363,5.5166,15.9553,-34.6416,-0.00034794,1.2209,0.089266,8.4987e-07,0.058136,0,87.0233,0.16083,0.88075,479.1454,1395.1937
45.2884,11089.1349,39.4589,239.9985,9.1948,0.00038191,-0.065493,3.5479,89.9921,-0.18106,4.4363,5.5166,15.9553,-34.6416,-0.00034794,1.2209,0.089266,8.4987e-07,0.058136,0,87.0233,0.1608,0.87261,479.1454,1395.1937
45.2884,11089.1349,39.4589,239.9985,9.1948,0.00038191,-0.065493,3.5479,89.9921,-0.18106,4.4363,5.5166,15.9553,-34.6416,-0.00034794,1.2209,0.089266,8.4987e-07,0.058136,0,87.0233,0.1608,0.87261,479.1454,1395.1937
45.2915,11089.4638,39.4589,239.9973,9.1948,0.00033474,-0.035927,4.1378,89.9906,-0.13789,4.4363,5.4106,16.6722,-34.5518,-0.00037484,0.67739,0.10119,8.5028e-07,0.058147,0,86.6815,0.16072,0.95528,479.1442,1395.1758
45.2946,11089.4638,39.4589,239.9973,9.1948,0.00033474,-0.035927,4.1378,89.9906,-0.13789,4.4363,5.4106,16.6722,-34.5518,-0.00037484,0.67739,0.10119,8.5028e-07,0.058147,0,86.6815,0.1607,0.9301,479.1442,1395.1758
45.2968,11089.4638,39.4589,239.9973,9.1948,0.00033474,-0.035927,4.1378,89.9906,-0.13789,4.4363,5.4106,16.6722,-34.5518,-0.00037484,0.67739,0.10119,8.5028e-07,0.058147,0,86.6815,0.16068,0.91658,479.1442,1395.1758
45.2968,11089.4638,39.4589,239.9973,9.1948,0.00033474,-0.035927,4.1378,89.9906,-0.13789,4.4363,5.4106,16.6722,-34.5518,-0.00037484,0.67739,0.10119,8.5028e-07,0.058147,0,86.6815,0.16068,0.91658,479.1442,1395.1758
45.2998,11089.7926,39.4591,239.9967,9.1948,0.00023891,-0.001446,4.469,89.9895,-0.088955,4.4363,5.4879,12.4829,-33.1806,-0.00030689,-0.96583,0.10987,8.507e-07,0.058157,0,86.8268,0.1606,0.94475,479.143,1395.1578
45.3028,11089.7926,39.4591,239.9967,9.1948,0.00023891,-0.001446,4.469,89.9895,-0.088955,4.4363,5.4879,12.4829,-33.1806,-0.00030689,-0.96583,0.10987,8.507e-07,0.058157,0,86.8268,0.16058,0.92306,479.143,1395.1578
45.3082,11090.1214,39.4593,239.9963,9.1948,0.00011669,0.035796,4.0164,89.9887,-0.035817,4.4363,5.5562,-1.8933,-29.0828,-0.00015388,-1.5665,0.11574,8.5111e-07,0.058168,0,86.9721,0.16047,0.92594,479.1419,1395.1399
45.3165,11090.4502,39.4596,239.9961,9.1949,-2.9332e-06,0.069265,3.2774,89.9884,0.020161,4.4363,5.6172,-6.985,-27.6015,-1.1769e-05,-1.5369,0.11914,8.5153e-07,0.058179,0,87.1174,0.16035,0.90334,479.1407,1395.122
45.3204,11090.4502,39.4596,239.9961,9.1949,-2.9332e-06,0.069265,3.2774,89.9884,0.020161,4.4363,5.6172,-6.985,-27.6015,-1.1769e-05,-1.5369,0.11914,8.5153e-07,0.058179,0,87.1174,0.16032,0.89001,479.1407,1395.122
45.3204,11090.4502,39.4596,239.9961,9.1949,-2.9332e-06,0.069265,3.2774,89.9884,0.020161,4.4363,5.6172,-6.985,-27.6015,-1.1769e-05,-1.5369,0.11914,8.5153e-07,0.058179,0,87.1174,0.16032,0.89001,479.1407,1395.122
45.3248,11090.7791,39.4599,239.9961,9.1949,-0.00011392,0.096576,2.5527,89.9886,0.07778,4.4362,5.6726,-6.5114,-27.6929,0.00011111,-1.507,0.11764,8.5194e-07,0.05819,0,87.2628,0.16024,0.87889,479.1395,1395.1041
45.3293,11090.7791,39.4599,239.9961,9.1949,-0.00011392,0.096576,2.5527,89.9886,0.07778,4.4362,5.6726,-6.5114,-27.6929,0.00011111,-1.507,0.11764,8.5194e-07,0.05819,0,87.2628,0.16021,0.8728,479.1395,1395.1041
45.3332,11091.1079,39.4603,239.9963,9.1949,-0.0002049,0.11785,1.8423,89.9893,0.13468,4.4362,5.7164,-6.3378,-27.7827,0.00019946,-1.4753,0.10436,8.5235e-07,0.058201,0,87.4083,0.16018,0.85347,479.1384,1395.0861
45.3415,11091.4367,39.4608,239.9968,9.1949,-0.00026113,0.1332,1.1459,89.9904,0.18515,4.4362,5.7317,-6.8834,-27.8733,0.0002499,-1.4426,0.082012,8.5275e-07,0.058211,0,87.5537,0.16015,0.82744,479.1372,1395.0682
45.3498,11091.7656,39.4613,239.9974,9.1949,-0.00026983,0.14275,0.4635,89.9919,0.22481,4.4362,5.7253,-7.9837,-27.963,0.00026139,-1.4097,0.055578,8.5313e-07,0.058222,0,87.6992,0.16019,0.80097,479.136,1395.0503
45.3582,11092.0944,39.4619,239.9983,9.1949,-0.00022789,0.14661,-0.20528,89.9938,0.25169,4.4362,5.7095,-9.3369,-28.0491,0.00023426,-1.3771,0.027521,8.5351e-07,0.058233,0,87.8448,0.1603,0.77415,479.1348,1395.0324
45.3665,11092.4233,39.4626,239.9994,9.1949,-0.00014185,0.1449,-0.86069,89.9959,0.26501,4.4362,5.6906,-10.7933,-28.13,0.00012727,-1.3453,-0.00022972,8.5387e-07,0.058244,0,87.4954,0.16046,0.74701,479.1337,1395.0144
45.3748,11092.7521,39.4629,239.9994,9.1949,-4.8074e-05,0.13773,-1.503,89.9981,0.2649,4.4362,5.4727,-12.2357,-28.202,-1.9273e-05,-1.3145,-0.026164,8.5422e-07,0.058255,0,87.1463,0.16056,0.81002,479.1325,1394.9965
45.3832,11093.081,39.4631,239.9988,9.1949,2.7188e-05,0.12521,-2.1327,90.0003,0.25224,4.4362,5.2619,-13.5725,-28.2664,-0.00018465,-1.2848,-0.049324,8.5456e-07,0.058266,0,86.7975,0.16061,0.88146,479.1313,1394.9786
45.3915,11093.4098,39.463,239.9975,9.1949,6.0422e-05,0.10743,-2.75,90.0024,0.22839,4.4362,5.0603,-14.7453,-28.324,-0.00026311,-1.2564,-0.069172,8.5488e-07,0.058276,0,86.7016,0.16057,0.95608,479.1302,1394.9607
45.3998,11093.7387,39.4632,239.9969,9.1949,7.3692e-05,0.084517,-3.3552,90.0043,0.19494,4.4362,5.0607,-15.7214,-28.3805,-0.00028362,-1.2292,-0.085493,8.552e-07,0.058287,0,86.8469,0.16056,0.94498,479.129,1394.9427
45.4016,11093.7387,39.4632,239.9969,9.1949,7.3692e-05,0.084517,-3.3552,90.0043,0.19494,4.4362,5.0607,-15.7214,-28.3805,-0.00028362,-1.2292,-0.085493,8.552e-07,0.058287,0,86.8469,0.16055,0.93112,479.129,1394.9427
45.4016,11093.7387,39.4632,239.9969,9.1949,7.3692e-05,0.084517,-3.3552,90.0043,0.19494,4.4362,5.0607,-15.7214,-28.3805,-0.00028362,-1.2292,-0.085493,8.552e-07,0.058287,0,86.8469,0.16055,0.93112,479.129,1394.9427
45.4082,11094.0676,39.4634,239.9965,9.195,7.2473e-05,0.056557,-3.9487,90.0059,0.15359,4.4362,5.0695,-16.4878,-28.4342,-0.00023248,-1.0583,-0.098324,8.555e-07,0.058298,0,86.9922,0.16054,0.92547,479.1278,1394.9248
45.4109,11094.0676,39.4634,239.9965,9.195,7.2473e-05,0.056557,-3.9487,90.0059,0.15359,4.4362,5.0695,-16.4878,-28.4342,-0.00023248,-1.0583,-0.098324,8.555e-07,0.058298,0,86.9922,0.16052,0.91039,479.1278,1394.9248
45.4109,11094.0676,39.4634,239.9965,9.195,7.2473e-05,0.056557,-3.9487,90.0059,0.15359,4.4362,5.0695,-16.4878,-28.4342,-0.00023248,-1.0583,-0.098324,8.555e-07,0.058298,0,86.9922,0.16052,0.91039,479.1278,1394.9248
45.4165,11094.3964,39.4636,239.9964,9.195,6.7926e-05,0.023651,-4.4616,90.0072,0.10604,4.4362,5.0852,-15.7314,-28.8502,-0.00016361,0.49453,-0.10788,8.558e-07,0.058309,0,87.1376,0.16054,0.90273,479.1266,1394.9069
45.4221,11094.3964,39.4636,239.9964,9.195,6.7926e-05,0.023651,-4.4616,90.0072,0.10604,4.4362,5.0852,-15.7314,-28.8502,-0.00016361,0.49453,-0.10788,8.558e-07,0.058309,0,87.1376,0.1605,0.88513,479.1266,1394.9069
45.4248,11094.7253,39.464,239.9964,9.195,4.5572e-05,-0.013529,-4.2338,90.0081,0.053863,4.4362,5.1085,-2.2342,-32.7376,-6.1244e-05,1.575,-0.11446,8.561e-07,0.05832,0,87.2829,0.16052,0.8784,479.1255,1394.8889
45.4332,11095.0541,39.4644,239.9966,9.195,2.5169e-06,-0.048811,-3.4906,90.0086,-0.0014936,4.4362,5.1391,7.1596,-35.4569,3.1233e-05,1.5455,-0.11848,8.5639e-07,0.05833,0,87.4284,0.1605,0.85321,479.1243,1394.871
45.4358,11095.0541,39.4644,239.9966,9.195,2.5169e-06,-0.048811,-3.4906,90.0086,-0.0014936,4.4362,5.1391,7.1596,-35.4569,3.1233e-05,1.5455,-0.11848,8.5639e-07,0.05833,0,87.4284,0.16049,0.85517,479.1243,1394.871
45.4358,11095.0541,39.4644,239.9966,9.195,2.5169e-06,-0.048811,-3.4906,90.0086,-0.0014936,4.4362,5.1391,7.1596,-35.4569,3.1233e-05,1.5455,-0.11848,8.5639e-07,0.05833,0,87.4284,0.16049,0.85517,479.1243,1394.871
45.4415,11095.383,39.4649,239.997,9.195,-6.0229e-05,-0.077899,-2.7619,90.0085,-0.058795,4.4361,5.1767,6.6402,-35.3986,0.00010063,1.5159,-0.11954,8.5669e-07,0.058341,0,87.5738,0.16048,0.82747,479.1231,1394.8531
45.4472,11095.383,39.4649,239.997,9.195,-6.0229e-05,-0.077899,-2.7619,90.0085,-0.058795,4.4361,5.1767,6.6402,-35.3986,0.00010063,1.5159,-0.11954,8.5669e-07,0.058341,0,87.5738,0.16044,0.84233,479.1231,1394.8531
45.449,11095.383,39.4649,239.997,9.195,-6.0229e-05,-0.077899,-2.7619,90.0085,-0.058795,4.4361,5.1767,6.6402,-35.3986,0.00010063,1.5159,-0.11954,8.5669e-07,0.058341,0,87.5738,0.16042,0.8455,479.1231,1394.8531
45.449,11095.383,39.4649,239.997,9.195,-6.0229e-05,-0.077899,-2.7619,90.0085,-0.058795,4.4361,5.1767,6.6402,-35.3986,0.00010063,1.5159,-0.11954,8.5669e-07,0.058341,0,87.5738,0.16042,0.8455,479.1231,1394.8531
45.4498,11095.7119,39.4654,239.9977,9.195,-0.00013603,-0.10091,-2.0473,90.0081,-0.11661,4.4361,5.2224,6.3047,-35.3371,0.0001474,1.4848,-0.11013,8.5699e-07,0.058352,0,87.7193,0.16045,0.80129,479.122,1394.8352
45.4506,11095.7119,39.4654,239.9977,9.195,-0.00013603,-0.10091,-2.0473,90.0081,-0.11661,4.4361,5.2224,6.3047,-35.3371,0.0001474,1.4848,-0.11013,8.5699e-07,0.058352,0,87.7193,0.16045,0.80591,479.122,1394.8352
45.4522,11095.7119,39.4654,239.9977,9.195,-0.00013603,-0.10091,-2.0473,90.0081,-0.11661,4.4361,5.2224,6.3047,-35.3371,0.0001474,1.4848,-0.11013,8.5699e-07,0.058352,0,87.7193,0.16044,0.8141,479.122,1394.8352
45.4554,11095.7119,39.4654,239.9977,9.195,-0.00013603,-0.10091,-2.0473,90.0081,-0.11661,4.4361,5.2224,6.3047,-35.3371,0.0001474,1.4848,-0.11013,8.5699e-07,0.058352,0,87.7193,0.16041,0.82703,479.122,1394.8352
45.4582,11096.0408,39.466,239.9985,9.195,-0.0002082,-0.11798,-1.3469,90.0071,-0.16988,4.4361,5.295,6.6104,-35.2692,0.00016975,1.4522,-0.089584,8.573e-07,0.058363,0,87.8648,0.16044,0.77474,479.1208,1394.8172
45.4665,11096.3697,39.4667,239.9996,9.195,-0.00025646,-0.1292,-0.6604,90.0057,-0.21321,4.4361,5.3963,7.5986,-35.1945,0.00012388,1.4193,-0.063953,8.5762e-07,0.058374,0,87.5155,0.16047,0.74782,479.1196,1394.7993
45.4748,11096.6985,39.467,239.9996,9.195,-0.00028931,-0.1347,0.01233,90.0039,-0.24414,4.4361,5.3107,8.9012,-35.1131,4.2167e-05,1.3866,-0.03608,8.5795e-07,0.058384,0,87.1664,0.16045,0.81096,479.1184,1394.7814
45.4832,11097.0274,39.4672,239.999,9.1951,-0.00030922,-0.1346,0.6716,90.0019,-0.26159,4.4361,5.2335,10.3457,-35.028,-6.6771e-05,1.3545,-0.0079829,8.5829e-07,0.058395,0,86.8176,0.1604,0.88247,479.1173,1394.7635
45.4915,11097.3563,39.4671,239.9978,9.1951,-0.00032446,-0.129,1.3177,89.9997,-0.26545,4.4361,5.1594,11.8097,-34.9405,-0.00010823,1.3234,0.018667,8.5864e-07,0.058406,0,86.7674,0.16032,0.95712,479.1161,1394.7455
45.4998,11097.6852,39.4672,239.9971,9.1951,-0.00030755,-0.11802,1.951,89.9975,-0.25642,4.4361,5.2758,13.1917,-34.8566,-0.00011945,1.2933,0.042765,8.59e-07,0.058417,0,86.9126,0.1603,0.94605,479.1149,1394.7276
45.5082,11098.0141,39.4674,239.9967,9.1951,-0.00025649,-0.10176,2.5718,89.9953,-0.23574,4.4361,5.3859,14.4245,-34.7746,-0.00010019,1.2645,0.063662,8.5937e-07,0.058428,0,87.0579,0.16034,0.92657,479.1138,1394.7097
45.5165,11098.343,39.4677,239.9966,9.1951,-0.00017466,-0.080332,3.1805,89.9934,-0.20495,4.4361,5.4879,15.4684,-34.6944,-9.8025e-05,1.237,0.081059,8.5975e-07,0.058438,0,87.2033,0.16041,0.90328,479.1126,1394.6918
45.5239,11098.343,39.4677,239.9966,9.1951,-0.00017466,-0.080332,3.1805,89.9934,-0.20495,4.4361,5.4879,15.4684,-34.6944,-9.8025e-05,1.237,0.081059,8.5975e-07,0.058438,0,87.2033,0.16036,0.88163,479.1126,1394.6918
45.5239,11098.343,39.4677,239.9966,9.1951,-0.00017466,-0.080332,3.1805,89.9934,-0.20495,4.4361,5.4879,15.4684,-34.6944,-9.8025e-05,1.237,0.081059,8.5975e-07,0.058438,0,87.2033,0.16036,0.88163,479.1126,1394.6918
45.5248,11098.6719,39.468,239.9966,9.1951,-9.151e-05,-0.053828,3.7774,89.9917,-0.16575,4.4361,5.5814,16.3052,-34.6136,-9.1294e-05,1.18,0.094924,8.6015e-07,0.058449,0,87.3486,0.1605,0.87822,479.1114,1394.6738
45.525,11098.6719,39.468,239.9966,9.1951,-9.151e-05,-0.053828,3.7774,89.9917,-0.16575,4.4361,5.5814,16.3052,-34.6136,-9.1294e-05,1.18,0.094924,8.6015e-07,0.058449,0,87.3486,0.1605,0.87793,479.1114,1394.6738
45.525,11098.6719,39.468,239.9966,9.1951,-9.151e-05,-0.053828,3.7774,89.9917,-0.16575,4.4361,5.5814,16.3052,-34.6136,-9.1294e-05,1.18,0.094924,8.6015e-07,0.058449,0,87.3486,0.1605,0.87793,479.1114,1394.6738
45.5259,11098.6719,39.468,239.9966,9.1951,-9.151e-05,-0.053828,3.7774,89.9917,-0.16575,4.4361,5.5814,16.3052,-34.6136,-9.1294e-05,1.18,0.094924,8.6015e-07,0.058449,0,87.3486,0.1605,0.87647,479.1114,1394.6738
45.5269,11098.6719,39.468,239.9966,9.1951,-9.151e-05,-0.053828,3.7774,89.9917,-0.16575,4.4361,5.5814,16.3052,-34.6136,-9.1294e-05,1.18,0.094924,8.6015e-07,0.058449,0,87.3486,0.16049,0.87514,479.1114,1394.6738
45.5288,11098.6719,39.468,239.9966,9.1951,-9.151e-05,-0.053828,3.7774,89.9917,-0.16575,4.4361,5.5814,16.3052,-34.6136,-9.1294e-05,1.18,0.094924,8.6015e-07,0.058449,0,87.3486,0.16048,0.87283,479.1114,1394.6738
45.5326,11098.6719,39.468,239.9966,9.1951,-9.151e-05,-0.053828,3.7774,89.9917,-0.16575,4.4361,5.5814,16.3052,-34.6136,-9.1294e-05,1.18,0.094924,8.6015e-07,0.058449,0,87.3486,0.16045,0.86934,479.1114,1394.6738
45.5332,11099.0008,39.4684,239.9968,9.1951,-2.7525e-05,-0.02235,4.3481,89.9903,-0.11984,4.4361,5.6652,16.6544,-34.4569,-7.7074e-05,0.02433,0.10543,8.6054e-07,0.05846,0,87.4941,0.16059,0.85266,479.1102,1394.6559
45.5359,11099.0008,39.4684,239.9968,9.1951,-2.7525e-05,-0.02235,4.3481,89.9903,-0.11984,4.4361,5.6652,16.6544,-34.4569,-7.7074e-05,0.02433,0.10543,8.6054e-07,0.05846,0,87.4941,0.16057,0.8548,479.1102,1394.6559
45.5415,11099.3297,39.4689,239.9972,9.1951,-1.7038e-06,0.013884,4.3679,89.9893,-0.068857,4.4361,5.7396,6.8191,-31.5645,-3.5779e-05,-1.5802,0.11286,8.6094e-07,0.058471,0,87.6395,0.16065,0.82696,479.1091,1394.638
45.5498,11099.6586,39.4694,239.9979,9.1951,-2.2895e-05,0.050283,3.6221,89.9887,-0.014273,4.436,5.8062,-7.2858,-27.5682,1.5858e-05,-1.5507,0.1176,8.6134e-07,0.058482,0,87.785,0.16068,0.80095,479.1079,1394.62
45.5512,11099.6586,39.4694,239.9979,9.1951,-2.2895e-05,0.050283,3.6221,89.9887,-0.014273,4.436,5.8062,-7.2858,-27.5682,1.5858e-05,-1.5507,0.1176,8.6134e-07,0.058482,0,87.785,0.16067,0.80865,479.1079,1394.62
45.5512,11099.6586,39.4694,239.9979,9.1951,-2.2895e-05,0.050283,3.6221,89.9887,-0.014273,4.436,5.8062,-7.2858,-27.5682,1.5858e-05,-1.5507,0.1176,8.6134e-07,0.058482,0,87.785,0.16067,0.80865,479.1079,1394.62
45.5582,11099.9875,39.47,239.9988,9.1951,-8.6754e-05,0.080467,2.8908,89.9886,0.042601,4.436,5.8663,-6.7297,-27.6556,5.4915e-05,-1.5213,0.11987,8.6174e-07,0.058493,0,87.8869,0.16068,0.77467,479.1067,1394.6021
45.564,11099.9875,39.47,239.9988,9.1951,-8.6754e-05,0.080467,2.8908,89.9886,0.042601,4.436,5.8663,-6.7297,-27.6556,5.4915e-05,-1.5213,0.11987,8.6174e-07,0.058493,0,87.8869,0.16064,0.81265,479.1067,1394.6021
45.564,11099.9875,39.47,239.9988,9.1951,-8.6754e-05,0.080467,2.8908,89.9886,0.042601,4.436,5.8663,-6.7297,-27.6556,5.4915e-05,-1.5213,0.11987,8.6174e-07,0.058493,0,87.8869,0.16064,0.81265,479.1067,1394.6021
45.5665,11100.3165,39.4707,239.9998,9.1951,-0.00018266,0.10456,2.1737,89.9889,0.10058,4.436,5.9209,-6.3257,-27.7403,4.1093e-05,-1.4908,0.11401,8.6213e-07,0.058503,0,87.5376,0.16066,0.74804,479.1056,1394.5842
45.569,11100.3165,39.4707,239.9998,9.1951,-0.00018266,0.10456,2.1737,89.9889,0.10058,4.436,5.9209,-6.3257,-27.7403,4.1093e-05,-1.4908,0.11401,8.6213e-07,0.058503,0,87.5376,0.16065,0.77295,479.1056,1394.5842
45.574,11100.3165,39.4707,239.9998,9.1951,-0.00018266,0.10456,2.1737,89.9889,0.10058,4.436,5.9209,-6.3257,-27.7403,4.1093e-05,-1.4908,0.11401,8.6213e-07,0.058503,0,87.5376,0.16061,0.8074,479.1056,1394.5842
45.5748,11100.6454,39.471,239.9998,9.1952,-0.00031098,0.12267,1.4707,89.9898,0.15572,4.436,5.7554,-6.4186,-27.8229,4.3599e-06,-1.4584,0.095159,8.6252e-07,0.058514,0,87.1886,0.16055,0.81143,479.1044,1394.5663
45.5788,11100.6454,39.471,239.9998,9.1952,-0.00031098,0.12267,1.4707,89.9898,0.15572,4.436,5.7554,-6.4186,-27.8229,4.3599e-06,-1.4584,0.095159,8.6252e-07,0.058514,0,87.1886,0.16052,0.82748,479.1044,1394.5663
45.5832,11100.9743,39.4712,239.9992,9.1952,-0.00044877,0.13493,0.78172,89.9911,0.20174,4.436,5.5602,-7.305,-27.9071,-4.8852e-05,-1.4255,0.070302,8.629e-07,0.058525,0,86.8398,0.16038,0.88314,479.1032,1394.5483
45.5915,11101.3032,39.4711,239.998,9.1952,-0.0005776,0.14144,0.10654,89.9928,0.23575,4.436,5.3527,-8.5602,-27.9899,-2.9831e-05,-1.3927,0.042737,8.6326e-07,0.058536,0,86.8003,0.16018,0.95793,479.102,1394.5304
45.5998,11101.6322,39.4713,239.9973,9.1952,-0.00064614,0.14233,-0.55512,89.9947,0.25642,4.436,5.3325,-9.9843,-28.0746,1.2256e-05,-1.3605,0.014481,8.6362e-07,0.058547,0,86.9455,0.16008,0.94696,479.1009,1394.5125
45.6082,11101.9611,39.4715,239.9969,9.1952,-0.00063647,0.1377,-1.2036,89.9969,0.26342,4.436,5.311,-11.4551,-28.157,6.6804e-05,-1.3291,-0.012647,8.6396e-07,0.058557,0,87.0908,0.16008,0.92755,479.0997,1394.4946
45.6165,11102.29,39.4717,239.9967,9.1952,-0.0005456,0.12767,-1.8391,89.9991,0.25731,4.436,5.2927,-12.8621,-28.2354,7.7702e-05,-1.2988,-0.037423,8.6429e-07,0.058568,0,87.2361,0.16016,0.90429,479.0985,1394.4766
45.6248,11102.6189,39.472,239.9967,9.1952,-0.00040552,0.11235,-2.4622,90.0012,0.23921,4.436,5.2809,-14.131,-28.3059,5.5986e-05,-1.2698,-0.05911,8.646e-07,0.058579,0,87.3815,0.1603,0.87927,479.0974,1394.4587
45.6332,11102.9479,39.4724,239.997,9.1952,-0.00024899,0.091829,-3.073,90.0032,0.21062,4.436,5.2773,-15.2168,-28.3688,5.4723e-06,-1.2419,-0.077333,8.6491e-07,0.05859,0,87.5269,0.16048,0.85336,479.0962,1394.4408
45.6385,11102.9479,39.4724,239.997,9.1952,-0.00024899,0.091829,-3.073,90.0032,0.21062,4.436,5.2773,-15.2168,-28.3688,5.4723e-06,-1.2419,-0.077333,8.6491e-07,0.05859,0,87.5269,0.16044,0.85682,479.0962,1394.4408
45.6385,11102.9479,39.4724,239.997,9.1952,-0.00024899,0.091829,-3.073,90.0032,0.21062,4.436,5.2773,-15.2168,-28.3688,5.4723e-06,-1.2419,-0.077333,8.6491e-07,0.05859,0,87.5269,0.16044,0.85682,479.0962,1394.4408
45.6415,11103.2768,39.4729,239.9974,9.1952,-0.00011078,0.066221,-3.6719,90.0049,0.17322,4.436,5.2826,-16.0967,-28.424,-5.0534e-05,-1.2154,-0.092007,8.6521e-07,0.058601,0,87.6723,0.16065,0.82697,479.095,1394.4229
45.6444,11103.2768,39.4729,239.9974,9.1952,-0.00011078,0.066221,-3.6719,90.0049,0.17322,4.436,5.2826,-16.0967,-28.424,-5.0534e-05,-1.2154,-0.092007,8.6521e-07,0.058601,0,87.6723,0.16063,0.83577,479.095,1394.4229
45.6497,11103.2768,39.4729,239.9974,9.1952,-0.00011078,0.066221,-3.6719,90.0049,0.17322,4.436,5.2826,-16.0967,-28.424,-5.0534e-05,-1.2154,-0.092007,8.6521e-07,0.058601,0,87.6723,0.1606,0.84623,479.095,1394.4229
45.6497,11103.2768,39.4729,239.9974,9.1952,-0.00011078,0.066221,-3.6719,90.0049,0.17322,4.436,5.2826,-16.0967,-28.424,-5.0534e-05,-1.2154,-0.092007,8.6521e-07,0.058601,0,87.6723,0.1606,0.84623,479.095,1394.4229
45.6498,11103.6057,39.4734,239.9981,9.1952,-1.6268e-05,0.035622,-4.2594,90.0064,0.12872,4.436,5.2963,-16.7654,-28.473,-9.0681e-05,-0.30063,-0.10326,8.655e-07,0.058611,0,87.8178,0.1608,0.80049,479.0938,1394.4049
45.65,11103.6057,39.4734,239.9981,9.1952,-1.6268e-05,0.035622,-4.2594,90.0064,0.12872,4.436,5.2963,-16.7654,-28.473,-9.0681e-05,-0.30063,-0.10326,8.655e-07,0.058611,0,87.8178,0.16079,0.80142,479.0938,1394.4049
45.6503,11103.6057,39.4734,239.9981,9.1952,-1.6268e-05,0.035622,-4.2594,90.0064,0.12872,4.436,5.2963,-16.7654,-28.473,-9.0681e-05,-0.30063,-0.10326,8.655e-07,0.058611,0,87.8178,0.16079,0.80325,479.0938,1394.4049
45.6509,11103.6057,39.4734,239.9981,9.1952,-1.6268e-05,0.035622,-4.2594,90.0064,0.12872,4.436,5.2963,-16.7654,-28.473,-9.0681e-05,-0.30063,-0.10326,8.655e-07,0.058611,0,87.8178,0.16079,0.80673,479.0938,1394.4049
45.6521,11103.6057,39.4734,239.9981,9.1952,-1.6268e-05,0.035622,-4.2594,90.0064,0.12872,4.436,5.2963,-16.7654,-28.473,-9.0681e-05,-0.30063,-0.10326,8.655e-07,0.058611,0,87.8178,0.16078,0.81307,479.0938,1394.4049
45.6546,11103.6057,39.4734,239.9981,9.1952,-1.6268e-05,0.035622,-4.2594,90.0064,0.12872,4.436,5.2963,-16.7654,-28.473,-9.0681e-05,-0.30063,-0.10326,8.655e-07,0.058611,0,87.8178,0.16076,0.82363,479.0938,1394.4049
45.6576,11103.6057,39.4734,239.9981,9.1952,-1.6268e-05,0.035622,-4.2594,90.0064,0.12872,4.436,5.2963,-16.7654,-28.473,-9.0681e-05,-0.30063,-0.10326,8.655e-07,0.058611,0,87.8178,0.16074,0.83326,479.0938,1394.4049
45.6576,11103.6057,39.4734,239.9981,9.1952,-1.6268e-05,0.035622,-4.2594,90.0064,0.12872,4.436,5.2963,-16.7654,-28.473,-9.0681e-05,-0.30063,-0.10326,8.655e-07,0.058611,0,87.8178,0.16074,0.83326,479.0938,1394.4049
45.6582,11103.9347,39.474,239.9989,9.1952,1.9267e-05,0.00012754,-4.4109,90.0075,0.078784,4.4359,5.3172,-9.1625,-30.7509,-9.4731e-05,1.3429,-0.11134,8.6579e-07,0.058622,0,87.8876,0.1609,0.77421,479.0927,1394.387
45.6587,11103.9347,39.474,239.9989,9.1952,1.9267e-05,0.00012754,-4.4109,90.0075,0.078784,4.4359,5.3172,-9.1625,-30.7509,-9.4731e-05,1.3429,-0.11134,8.6579e-07,0.058622,0,87.8876,0.16089,0.77891,479.0927,1394.387
45.6598,11103.9347,39.474,239.9989,9.1952,1.9267e-05,0.00012754,-4.4109,90.0075,0.078784,4.4359,5.3172,-9.1625,-30.7509,-9.4731e-05,1.3429,-0.11134,8.6579e-07,0.058622,0,87.8876,0.16088,0.78756,479.0927,1394.387
45.6621,11103.9347,39.474,239.9989,9.1952,1.9267e-05,0.00012754,-4.4109,90.0075,0.078784,4.4359,5.3172,-9.1625,-30.7509,-9.4731e-05,1.3429,-0.11134,8.6579e-07,0.058622,0,87.8876,0.16087,0.80221,479.0927,1394.387
45.6665,11104.2636,39.4747,240,9.1952,-1.0055e-05,-0.03663,-3.7783,90.0081,0.024936,4.4359,5.3458,5.2474,-34.8701,-0.0001126,1.5569,-0.11668,8.6607e-07,0.058633,0,87.5384,0.16094,0.74774,479.0915,1394.3691
45.6672,11104.2636,39.4747,240,9.1952,-1.0055e-05,-0.03663,-3.7783,90.0081,0.024936,4.4359,5.3458,5.2474,-34.8701,-0.0001126,1.5569,-0.11668,8.6607e-07,0.058633,0,87.5384,0.16094,0.75524,479.0915,1394.3691
45.6672,11104.2636,39.4747,240,9.1952,-1.0055e-05,-0.03663,-3.7783,90.0081,0.024936,4.4359,5.3458,5.2474,-34.8701,-0.0001126,1.5569,-0.11668,8.6607e-07,0.058633,0,87.5384,0.16094,0.75524,479.0915,1394.3691
45.6748,11104.5926,39.475,240,9.1953,-0.00011652,-0.068115,-3.044,90.0083,-0.031493,4.4359,5.181,6.8559,-35.4151,-0.00013933,1.5275,-0.11961,8.6635e-07,0.058644,0,87.1894,0.16085,0.81136,479.0903,1394.3512
45.6798,11104.5926,39.475,240,9.1953,-0.00011652,-0.068115,-3.044,90.0083,-0.031493,4.4359,5.181,6.8559,-35.4151,-0.00013933,1.5275,-0.11961,8.6635e-07,0.058644,0,87.1894,0.16082,0.83048,479.0903,1394.3512
45.6798,11104.5926,39.475,240,9.1953,-0.00011652,-0.068115,-3.044,90.0083,-0.031493,4.4359,5.181,6.8559,-35.4151,-0.00013933,1.5275,-0.11961,8.6635e-07,0.058644,0,87.1894,0.16082,0.83048,479.0903,1394.3512
45.6832,11104.9216,39.4751,239.9994,9.1953,-0.00028998,-0.093482,-2.3239,90.0081,-0.089341,4.4359,5.0246,6.4053,-35.349,-0.00016636,1.4972,-0.11569,8.6664e-07,0.058655,0,86.8406,0.16065,0.88334,479.0891,1394.3332
45.6865,11104.9216,39.4751,239.9994,9.1953,-0.00028998,-0.093482,-2.3239,90.0081,-0.089341,4.4359,5.0246,6.4053,-35.349,-0.00016636,1.4972,-0.11569,8.6664e-07,0.058655,0,86.8406,0.16063,0.8768,479.0891,1394.3332
45.6915,11105.2505,39.4751,239.9981,9.1953,-0.00050801,-0.11285,-1.618,90.0073,-0.1453,4.4359,4.8879,6.3753,-35.2789,-0.00010713,1.4651,-0.099143,8.6694e-07,0.058666,0,86.7955,0.16037,0.95836,479.088,1394.3153
45.6998,11105.5795,39.4752,239.9975,9.1953,-0.00069729,-0.12633,-0.92608,90.0061,-0.19325,4.4359,4.9769,7.1181,-35.2077,-1.209e-05,1.4323,-0.075328,8.6724e-07,0.058676,0,86.9407,0.16015,0.94763,479.0868,1394.2974
45.7082,11105.9084,39.4754,239.9971,9.1953,-0.0008129,-0.13405,-0.24804,90.0045,-0.22968,4.4359,5.0844,8.3079,-35.135,0.00010335,1.3995,-0.048242,8.6756e-07,0.058687,0,87.086,0.16001,0.92839,479.0856,1394.2795
45.7165,11106.2374,39.4757,239.9969,9.1953,-0.00082645,-0.13611,0.41642,90.0026,-0.25301,4.4359,5.2006,9.7023,-35.0615,0.00017232,1.3671,-0.020065,8.6788e-07,0.058698,0,87.2313,0.15999,0.90526,479.0845,1394.2615
45.7248,11106.5664,39.476,239.9969,9.1953,-0.00075123,-0.13264,1.0676,90.0005,-0.26272,4.4359,5.3204,11.169,-34.9845,0.00019452,1.3355,0.0073361,8.6822e-07,0.058709,0,87.3767,0.16007,0.88031,479.0833,1394.2436
45.7332,11106.8953,39.4764,239.9971,9.1953,-0.00061052,-0.12375,1.7059,89.9983,-0.25917,4.4359,5.4391,12.5945,-34.9044,0.0001643,1.3051,0.03261,8.6856e-07,0.05872,0,87.5221,0.16023,0.85444,479.0821,1394.2257
45.7415,11107.2243,39.4768,239.9975,9.1953,-0.00043883,-0.10953,2.3315,89.9961,-0.2434,4.4359,5.5532,13.8965,-34.8214,9.5065e-05,1.2758,0.054927,8.6892e-07,0.05873,0,87.6675,0.16043,0.82807,479.0809,1394.2078
45.7498,11107.5533,39.4773,239.9982,9.1953,-0.00027072,-0.090103,2.9449,89.9941,-0.21684,4.4359,5.6604,15.0246,-34.7364,3.7396e-06,1.2477,0.073843,8.6929e-07,0.058741,0,87.813,0.16065,0.80136,479.0798,1394.1898
45.7524,11107.5533,39.4773,239.9982,9.1953,-0.00027072,-0.090103,2.9449,89.9941,-0.21684,4.4359,5.6604,15.0246,-34.7364,3.7396e-06,1.2477,0.073843,8.6929e-07,0.058741,0,87.813,0.16063,0.81513,479.0798,1394.1898
45.7524,11107.5533,39.4773,239.9982,9.1953,-0.00027072,-0.090103,2.9449,89.9941,-0.21684,4.4359,5.6604,15.0246,-34.7364,3.7396e-06,1.2477,0.073843,8.6929e-07,0.058741,0,87.813,0.16063,0.81513,479.0798,1394.1898
45.7582,11107.8823,39.4779,239.999,9.1953,-0.00013691,-0.065563,3.5463,89.9923,-0.18113,4.4358,5.7593,15.9518,-34.6505,-8.7097e-05,1.2209,0.089219,8.6967e-07,0.058752,0,87.9584,0.16084,0.77441,479.0786,1394.1719
45.7633,11107.8823,39.4779,239.999,9.1953,-0.00013691,-0.065563,3.5463,89.9923,-0.18113,4.4358,5.7593,15.9518,-34.6505,-8.7097e-05,1.2209,0.089219,8.6967e-07,0.058752,0,87.9584,0.16081,0.80934,479.0786,1394.1719
45.7633,11107.8823,39.4779,239.999,9.1953,-0.00013691,-0.065563,3.5463,89.9923,-0.18113,4.4358,5.7593,15.9518,-34.6505,-8.7097e-05,1.2209,0.089219,8.6967e-07,0.058752,0,87.9584,0.16081,0.80934,479.0786,1394.1719
45.7665,11108.2112,39.4786,240.0001,9.1953,-5.9497e-05,-0.036011,4.1361,89.9908,-0.13798,4.4358,5.8492,16.6692,-34.5648,-0.00019382,0.68081,0.10115,8.7005e-07,0.058763,0,87.6092,0.161,0.74732,479.0774,1394.154
45.7696,11108.2112,39.4786,240.0001,9.1953,-5.9497e-05,-0.036011,4.1361,89.9908,-0.13798,4.4358,5.8492,16.6692,-34.5648,-0.00019382,0.68081,0.10115,8.7005e-07,0.058763,0,87.6092,0.16097,0.77774,479.0774,1394.154
45.7718,11108.2112,39.4786,240.0001,9.1953,-5.9497e-05,-0.036011,4.1361,89.9908,-0.13798,4.4358,5.8492,16.6692,-34.5648,-0.00019382,0.68081,0.10115,8.7005e-07,0.058763,0,87.6092,0.16096,0.79364,479.0774,1394.154
45.7718,11108.2112,39.4786,240.0001,9.1953,-5.9497e-05,-0.036011,4.1361,89.9908,-0.13798,4.4358,5.8492,16.6692,-34.5648,-0.00019382,0.68081,0.10115,8.7005e-07,0.058763,0,87.6092,0.16096,0.79364,479.0774,1394.154
45.7748,11108.5402,39.4789,240.0001,9.1953,-6.8801e-05,-0.0015431,4.469,89.9896,-0.089061,4.4358,5.7285,12.5113,-33.1979,-0.00027007,-0.96196,0.10984,8.7044e-07,0.058774,0,87.2602,0.161,0.8109,479.0763,1394.1361
45.7779,11108.5402,39.4789,240.0001,9.1953,-6.8801e-05,-0.0015431,4.469,89.9896,-0.089061,4.4358,5.7285,12.5113,-33.1979,-0.00027007,-0.96196,0.10984,8.7044e-07,0.058774,0,87.2602,0.16098,0.82384,479.0763,1394.1361
45.7832,11108.8692,39.479,239.9995,9.1954,-0.00017328,0.035698,4.0182,89.9889,-0.035939,4.4358,5.6012,-1.8603,-29.093,-0.00030154,-1.5664,0.11571,8.7084e-07,0.058784,0,86.9115,0.16087,0.88296,479.0751,1394.1181
45.7915,11109.1982,39.479,239.9982,9.1954,-0.00036323,0.069183,3.2792,89.9886,0.020024,4.4358,5.4688,-6.9862,-27.5916,-0.00022993,-1.5369,0.11911,8.7123e-07,0.058795,0,86.763,0.16061,0.9582,479.0739,1394.1002
45.7954,11109.1982,39.479,239.9982,9.1954,-0.00036323,0.069183,3.2792,89.9886,0.020024,4.4358,5.4688,-6.9862,-27.5916,-0.00022993,-1.5369,0.11911,8.7123e-07,0.058795,0,86.763,0.16059,0.92699,479.0739,1394.1002
45.7954,11109.1982,39.479,239.9982,9.1954,-0.00036323,0.069183,3.2792,89.9886,0.020024,4.4358,5.4688,-6.9862,-27.5916,-0.00022993,-1.5369,0.11911,8.7123e-07,0.058795,0,86.763,0.16059,0.92699,479.0739,1394.1002
45.7998,11109.5272,39.4791,239.9976,9.1954,-0.00057823,0.09651,2.5547,89.9888,0.07763,4.4358,5.5239,-6.5124,-27.6789,-0.00010785,-1.5069,0.11763,8.7161e-07,0.058806,0,86.9082,0.16037,0.9477,479.0727,1394.0823
45.8043,11109.5272,39.4791,239.9976,9.1954,-0.00057823,0.09651,2.5547,89.9888,0.07763,4.4358,5.5239,-6.5124,-27.6789,-0.00010785,-1.5069,0.11763,8.7161e-07,0.058806,0,86.9082,0.16034,0.91664,479.0727,1394.0823
45.8082,11109.8562,39.4793,239.9972,9.1954,-0.00077367,0.1178,1.8442,89.9894,0.13452,4.4358,5.567,-6.3374,-27.7685,4.8573e-05,-1.4753,0.10439,8.7199e-07,0.058817,0,87.0535,0.16016,0.92875,479.0716,1394.0644
45.8165,11110.1852,39.4796,239.997,9.1954,-0.00090194,0.13317,1.1479,89.9905,0.18501,4.4358,5.5811,-6.881,-27.8627,0.00017046,-1.4425,0.082062,8.7236e-07,0.058828,0,87.1988,0.16002,0.90588,479.0704,1394.0464
45.8248,11110.5142,39.4799,239.9969,9.1954,-0.00094865,0.14273,0.46551,89.9921,0.2247,4.4358,5.5735,-7.9801,-27.9562,0.00025355,-1.4096,0.05564,8.7272e-07,0.058839,0,87.3441,0.15998,0.88114,479.0692,1394.0285
45.8332,11110.8432,39.4802,239.9972,9.1954,-0.00091059,0.14661,-0.20324,89.9939,0.25161,4.4358,5.5565,-9.3325,-28.0461,0.00028221,-1.3771,0.027591,8.7307e-07,0.058849,0,87.4895,0.16004,0.85541,479.0681,1394.0106
45.8415,11111.1722,39.4807,239.9976,9.1954,-0.00080182,0.14492,-0.85863,89.996,0.26496,4.4357,5.5364,-10.7885,-28.1299,0.00025785,-1.3453,-0.00015553,8.7341e-07,0.05886,0,87.6349,0.16017,0.82912,479.0669,1393.9927
45.8498,11111.5012,39.4812,239.9982,9.1954,-0.00064587,0.13776,-1.501,89.9982,0.26488,4.4357,5.518,-12.2307,-28.2066,0.00018727,-1.3145,-0.02609,8.7373e-07,0.058871,0,87.7804,0.16037,0.80247,479.0657,1393.9747
45.8581,11111.8302,39.4818,239.9991,9.1954,-0.00047214,0.12526,-2.1306,90.0004,0.25227,4.4357,5.5048,-13.5676,-28.2757,8.4674e-05,-1.2848,-0.049254,8.7404e-07,0.058882,0,87.9259,0.16061,0.77553,479.0645,1393.9568
45.8665,11112.1592,39.4824,240.0001,9.1954,-0.00031042,0.1075,-2.7479,90.0026,0.22845,4.4357,5.499,-14.7409,-28.3373,-7.5948e-05,-1.2564,-0.069109,8.7434e-07,0.058893,0,87.5766,0.16084,0.74835,479.0634,1393.9389
45.8748,11112.4882,39.4827,240.0001,9.1954,-0.00020783,0.084602,-3.3531,90.0045,0.19502,4.4357,5.3014,-15.7177,-28.3894,-0.00024239,-1.2293,-0.085438,8.7463e-07,0.058903,0,87.2277,0.16095,0.81125,479.0622,1393.921
45.8766,11112.4882,39.4827,240.0001,9.1954,-0.00020783,0.084602,-3.3531,90.0045,0.19502,4.4357,5.3014,-15.7177,-28.3894,-0.00024239,-1.2293,-0.085438,8.7463e-07,0.058903,0,87.2277,0.16094,0.81924,479.0622,1393.921
45.8766,11112.4882,39.4827,240.0001,9.1954,-0.00020783,0.084602,-3.3531,90.0045,0.19502,4.4357,5.3014,-15.7177,-28.3894,-0.00024239,-1.2293,-0.085438,8.7463e-07,0.058903,0,87.2277,0.16094,0.81924,479.0622,1393.921
45.8831,11112.8173,39.4828,239.9995,9.1954,-0.00018933,0.05666,-3.9466,90.0061,0.1537,4.4357,5.1146,-16.4847,-28.4348,-0.00037758,-1.0591,-0.098277,8.7491e-07,0.058914,0,86.8789,0.16094,0.88259,479.061,1393.903
45.8858,11112.8173,39.4828,239.9995,9.1954,-0.00018933,0.05666,-3.9466,90.0061,0.1537,4.4357,5.1146,-16.4847,-28.4348,-0.00037758,-1.0591,-0.098277,8.7491e-07,0.058914,0,86.8789,0.16092,0.8774,479.061,1393.903
45.8858,11112.8173,39.4828,239.9995,9.1954,-0.00018933,0.05666,-3.9466,90.0061,0.1537,4.4357,5.1146,-16.4847,-28.4348,-0.00037758,-1.0591,-0.098277,8.7491e-07,0.058914,0,86.8789,0.16092,0.8774,479.061,1393.903
45.8915,11113.1463,39.4828,239.9983,9.1954,-0.00026305,0.023771,-4.4599,90.0074,0.10617,4.4357,4.9369,-15.7355,-28.8383,-0.00038059,0.48952,-0.10784,8.7518e-07,0.058925,0,86.7876,0.1608,0.95767,479.0598,1393.8851
45.8971,11113.1463,39.4828,239.9983,9.1954,-0.00026305,0.023771,-4.4599,90.0074,0.10617,4.4357,4.9369,-15.7355,-28.8383,-0.00038059,0.48952,-0.10784,8.7518e-07,0.058925,0,86.7876,0.16076,0.91592,479.0598,1393.8851
45.8998,11113.4753,39.4829,239.9977,9.1954,-0.00038882,-0.013394,-4.2345,90.0082,0.054021,4.4357,4.96,-2.277,-32.7108,-0.00028,1.5749,-0.11442,8.7545e-07,0.058936,0,86.9328,0.16065,0.94729,479.0587,1393.8672
45.9081,11113.8043,39.4831,239.9972,9.1955,-0.00053608,-0.048681,-3.4914,90.0087,-0.0013168,4.4357,4.9898,7.1605,-35.442,-0.00011993,1.5454,-0.11845,8.7572e-07,0.058947,0,87.078,0.16049,0.92856,479.0575,1393.8493
45.9107,11113.8043,39.4831,239.9972,9.1955,-0.00053608,-0.048681,-3.4914,90.0087,-0.0013168,4.4357,4.9898,7.1605,-35.442,-0.00011993,1.5454,-0.11845,8.7572e-07,0.058947,0,87.078,0.16047,0.91328,479.0575,1393.8493
45.9107,11113.8043,39.4831,239.9972,9.1955,-0.00053608,-0.048681,-3.4914,90.0087,-0.0013168,4.4357,4.9898,7.1605,-35.442,-0.00011993,1.5454,-0.11845,8.7572e-07,0.058947,0,87.078,0.16047,0.91328,479.0575,1393.8493
45.9165,11114.1333,39.4834,239.997,9.1955,-0.00067077,-0.077776,-2.7627,90.0087,-0.058602,4.4357,5.0261,6.6409,-35.3874,2.0704e-05,1.5158,-0.11952,8.7599e-07,0.058958,0,87.2233,0.16035,0.90595,479.0563,1393.8313
45.9222,11114.1333,39.4834,239.997,9.1955,-0.00067077,-0.077776,-2.7627,90.0087,-0.058602,4.4357,5.0261,6.6409,-35.3874,2.0704e-05,1.5158,-0.11952,8.7599e-07,0.058958,0,87.2233,0.16031,0.88663,479.0563,1393.8313
45.924,11114.1333,39.4834,239.997,9.1955,-0.00067077,-0.077776,-2.7627,90.0087,-0.058602,4.4357,5.0261,6.6409,-35.3874,2.0704e-05,1.5158,-0.11952,8.7599e-07,0.058958,0,87.2233,0.1603,0.8826,479.0563,1393.8313
45.924,11114.1333,39.4834,239.997,9.1955,-0.00067077,-0.077776,-2.7627,90.0087,-0.058602,4.4357,5.0261,6.6409,-35.3874,2.0704e-05,1.5158,-0.11952,8.7599e-07,0.058958,0,87.2233,0.1603,0.8826,479.0563,1393.8313
45.9248,11114.4624,39.4837,239.997,9.1955,-0.00078452,-0.1008,-2.0482,90.0082,-0.11641,4.4357,5.0705,6.3049,-35.3297,0.00013906,1.4847,-0.11015,8.7627e-07,0.058968,0,87.3687,0.16024,0.88149,479.0552,1393.8134
45.9256,11114.4624,39.4837,239.997,9.1955,-0.00078452,-0.1008,-2.0482,90.0082,-0.11641,4.4357,5.0705,6.3049,-35.3297,0.00013906,1.4847,-0.11015,8.7627e-07,0.058968,0,87.3687,0.16023,0.87992,479.0552,1393.8134
45.9273,11114.4624,39.4837,239.997,9.1955,-0.00078452,-0.1008,-2.0482,90.0082,-0.11641,4.4357,5.0705,6.3049,-35.3297,0.00013906,1.4847,-0.11015,8.7627e-07,0.058968,0,87.3687,0.16022,0.87716,479.0552,1393.8134
45.9306,11114.4624,39.4837,239.997,9.1955,-0.00078452,-0.1008,-2.0482,90.0082,-0.11641,4.4357,5.0705,6.3049,-35.3297,0.00013906,1.4847,-0.11015,8.7627e-07,0.058968,0,87.3687,0.1602,0.87282,479.0552,1393.8134
45.9331,11114.7914,39.4841,239.9972,9.1955,-0.00086055,-0.11787,-1.3478,90.0072,-0.16968,4.4357,5.1418,6.6085,-35.2655,0.00021729,1.4521,-0.089618,8.7655e-07,0.058979,0,87.514,0.16018,0.85603,479.054,1393.7955
45.9415,11115.1204,39.4845,239.9976,9.1955,-0.00088605,-0.1291,-0.66139,90.0058,-0.21303,4.4356,5.2419,7.5954,-35.1938,0.00025416,1.4192,-0.064,8.7684e-07,0.05899,0,87.6594,0.16019,0.82997,479.0528,1393.7776
45.9498,11115.4495,39.485,239.9983,9.1955,-0.00085671,-0.13461,0.011284,90.004,-0.24398,4.4356,5.3557,8.8972,-35.1172,0.00024855,1.3865,-0.036138,8.7714e-07,0.059001,0,87.8049,0.16026,0.80348,479.0516,1393.7596
45.9581,11115.7785,39.4856,239.9991,9.1955,-0.00077816,-0.13452,0.6705,90.002,-0.26146,4.4356,5.476,10.3412,-35.0369,0.00020253,1.3545,-0.0080471,8.7745e-07,0.059012,0,87.9503,0.1604,0.77664,479.0505,1393.7417
45.9665,11116.1076,39.4862,240.0002,9.1955,-0.00066493,-0.12893,1.3166,89.9998,-0.26535,4.4356,5.5977,11.8051,-34.9535,7.9076e-05,1.3233,0.018603,8.7778e-07,0.059022,0,87.6012,0.16058,0.74952,479.0493,1393.7238
45.9748,11116.4366,39.4865,240.0001,9.1955,-0.00055873,-0.11796,1.9499,89.9976,-0.25636,4.4356,5.5162,13.1874,-34.8653,-7.7887e-05,1.2933,0.042704,8.7811e-07,0.059033,0,87.2522,0.1607,0.81242,479.0481,1393.7059
45.9831,11116.7657,39.4866,239.9995,9.1955,-0.00048796,-0.10171,2.5707,89.9955,-0.23571,4.4356,5.4308,14.4205,-34.7751,-0.00024471,1.2645,0.063605,8.7846e-07,0.059044,0,86.9035,0.16073,0.88374,479.047,1393.6879
45.9915,11117.0947,39.4866,239.9983,9.1955,-0.00047525,-0.080286,3.1793,89.9935,-0.20494,4.4356,5.3394,15.4647,-34.6843,-0.00031424,1.237,0.081004,8.7882e-07,0.059055,0,86.8696,0.16068,0.95825,479.0458,1393.67
45.9989,11117.0947,39.4866,239.9983,9.1955,-0.00047525,-0.080286,3.1793,89.9935,-0.20494,4.4356,5.3394,15.4647,-34.6843,-0.00031424,1.237,0.081004,8.7882e-07,0.059055,0,86.8696,0.16063,0.90758,479.0458,1393.67
45.9989,11117.0947,39.4866,239.9983,9.1955,-0.00047525,-0.080286,3.1793,89.9935,-0.20494,4.4356,5.3394,15.4647,-34.6843,-0.00031424,1.237,0.081004,8.7882e-07,0.059055,0,86.8696,0.16063,0.90758,479.0458,1393.67
45.9998,11117.4238,39.4867,239.9977,9.1955,-0.00049542,-0.053792,3.7762,89.9918,-0.16577,4.4356,5.4327,16.3016,-34.5992,-0.00030916,1.1811,0.094873,8.7918e-07,0.059066,0,87.0148,0.16063,0.94716,479.0446,1393.6521
46,11117.4238,39.4867,239.9977,9.1955,-0.00049542,-0.053792,3.7762,89.9918,-0.16577,4.4356,5.4327,16.3016,-34.5992,-0.00030916,1.1811,0.094873,8.7918e-07,0.059066,0,87.0148,0.16063,0.94575,479.0446,1393.6521
46,11117.4238,39.4867,239.9977,9.1955,-0.00049542,-0.053792,3.7762,89.9918,-0.16577,4.4356,5.4327,16.3016,-34.5992,-0.00030916,1.1811,0.094873,8.7918e-07,0.059066,0,87.0148,0.16063,0.94575,479.0446,1393.6521
46.0009,11117.4238,39.4867,239.9977,9.1955,-0.00049542,-0.053792,3.7762,89.9918,-0.16577,4.4356,5.4327,16.3016,-34.5992,-0.00030916,1.1811,0.094873,8.7918e-07,0.059066,0,87.0148,0.16062,0.93807,479.0446,1393.6521
46.0019,11117.4238,39.4867,239.9977,9.1955,-0.00049542,-0.053792,3.7762,89.9918,-0.16577,4.4356,5.4327,16.3016,-34.5992,-0.00030916,1.1811,0.094873,8.7918e-07,0.059066,0,87.0148,0.16061,0.93109,479.0446,1393.6521
46.0038,11117.4238,39.4867,239.9977,9.1955,-0.00049542,-0.053792,3.7762,89.9918,-0.16577,4.4356,5.4327,16.3016,-34.5992,-0.00030916,1.1811,0.094873,8.7918e-07,0.059066,0,87.0148,0.1606,0.91897,479.0446,1393.6521
46.0076,11117.4238,39.4867,239.9977,9.1955,-0.00049542,-0.053792,3.7762,89.9918,-0.16577,4.4356,5.4327,16.3016,-34.5992,-0.00030916,1.1811,0.094873,8.7918e-07,0.059066,0,87.0148,0.16058,0.9007,479.0446,1393.6521
46.0081,11117.7528,39.4869,239.9972,9.1955,-0.00053551,-0.022323,4.3474,89.9904,-0.11989,4.4356,5.5157,16.6608,-34.4451,-0.00022738,0.02677,0.10538,8.7955e-07,0.059076,0,87.16,0.16057,0.92806,479.0434,1393.6342
46.0108,11117.7528,39.4869,239.9972,9.1955,-0.00053551,-0.022323,4.3474,89.9904,-0.11989,4.4356,5.5157,16.6608,-34.4451,-0.00022738,0.02677,0.10538,8.7955e-07,0.059076,0,87.16,0.16055,0.91277,479.0434,1393.6342
46.0165,11118.0819,39.4871,239.997,9.1955,-0.00058146,0.013905,4.3684,89.9894,-0.068922,4.4356,5.5889,6.8383,-31.5597,-0.0001149,-1.58,0.11282,8.7992e-07,0.059087,0,87.3053,0.16052,0.9055,479.0423,1393.6162
46.0248,11118.411,39.4874,239.997,9.1955,-0.00064039,0.050308,3.6227,89.9889,-0.014359,4.4356,5.6542,-7.2868,-27.5615,8.2963e-06,-1.5506,0.11756,8.803e-07,0.059098,0,87.4506,0.16047,0.88122,479.0411,1393.5983
46.0262,11118.411,39.4874,239.997,9.1955,-0.00064039,0.050308,3.6227,89.9889,-0.014359,4.4356,5.6542,-7.2868,-27.5615,8.2963e-06,-1.5506,0.11756,8.803e-07,0.059098,0,87.4506,0.16046,0.87875,479.0411,1393.5983
46.0262,11118.411,39.4874,239.997,9.1955,-0.00064039,0.050308,3.6227,89.9889,-0.014359,4.4356,5.6542,-7.2868,-27.5615,8.2963e-06,-1.5506,0.11756,8.803e-07,0.059098,0,87.4506,0.16046,0.87875,479.0411,1393.5983
46.0331,11118.74,39.4878,239.9972,9.1955,-0.00070781,0.080497,2.8914,89.9887,0.042498,4.4356,5.7131,-6.7305,-27.6526,0.00010319,-1.5211,0.11985,8.8067e-07,0.059109,0,87.596,0.16042,0.85602,479.0399,1393.5804
46.039,11118.74,39.4878,239.9972,9.1955,-0.00070781,0.080497,2.8914,89.9887,0.042498,4.4356,5.7131,-6.7305,-27.6526,0.00010319,-1.5211,0.11985,8.8067e-07,0.059109,0,87.596,0.16038,0.85852,479.0399,1393.5804
46.039,11118.74,39.4878,239.9972,9.1955,-0.00070781,0.080497,2.8914,89.9887,0.042498,4.4356,5.7131,-6.7305,-27.6526,0.00010319,-1.5211,0.11985,8.8067e-07,0.059109,0,87.596,0.16038,0.85852,479.0399,1393.5804
46.0415,11119.0691,39.4882,239.9976,9.1955,-0.00078064,0.10459,2.1744,89.9891,0.10046,4.4355,5.7666,-6.3258,-27.7403,0.00017206,-1.4907,0.11401,8.8104e-07,0.05912,0,87.7414,0.16038,0.83024,479.0387,1393.5625
46.044,11119.0691,39.4882,239.9976,9.1955,-0.00078064,0.10459,2.1744,89.9891,0.10046,4.4355,5.7666,-6.3258,-27.7403,0.00017206,-1.4907,0.11401,8.8104e-07,0.05912,0,87.7414,0.16036,0.8372,479.0387,1393.5625
46.049,11119.0691,39.4882,239.9976,9.1955,-0.00078064,0.10459,2.1744,89.9891,0.10046,4.4355,5.7666,-6.3258,-27.7403,0.00017206,-1.4907,0.11401,8.8104e-07,0.05912,0,87.7414,0.16033,0.84681,479.0387,1393.5625
46.0498,11119.3982,39.4887,239.9983,9.1955,-0.00084644,0.12271,1.4715,89.9899,0.1556,4.4355,5.8005,-6.4175,-27.8275,0.00021135,-1.4583,0.095171,8.8139e-07,0.059131,0,87.8868,0.16036,0.80401,479.0376,1393.5446
46.0537,11119.3982,39.4887,239.9983,9.1955,-0.00084644,0.12271,1.4715,89.9899,0.1556,4.4355,5.8005,-6.4175,-27.8275,0.00021135,-1.4583,0.095171,8.8139e-07,0.059131,0,87.8868,0.16033,0.82227,479.0376,1393.5446
46.0581,11119.7272,39.4893,239.9991,9.1955,-0.00088545,0.13497,0.78258,89.9912,0.20163,4.4355,5.8029,-7.3031,-27.9164,0.00022098,-1.4254,0.070328,8.8174e-07,0.059141,0,88.0323,0.16038,0.77741,479.0364,1393.5266
46.0665,11120.0563,39.4899,240.0001,9.1955,-0.00088552,0.1415,0.10745,89.9929,0.23565,4.4355,5.7911,-8.5577,-28.0033,0.00015796,-1.3926,0.042771,8.8208e-07,0.059152,0,87.6831,0.16045,0.75045,479.0352,1393.5087
46.0748,11120.3854,39.4902,240.0001,9.1956,-0.00086449,0.14239,-0.55418,89.9949,0.25634,4.4355,5.5731,-9.9816,-28.0834,5.4278e-05,-1.3604,0.014519,8.8241e-07,0.059163,0,87.3342,0.16048,0.81344,479.0341,1393.4908
46.0831,11120.7145,39.4904,239.9995,9.1956,-0.00083484,0.13777,-1.2026,89.997,0.26336,4.4355,5.3561,-11.4522,-28.1575,-7.7267e-05,-1.329,-0.012606,8.8273e-07,0.059174,0,86.9855,0.16047,0.88481,479.0329,1393.4729
46.0915,11121.0436,39.4903,239.9982,9.1956,-0.00081284,0.12775,-1.8381,89.9992,0.25726,4.4355,5.1445,-12.8592,-28.2253,-0.00013807,-1.2988,-0.03738,8.8303e-07,0.059185,0,86.9411,0.16042,0.95933,479.0317,1393.4549
46.0998,11121.3726,39.4904,239.9976,9.1956,-0.00077585,0.11243,-2.4611,90.0013,0.23919,4.4355,5.1324,-14.1278,-28.2916,-0.00016143,-1.2697,-0.059065,8.8332e-07,0.059195,0,87.0863,0.16043,0.94827,479.0305,1393.437
46.1081,11121.7017,39.4906,239.9972,9.1956,-0.00072316,0.091924,-3.0719,90.0033,0.21062,4.4355,5.128,-15.2136,-28.3543,-0.00014439,-1.2419,-0.077288,8.836e-07,0.059206,0,87.2316,0.16046,0.92883,479.0294,1393.4191
46.1135,11121.7017,39.4906,239.9972,9.1956,-0.00072316,0.091924,-3.0719,90.0033,0.21062,4.4355,5.128,-15.2136,-28.3543,-0.00014439,-1.2419,-0.077288,8.836e-07,0.059206,0,87.2316,0.16042,0.90093,479.0294,1393.4191
46.1135,11121.7017,39.4906,239.9972,9.1956,-0.00072316,0.091924,-3.0719,90.0033,0.21062,4.4355,5.128,-15.2136,-28.3543,-0.00014439,-1.2419,-0.077288,8.836e-07,0.059206,0,87.2316,0.16042,0.90093,479.0294,1393.4191
46.1165,11122.0308,39.4908,239.997,9.1956,-0.00065649,0.066325,-3.6709,90.0051,0.17324,4.4355,5.1321,-16.0935,-28.4131,-0.00012923,-1.2154,-0.091963,8.8387e-07,0.059217,0,87.3768,0.16052,0.90556,479.0282,1393.4012
46.1194,11122.0308,39.4908,239.997,9.1956,-0.00065649,0.066325,-3.6709,90.0051,0.17324,4.4355,5.1321,-16.0935,-28.4131,-0.00012923,-1.2154,-0.091963,8.8387e-07,0.059217,0,87.3768,0.1605,0.89433,479.0282,1393.4012
46.1246,11122.0308,39.4908,239.997,9.1956,-0.00065649,0.066325,-3.6709,90.0051,0.17324,4.4355,5.1321,-16.0935,-28.4131,-0.00012923,-1.2154,-0.091963,8.8387e-07,0.059217,0,87.3768,0.16046,0.88117,479.0282,1393.4012
46.1246,11122.0308,39.4908,239.997,9.1956,-0.00065649,0.066325,-3.6709,90.0051,0.17324,4.4355,5.1321,-16.0935,-28.4131,-0.00012923,-1.2154,-0.091963,8.8387e-07,0.059217,0,87.3768,0.16046,0.88117,479.0282,1393.4012
46.1248,11122.3599,39.4911,239.997,9.1956,-0.0005995,0.035734,-4.2583,90.0065,0.12877,4.4355,5.1445,-16.7623,-28.4659,-9.7901e-05,-0.30269,-0.10322,8.8414e-07,0.059228,0,87.5222,0.16058,0.8808,479.027,1393.3832
46.125,11122.3599,39.4911,239.997,9.1956,-0.0005995,0.035734,-4.2583,90.0065,0.12877,4.4355,5.1445,-16.7623,-28.4659,-9.7901e-05,-0.30269,-0.10322,8.8414e-07,0.059228,0,87.5222,0.16058,0.88047,479.027,1393.3832
46.1253,11122.3599,39.4911,239.997,9.1956,-0.0005995,0.035734,-4.2583,90.0065,0.12877,4.4355,5.1445,-16.7623,-28.4659,-9.7901e-05,-0.30269,-0.10322,8.8414e-07,0.059228,0,87.5222,0.16058,0.87982,479.027,1393.3832
46.1261,11122.3599,39.4911,239.997,9.1956,-0.0005995,0.035734,-4.2583,90.0065,0.12877,4.4355,5.1445,-16.7623,-28.4659,-9.7901e-05,-0.30269,-0.10322,8.8414e-07,0.059228,0,87.5222,0.16057,0.87858,479.027,1393.3832
46.1275,11122.3599,39.4911,239.997,9.1956,-0.0005995,0.035734,-4.2583,90.0065,0.12877,4.4355,5.1445,-16.7623,-28.4659,-9.7901e-05,-0.30269,-0.10322,8.8414e-07,0.059228,0,87.5222,0.16056,0.87635,479.027,1393.3832
46.1303,11122.3599,39.4911,239.997,9.1956,-0.0005995,0.035734,-4.2583,90.0065,0.12877,4.4355,5.1445,-16.7623,-28.4659,-9.7901e-05,-0.30269,-0.10322,8.8414e-07,0.059228,0,87.5222,0.16054,0.87275,479.027,1393.3832
46.1326,11122.3599,39.4911,239.997,9.1956,-0.0005995,0.035734,-4.2583,90.0065,0.12877,4.4355,5.1445,-16.7623,-28.4659,-9.7901e-05,-0.30269,-0.10322,8.8414e-07,0.059228,0,87.5222,0.16053,0.87056,479.027,1393.3832
46.1326,11122.3599,39.4911,239.997,9.1956,-0.0005995,0.035734,-4.2583,90.0065,0.12877,4.4355,5.1445,-16.7623,-28.4659,-9.7901e-05,-0.30269,-0.10322,8.8414e-07,0.059228,0,87.5222,0.16053,0.87056,479.027,1393.3832
46.1331,11122.689,39.4915,239.9972,9.1956,-0.0005673,0.00024896,-4.4108,90.0076,0.078846,4.4355,5.1642,-9.1785,-30.7423,-4.6226e-05,1.3403,-0.1113,8.8439e-07,0.059239,0,87.6675,0.16063,0.85562,479.0259,1393.3653
46.1337,11122.689,39.4915,239.9972,9.1956,-0.0005673,0.00024896,-4.4108,90.0076,0.078846,4.4355,5.1642,-9.1785,-30.7423,-4.6226e-05,1.3403,-0.1113,8.8439e-07,0.059239,0,87.6675,0.16063,0.85596,479.0259,1393.3653
46.1349,11122.689,39.4915,239.9972,9.1956,-0.0005673,0.00024896,-4.4108,90.0076,0.078846,4.4355,5.1642,-9.1785,-30.7423,-4.6226e-05,1.3403,-0.1113,8.8439e-07,0.059239,0,87.6675,0.16062,0.85659,479.0259,1393.3653
46.1372,11122.689,39.4915,239.9972,9.1956,-0.0005673,0.00024896,-4.4108,90.0076,0.078846,4.4355,5.1642,-9.1785,-30.7423,-4.6226e-05,1.3403,-0.1113,8.8439e-07,0.059239,0,87.6675,0.1606,0.85765,479.0259,1393.3653
46.1415,11123.0181,39.4919,239.9976,9.1956,-0.0005733,-0.036507,-3.7795,90.0083,0.025016,4.4355,5.1916,5.226,-34.863,1.8507e-05,1.5567,-0.11664,8.8465e-07,0.05925,0,87.8129,0.16066,0.83,479.0247,1393.3474
46.1422,11123.0181,39.4919,239.9976,9.1956,-0.0005733,-0.036507,-3.7795,90.0083,0.025016,4.4355,5.1916,5.226,-34.863,1.8507e-05,1.5567,-0.11664,8.8465e-07,0.05925,0,87.8129,0.16065,0.83208,479.0247,1393.3474
46.1422,11123.0181,39.4919,239.9976,9.1956,-0.0005733,-0.036507,-3.7795,90.0083,0.025016,4.4355,5.1916,5.226,-34.863,1.8507e-05,1.5567,-0.11664,8.8465e-07,0.05925,0,87.8129,0.16065,0.83208,479.0247,1393.3474
46.1498,11123.3472,39.4924,239.9982,9.1956,-0.00061699,-0.068003,-3.0452,90.0085,-0.031395,4.4354,5.2261,6.8567,-35.4189,6.7737e-05,1.5273,-0.11958,8.8491e-07,0.05926,0,87.9583,0.16066,0.80403,479.0235,1393.3295
46.1548,11123.3472,39.4924,239.9982,9.1956,-0.00061699,-0.068003,-3.0452,90.0085,-0.031395,4.4354,5.2261,6.8567,-35.4189,6.7737e-05,1.5273,-0.11958,8.8491e-07,0.05926,0,87.9583,0.16063,0.82638,479.0235,1393.3295
46.1548,11123.3472,39.4924,239.9982,9.1956,-0.00061699,-0.068003,-3.0452,90.0085,-0.031395,4.4354,5.2261,6.8567,-35.4189,6.7737e-05,1.5273,-0.11958,8.8491e-07,0.05926,0,87.9583,0.16063,0.82638,479.0235,1393.3295
46.1581,11123.6763,39.493,239.9991,9.1956,-0.00069142,-0.093379,-2.3252,90.0082,-0.089228,4.4354,5.2673,6.4059,-35.3575,0.00010348,1.4971,-0.11568,8.8517e-07,0.059271,0,88.1001,0.16065,0.77772,479.0223,1393.3116
46.1615,11123.6763,39.493,239.9991,9.1956,-0.00069142,-0.093379,-2.3252,90.0082,-0.089228,4.4354,5.2673,6.4059,-35.3575,0.00010348,1.4971,-0.11568,8.8517e-07,0.059271,0,88.1001,0.16062,0.80155,479.0223,1393.3116
46.1665,11124.0054,39.4936,240.0001,9.1956,-0.0007805,-0.11276,-1.6193,90.0075,-0.14518,4.4354,5.3262,6.3751,-35.2916,8.0633e-05,1.4651,-0.099157,8.8544e-07,0.059282,0,87.751,0.16063,0.75103,479.0212,1393.2936
46.1748,11124.3345,39.4939,240.0001,9.1956,-0.00088007,-0.12625,-0.92747,90.0063,-0.19314,4.4353,5.2173,7.1165,-35.2161,2.9901e-05,1.4322,-0.075356,8.8572e-07,0.059293,0,87.402,0.16054,0.81423,479.02,1393.2757
46.1831,11124.6636,39.494,239.9994,9.1956,-0.00097565,-0.13398,-0.24945,90.0046,-0.22958,4.4354,5.1293,8.3057,-35.1352,-4.073e-05,1.3994,-0.048279,8.8601e-07,0.059304,0,87.0534,0.16041,0.88575,479.0188,1393.2578
46.1915,11124.9928,39.4939,239.9982,9.1956,-0.0010581,-0.13606,0.41498,90.0027,-0.25293,4.4354,5.0522,9.6996,-35.0511,-4.3425e-05,1.3671,-0.020111,8.863e-07,0.059314,0,86.9962,0.16026,0.96037,479.0176,1393.2399
46.1998,11125.3219,39.494,239.9975,9.1956,-0.0010859,-0.1326,1.0661,90.0006,-0.26266,4.4354,5.1717,11.1657,-34.9699,-2.2815e-05,1.3355,0.0072846,8.8661e-07,0.059325,0,87.1414,0.16019,0.94938,479.0165,1393.2219
46.2081,11125.651,39.4942,239.9971,9.1956,-0.0010491,-0.12371,1.7044,89.9984,-0.25914,4.4354,5.2896,12.5909,-34.8896,1.4588e-05,1.305,0.032555,8.8693e-07,0.059336,0,87.2866,0.16021,0.92997,479.0153,1393.204
46.2165,11125.9801,39.4944,239.9969,9.1956,-0.00094903,-0.10951,2.33,89.9963,-0.2434,4.4354,5.4025,13.8927,-34.8102,1.662e-05,1.2757,0.054871,8.8727e-07,0.059347,0,87.4318,0.1603,0.90675,479.0141,1393.1861
46.2248,11126.3092,39.4947,239.9969,9.1956,-0.00081848,-0.090095,2.9433,89.9942,-0.21686,4.4354,5.5084,15.0208,-34.7291,-3.1343e-06,1.2477,0.073789,8.8761e-07,0.059358,0,87.5771,0.16043,0.88176,479.013,1393.1682
46.2274,11126.3092,39.4947,239.9969,9.1956,-0.00081848,-0.090095,2.9433,89.9942,-0.21686,4.4354,5.5084,15.0208,-34.7291,-3.1343e-06,1.2477,0.073789,8.8761e-07,0.059358,0,87.5771,0.16041,0.8772,479.013,1393.1682
46.2274,11126.3092,39.4947,239.9969,9.1956,-0.00081848,-0.090095,2.9433,89.9942,-0.21686,4.4354,5.5084,15.0208,-34.7291,-3.1343e-06,1.2477,0.073789,8.8761e-07,0.059358,0,87.5771,0.16041,0.8772,479.013,1393.1682
46.2331,11126.6383,39.4951,239.9971,9.1956,-0.00068801,-0.065568,3.5447,89.9924,-0.18117,4.4354,5.6061,15.9481,-34.6469,-3.8161e-05,1.2209,0.089168,8.8796e-07,0.059368,0,87.7225,0.16058,0.85588,479.0118,1393.1502
46.2383,11126.6383,39.4951,239.9971,9.1956,-0.00068801,-0.065568,3.5447,89.9924,-0.18117,4.4354,5.6061,15.9481,-34.6469,-3.8161e-05,1.2209,0.089168,8.8796e-07,0.059368,0,87.7225,0.16054,0.85828,479.0118,1393.1502
46.2383,11126.6383,39.4951,239.9971,9.1956,-0.00068801,-0.065568,3.5447,89.9924,-0.18117,4.4354,5.6061,15.9481,-34.6469,-3.8161e-05,1.2209,0.089168,8.8796e-07,0.059368,0,87.7225,0.16054,0.85828,479.0118,1393.1502
46.2415,11126.9675,39.4955,239.9975,9.1956,-0.00058726,-0.036028,4.1346,89.9909,-0.13805,4.4354,5.6948,16.6656,-34.5642,-6.2259e-05,0.68374,0.1011,8.8832e-07,0.059379,0,87.8679,0.16071,0.82964,479.0106,1393.1323
46.2446,11126.9675,39.4955,239.9975,9.1956,-0.00058726,-0.036028,4.1346,89.9909,-0.13805,4.4354,5.6948,16.6656,-34.5642,-6.2259e-05,0.68374,0.1011,8.8832e-07,0.059379,0,87.8679,0.16069,0.8383,479.0106,1393.1323
46.2467,11126.9675,39.4955,239.9975,9.1956,-0.00058726,-0.036028,4.1346,89.9909,-0.13805,4.4354,5.6948,16.6656,-34.5642,-6.2259e-05,0.68374,0.1011,8.8832e-07,0.059379,0,87.8679,0.16067,0.84272,479.0106,1393.1323
46.2467,11126.9675,39.4955,239.9975,9.1956,-0.00058726,-0.036028,4.1346,89.9909,-0.13805,4.4354,5.6948,16.6656,-34.5642,-6.2259e-05,0.68374,0.1011,8.8832e-07,0.059379,0,87.8679,0.16067,0.84272,479.0106,1393.1323
46.2498,11127.2966,39.496,239.9981,9.1956,-0.00053371,-0.0015739,4.4688,89.9898,-0.089154,4.4353,5.7734,12.535,-33.2094,-6.2616e-05,-0.95843,0.1098,8.8868e-07,0.05939,0,88.0133,0.16081,0.80364,479.0094,1393.1144
46.2529,11127.2966,39.496,239.9981,9.1956,-0.00053371,-0.0015739,4.4688,89.9898,-0.089154,4.4353,5.7734,12.535,-33.2094,-6.2616e-05,-0.95843,0.1098,8.8868e-07,0.05939,0,88.0133,0.16079,0.81888,479.0094,1393.1144
46.2581,11127.6257,39.4965,239.999,9.1957,-0.00053903,0.035666,4.0197,89.989,-0.036053,4.4353,5.8436,-1.8309,-29.1106,-3.1349e-05,-1.5662,0.11568,8.8904e-07,0.059401,0,88.0746,0.16086,0.77745,479.0083,1393.0965
46.2665,11127.9549,39.4972,240,9.1957,-0.00059986,0.069164,3.2808,89.9887,0.019893,4.4353,5.9068,-6.9872,-27.6048,-4.1796e-05,-1.5368,0.11908,8.8941e-07,0.059412,0,87.7255,0.16088,0.75099,479.0071,1393.0786
46.2703,11127.9549,39.4972,240,9.1957,-0.00059986,0.069164,3.2808,89.9887,0.019893,4.4353,5.9068,-6.9872,-27.6048,-4.1796e-05,-1.5368,0.11908,8.8941e-07,0.059412,0,87.7255,0.16085,0.78606,479.0071,1393.0786
46.2703,11127.9549,39.4972,240,9.1957,-0.00059986,0.069164,3.2808,89.9887,0.019893,4.4353,5.9068,-6.9872,-27.6048,-4.1796e-05,-1.5368,0.11908,8.8941e-07,0.059412,0,87.7255,0.16085,0.78606,479.0071,1393.0786
46.2748,11128.284,39.4975,240,9.1957,-0.00072495,0.096504,2.5563,89.9889,0.077485,4.4353,5.7642,-6.5134,-27.6877,-6.5466e-05,-1.5069,0.11762,8.8977e-07,0.059423,0,87.3766,0.16076,0.8145,479.0059,1393.0606
46.2793,11128.284,39.4975,240,9.1957,-0.00072495,0.096504,2.5563,89.9889,0.077485,4.4353,5.7642,-6.5134,-27.6877,-6.5466e-05,-1.5069,0.11762,8.8977e-07,0.059423,0,87.3766,0.16073,0.83104,479.0059,1393.0606
46.2831,11128.6132,39.4976,239.9993,9.1957,-0.00090012,0.11781,1.8459,89.9895,0.13437,4.4353,5.6119,-6.3373,-27.769,-9.5087e-05,-1.4752,0.10441,8.9012e-07,0.059433,0,87.028,0.16055,0.88626,479.0048,1393.0427
46.2915,11128.9423,39.4975,239.9981,9.1957,-0.001097,0.13319,1.1496,89.9907,0.18487,4.4353,5.4329,-6.8791,-27.8525,-4.488e-05,-1.4425,0.082103,8.9046e-07,0.059444,0,87.015,0.16028,0.96109,479.0036,1393.0248
46.2998,11129.2714,39.4976,239.9974,9.1957,-0.0012466,0.14277,0.46722,89.9922,0.22458,4.4353,5.425,-7.9771,-27.9418,3.6585e-05,-1.4096,0.055695,8.908e-07,0.059455,0,87.1602,0.1601,0.95028,479.0024,1393.0069
46.3081,11129.6006,39.4978,239.997,9.1957,-0.0013123,0.14666,-0.2015,89.9941,0.25152,4.4353,5.4073,-9.3287,-28.0315,0.00013284,-1.3771,0.027655,8.9112e-07,0.059466,0,87.3054,0.16001,0.93101,479.0012,1392.9889
46.3165,11129.9297,39.498,239.9968,9.1957,-0.001275,0.14498,-0.85686,89.9962,0.26489,4.4353,5.386,-10.784,-28.1189,0.00017972,-1.3452,-8.7259e-05,8.9143e-07,0.059477,0,87.4506,0.16004,0.90787,479.0001,1392.971
46.3248,11130.2589,39.4983,239.9967,9.1957,-0.0011565,0.13784,-1.4992,89.9984,0.26485,4.4353,5.3663,-12.2261,-28.1994,0.0001807,-1.3144,-0.026021,8.9172e-07,0.059487,0,87.5959,0.16015,0.88293,478.9989,1392.9531
46.3331,11130.588,39.4986,239.9969,9.1957,-0.00098605,0.12535,-2.1288,90.0006,0.25227,4.4353,5.3519,-13.5629,-28.2722,0.00013394,-1.2848,-0.049186,8.9201e-07,0.059498,0,87.7412,0.16034,0.8571,478.9977,1392.9352
46.3415,11130.9172,39.499,239.9974,9.1957,-0.00080089,0.10761,-2.746,90.0027,0.22848,4.4352,5.3449,-14.7363,-28.3368,5.5949e-05,-1.2564,-0.069044,8.9228e-07,0.059509,0,87.8866,0.16055,0.83076,478.9965,1392.9173
46.3498,11131.2464,39.4995,239.998,9.1957,-0.00063534,0.084726,-3.3512,90.0046,0.19509,4.4352,5.3466,-15.7133,-28.3936,-3.458e-05,-1.2292,-0.085379,8.9254e-07,0.05952,0,88.032,0.16076,0.80411,478.9954,1392.8993
46.3516,11131.2464,39.4995,239.998,9.1957,-0.00063534,0.084726,-3.3512,90.0046,0.19509,4.4352,5.3466,-15.7133,-28.3936,-3.458e-05,-1.2292,-0.085379,8.9254e-07,0.05952,0,88.032,0.16075,0.81331,478.9954,1392.8993
46.3516,11131.2464,39.4995,239.998,9.1957,-0.00063534,0.084726,-3.3512,90.0046,0.19509,4.4352,5.3466,-15.7133,-28.3936,-3.458e-05,-1.2292,-0.085379,8.9254e-07,0.05952,0,88.032,0.16075,0.81331,478.9954,1392.8993
46.3581,11131.5755,39.5,239.9988,9.1957,-0.00051757,0.056799,-3.9447,90.0062,0.1538,4.4352,5.3572,-16.4808,-28.4437,-0.00010712,-1.0596,-0.098224,8.928e-07,0.059531,0,88.1535,0.16094,0.7772,478.9942,1392.8814
46.3608,11131.5755,39.5,239.9988,9.1957,-0.00051757,0.056799,-3.9447,90.0062,0.1538,4.4352,5.3572,-16.4808,-28.4437,-0.00010712,-1.0596,-0.098224,8.928e-07,0.059531,0,88.1535,0.16092,0.79671,478.9942,1392.8814
46.3608,11131.5755,39.5,239.9988,9.1957,-0.00051757,0.056799,-3.9447,90.0062,0.1538,4.4352,5.3572,-16.4808,-28.4437,-0.00010712,-1.0596,-0.098224,8.928e-07,0.059531,0,88.1535,0.16092,0.79671,478.9942,1392.8814
46.3665,11131.9047,39.5007,239.9999,9.1957,-0.00046202,0.023926,-4.4583,90.0075,0.1063,4.4352,5.3751,-15.7374,-28.8498,-0.0001923,0.48496,-0.10779,8.9304e-07,0.059542,0,87.8044,0.16106,0.75062,478.993,1392.8635
46.3722,11131.9047,39.5007,239.9999,9.1957,-0.00046202,0.023926,-4.4583,90.0075,0.1063,4.4352,5.3751,-15.7374,-28.8498,-0.0001923,0.48496,-0.10779,8.9304e-07,0.059542,0,87.8044,0.16103,0.79825,478.993,1392.8635
46.3748,11132.2339,39.501,239.9999,9.1957,-0.00049768,-0.013226,-4.2351,90.0084,0.054165,4.4352,5.2004,-2.3157,-32.7079,-0.00023758,1.5747,-0.11439,8.9328e-07,0.059552,0,87.4555,0.16104,0.81416,478.9919,1392.8456
46.3831,11132.563,39.5011,239.9992,9.1957,-0.00062442,-0.048518,-3.492,90.0088,-0.001155,4.4352,5.0349,7.1615,-35.4419,-0.0002636,1.5452,-0.11841,8.9353e-07,0.059563,0,87.1069,0.16088,0.88613,478.9907,1392.8276
46.3857,11132.563,39.5011,239.9992,9.1957,-0.00062442,-0.048518,-3.492,90.0088,-0.001155,4.4352,5.0349,7.1615,-35.4419,-0.0002636,1.5452,-0.11841,8.9353e-07,0.059563,0,87.1069,0.16086,0.88038,478.9907,1392.8276
46.3857,11132.563,39.5011,239.9992,9.1957,-0.00062442,-0.048518,-3.492,90.0088,-0.001155,4.4352,5.0349,7.1615,-35.4419,-0.0002636,1.5452,-0.11841,8.9353e-07,0.059563,0,87.1069,0.16086,0.88038,478.9907,1392.8276
46.3915,11132.8922,39.501,239.9979,9.1957,-0.00082745,-0.077618,-2.7634,90.0088,-0.058425,4.4352,4.8779,6.6417,-35.3767,-0.00019472,1.5157,-0.1195,8.9377e-07,0.059574,0,86.9915,0.16061,0.96122,478.9895,1392.8097
46.3972,11132.8922,39.501,239.9979,9.1957,-0.00082745,-0.077618,-2.7634,90.0088,-0.058425,4.4352,4.8779,6.6417,-35.3767,-0.00019472,1.5157,-0.1195,8.9377e-07,0.059574,0,86.9915,0.16057,0.91753,478.9895,1392.8097
46.399,11132.8922,39.501,239.9979,9.1957,-0.00082745,-0.077618,-2.7634,90.0088,-0.058425,4.4352,4.8779,6.6417,-35.3767,-0.00019472,1.5157,-0.1195,8.9377e-07,0.059574,0,86.9915,0.16056,0.90865,478.9895,1392.8097
46.399,11132.8922,39.501,239.9979,9.1957,-0.00082745,-0.077618,-2.7634,90.0088,-0.058425,4.4352,4.8779,6.6417,-35.3767,-0.00019472,1.5157,-0.1195,8.9377e-07,0.059574,0,86.9915,0.16056,0.90865,478.9895,1392.8097
46.3998,11133.2214,39.5011,239.9973,9.1957,-0.0010438,-0.10065,-2.0489,90.0083,-0.11622,4.4352,4.922,6.3053,-35.3148,-7.8083e-05,1.4846,-0.11016,8.9402e-07,0.059585,0,87.1367,0.16036,0.9507,478.9883,1392.7918
46.4007,11133.2214,39.5011,239.9973,9.1957,-0.0010438,-0.10065,-2.0489,90.0083,-0.11622,4.4352,4.922,6.3053,-35.3148,-7.8083e-05,1.4846,-0.11016,8.9402e-07,0.059585,0,87.1367,0.16035,0.94346,478.9883,1392.7918
46.4024,11133.2214,39.5011,239.9973,9.1957,-0.0010438,-0.10065,-2.0489,90.0083,-0.11622,4.4352,4.922,6.3053,-35.3148,-7.8083e-05,1.4846,-0.11016,8.9402e-07,0.059585,0,87.1367,0.16034,0.93071,478.9883,1392.7918
46.4058,11133.2214,39.5011,239.9973,9.1957,-0.0010438,-0.10065,-2.0489,90.0083,-0.11622,4.4352,4.922,6.3053,-35.3148,-7.8083e-05,1.4846,-0.11016,8.9402e-07,0.059585,0,87.1367,0.16032,0.91086,478.9883,1392.7918
46.4081,11133.5506,39.5013,239.9968,9.1957,-0.0012234,-0.11772,-1.3486,90.0074,-0.1695,4.4352,4.9925,6.6069,-35.2504,6.764e-05,1.452,-0.089646,8.9427e-07,0.059596,0,87.2819,0.16016,0.93169,478.9872,1392.7739
46.4165,11133.8797,39.5015,239.9966,9.1957,-0.0013202,-0.12896,-0.66225,90.006,-0.21285,4.4352,5.0913,7.5927,-35.1823,0.00017567,1.4191,-0.064041,8.9454e-07,0.059606,0,87.4271,0.16005,0.90878,478.986,1392.756
46.4248,11134.2089,39.5018,239.9966,9.1957,-0.0013283,-0.13448,0.010367,90.0042,-0.24383,4.4351,5.2038,8.8937,-35.1096,0.00024158,1.3864,-0.036189,8.9481e-07,0.059617,0,87.5724,0.16004,0.88401,478.9848,1392.738
46.4331,11134.5381,39.5021,239.9968,9.1957,-0.0012532,-0.13439,0.66953,90.0022,-0.26133,4.4351,5.3228,10.3371,-35.033,0.00025141,1.3544,-0.0081045,8.951e-07,0.059628,0,87.7177,0.16013,0.85828,478.9836,1392.7201
46.4415,11134.8673,39.5025,239.9972,9.1957,-0.0011167,-0.12881,1.3156,90,-0.26525,4.4351,5.4434,11.8007,-34.9526,0.00021066,1.3232,0.018542,8.954e-07,0.059639,0,87.8631,0.16029,0.832,478.9825,1392.7022
46.4498,11135.1965,39.503,239.9978,9.1957,-0.00094782,-0.11785,1.9488,89.9978,-0.25629,4.4351,5.5611,13.1828,-34.8692,0.00012973,1.2932,0.042642,8.9571e-07,0.05965,0,88.0085,0.1605,0.80537,478.9813,1392.6843
46.4581,11135.5257,39.5035,239.9986,9.1957,-0.00077806,-0.10161,2.5696,89.9956,-0.23566,4.4351,5.673,14.4159,-34.7836,2.5756e-05,1.2645,0.063546,8.9602e-07,0.059661,0,88.1539,0.16073,0.77847,478.9801,1392.6664
46.4665,11135.8549,39.5041,239.9997,9.1957,-0.00063636,-0.080196,3.1782,89.9937,-0.20493,4.4351,5.7773,15.4606,-34.697,-0.0001244,1.2369,0.080951,8.9635e-07,0.059671,0,87.8048,0.16094,0.75133,478.979,1392.6484
46.4739,11135.8549,39.5041,239.9997,9.1957,-0.00063636,-0.080196,3.1782,89.9937,-0.20493,4.4351,5.7773,15.4606,-34.697,-0.0001244,1.2369,0.080951,8.9635e-07,0.059671,0,87.8048,0.16089,0.80833,478.979,1392.6484
46.4739,11135.8549,39.5041,239.9997,9.1957,-0.00063636,-0.080196,3.1782,89.9937,-0.20493,4.4351,5.7773,15.4606,-34.697,-0.0001244,1.2369,0.080951,8.9635e-07,0.059671,0,87.8048,0.16089,0.80833,478.979,1392.6484
46.4748,11136.1841,39.5044,239.9997,9.1957,-0.000566,-0.053711,3.775,89.992,-0.16578,4.4351,5.6789,16.2981,-34.6078,-0.00026468,1.1821,0.094825,8.9669e-07,0.059682,0,87.456,0.16102,0.81138,478.9778,1392.6305
46.475,11136.1841,39.5044,239.9997,9.1957,-0.000566,-0.053711,3.775,89.992,-0.16578,4.4351,5.6789,16.2981,-34.6078,-0.00026468,1.1821,0.094825,8.9669e-07,0.059682,0,87.456,0.16101,0.81213,478.9778,1392.6305
46.475,11136.1841,39.5044,239.9997,9.1957,-0.000566,-0.053711,3.775,89.992,-0.16578,4.4351,5.6789,16.2981,-34.6078,-0.00026468,1.1821,0.094825,8.9669e-07,0.059682,0,87.456,0.16101,0.81213,478.9778,1392.6305
46.4759,11136.1841,39.5044,239.9997,9.1957,-0.000566,-0.053711,3.775,89.992,-0.16578,4.4351,5.6789,16.2981,-34.6078,-0.00026468,1.1821,0.094825,8.9669e-07,0.059682,0,87.456,0.16101,0.81656,478.9778,1392.6305
46.4769,11136.1841,39.5044,239.9997,9.1957,-0.000566,-0.053711,3.775,89.992,-0.16578,4.4351,5.6789,16.2981,-34.6078,-0.00026468,1.1821,0.094825,8.9669e-07,0.059682,0,87.456,0.161,0.82058,478.9778,1392.6305
46.4788,11136.1841,39.5044,239.9997,9.1957,-0.000566,-0.053711,3.775,89.992,-0.16578,4.4351,5.6789,16.2981,-34.6078,-0.00026468,1.1821,0.094825,8.9669e-07,0.059682,0,87.456,0.16099,0.82755,478.9778,1392.6305
46.4826,11136.1841,39.5044,239.9997,9.1957,-0.000566,-0.053711,3.775,89.992,-0.16578,4.4351,5.6789,16.2981,-34.6078,-0.00026468,1.1821,0.094825,8.9669e-07,0.059682,0,87.456,0.16097,0.83807,478.9778,1392.6305
46.4831,11136.5133,39.5045,239.9991,9.1957,-0.00058494,-0.022252,4.3468,89.9906,-0.11992,4.4351,5.5665,16.6674,-34.4481,-0.00036892,0.029112,0.10534,8.9703e-07,0.059693,0,87.1074,0.16097,0.88272,478.9766,1392.6126
46.4857,11136.5133,39.5045,239.9991,9.1957,-0.00058494,-0.022252,4.3468,89.9906,-0.11992,4.4351,5.5665,16.6674,-34.4481,-0.00036892,0.029112,0.10534,8.9703e-07,0.059693,0,87.1074,0.16095,0.87774,478.9766,1392.6126
46.4915,11136.8425,39.5044,239.9978,9.1957,-0.00069851,0.013971,4.3688,89.9896,-0.068979,4.4351,5.4465,6.8568,-31.5552,-0.00032969,-1.5799,0.11278,8.9738e-07,0.059704,0,86.7966,0.16078,0.95774,478.9754,1392.5947
46.4998,11137.1717,39.5046,239.9972,9.1958,-0.00086,0.050378,3.6232,89.989,-0.014435,4.4351,5.5116,-7.2878,-27.5473,-0.00020934,-1.5504,0.11752,8.9773e-07,0.059715,0,86.9418,0.16059,0.94734,478.9743,1392.5768
46.5012,11137.1717,39.5046,239.9972,9.1958,-0.00086,0.050378,3.6232,89.989,-0.014435,4.4351,5.5116,-7.2878,-27.5473,-0.00020934,-1.5504,0.11752,8.9773e-07,0.059715,0,86.9418,0.16058,0.93651,478.9743,1392.5768
46.5012,11137.1717,39.5046,239.9972,9.1958,-0.00086,0.050378,3.6232,89.989,-0.014435,4.4351,5.5116,-7.2878,-27.5473,-0.00020934,-1.5504,0.11752,8.9773e-07,0.059715,0,86.9418,0.16058,0.93651,478.9743,1392.5768
46.5081,11137.5009,39.5047,239.9968,9.1958,-0.0010313,0.080571,2.8921,89.9889,0.042404,4.4351,5.5697,-6.7313,-27.6382,-4.8107e-05,-1.521,0.11982,8.9807e-07,0.059725,0,87.087,0.1604,0.92854,478.9731,1392.5588
46.514,11137.5009,39.5047,239.9968,9.1958,-0.0010313,0.080571,2.8921,89.9889,0.042404,4.4351,5.5697,-6.7313,-27.6382,-4.8107e-05,-1.521,0.11982,8.9807e-07,0.059725,0,87.087,0.16037,0.89927,478.9731,1392.5588
46.514,11137.5009,39.5047,239.9968,9.1958,-0.0010313,0.080571,2.8921,89.9889,0.042404,4.4351,5.5697,-6.7313,-27.6382,-4.8107e-05,-1.521,0.11982,8.9807e-07,0.059725,0,87.087,0.16037,0.89927,478.9731,1392.5588
46.5165,11137.8301,39.5049,239.9966,9.1958,-0.0011764,0.10467,2.1751,89.9892,0.10035,4.4351,5.6221,-6.326,-27.7294,9.1083e-05,-1.4905,0.11401,8.9841e-07,0.059736,0,87.2322,0.16025,0.90586,478.9719,1392.5409
46.519,11137.8301,39.5049,239.9966,9.1958,-0.0011764,0.10467,2.1751,89.9892,0.10035,4.4351,5.6221,-6.326,-27.7294,9.1083e-05,-1.4905,0.11401,8.9841e-07,0.059736,0,87.2322,0.16023,0.89609,478.9719,1392.5409
46.5241,11137.8301,39.5049,239.9966,9.1958,-0.0011764,0.10467,2.1751,89.9892,0.10035,4.4351,5.6221,-6.326,-27.7294,9.1083e-05,-1.4905,0.11401,8.9841e-07,0.059736,0,87.2322,0.1602,0.88263,478.9719,1392.5409
46.5248,11138.1593,39.5052,239.9966,9.1958,-0.001281,0.1228,1.4723,89.9901,0.15549,4.435,5.6549,-6.4165,-27.8203,0.0002013,-1.4581,0.095181,8.9874e-07,0.059747,0,87.3775,0.16015,0.88131,478.9707,1392.523
46.5285,11138.1593,39.5052,239.9966,9.1958,-0.001281,0.1228,1.4723,89.9901,0.15549,4.435,5.6549,-6.4165,-27.8203,0.0002013,-1.4581,0.095181,8.9874e-07,0.059747,0,87.3775,0.16012,0.87537,478.9707,1392.523
46.5331,11138.4885,39.5056,239.9968,9.1958,-0.0013248,0.13507,0.7834,89.9914,0.20153,4.435,5.656,-7.3012,-27.913,0.00026642,-1.4253,0.070349,8.9907e-07,0.059758,0,87.5228,0.16012,0.85578,478.9696,1392.5051
46.5415,11138.8177,39.506,239.9972,9.1958,-0.0013033,0.14159,0.10833,89.9931,0.23555,4.435,5.6431,-8.5552,-28.0027,0.00028592,-1.3925,0.042802,8.9938e-07,0.059769,0,87.6681,0.16017,0.82965,478.9684,1392.4871
46.5498,11139.1469,39.5065,239.9979,9.1958,-0.0012213,0.1425,-0.55323,89.995,0.25626,4.435,5.6244,-9.9785,-28.0876,0.00025821,-1.3603,0.014558,8.9968e-07,0.05978,0,87.8135,0.16029,0.80311,478.9672,1392.4692
46.5581,11139.4761,39.507,239.9987,9.1958,-0.0010944,0.13789,-1.2016,89.9971,0.2633,4.435,5.6048,-11.4489,-28.1664,0.0001895,-1.329,-0.012563,8.9997e-07,0.05979,0,87.9589,0.16047,0.77625,478.9661,1392.4513
46.5665,11139.8054,39.5076,239.9998,9.1958,-0.00094508,0.12787,-1.8371,89.9993,0.25723,4.435,5.5887,-12.8558,-28.2381,4.677e-05,-1.2987,-0.037336,9.0024e-07,0.059801,0,87.6099,0.16069,0.74913,478.9649,1392.4334
46.5748,11140.1346,39.5079,239.9998,9.1958,-0.00081988,0.11256,-2.4601,90.0015,0.23917,4.435,5.3789,-14.1247,-28.3001,-0.00012221,-1.2697,-0.059023,9.0051e-07,0.059812,0,87.2611,0.16082,0.81196,478.9637,1392.4155
46.5831,11140.4638,39.508,239.9992,9.1958,-0.00074847,0.092064,-3.0709,90.0035,0.21062,4.435,5.1791,-15.2107,-28.3544,-0.00029112,-1.2419,-0.077247,9.0076e-07,0.059823,0,86.9125,0.16086,0.88321,478.9625,1392.3975
46.5885,11140.4638,39.508,239.9992,9.1958,-0.00074847,0.092064,-3.0709,90.0035,0.21062,4.435,5.1791,-15.2107,-28.3544,-0.00029112,-1.2419,-0.077247,9.0076e-07,0.059823,0,86.9125,0.16083,0.87397,478.9625,1392.3975
46.5885,11140.4638,39.508,239.9992,9.1958,-0.00074847,0.092064,-3.0709,90.0035,0.21062,4.435,5.1791,-15.2107,-28.3544,-0.00029112,-1.2419,-0.077247,9.0076e-07,0.059823,0,86.9125,0.16083,0.87397,478.9625,1392.3975
46.5915,11140.7931,39.5079,239.9979,9.1958,-0.00075181,0.066473,-3.6698,90.0052,0.17327,4.435,4.99,-16.0907,-28.4026,-0.00034766,-1.2153,-0.091922,9.01e-07,0.059834,0,86.837,0.16079,0.95764,478.9614,1392.3796
46.5945,11140.7931,39.5079,239.9979,9.1958,-0.00075181,0.066473,-3.6698,90.0052,0.17327,4.435,4.99,-16.0907,-28.4026,-0.00034766,-1.2153,-0.091922,9.01e-07,0.059834,0,86.837,0.16077,0.93285,478.9614,1392.3796
46.5996,11140.7931,39.5079,239.9979,9.1958,-0.00075181,0.066473,-3.6698,90.0052,0.17327,4.435,4.99,-16.0907,-28.4026,-0.00034766,-1.2153,-0.091922,9.01e-07,0.059834,0,86.837,0.16073,0.90416,478.9614,1392.3796
46.5996,11140.7931,39.5079,239.9979,9.1958,-0.00075181,0.066473,-3.6698,90.0052,0.17327,4.435,4.99,-16.0907,-28.4026,-0.00034766,-1.2153,-0.091922,9.01e-07,0.059834,0,86.837,0.16073,0.90416,478.9614,1392.3796
46.5998,11141.1223,39.508,239.9973,9.1958,-0.00079902,0.035892,-4.2572,90.0067,0.12881,4.435,5.0022,-16.7595,-28.4512,-0.00031805,-0.30493,-0.10318,9.0124e-07,0.059844,0,86.9822,0.16071,0.9468,478.9602,1392.3617
46.6,11141.1223,39.508,239.9973,9.1958,-0.00079902,0.035892,-4.2572,90.0067,0.12881,4.435,5.0022,-16.7595,-28.4512,-0.00031805,-0.30493,-0.10318,9.0124e-07,0.059844,0,86.9822,0.16071,0.9451,478.9602,1392.3617
46.6004,11141.1223,39.508,239.9973,9.1958,-0.00079902,0.035892,-4.2572,90.0067,0.12881,4.435,5.0022,-16.7595,-28.4512,-0.00031805,-0.30493,-0.10318,9.0124e-07,0.059844,0,86.9822,0.1607,0.9418,478.9602,1392.3617
46.6012,11141.1223,39.508,239.9973,9.1958,-0.00079902,0.035892,-4.2572,90.0067,0.12881,4.435,5.0022,-16.7595,-28.4512,-0.00031805,-0.30493,-0.10318,9.0124e-07,0.059844,0,86.9822,0.1607,0.93558,478.9602,1392.3617
46.6029,11141.1223,39.508,239.9973,9.1958,-0.00079902,0.035892,-4.2572,90.0067,0.12881,4.435,5.0022,-16.7595,-28.4512,-0.00031805,-0.30493,-0.10318,9.0124e-07,0.059844,0,86.9822,0.16069,0.92455,478.9602,1392.3617
46.6061,11141.1223,39.508,239.9973,9.1958,-0.00079902,0.035892,-4.2572,90.0067,0.12881,4.435,5.0022,-16.7595,-28.4512,-0.00031805,-0.30493,-0.10318,9.0124e-07,0.059844,0,86.9822,0.16067,0.90721,478.9602,1392.3617
46.6076,11141.1223,39.508,239.9973,9.1958,-0.00079902,0.035892,-4.2572,90.0067,0.12881,4.435,5.0022,-16.7595,-28.4512,-0.00031805,-0.30493,-0.10318,9.0124e-07,0.059844,0,86.9822,0.16066,0.90103,478.9602,1392.3617
46.6076,11141.1223,39.508,239.9973,9.1958,-0.00079902,0.035892,-4.2572,90.0067,0.12881,4.435,5.0022,-16.7595,-28.4512,-0.00031805,-0.30493,-0.10318,9.0124e-07,0.059844,0,86.9822,0.16066,0.90103,478.9602,1392.3617
46.6081,11141.4515,39.5082,239.9969,9.1958,-0.00087179,0.00041557,-4.4107,90.0078,0.078909,4.435,5.0211,-9.1963,-30.7218,-0.00019899,1.3376,-0.11127,9.0147e-07,0.059855,0,87.1274,0.16061,0.92804,478.959,1392.3438
46.6087,11141.4515,39.5082,239.9969,9.1958,-0.00087179,0.00041557,-4.4107,90.0078,0.078909,4.435,5.0211,-9.1963,-30.7218,-0.00019899,1.3376,-0.11127,9.0147e-07,0.059855,0,87.1274,0.16061,0.92425,478.959,1392.3438
46.6099,11141.4515,39.5082,239.9969,9.1958,-0.00087179,0.00041557,-4.4107,90.0078,0.078909,4.435,5.0211,-9.1963,-30.7218,-0.00019899,1.3376,-0.11127,9.0147e-07,0.059855,0,87.1274,0.1606,0.91729,478.959,1392.3438
46.6123,11141.4515,39.5082,239.9969,9.1958,-0.00087179,0.00041557,-4.4107,90.0078,0.078909,4.435,5.0211,-9.1963,-30.7218,-0.00019899,1.3376,-0.11127,9.0147e-07,0.059855,0,87.1274,0.16059,0.90563,478.959,1392.3438
46.6165,11141.7808,39.5084,239.9967,9.1958,-0.00095052,-0.03634,-3.7807,90.0084,0.025098,4.435,5.0473,5.2042,-34.8449,-6.3211e-05,1.5566,-0.11661,9.017e-07,0.059866,0,87.2726,0.16053,0.90554,478.9578,1392.3259
46.6172,11141.7808,39.5084,239.9967,9.1958,-0.00095052,-0.03634,-3.7807,90.0084,0.025098,4.435,5.0473,5.2042,-34.8449,-6.3211e-05,1.5566,-0.11661,9.017e-07,0.059866,0,87.2726,0.16052,0.90272,478.9578,1392.3259
46.6172,11141.7808,39.5084,239.9967,9.1958,-0.00095052,-0.03634,-3.7807,90.0084,0.025098,4.435,5.0473,5.2042,-34.8449,-6.3211e-05,1.5566,-0.11661,9.017e-07,0.059866,0,87.2726,0.16052,0.90272,478.9578,1392.3259
46.6248,11142.11,39.5087,239.9967,9.1958,-0.001033,-0.067846,-3.0465,90.0086,-0.031297,4.435,5.0806,6.8575,-35.411,5.7411e-05,1.5272,-0.11955,9.0193e-07,0.059877,0,87.4179,0.16045,0.88125,478.9567,1392.3079
46.6298,11142.11,39.5087,239.9967,9.1958,-0.001033,-0.067846,-3.0465,90.0086,-0.031297,4.435,5.0806,6.8575,-35.411,5.7411e-05,1.5272,-0.11955,9.0193e-07,0.059877,0,87.4179,0.16042,0.87381,478.9567,1392.3079
46.6298,11142.11,39.5087,239.9967,9.1958,-0.001033,-0.067846,-3.0465,90.0086,-0.031297,4.435,5.0806,6.8575,-35.411,5.7411e-05,1.5272,-0.11955,9.0193e-07,0.059877,0,87.4179,0.16042,0.87381,478.9567,1392.3079
46.6331,11142.4392,39.509,239.9969,9.1958,-0.0011122,-0.093233,-2.3266,90.0084,-0.089114,4.4349,5.1205,6.4067,-35.3533,0.00014884,1.497,-0.11566,9.0217e-07,0.059888,0,87.5632,0.16039,0.85599,478.9555,1392.29
46.6365,11142.4392,39.509,239.9969,9.1958,-0.0011122,-0.093233,-2.3266,90.0084,-0.089114,4.4349,5.1205,6.4067,-35.3533,0.00014884,1.497,-0.11566,9.0217e-07,0.059888,0,87.5632,0.16037,0.85775,478.9555,1392.29
46.6415,11142.7685,39.5094,239.9973,9.1958,-0.0011794,-0.11262,-1.6207,90.0076,-0.14506,4.4349,5.1783,6.3749,-35.2905,0.00020852,1.4649,-0.099168,9.0241e-07,0.059899,0,87.7085,0.16035,0.83014,478.9543,1392.2721
46.6498,11143.0977,39.5099,239.9979,9.1958,-0.0012178,-0.12613,-0.92895,90.0064,-0.19302,4.4349,5.2685,7.1147,-35.2197,0.00023365,1.4321,-0.075385,9.0266e-07,0.059909,0,87.8539,0.16035,0.80383,478.9532,1392.2542
46.6581,11143.427,39.5104,239.9988,9.1958,-0.0012161,-0.13387,-0.25099,90.0048,-0.22948,4.4349,5.3778,8.303,-35.1435,0.00022573,1.3993,-0.048321,9.0292e-07,0.05992,0,87.9993,0.16041,0.77716,478.952,1392.2363
46.6665,11143.7562,39.511,239.9998,9.1958,-0.0011714,-0.13596,0.41341,90.0029,-0.25285,4.4348,5.4961,9.6964,-35.0636,0.00014103,1.367,-0.02016,9.0319e-07,0.059931,0,87.6502,0.16052,0.75016,478.9508,1392.2183
46.6748,11144.0855,39.5113,239.9998,9.1958,-0.0011113,-0.13252,1.0646,90.0008,-0.2626,4.4348,5.418,11.1623,-34.9782,1.6018e-05,1.3355,0.0072322,9.0347e-07,0.059942,0,87.3014,0.16059,0.81304,478.9496,1392.2004
46.6831,11144.4148,39.5114,239.9992,9.1958,-0.001056,-0.12364,1.7028,89.9986,-0.25911,4.4349,5.3405,12.5874,-34.8897,-0.00013246,1.305,0.032502,9.0377e-07,0.059953,0,86.9529,0.16061,0.88431,478.9485,1392.1825
46.6915,11144.744,39.5113,239.9979,9.1958,-0.0010263,-0.10945,2.3284,89.9964,-0.24339,4.4349,5.2601,13.8893,-34.7997,-0.00020201,1.2757,0.054818,9.0407e-07,0.059963,0,86.9128,0.16056,0.95874,478.9473,1392.1646
46.6998,11145.0733,39.5114,239.9973,9.1958,-0.0010002,-0.090051,2.9417,89.9944,-0.21688,4.4349,5.3658,15.0173,-34.7144,-0.00022336,1.2477,0.073736,9.0439e-07,0.059974,0,87.0579,0.16056,0.94768,478.9461,1392.1467
46.7024,11145.0733,39.5114,239.9973,9.1958,-0.0010002,-0.090051,2.9417,89.9944,-0.21688,4.4349,5.3658,15.0173,-34.7144,-0.00022336,1.2477,0.073736,9.0439e-07,0.059974,0,87.0579,0.16054,0.92807,478.9461,1392.1467
46.7024,11145.0733,39.5114,239.9973,9.1958,-0.0010002,-0.090051,2.9417,89.9944,-0.21688,4.4349,5.3658,15.0173,-34.7144,-0.00022336,1.2477,0.073736,9.0439e-07,0.059974,0,87.0579,0.16054,0.92807,478.9461,1392.1467
46.7081,11145.4025,39.5115,239.9969,9.1958,-0.00097502,-0.065537,3.5431,89.9926,-0.18122,4.4349,5.4628,15.9446,-34.632,-0.00019088,1.2209,0.089117,9.0471e-07,0.059985,0,87.2031,0.16056,0.92821,478.9449,1392.1288
46.7133,11145.4025,39.5115,239.9969,9.1958,-0.00097502,-0.065537,3.5431,89.9926,-0.18122,4.4349,5.4628,15.9446,-34.632,-0.00019088,1.2209,0.089117,9.0471e-07,0.059985,0,87.2031,0.16053,0.90159,478.9449,1392.1288
46.7133,11145.4025,39.5115,239.9969,9.1958,-0.00097502,-0.065537,3.5431,89.9926,-0.18122,4.4349,5.4628,15.9446,-34.632,-0.00019088,1.2209,0.089117,9.0471e-07,0.059985,0,87.2031,0.16053,0.90159,478.9449,1392.1288
46.7165,11145.7318,39.5118,239.9967,9.1958,-0.00094723,-0.036011,4.1329,89.9911,-0.13812,4.4349,5.5503,16.6623,-34.5529,-0.00014386,0.68665,0.10105,9.0504e-07,0.059996,0,87.3483,0.16058,0.90509,478.9438,1392.1108
46.7197,11145.7318,39.5118,239.9967,9.1958,-0.00094723,-0.036011,4.1329,89.9911,-0.13812,4.4349,5.5503,16.6623,-34.5529,-0.00014386,0.68665,0.10105,9.0504e-07,0.059996,0,87.3483,0.16056,0.8934,478.9438,1392.1108
46.7217,11145.7318,39.5118,239.9967,9.1958,-0.00094723,-0.036011,4.1329,89.9911,-0.13812,4.4349,5.5503,16.6623,-34.5529,-0.00014386,0.68665,0.10105,9.0504e-07,0.059996,0,87.3483,0.16054,0.88758,478.9438,1392.1108
46.7217,11145.7318,39.5118,239.9967,9.1958,-0.00094723,-0.036011,4.1329,89.9911,-0.13812,4.4349,5.5503,16.6623,-34.5529,-0.00014386,0.68665,0.10105,9.0504e-07,0.059996,0,87.3483,0.16054,0.88758,478.9438,1392.1108
46.7248,11146.0611,39.512,239.9967,9.1958,-0.00093264,-0.0015705,4.4686,89.9899,-0.089248,4.4349,5.6277,12.5584,-33.2092,-7.2859e-05,-0.95494,0.10976,9.0538e-07,0.060007,0,87.4935,0.1606,0.88078,478.9426,1392.0929
46.7279,11146.0611,39.512,239.9967,9.1958,-0.00093264,-0.0015705,4.4686,89.9899,-0.089248,4.4349,5.6277,12.5584,-33.2092,-7.2859e-05,-0.95494,0.10976,9.0538e-07,0.060007,0,87.4935,0.16058,0.87584,478.9426,1392.0929
46.7331,11146.3903,39.5124,239.9969,9.1958,-0.00094279,0.035667,4.0211,89.9892,-0.036168,4.4349,5.6967,-1.802,-29.1156,1.4108e-05,-1.5661,0.11564,9.0571e-07,0.060018,0,87.6388,0.1606,0.85565,478.9414,1392.075
46.7415,11146.7196,39.5128,239.9973,9.1958,-0.00098183,0.069177,3.2823,89.9889,0.019759,4.4348,5.7588,-6.9883,-27.6044,8.6201e-05,-1.5366,0.11905,9.0605e-07,0.060028,0,87.7842,0.16059,0.83003,478.9402,1392.0571
46.7453,11146.7196,39.5128,239.9973,9.1958,-0.00098183,0.069177,3.2823,89.9889,0.019759,4.4348,5.7588,-6.9883,-27.6044,8.6201e-05,-1.5366,0.11905,9.0605e-07,0.060028,0,87.7842,0.16057,0.84023,478.9402,1392.0571
46.7453,11146.7196,39.5128,239.9973,9.1958,-0.00098183,0.069177,3.2823,89.9889,0.019759,4.4348,5.7588,-6.9883,-27.6044,8.6201e-05,-1.5366,0.11905,9.0605e-07,0.060028,0,87.7842,0.16057,0.84023,478.9402,1392.0571
46.7498,11147.0489,39.5133,239.9979,9.1958,-0.0010457,0.096529,2.5578,89.9891,0.077335,4.4348,5.8153,-6.5142,-27.6921,0.00013838,-1.5067,0.11761,9.0638e-07,0.060039,0,87.9295,0.16057,0.80402,478.9391,1392.0392
46.7543,11147.0489,39.5133,239.9979,9.1958,-0.0010457,0.096529,2.5578,89.9891,0.077335,4.4348,5.8153,-6.5142,-27.6921,0.00013838,-1.5067,0.11761,9.0638e-07,0.060039,0,87.9295,0.16054,0.82482,478.9391,1392.0392
46.7581,11147.3781,39.5138,239.9988,9.1958,-0.0011236,0.11784,1.8475,89.9897,0.13422,4.4348,5.8604,-6.3369,-27.7779,0.00017145,-1.4751,0.10443,9.0671e-07,0.06005,0,88.0749,0.16055,0.77762,478.9379,1392.0212
46.7665,11147.7074,39.5144,239.9998,9.1958,-0.0011933,0.13324,1.1512,89.9908,0.18473,4.4347,5.8769,-6.8768,-27.8655,0.00013964,-1.4424,0.082145,9.0702e-07,0.060061,0,87.7259,0.16055,0.75085,478.9367,1392.0033
46.7748,11148.0367,39.5147,239.9998,9.1958,-0.0012549,0.14283,0.46889,89.9924,0.22446,4.4347,5.6714,-7.9739,-27.9504,7.5488e-05,-1.4096,0.055749,9.0733e-07,0.060072,0,87.3771,0.16049,0.81391,478.9356,1391.9854
46.7831,11148.366,39.5148,239.9992,9.1958,-0.0013021,0.14674,-0.19981,89.9942,0.25142,4.4347,5.4584,-9.325,-28.0317,-1.4132e-05,-1.377,0.027716,9.0762e-07,0.060082,0,87.0286,0.16041,0.88529,478.9344,1391.9675
46.7915,11148.6953,39.5147,239.9979,9.1958,-0.0013352,0.14508,-0.85515,89.9963,0.26483,4.4348,5.244,-10.78,-28.1085,-3.8837e-05,-1.3452,-2.1646e-05,9.0791e-07,0.060093,0,86.9737,0.1603,0.95979,478.9332,1391.9496
46.7998,11149.0246,39.5147,239.9973,9.1958,-0.0013212,0.13795,-1.4974,89.9985,0.26482,4.4348,5.2241,-12.2217,-28.1848,-3.9471e-05,-1.3144,-0.025953,9.0817e-07,0.060104,0,87.1188,0.16028,0.94877,478.932,1391.9316
46.8081,11149.3539,39.5149,239.9969,9.1958,-0.001256,0.12547,-2.127,90.0007,0.25227,4.4348,5.209,-13.5584,-28.2575,-1.8729e-05,-1.2848,-0.049118,9.0843e-07,0.060115,0,87.264,0.16032,0.92936,478.9309,1391.9137
46.8165,11149.6832,39.5151,239.9967,9.1958,-0.0011438,0.10775,-2.7443,90.0028,0.22851,4.4348,5.2008,-14.7318,-28.3256,-2.5626e-05,-1.2564,-0.06898,9.0868e-07,0.060126,0,87.4092,0.16042,0.90615,478.9297,1391.8958
46.8248,11150.0125,39.5153,239.9967,9.1958,-0.0010172,0.084877,-3.3495,90.0047,0.19515,4.4348,5.2012,-15.7091,-28.3863,-4.479e-05,-1.2292,-0.085319,9.0891e-07,0.060137,0,87.5544,0.16055,0.88118,478.9285,1391.8779
46.8265,11150.0125,39.5153,239.9967,9.1958,-0.0010172,0.084877,-3.3495,90.0047,0.19515,4.4348,5.2012,-15.7091,-28.3863,-4.479e-05,-1.2292,-0.085319,9.0891e-07,0.060137,0,87.5544,0.16054,0.87819,478.9285,1391.8779
46.8265,11150.0125,39.5153,239.9967,9.1958,-0.0010172,0.084877,-3.3495,90.0047,0.19515,4.4348,5.2012,-15.7091,-28.3863,-4.479e-05,-1.2292,-0.085319,9.0891e-07,0.060137,0,87.5544,0.16054,0.87819,478.9285,1391.8779
46.8331,11150.3417,39.5157,239.9969,9.1958,-0.0009042,0.056965,-3.943,90.0064,0.15389,4.4348,5.2106,-16.4769,-28.4402,-6.1738e-05,-1.0601,-0.09817,9.0914e-07,0.060147,0,87.6997,0.16068,0.85533,478.9273,1391.86
46.8358,11150.3417,39.5157,239.9969,9.1958,-0.0009042,0.056965,-3.943,90.0064,0.15389,4.4348,5.2106,-16.4769,-28.4402,-6.1738e-05,-1.0601,-0.09817,9.0914e-07,0.060147,0,87.6997,0.16066,0.85691,478.9273,1391.86
46.8358,11150.3417,39.5157,239.9969,9.1958,-0.0009042,0.056965,-3.943,90.0064,0.15389,4.4348,5.2106,-16.4769,-28.4402,-6.1738e-05,-1.0601,-0.09817,9.0914e-07,0.060147,0,87.6997,0.16066,0.85691,478.9273,1391.86
46.8415,11150.671,39.5161,239.9973,9.1958,-0.00082684,0.024107,-4.4567,90.0077,0.10641,4.4347,5.2274,-15.7384,-28.8479,-6.4543e-05,0.48058,-0.10774,9.0936e-07,0.060158,0,87.845,0.16078,0.82956,478.9262,1391.842
46.8472,11150.671,39.5161,239.9973,9.1958,-0.00082684,0.024107,-4.4567,90.0077,0.10641,4.4347,5.2274,-15.7384,-28.8479,-6.4543e-05,0.48058,-0.10774,9.0936e-07,0.060158,0,87.845,0.16075,0.84365,478.9262,1391.842
46.8498,11151.0003,39.5165,239.9979,9.1958,-0.00080126,-0.013033,-4.2356,90.0085,0.054304,4.4347,5.2517,-2.3524,-32.701,-3.4164e-05,1.5746,-0.11434,9.0957e-07,0.060169,0,87.9904,0.16085,0.80363,478.925,1391.8241
46.8581,11151.3297,39.5171,239.9988,9.1958,-0.0008306,-0.048329,-3.4926,90.009,-0.00099646,4.4347,5.2834,7.1623,-35.4501,2.3994e-06,1.5451,-0.11838,9.0979e-07,0.06018,0,88.0692,0.16088,0.77745,478.9238,1391.8062
46.8607,11151.3297,39.5171,239.9988,9.1958,-0.0008306,-0.048329,-3.4926,90.009,-0.00099646,4.4347,5.2834,7.1623,-35.4501,2.3994e-06,1.5451,-0.11838,9.0979e-07,0.06018,0,88.0692,0.16086,0.79638,478.9238,1391.8062
46.8607,11151.3297,39.5171,239.9988,9.1958,-0.0008306,-0.048329,-3.4926,90.009,-0.00099646,4.4347,5.2834,7.1623,-35.4501,2.3994e-06,1.5451,-0.11838,9.0979e-07,0.06018,0,88.0692,0.16086,0.79638,478.9238,1391.8062
46.8665,11151.659,39.5177,239.9998,9.1958,-0.00090634,-0.077434,-2.7641,90.009,-0.05825,4.4347,5.3219,6.6423,-35.389,-1.0821e-05,1.5155,-0.11947,9.1e-07,0.060191,0,87.7202,0.16088,0.75101,478.9227,1391.7883
46.8723,11151.659,39.5177,239.9998,9.1958,-0.00090634,-0.077434,-2.7641,90.009,-0.05825,4.4347,5.3219,6.6423,-35.389,-1.0821e-05,1.5155,-0.11947,9.1e-07,0.060191,0,87.7202,0.16084,0.79914,478.9227,1391.7883
46.8739,11151.659,39.5177,239.9998,9.1958,-0.00090634,-0.077434,-2.7641,90.009,-0.05825,4.4347,5.3219,6.6423,-35.389,-1.0821e-05,1.5155,-0.11947,9.1e-07,0.060191,0,87.7202,0.16083,0.80869,478.9227,1391.7883
46.8739,11151.659,39.5177,239.9998,9.1958,-0.00090634,-0.077434,-2.7641,90.009,-0.05825,4.4347,5.3219,6.6423,-35.389,-1.0821e-05,1.5155,-0.11947,9.1e-07,0.060191,0,87.7202,0.16083,0.80869,478.9227,1391.7883
46.8748,11151.9883,39.518,239.9998,9.1959,-0.0010346,-0.10047,-2.0497,90.0085,-0.11603,4.4346,5.1684,6.3056,-35.3229,-3.9863e-05,1.4845,-0.11016,9.1022e-07,0.060201,0,87.3715,0.16075,0.81434,478.9215,1391.7704
46.8757,11151.9883,39.518,239.9998,9.1959,-0.0010346,-0.10047,-2.0497,90.0085,-0.11603,4.4346,5.1684,6.3056,-35.3229,-3.9863e-05,1.4845,-0.11016,9.1022e-07,0.060201,0,87.3715,0.16075,0.81821,478.9215,1391.7704
46.8774,11151.9883,39.518,239.9998,9.1959,-0.0010346,-0.10047,-2.0497,90.0085,-0.11603,4.4346,5.1684,6.3056,-35.3229,-3.9863e-05,1.4845,-0.11016,9.1022e-07,0.060201,0,87.3715,0.16074,0.82501,478.9215,1391.7704
46.8809,11151.9883,39.518,239.9998,9.1959,-0.0010346,-0.10047,-2.0497,90.0085,-0.11603,4.4346,5.1684,6.3056,-35.3229,-3.9863e-05,1.4845,-0.11016,9.1022e-07,0.060201,0,87.3715,0.16072,0.83552,478.9215,1391.7704
46.8831,11152.3176,39.5181,239.9992,9.1959,-0.0011957,-0.11755,-1.3494,90.0075,-0.16931,4.4346,5.0435,6.6056,-35.2504,-8.005e-05,1.4519,-0.08967,9.1045e-07,0.060212,0,87.023,0.16056,0.88595,478.9203,1391.7525
46.8915,11152.6469,39.5179,239.9979,9.1959,-0.001363,-0.12879,-0.66309,90.0061,-0.21268,4.4347,4.9491,7.5904,-35.1717,-4.3642e-05,1.419,-0.064079,9.1069e-07,0.060223,0,87.0036,0.16032,0.96064,478.9191,1391.7345
46.8998,11152.9762,39.518,239.9973,9.1959,-0.0014758,-0.13432,0.0094818,90.0043,-0.24368,4.4347,5.0614,8.8906,-35.0947,2.0637e-05,1.3863,-0.036238,9.1094e-07,0.060234,0,87.1487,0.16017,0.94978,478.918,1391.7166
46.9081,11153.3055,39.5182,239.9968,9.1959,-0.0015062,-0.13424,0.66861,90.0023,-0.2612,4.4347,5.1797,10.3334,-35.018,9.8002e-05,1.3543,-0.0081602,9.1119e-07,0.060245,0,87.2939,0.16011,0.93046,478.9168,1391.6987
46.9165,11153.6349,39.5183,239.9966,9.1959,-0.001443,-0.12867,1.3146,90.0001,-0.26515,4.4347,5.299,11.7965,-34.9412,0.00012843,1.3232,0.018484,9.1146e-07,0.060256,0,87.4391,0.16016,0.9073,478.9156,1391.6808
46.9248,11153.9642,39.5186,239.9966,9.1959,-0.0013136,-0.11771,1.9478,89.9979,-0.25621,4.4347,5.4154,13.1785,-34.8616,0.00011902,1.2932,0.042583,9.1174e-07,0.060266,0,87.5843,0.16029,0.88236,478.9144,1391.6629
46.9331,11154.2935,39.5189,239.9968,9.1959,-0.0011491,-0.10148,2.5685,89.9958,-0.23562,4.4347,5.5261,14.4116,-34.7799,7.0856e-05,1.2644,0.063488,9.1204e-07,0.060277,0,87.7296,0.16047,0.85653,478.9133,1391.645
46.9415,11154.6228,39.5193,239.9972,9.1959,-0.00098597,-0.080078,3.1771,89.9938,-0.20492,4.4347,5.6293,15.4563,-34.6962,1.9635e-06,1.2369,0.080895,9.1234e-07,0.060288,0,87.8749,0.16065,0.83021,478.9121,1391.627
46.9489,11154.6228,39.5193,239.9972,9.1959,-0.00098597,-0.080078,3.1771,89.9938,-0.20492,4.4347,5.6293,15.4563,-34.6962,1.9635e-06,1.2369,0.080895,9.1234e-07,0.060288,0,87.8749,0.16061,0.84681,478.9121,1391.627
46.9489,11154.6228,39.5193,239.9972,9.1959,-0.00098597,-0.080078,3.1771,89.9938,-0.20492,4.4347,5.6293,15.4563,-34.6962,1.9635e-06,1.2369,0.080895,9.1234e-07,0.060288,0,87.8749,0.16061,0.84681,478.9121,1391.627
46.9498,11154.9521,39.5198,239.9979,9.1959,-0.00085543,-0.053602,3.7739,89.9921,-0.16579,4.4346,5.7239,16.2941,-34.6116,-6.2761e-05,1.1831,0.094774,9.1265e-07,0.060299,0,88.0202,0.16083,0.80356,478.9109,1391.6091
46.95,11154.9521,39.5198,239.9979,9.1959,-0.00085543,-0.053602,3.7739,89.9921,-0.16579,4.4346,5.7239,16.2941,-34.6116,-6.2761e-05,1.1831,0.094774,9.1265e-07,0.060299,0,88.0202,0.16083,0.80438,478.9109,1391.6091
46.95,11154.9521,39.5198,239.9979,9.1959,-0.00085543,-0.053602,3.7739,89.9921,-0.16579,4.4346,5.7239,16.2941,-34.6116,-6.2761e-05,1.1831,0.094774,9.1265e-07,0.060299,0,88.0202,0.16083,0.80438,478.9109,1391.6091
46.9509,11154.9521,39.5198,239.9979,9.1959,-0.00085543,-0.053602,3.7739,89.9921,-0.16579,4.4346,5.7239,16.2941,-34.6116,-6.2761e-05,1.1831,0.094774,9.1265e-07,0.060299,0,88.0202,0.16082,0.80962,478.9109,1391.6091
46.9519,11154.9521,39.5198,239.9979,9.1959,-0.00085543,-0.053602,3.7739,89.9921,-0.16579,4.4346,5.7239,16.2941,-34.6116,-6.2761e-05,1.1831,0.094774,9.1265e-07,0.060299,0,88.0202,0.16081,0.81438,478.9109,1391.6091
46.9538,11154.9521,39.5198,239.9979,9.1959,-0.00085543,-0.053602,3.7739,89.9921,-0.16579,4.4346,5.7239,16.2941,-34.6116,-6.2761e-05,1.1831,0.094774,9.1265e-07,0.060299,0,88.0202,0.1608,0.82263,478.9109,1391.6091
46.9576,11154.9521,39.5198,239.9979,9.1959,-0.00085543,-0.053602,3.7739,89.9921,-0.16579,4.4346,5.7239,16.2941,-34.6116,-6.2761e-05,1.1831,0.094774,9.1265e-07,0.060299,0,88.0202,0.16078,0.83508,478.9109,1391.6091
46.9581,11155.2815,39.5203,239.9987,9.1959,-0.00077806,-0.022153,4.3462,89.9907,-0.11996,4.4346,5.8088,16.6733,-34.4592,-0.00010433,0.031249,0.10529,9.1296e-07,0.06031,0,88.1144,0.16096,0.77703,478.9097,1391.5912
46.9608,11155.2815,39.5203,239.9987,9.1959,-0.00077806,-0.022153,4.3462,89.9907,-0.11996,4.4346,5.8088,16.6733,-34.4592,-0.00010433,0.031249,0.10529,9.1296e-07,0.06031,0,88.1144,0.16094,0.79661,478.9097,1391.5912
46.9665,11155.6108,39.5209,239.9998,9.1959,-0.00076536,0.014065,4.3692,89.9897,-0.069035,4.4346,5.8842,6.8735,-31.5733,-0.0001456,-1.5797,0.11274,9.1328e-07,0.06032,0,87.7655,0.16104,0.7506,478.9086,1391.5733
46.9748,11155.9402,39.5212,239.9997,9.1959,-0.00083899,0.050475,3.6237,89.9892,-0.01451,4.4346,5.7517,-7.2887,-27.5562,-0.00016966,-1.5503,0.11749,9.136e-07,0.060331,0,87.4168,0.16098,0.81408,478.9074,1391.5554
46.9762,11155.9402,39.5212,239.9997,9.1959,-0.00083899,0.050475,3.6237,89.9892,-0.01451,4.4346,5.7517,-7.2887,-27.5562,-0.00016966,-1.5503,0.11749,9.136e-07,0.060331,0,87.4168,0.16097,0.81997,478.9074,1391.5554
46.9762,11155.9402,39.5212,239.9997,9.1959,-0.00083899,0.050475,3.6237,89.9892,-0.01451,4.4346,5.7517,-7.2887,-27.5562,-0.00016966,-1.5503,0.11749,9.136e-07,0.060331,0,87.4168,0.16097,0.81997,478.9074,1391.5554
46.9831,11156.2695,39.5213,239.9991,9.1959,-0.00099143,0.080673,2.8926,89.989,0.042314,4.4346,5.6146,-6.732,-27.6388,-0.00019312,-1.5209,0.1198,9.1392e-07,0.060342,0,87.0683,0.16079,0.88595,478.9062,1391.5374
46.9889,11156.2695,39.5213,239.9991,9.1959,-0.00099143,0.080673,2.8926,89.989,0.042314,4.4346,5.6146,-6.732,-27.6388,-0.00019312,-1.5209,0.1198,9.1392e-07,0.060342,0,87.0683,0.16075,0.87502,478.9062,1391.5374
46.9889,11156.2695,39.5213,239.9991,9.1959,-0.00099143,0.080673,2.8926,89.989,0.042314,4.4346,5.6146,-6.732,-27.6388,-0.00019312,-1.5209,0.1198,9.1392e-07,0.060342,0,87.0683,0.16075,0.87502,478.9062,1391.5374
46.9915,11156.5988,39.5212,239.9978,9.1959,-0.0012058,0.10478,2.1757,89.9894,0.10025,4.4346,5.4739,-6.3263,-27.7194,-0.00012473,-1.4904,0.114,9.1423e-07,0.060353,0,86.9858,0.1605,0.96089,478.9051,1391.5195
46.994,11156.5988,39.5212,239.9978,9.1959,-0.0012058,0.10478,2.1757,89.9894,0.10025,4.4346,5.4739,-6.3263,-27.7194,-0.00012473,-1.4904,0.114,9.1423e-07,0.060353,0,86.9858,0.16049,0.93867,478.9051,1391.5195
46.9991,11156.5988,39.5212,239.9978,9.1959,-0.0012058,0.10478,2.1757,89.9894,0.10025,4.4346,5.4739,-6.3263,-27.7194,-0.00012473,-1.4904,0.114,9.1423e-07,0.060353,0,86.9858,0.16046,0.90806,478.9051,1391.5195
46.9998,11156.9282,39.5212,239.9972,9.1959,-0.0014134,0.12291,1.4729,89.9902,0.15539,4.4346,5.5065,-6.4157,-27.8062,-1.5633e-05,-1.458,0.09519,9.1453e-07,0.060364,0,87.1309,0.16026,0.95027,478.9039,1391.5016
47.0034,11156.9282,39.5212,239.9972,9.1959,-0.0014134,0.12291,1.4729,89.9902,0.15539,4.4346,5.5065,-6.4157,-27.8062,-1.5633e-05,-1.458,0.09519,9.1453e-07,0.060364,0,87.1309,0.16024,0.92354,478.9039,1391.5016
47.0081,11157.2575,39.5214,239.9968,9.1959,-0.001561,0.13518,0.78409,89.9915,0.20143,4.4346,5.5069,-7.2996,-27.8987,0.00011723,-1.4251,0.07037,9.1483e-07,0.060375,0,87.276,0.16009,0.93118,478.9027,1391.4837
47.0165,11157.5869,39.5216,239.9965,9.1959,-0.0016108,0.14172,0.10908,89.9932,0.23546,4.4346,5.4928,-8.5529,-27.992,0.00020791,-1.3924,0.042832,9.1511e-07,0.060385,0,87.4212,0.16003,0.9082,478.9015,1391.4658
47.0248,11157.9162,39.5218,239.9965,9.1959,-0.0015661,0.14262,-0.55244,89.9952,0.25618,4.4346,5.4728,-9.9757,-28.0807,0.00025157,-1.3602,0.014594,9.1539e-07,0.060396,0,87.5664,0.16007,0.88338,478.9004,1391.4479
47.0331,11158.2456,39.5221,239.9967,9.1959,-0.0014425,0.13802,-1.2008,89.9973,0.26324,4.4346,5.452,-11.4458,-28.1632,0.00023849,-1.3289,-0.012522,9.1565e-07,0.060407,0,87.7117,0.1602,0.85762,478.8992,1391.4299
47.0415,11158.5749,39.5225,239.9971,9.1959,-0.0012699,0.12802,-1.8362,89.9995,0.25719,4.4345,5.4348,-12.8524,-28.2379,0.00017816,-1.2986,-0.037293,9.1589e-07,0.060418,0,87.857,0.1604,0.83134,478.898,1391.412
47.0498,11158.9043,39.5229,239.9977,9.1959,-0.001082,0.11271,-2.4591,90.0016,0.23915,4.4345,5.4241,-14.1212,-28.3046,8.4907e-05,-1.2696,-0.058979,9.1613e-07,0.060429,0,88.0023,0.16062,0.80472,478.8968,1391.3941
47.0581,11159.2336,39.5235,239.9986,9.1959,-0.00091168,0.092221,-3.0699,90.0036,0.21063,4.4345,5.4216,-15.2073,-28.3636,-2.1444e-05,-1.2418,-0.077204,9.1636e-07,0.06044,0,88.1477,0.16085,0.77784,478.8957,1391.3762
47.0635,11159.2336,39.5235,239.9986,9.1959,-0.00091168,0.092221,-3.0699,90.0036,0.21063,4.4345,5.4216,-15.2073,-28.3636,-2.1444e-05,-1.2418,-0.077204,9.1636e-07,0.06044,0,88.1477,0.16081,0.81239,478.8957,1391.3762
47.0635,11159.2336,39.5235,239.9986,9.1959,-0.00091168,0.092221,-3.0699,90.0036,0.21063,4.4345,5.4216,-15.2073,-28.3636,-2.1444e-05,-1.2418,-0.077204,9.1636e-07,0.06044,0,88.1477,0.16081,0.81239,478.8957,1391.3762
47.0665,11159.563,39.524,239.9996,9.1959,-0.00078621,0.066638,-3.6688,90.0054,0.17329,4.4345,5.4278,-16.0876,-28.4158,-0.00016012,-1.2153,-0.091884,9.1657e-07,0.06045,0,87.7988,0.16104,0.75075,478.8945,1391.3583
47.0695,11159.563,39.524,239.9996,9.1959,-0.00078621,0.066638,-3.6688,90.0054,0.17329,4.4345,5.4278,-16.0876,-28.4158,-0.00016012,-1.2153,-0.091884,9.1657e-07,0.06045,0,87.7988,0.16102,0.77932,478.8945,1391.3583
47.0746,11159.563,39.524,239.9996,9.1959,-0.00078621,0.066638,-3.6688,90.0054,0.17329,4.4345,5.4278,-16.0876,-28.4158,-0.00016012,-1.2153,-0.091884,9.1657e-07,0.06045,0,87.7988,0.16099,0.81192,478.8945,1391.3583
47.0746,11159.563,39.524,239.9996,9.1959,-0.00078621,0.066638,-3.6688,90.0054,0.17329,4.4345,5.4278,-16.0876,-28.4158,-0.00016012,-1.2153,-0.091884,9.1657e-07,0.06045,0,87.7988,0.16099,0.81192,478.8945,1391.3583
47.0748,11159.8924,39.5243,239.9996,9.1959,-0.00074376,0.036065,-4.2562,90.0068,0.12885,4.4345,5.2424,-16.757,-28.46,-0.00027624,-0.30718,-0.10315,9.1678e-07,0.060461,0,87.45,0.16109,0.81374,478.8933,1391.3404
47.075,11159.8924,39.5243,239.9996,9.1959,-0.00074376,0.036065,-4.2562,90.0068,0.12885,4.4345,5.2424,-16.757,-28.46,-0.00027624,-0.30718,-0.10315,9.1678e-07,0.060461,0,87.45,0.16109,0.8148,478.8933,1391.3404
47.0755,11159.8924,39.5243,239.9996,9.1959,-0.00074376,0.036065,-4.2562,90.0068,0.12885,4.4345,5.2424,-16.757,-28.46,-0.00027624,-0.30718,-0.10315,9.1678e-07,0.060461,0,87.45,0.16108,0.81684,478.8933,1391.3404
47.0764,11159.8924,39.5243,239.9996,9.1959,-0.00074376,0.036065,-4.2562,90.0068,0.12885,4.4345,5.2424,-16.757,-28.46,-0.00027624,-0.30718,-0.10315,9.1678e-07,0.060461,0,87.45,0.16108,0.82067,478.8933,1391.3404
47.0782,11159.8924,39.5243,239.9996,9.1959,-0.00074376,0.036065,-4.2562,90.0068,0.12885,4.4345,5.2424,-16.757,-28.46,-0.00027624,-0.30718,-0.10315,9.1678e-07,0.060461,0,87.45,0.16107,0.82735,478.8933,1391.3404
47.0819,11159.8924,39.5243,239.9996,9.1959,-0.00074376,0.036065,-4.2562,90.0068,0.12885,4.4345,5.2424,-16.757,-28.46,-0.00027624,-0.30718,-0.10315,9.1678e-07,0.060461,0,87.45,0.16105,0.83758,478.8933,1391.3404
47.0825,11159.8924,39.5243,239.9996,9.1959,-0.00074376,0.036065,-4.2562,90.0068,0.12885,4.4345,5.2424,-16.757,-28.46,-0.00027624,-0.30718,-0.10315,9.1678e-07,0.060461,0,87.45,0.16104,0.83911,478.8933,1391.3404
47.0825,11159.8924,39.5243,239.9996,9.1959,-0.00074376,0.036065,-4.2562,90.0068,0.12885,4.4345,5.2424,-16.757,-28.46,-0.00027624,-0.30718,-0.10315,9.1678e-07,0.060461,0,87.45,0.16104,0.83911,478.8933,1391.3404
47.0831,11160.2217,39.5244,239.999,9.1959,-0.0007964,0.00059719,-4.4108,90.0079,0.07897,4.4345,5.0662,-9.2146,-30.7166,-0.00034318,1.3349,-0.11123,9.1699e-07,0.060472,0,87.1016,0.161,0.88558,478.8921,1391.3224
47.0838,11160.2217,39.5244,239.999,9.1959,-0.0007964,0.00059719,-4.4108,90.0079,0.07897,4.4345,5.0662,-9.2146,-30.7166,-0.00034318,1.3349,-0.11123,9.1699e-07,0.060472,0,87.1016,0.161,0.88414,478.8921,1391.3224
47.085,11160.2217,39.5244,239.999,9.1959,-0.0007964,0.00059719,-4.4108,90.0079,0.07897,4.4345,5.0662,-9.2146,-30.7166,-0.00034318,1.3349,-0.11123,9.1699e-07,0.060472,0,87.1016,0.16099,0.8815,478.8921,1391.3224
47.0874,11160.2217,39.5244,239.999,9.1959,-0.0007964,0.00059719,-4.4108,90.0079,0.07897,4.4345,5.0662,-9.2146,-30.7166,-0.00034318,1.3349,-0.11123,9.1699e-07,0.060472,0,87.1016,0.16098,0.87711,478.8921,1391.3224
47.0915,11160.5511,39.5243,239.9977,9.1959,-0.00094376,-0.036159,-3.782,90.0086,0.025174,4.4345,4.8993,5.1815,-34.8279,-0.00027912,1.5565,-0.11658,9.1719e-07,0.060483,0,86.9616,0.16078,0.96065,478.891,1391.3045
47.0921,11160.5511,39.5243,239.9977,9.1959,-0.00094376,-0.036159,-3.782,90.0086,0.025174,4.4345,4.8993,5.1815,-34.8279,-0.00027912,1.5565,-0.11658,9.1719e-07,0.060483,0,86.9616,0.16078,0.95432,478.891,1391.3045
47.0921,11160.5511,39.5243,239.9977,9.1959,-0.00094376,-0.036159,-3.782,90.0086,0.025174,4.4345,4.8993,5.1815,-34.8279,-0.00027912,1.5565,-0.11658,9.1719e-07,0.060483,0,86.9616,0.16078,0.95432,478.891,1391.3045
47.0998,11160.8805,39.5244,239.9971,9.1959,-0.0011291,-0.067676,-3.0479,90.0088,-0.031206,4.4345,4.9323,6.8584,-35.3963,-0.00016023,1.5271,-0.11952,9.1739e-07,0.060494,0,87.1067,0.16056,0.95029,478.8898,1391.2866
47.1047,11160.8805,39.5244,239.9971,9.1959,-0.0011291,-0.067676,-3.0479,90.0088,-0.031206,4.4345,4.9323,6.8584,-35.3963,-0.00016023,1.5271,-0.11952,9.1739e-07,0.060494,0,87.1067,0.16053,0.91599,478.8898,1391.2866
47.1047,11160.8805,39.5244,239.9971,9.1959,-0.0011291,-0.067676,-3.0479,90.0088,-0.031206,4.4345,4.9323,6.8584,-35.3963,-0.00016023,1.5271,-0.11952,9.1739e-07,0.060494,0,87.1067,0.16053,0.91599,478.8898,1391.2866
47.1081,11161.2098,39.5245,239.9966,9.1959,-0.001312,-0.093075,-2.328,90.0085,-0.08901,4.4345,4.9715,6.4074,-35.3385,-1.4107e-06,1.4969,-0.11565,9.176e-07,0.060504,0,87.2518,0.16036,0.93145,478.8886,1391.2687
47.1116,11161.2098,39.5245,239.9966,9.1959,-0.001312,-0.093075,-2.328,90.0085,-0.08901,4.4345,4.9715,6.4074,-35.3385,-1.4107e-06,1.4969,-0.11565,9.176e-07,0.060504,0,87.2518,0.16034,0.91152,478.8886,1391.2687
47.1165,11161.5392,39.5247,239.9964,9.1959,-0.0014508,-0.11248,-1.6222,90.0078,-0.14495,4.4345,5.0279,6.3746,-35.2792,0.00012932,1.4648,-0.099183,9.1781e-07,0.060515,0,87.397,0.16021,0.90874,478.8875,1391.2508
47.1248,11161.8686,39.5249,239.9964,9.1959,-0.0015269,-0.12599,-0.9305,90.0066,-0.19292,4.4345,5.1168,7.113,-35.2122,0.00022584,1.432,-0.075415,9.1803e-07,0.060526,0,87.5422,0.16013,0.88416,478.8863,1391.2329
47.1331,11162.198,39.5253,239.9966,9.1959,-0.0015289,-0.13375,-0.25259,90.005,-0.22939,4.4345,5.2248,8.3003,-35.1399,0.00027365,1.3993,-0.048363,9.1827e-07,0.060537,0,87.6875,0.16014,0.85859,478.8851,1391.2149
47.1415,11162.5273,39.5256,239.997,9.1959,-0.0014614,-0.13585,0.41177,90.003,-0.25278,4.4345,5.342,9.693,-35.0629,0.00027153,1.3669,-0.02021,9.1851e-07,0.060548,0,87.8328,0.16023,0.83244,478.8839,1391.197
47.1498,11162.8567,39.5261,239.9976,9.1959,-0.0013391,-0.13242,1.0629,90.0009,-0.26256,4.4344,5.4629,11.1585,-34.9822,0.00022245,1.3354,0.0071773,9.1876e-07,0.060559,0,87.9781,0.16039,0.80589,478.8828,1391.1791
47.1581,11163.1861,39.5266,239.9984,9.1959,-0.0011854,-0.12356,1.701,89.9988,-0.25909,4.4344,5.5827,12.5834,-34.8985,0.00013674,1.305,0.032446,9.1903e-07,0.060569,0,88.1234,0.16059,0.77905,478.8816,1391.1612
47.1665,11163.5155,39.5272,239.9995,9.1959,-0.0010273,-0.10939,2.3266,89.9966,-0.2434,4.4344,5.6977,13.8854,-34.8127,-1.28e-05,1.2757,0.054764,9.1931e-07,0.06058,0,87.7745,0.16082,0.75196,478.8804,1391.1433
47.1748,11163.8449,39.5274,239.9995,9.1959,-0.00091099,-0.090001,2.94,89.9946,-0.21691,4.4344,5.6146,15.0139,-34.7232,-0.00017922,1.2477,0.073686,9.1959e-07,0.060591,0,87.4258,0.16094,0.81076,478.8792,1391.1254
47.1774,11163.8449,39.5274,239.9995,9.1959,-0.00091099,-0.090001,2.94,89.9946,-0.21691,4.4344,5.6146,15.0139,-34.7232,-0.00017922,1.2477,0.073686,9.1959e-07,0.060591,0,87.4258,0.16092,0.82218,478.8792,1391.1254
47.1774,11163.8449,39.5274,239.9995,9.1959,-0.00091099,-0.090001,2.94,89.9946,-0.21691,4.4344,5.6146,15.0139,-34.7232,-0.00017922,1.2477,0.073686,9.1959e-07,0.060591,0,87.4258,0.16092,0.82218,478.8792,1391.1254
47.1831,11164.1743,39.5275,239.9989,9.1959,-0.00086478,-0.065501,3.5414,89.9928,-0.18128,4.4344,5.5162,15.9415,-34.6327,-0.00033257,1.2209,0.089072,9.1989e-07,0.060602,0,87.0774,0.16095,0.88157,478.8781,1391.1075
47.1883,11164.1743,39.5275,239.9989,9.1959,-0.00086478,-0.065501,3.5414,89.9928,-0.18128,4.4344,5.5162,15.9415,-34.6327,-0.00033257,1.2209,0.089072,9.1989e-07,0.060602,0,87.0774,0.16092,0.87343,478.8781,1391.1075
47.1883,11164.1743,39.5275,239.9989,9.1959,-0.00086478,-0.065501,3.5414,89.9928,-0.18128,4.4344,5.5162,15.9415,-34.6327,-0.00033257,1.2209,0.089072,9.1989e-07,0.060602,0,87.0774,0.16092,0.87343,478.8781,1391.1075
47.1915,11164.5037,39.5274,239.9977,9.1959,-0.00090469,-0.03599,4.1312,89.9912,-0.1382,4.4344,5.4106,16.6596,-34.543,-0.00035937,0.68991,0.10101,9.2019e-07,0.060613,0,86.7532,0.16084,0.95586,478.8769,1391.0895
47.1947,11164.5037,39.5274,239.9977,9.1959,-0.00090469,-0.03599,4.1312,89.9912,-0.1382,4.4344,5.4106,16.6596,-34.543,-0.00035937,0.68991,0.10101,9.2019e-07,0.060613,0,86.7532,0.16082,0.93012,478.8769,1391.0895
47.1967,11164.5037,39.5274,239.9977,9.1959,-0.00090469,-0.03599,4.1312,89.9912,-0.1382,4.4344,5.4106,16.6596,-34.543,-0.00035937,0.68991,0.10101,9.2019e-07,0.060613,0,86.7532,0.16081,0.91764,478.8769,1391.0895
47.1967,11164.5037,39.5274,239.9977,9.1959,-0.00090469,-0.03599,4.1312,89.9912,-0.1382,4.4344,5.4106,16.6596,-34.543,-0.00035937,0.68991,0.10101,9.2019e-07,0.060613,0,86.7532,0.16081,0.91764,478.8769,1391.0895
47.1998,11164.8331,39.5275,239.9971,9.1959,-0.00099298,-0.0015635,4.4684,89.9901,-0.08935,4.4344,5.4878,12.5853,-33.2031,-0.0002918,-0.95127,0.10972,9.205e-07,0.060623,0,86.8983,0.16072,0.94537,478.8757,1391.0716
47.2029,11164.8331,39.5275,239.9971,9.1959,-0.00099298,-0.0015635,4.4684,89.9901,-0.08935,4.4344,5.4878,12.5853,-33.2031,-0.0002918,-0.95127,0.10972,9.205e-07,0.060623,0,86.8983,0.1607,0.92314,478.8757,1391.0716
47.2081,11165.1625,39.5276,239.9967,9.1959,-0.0011076,0.035673,4.0227,89.9893,-0.036289,4.4344,5.5561,-1.7711,-29.1102,-0.0001391,-1.566,0.1156,9.2081e-07,0.060634,0,87.0434,0.16059,0.92661,478.8745,1391.0537
47.2165,11165.4919,39.5278,239.9965,9.1959,-0.0012197,0.069195,3.2839,89.989,0.019621,4.4344,5.617,-6.9893,-27.5937,2.8886e-06,-1.5365,0.11901,9.2112e-07,0.060645,0,87.1886,0.16046,0.90409,478.8734,1391.0358
47.2203,11165.4919,39.5278,239.9965,9.1959,-0.0012197,0.069195,3.2839,89.989,0.019621,4.4344,5.617,-6.9893,-27.5937,2.8886e-06,-1.5365,0.11901,9.2112e-07,0.060645,0,87.1886,0.16044,0.89082,478.8734,1391.0358
47.2203,11165.4919,39.5278,239.9965,9.1959,-0.0012197,0.069195,3.2839,89.989,0.019621,4.4344,5.617,-6.9893,-27.5937,2.8886e-06,-1.5365,0.11901,9.2112e-07,0.060645,0,87.1886,0.16044,0.89082,478.8734,1391.0358
47.2248,11165.8212,39.5281,239.9965,9.1959,-0.0013234,0.096561,2.5595,89.9892,0.077181,4.4344,5.6723,-6.515,-27.685,0.00012568,-1.5066,0.1176,9.2142e-07,0.060656,0,87.3338,0.16036,0.87972,478.8722,1391.0179
47.2293,11165.8212,39.5281,239.9965,9.1959,-0.0013234,0.096561,2.5595,89.9892,0.077181,4.4344,5.6723,-6.515,-27.685,0.00012568,-1.5066,0.1176,9.2142e-07,0.060656,0,87.3338,0.16034,0.87349,478.8722,1391.0179
47.2331,11166.1507,39.5284,239.9967,9.1959,-0.0014072,0.11789,1.8492,89.9899,0.13406,4.4344,5.7163,-6.3364,-27.7746,0.00021406,-1.475,0.10446,9.2172e-07,0.060667,0,87.4791,0.16029,0.85438,478.871,1391
47.2415,11166.4801,39.5288,239.9972,9.1959,-0.0014567,0.1333,1.153,89.991,0.18458,4.4344,5.7318,-6.8743,-27.865,0.00026465,-1.4423,0.082191,9.2201e-07,0.060678,0,87.6244,0.16027,0.82843,478.8699,1390.982
47.2498,11166.8095,39.5293,239.9978,9.1959,-0.0014587,0.14291,0.47071,89.9925,0.22433,4.4343,5.7254,-7.9702,-27.9546,0.0002764,-1.4095,0.055809,9.2228e-07,0.060688,0,87.7697,0.16031,0.80205,478.8687,1390.9641
47.2581,11167.1389,39.5298,239.9987,9.1959,-0.0014102,0.14683,-0.19795,89.9944,0.25133,4.4343,5.7097,-9.3206,-28.0406,0.00024962,-1.377,0.027785,9.2255e-07,0.060699,0,87.915,0.16041,0.77531,478.8675,1390.9462
47.2665,11167.4683,39.5304,239.9997,9.1959,-0.0013175,0.14518,-0.85326,89.9965,0.26477,4.4343,5.6907,-10.7753,-28.1215,0.00014313,-1.3452,5.0354e-05,9.228e-07,0.06071,0,87.5661,0.16057,0.74826,478.8663,1390.9283
47.2748,11167.7977,39.5306,239.9997,9.1959,-0.0012168,0.13807,-1.4955,89.9987,0.26479,4.4343,5.4732,-12.2171,-28.1934,-2.9076e-06,-1.3144,-0.025883,9.2304e-07,0.060721,0,87.2175,0.16067,0.81106,478.8652,1390.9104
47.2831,11168.1271,39.5307,239.9991,9.1959,-0.0011342,0.12561,-2.1251,90.0009,0.25227,4.4343,5.2627,-13.5541,-28.2578,-0.00016788,-1.2848,-0.049052,9.2327e-07,0.060732,0,86.8691,0.16072,0.88226,478.864,1390.8925
47.2915,11168.4566,39.5306,239.9979,9.1959,-0.0010933,0.1079,-2.7424,90.003,0.22855,4.4343,5.0614,-14.7278,-28.3153,-0.00024632,-1.2564,-0.068917,9.2349e-07,0.060743,0,86.7744,0.16069,0.95664,478.8628,1390.8746
47.2998,11168.786,39.5306,239.9973,9.1959,-0.0010721,0.085046,-3.3476,90.0049,0.19522,4.4343,5.0617,-15.7052,-28.3718,-0.00026716,-1.2292,-0.08526,9.237e-07,0.060753,0,86.9195,0.16067,0.94557,478.8616,1390.8566
47.3015,11168.786,39.5306,239.9973,9.1959,-0.0010721,0.085046,-3.3476,90.0049,0.19522,4.4343,5.0617,-15.7052,-28.3718,-0.00026716,-1.2292,-0.08526,9.237e-07,0.060753,0,86.9195,0.16066,0.93261,478.8616,1390.8566
47.3015,11168.786,39.5306,239.9973,9.1959,-0.0010721,0.085046,-3.3476,90.0049,0.19522,4.4343,5.0617,-15.7052,-28.3718,-0.00026716,-1.2292,-0.08526,9.237e-07,0.060753,0,86.9195,0.16066,0.93261,478.8616,1390.8566
47.3081,11169.1154,39.5308,239.9969,9.1959,-0.0010652,0.05715,-3.941,90.0065,0.15399,4.4343,5.0703,-16.4733,-28.4255,-0.00021679,-1.0607,-0.098116,9.239e-07,0.060764,0,87.0647,0.16066,0.92612,478.8605,1390.8387
47.3107,11169.1154,39.5308,239.9969,9.1959,-0.0010652,0.05715,-3.941,90.0065,0.15399,4.4343,5.0703,-16.4733,-28.4255,-0.00021679,-1.0607,-0.098116,9.239e-07,0.060764,0,87.0647,0.16064,0.91151,478.8605,1390.8387
47.3107,11169.1154,39.5308,239.9969,9.1959,-0.0010652,0.05715,-3.941,90.0065,0.15399,4.4343,5.0703,-16.4733,-28.4255,-0.00021679,-1.0607,-0.098116,9.239e-07,0.060764,0,87.0647,0.16064,0.91151,478.8605,1390.8387
47.3165,11169.4448,39.531,239.9967,9.1959,-0.0010617,0.024308,-4.4551,90.0078,0.10654,4.4343,5.0859,-15.7406,-28.8354,-0.0001487,0.4759,-0.1077,9.2409e-07,0.060775,0,87.2098,0.16065,0.90344,478.8593,1390.8208
47.3222,11169.4448,39.531,239.9967,9.1959,-0.0010617,0.024308,-4.4551,90.0078,0.10654,4.4343,5.0859,-15.7406,-28.8354,-0.0001487,0.4759,-0.1077,9.2409e-07,0.060775,0,87.2098,0.16062,0.88556,478.8593,1390.8208
47.3248,11169.7742,39.5312,239.9967,9.1959,-0.0010761,-0.012818,-4.2362,90.0087,0.054452,4.4343,5.109,-2.3919,-32.682,-4.7139e-05,1.5744,-0.1143,9.2427e-07,0.060786,0,87.355,0.16064,0.87919,478.8581,1390.8029
47.3331,11170.1037,39.5316,239.997,9.1959,-0.0011113,-0.04812,-3.4933,90.0091,-0.00082887,4.4343,5.1395,7.1632,-35.4462,4.5002e-05,1.5449,-0.11835,9.2446e-07,0.060797,0,87.5003,0.16062,0.85408,478.8569,1390.785
47.3357,11170.1037,39.5316,239.997,9.1959,-0.0011113,-0.04812,-3.4933,90.0091,-0.00082887,4.4343,5.1395,7.1632,-35.4462,4.5002e-05,1.5449,-0.11835,9.2446e-07,0.060797,0,87.5003,0.16061,0.85594,478.8569,1390.785
47.3357,11170.1037,39.5316,239.997,9.1959,-0.0011113,-0.04812,-3.4933,90.0091,-0.00082887,4.4343,5.1395,7.1632,-35.4462,4.5002e-05,1.5449,-0.11835,9.2446e-07,0.060797,0,87.5003,0.16061,0.85594,478.8569,1390.785
47.3415,11170.4331,39.532,239.9974,9.1959,-0.0011664,-0.07723,-2.7648,90.0091,-0.058066,4.4343,5.1769,6.6429,-35.3881,0.00011415,1.5154,-0.11945,9.2465e-07,0.060807,0,87.6455,0.1606,0.82842,478.8558,1390.7671
47.3473,11170.4331,39.532,239.9974,9.1959,-0.0011664,-0.07723,-2.7648,90.0091,-0.058066,4.4343,5.1769,6.6429,-35.3881,0.00011415,1.5154,-0.11945,9.2465e-07,0.060807,0,87.6455,0.16056,0.84325,478.8558,1390.7671
47.3489,11170.4331,39.532,239.9974,9.1959,-0.0011664,-0.07723,-2.7648,90.0091,-0.058066,4.4343,5.1769,6.6429,-35.3881,0.00011415,1.5154,-0.11945,9.2465e-07,0.060807,0,87.6455,0.16055,0.84611,478.8558,1390.7671
47.3489,11170.4331,39.532,239.9974,9.1959,-0.0011664,-0.07723,-2.7648,90.0091,-0.058066,4.4343,5.1769,6.6429,-35.3881,0.00011415,1.5154,-0.11945,9.2465e-07,0.060807,0,87.6455,0.16055,0.84611,478.8558,1390.7671
47.3498,11170.7625,39.5324,239.998,9.1959,-0.0012347,-0.10027,-2.0505,90.0087,-0.11584,4.4343,5.2223,6.3057,-35.3267,0.00016082,1.4844,-0.11017,9.2484e-07,0.060818,0,87.7908,0.16057,0.80233,478.8546,1390.7492
47.3507,11170.7625,39.5324,239.998,9.1959,-0.0012347,-0.10027,-2.0505,90.0087,-0.11584,4.4343,5.2223,6.3057,-35.3267,0.00016082,1.4844,-0.11017,9.2484e-07,0.060818,0,87.7908,0.16056,0.80743,478.8546,1390.7492
47.3525,11170.7625,39.5324,239.998,9.1959,-0.0012347,-0.10027,-2.0505,90.0087,-0.11584,4.4343,5.2223,6.3057,-35.3267,0.00016082,1.4844,-0.11017,9.2484e-07,0.060818,0,87.7908,0.16055,0.81636,478.8546,1390.7492
47.3561,11170.7625,39.5324,239.998,9.1959,-0.0012347,-0.10027,-2.0505,90.0087,-0.11584,4.4343,5.2223,6.3057,-35.3267,0.00016082,1.4844,-0.11017,9.2484e-07,0.060818,0,87.7908,0.16053,0.83005,478.8546,1390.7492
47.3581,11171.092,39.5329,239.9989,9.1959,-0.0012998,-0.11736,-1.3503,90.0077,-0.16912,4.4342,5.2945,6.6037,-35.2589,0.00018321,1.4518,-0.089702,9.2504e-07,0.060829,0,87.9362,0.16056,0.77586,478.8534,1390.7312
47.3665,11171.4214,39.5335,240,9.1959,-0.0013413,-0.12861,-0.66406,90.0063,-0.21251,4.4342,5.3955,7.5874,-35.1844,0.00013759,1.419,-0.064124,9.2525e-07,0.06084,0,87.5873,0.16059,0.74903,478.8523,1390.7133
47.3748,11171.7509,39.5338,240,9.1959,-0.0013675,-0.13414,0.0084771,90.0045,-0.24352,4.4342,5.3101,8.8871,-35.1032,5.6324e-05,1.3863,-0.036291,9.2547e-07,0.060851,0,87.2387,0.16056,0.81197,478.8511,1390.6954
47.3831,11172.0803,39.5339,239.9993,9.1959,-0.0013809,-0.13407,0.66757,90.0025,-0.26107,4.4342,5.2331,10.3296,-35.0182,-5.2055e-05,1.3542,-0.0082164,9.257e-07,0.060862,0,86.8903,0.16051,0.88324,478.8499,1390.6775
47.3915,11172.4098,39.5337,239.9981,9.1959,-0.0013895,-0.12851,1.3135,90.0003,-0.26505,4.4342,5.1594,11.7926,-34.9309,-9.3108e-05,1.3231,0.018424,9.2594e-07,0.060872,0,86.8376,0.16043,0.95764,478.8487,1390.6596
47.3998,11172.7392,39.5338,239.9975,9.1959,-0.0013659,-0.11756,1.9467,89.9981,-0.25614,4.4342,5.2756,13.1743,-34.8471,-0.00010406,1.2931,0.042522,9.2619e-07,0.060883,0,86.9826,0.16042,0.9466,478.8476,1390.6417
47.4081,11173.0686,39.5339,239.9971,9.1959,-0.0013081,-0.10134,2.5674,89.996,-0.23557,4.4343,5.3856,14.4074,-34.7652,-8.4673e-05,1.2644,0.063428,9.2646e-07,0.060894,0,87.1277,0.16045,0.92718,478.8464,1390.6238
47.4165,11173.3981,39.5341,239.9969,9.1959,-0.0012194,-0.079948,3.176,89.994,-0.2049,4.4343,5.4875,15.4522,-34.6851,-8.2422e-05,1.2368,0.080839,9.2673e-07,0.060905,0,87.2729,0.16052,0.90396,478.8452,1390.6058
47.4239,11173.3981,39.5341,239.9969,9.1959,-0.0012194,-0.079948,3.176,89.994,-0.2049,4.4343,5.4875,15.4522,-34.6851,-8.2422e-05,1.2368,0.080839,9.2673e-07,0.060905,0,87.2729,0.16048,0.88228,478.8452,1390.6058
47.4239,11173.3981,39.5341,239.9969,9.1959,-0.0012194,-0.079948,3.176,89.994,-0.2049,4.4343,5.4875,15.4522,-34.6851,-8.2422e-05,1.2368,0.080839,9.2673e-07,0.060905,0,87.2729,0.16048,0.88228,478.8452,1390.6058
47.4248,11173.7275,39.5343,239.9969,9.1959,-0.0011293,-0.053481,3.7728,89.9923,-0.1658,4.4343,5.5809,16.2902,-34.6044,-7.5742e-05,1.1842,0.094722,9.2701e-07,0.060916,0,87.4181,0.16062,0.87898,478.844,1390.5879
47.4249,11173.7275,39.5343,239.9969,9.1959,-0.0011293,-0.053481,3.7728,89.9923,-0.1658,4.4343,5.5809,16.2902,-34.6044,-7.5742e-05,1.1842,0.094722,9.2701e-07,0.060916,0,87.4181,0.16062,0.87877,478.844,1390.5879
47.4249,11173.7275,39.5343,239.9969,9.1959,-0.0011293,-0.053481,3.7728,89.9923,-0.1658,4.4343,5.5809,16.2902,-34.6044,-7.5742e-05,1.1842,0.094722,9.2701e-07,0.060916,0,87.4181,0.16062,0.87877,478.844,1390.5879
47.4259,11173.7275,39.5343,239.9969,9.1959,-0.0011293,-0.053481,3.7728,89.9923,-0.1658,4.4343,5.5809,16.2902,-34.6044,-7.5742e-05,1.1842,0.094722,9.2701e-07,0.060916,0,87.4181,0.16061,0.87727,478.844,1390.5879
47.4269,11173.7275,39.5343,239.9969,9.1959,-0.0011293,-0.053481,3.7728,89.9923,-0.1658,4.4343,5.5809,16.2902,-34.6044,-7.5742e-05,1.1842,0.094722,9.2701e-07,0.060916,0,87.4181,0.1606,0.87592,478.844,1390.5879
47.4288,11173.7275,39.5343,239.9969,9.1959,-0.0011293,-0.053481,3.7728,89.9923,-0.1658,4.4343,5.5809,16.2902,-34.6044,-7.5742e-05,1.1842,0.094722,9.2701e-07,0.060916,0,87.4181,0.16059,0.87356,478.844,1390.5879
47.4326,11173.7275,39.5343,239.9969,9.1959,-0.0011293,-0.053481,3.7728,89.9923,-0.1658,4.4343,5.5809,16.2902,-34.6044,-7.5742e-05,1.1842,0.094722,9.2701e-07,0.060916,0,87.4181,0.16057,0.87001,478.844,1390.5879
47.4331,11174.057,39.5347,239.9972,9.1959,-0.0010583,-0.022041,4.3455,89.9909,-0.11999,4.4342,5.6647,16.6794,-34.4585,-6.1637e-05,0.033399,0.10525,9.273e-07,0.060927,0,87.5633,0.1607,0.8535,478.8429,1390.57
47.4359,11174.057,39.5347,239.9972,9.1959,-0.0010583,-0.022041,4.3455,89.9909,-0.11999,4.4342,5.6647,16.6794,-34.4585,-6.1637e-05,0.033399,0.10525,9.273e-07,0.060927,0,87.5633,0.16069,0.85559,478.8429,1390.57
47.4415,11174.3865,39.535,239.9976,9.1959,-0.0010253,0.014171,4.3696,89.9899,-0.069095,4.4342,5.739,6.89,-31.5783,-2.0473e-05,-1.5795,0.1127,9.2759e-07,0.060937,0,87.7086,0.16076,0.82788,478.8417,1390.5521
47.4498,11174.7159,39.5355,239.9982,9.1959,-0.0010392,0.050584,3.6241,89.9893,-0.014589,4.4342,5.8055,-7.2895,-27.561,3.1242e-05,-1.5501,0.11746,9.2788e-07,0.060948,0,87.8539,0.16079,0.80196,478.8405,1390.5342
47.4512,11174.7159,39.5355,239.9982,9.1959,-0.0010392,0.050584,3.6241,89.9893,-0.014589,4.4342,5.8055,-7.2895,-27.561,3.1242e-05,-1.5501,0.11746,9.2788e-07,0.060948,0,87.8539,0.16078,0.80947,478.8405,1390.5342
47.4512,11174.7159,39.5355,239.9982,9.1959,-0.0010392,0.050584,3.6241,89.9893,-0.014589,4.4342,5.8055,-7.2895,-27.561,3.1242e-05,-1.5501,0.11746,9.2788e-07,0.060948,0,87.8539,0.16078,0.80947,478.8405,1390.5342
47.4581,11175.0454,39.536,239.9991,9.1959,-0.0010958,0.080785,2.8931,89.9892,0.042217,4.4342,5.8656,-6.7325,-27.6482,7.0381e-05,-1.5207,0.11977,9.2817e-07,0.060959,0,87.9514,0.16079,0.77576,478.8393,1390.5163
47.4639,11175.0454,39.536,239.9991,9.1959,-0.0010958,0.080785,2.8931,89.9892,0.042217,4.4342,5.8656,-6.7325,-27.6482,7.0381e-05,-1.5207,0.11977,9.2817e-07,0.060959,0,87.9514,0.16076,0.81336,478.8393,1390.5163
47.4639,11175.0454,39.536,239.9991,9.1959,-0.0010958,0.080785,2.8931,89.9892,0.042217,4.4342,5.8656,-6.7325,-27.6482,7.0381e-05,-1.5207,0.11977,9.2817e-07,0.060959,0,87.9514,0.16076,0.81336,478.8393,1390.5163
47.4665,11175.3748,39.5366,240.0001,9.1959,-0.0011844,0.10489,2.1763,89.9896,0.10015,4.4341,5.9202,-6.3263,-27.7329,5.677e-05,-1.4903,0.114,9.2845e-07,0.06097,0,87.6026,0.16077,0.74921,478.8382,1390.4984
47.469,11175.3748,39.5366,240.0001,9.1959,-0.0011844,0.10489,2.1763,89.9896,0.10015,4.4341,5.9202,-6.3263,-27.7329,5.677e-05,-1.4903,0.114,9.2845e-07,0.06097,0,87.6026,0.16076,0.77429,478.8382,1390.4984
47.4741,11175.3748,39.5366,240.0001,9.1959,-0.0011844,0.10489,2.1763,89.9896,0.10015,4.4341,5.9202,-6.3263,-27.7329,5.677e-05,-1.4903,0.114,9.2845e-07,0.06097,0,87.6026,0.16073,0.8088,478.8382,1390.4984
47.4748,11175.7043,39.5369,240.0001,9.1959,-0.0013054,0.12303,1.4735,89.9904,0.15528,4.4341,5.7553,-6.4147,-27.8153,2.0328e-05,-1.4579,0.095203,9.2873e-07,0.060981,0,87.2539,0.16066,0.8124,478.837,1390.4804
47.4783,11175.7043,39.5369,240.0001,9.1959,-0.0013054,0.12303,1.4735,89.9904,0.15528,4.4341,5.7553,-6.4147,-27.8153,2.0328e-05,-1.4579,0.095203,9.2873e-07,0.060981,0,87.2539,0.16064,0.82666,478.837,1390.4804
47.4831,11176.0338,39.5369,239.9995,9.1959,-0.0014359,0.13531,0.7848,89.9917,0.20133,4.4341,5.5605,-7.298,-27.8994,-3.2572e-05,-1.4251,0.070391,9.2899e-07,0.060991,0,86.9056,0.16049,0.88386,478.8358,1390.4625
47.4915,11176.3633,39.5368,239.9983,9.1959,-0.0015574,0.14185,0.10982,89.9934,0.23537,4.4341,5.3534,-8.5508,-27.9821,-1.3442e-05,-1.3923,0.042861,9.2925e-07,0.061002,0,86.8677,0.16029,0.95841,478.8346,1390.4446
47.4998,11176.6927,39.5369,239.9977,9.1959,-0.0016185,0.14276,-0.55166,89.9953,0.25611,4.4342,5.3332,-9.9732,-28.0666,2.859e-05,-1.3601,0.014631,9.2949e-07,0.061013,0,87.0128,0.16019,0.94747,478.8335,1390.4267
47.5081,11177.0222,39.537,239.9972,9.1959,-0.0016014,0.13817,-1.1999,89.9975,0.26318,4.4342,5.3117,-11.4428,-28.149,8.2943e-05,-1.3288,-0.012481,9.2972e-07,0.061024,0,87.1579,0.16018,0.92812,478.8323,1390.4088
47.5165,11177.3517,39.5372,239.997,9.1959,-0.0015031,0.12817,-1.8354,89.9997,0.25715,4.4342,5.2933,-12.8491,-28.2272,9.3641e-05,-1.2986,-0.037249,9.2994e-07,0.061035,0,87.3031,0.16027,0.90494,478.8311,1390.3909
47.5248,11177.6812,39.5374,239.9971,9.1959,-0.0013556,0.11287,-2.4583,90.0018,0.23913,4.4342,5.2814,-14.1179,-28.2977,7.1701e-05,-1.2695,-0.058935,9.3015e-07,0.061046,0,87.4482,0.16041,0.87999,478.83,1390.373
47.5331,11178.0106,39.5377,239.9973,9.1959,-0.0011916,0.092388,-3.069,90.0038,0.21063,4.4342,5.2777,-15.2039,-28.3605,2.095e-05,-1.2418,-0.077161,9.3035e-07,0.061056,0,87.5935,0.16059,0.85417,478.8288,1390.3551
47.5385,11178.0106,39.5377,239.9973,9.1959,-0.0011916,0.092388,-3.069,90.0038,0.21063,4.4342,5.2777,-15.2039,-28.3605,2.095e-05,-1.2418,-0.077161,9.3035e-07,0.061056,0,87.5935,0.16056,0.8575,478.8288,1390.3551
47.5385,11178.0106,39.5377,239.9973,9.1959,-0.0011916,0.092388,-3.069,90.0038,0.21063,4.4342,5.2777,-15.2039,-28.3605,2.095e-05,-1.2418,-0.077161,9.3035e-07,0.061056,0,87.5935,0.16056,0.8575,478.8288,1390.3551
47.5415,11178.3401,39.5381,239.9977,9.1959,-0.0010459,0.066813,-3.6678,90.0055,0.17331,4.4342,5.2829,-16.0844,-28.4156,-3.5397e-05,-1.2153,-0.091843,9.3054e-07,0.061067,0,87.7387,0.16076,0.82786,478.8276,1390.3371
47.5445,11178.3401,39.5381,239.9977,9.1959,-0.0010459,0.066813,-3.6678,90.0055,0.17331,4.4342,5.2829,-16.0844,-28.4156,-3.5397e-05,-1.2153,-0.091843,9.3054e-07,0.061067,0,87.7387,0.16074,0.83677,478.8276,1390.3371
47.5496,11178.3401,39.5381,239.9977,9.1959,-0.0010459,0.066813,-3.6678,90.0055,0.17331,4.4342,5.2829,-16.0844,-28.4156,-3.5397e-05,-1.2153,-0.091843,9.3054e-07,0.061067,0,87.7387,0.16071,0.84681,478.8276,1390.3371
47.5496,11178.3401,39.5381,239.9977,9.1959,-0.0010459,0.066813,-3.6678,90.0055,0.17331,4.4342,5.2829,-16.0844,-28.4156,-3.5397e-05,-1.2153,-0.091843,9.3054e-07,0.061067,0,87.7387,0.16071,0.84681,478.8276,1390.3371
47.5498,11178.6696,39.5385,239.9984,9.1959,-0.00094374,0.036248,-4.2552,90.007,0.1289,4.4341,5.2964,-16.7539,-28.4645,-7.5873e-05,-0.30942,-0.10311,9.3072e-07,0.061078,0,87.884,0.16091,0.80146,478.8264,1390.3192
47.5501,11178.6696,39.5385,239.9984,9.1959,-0.00094374,0.036248,-4.2552,90.007,0.1289,4.4341,5.2964,-16.7539,-28.4645,-7.5873e-05,-0.30942,-0.10311,9.3072e-07,0.061078,0,87.884,0.1609,0.80296,478.8264,1390.3192
47.5506,11178.6696,39.5385,239.9984,9.1959,-0.00094374,0.036248,-4.2552,90.007,0.1289,4.4341,5.2964,-16.7539,-28.4645,-7.5873e-05,-0.30942,-0.10311,9.3072e-07,0.061078,0,87.884,0.1609,0.80585,478.8264,1390.3192
47.5516,11178.6696,39.5385,239.9984,9.1959,-0.00094374,0.036248,-4.2552,90.007,0.1289,4.4341,5.2964,-16.7539,-28.4645,-7.5873e-05,-0.30942,-0.10311,9.3072e-07,0.061078,0,87.884,0.1609,0.8112,478.8264,1390.3192
47.5536,11178.6696,39.5385,239.9984,9.1959,-0.00094374,0.036248,-4.2552,90.007,0.1289,4.4341,5.2964,-16.7539,-28.4645,-7.5873e-05,-0.30942,-0.10311,9.3072e-07,0.061078,0,87.884,0.16088,0.82043,478.8264,1390.3192
47.5575,11178.6696,39.5385,239.9984,9.1959,-0.00094374,0.036248,-4.2552,90.007,0.1289,4.4341,5.2964,-16.7539,-28.4645,-7.5873e-05,-0.30942,-0.10311,9.3072e-07,0.061078,0,87.884,0.16086,0.83383,478.8264,1390.3192
47.5575,11178.6696,39.5385,239.9984,9.1959,-0.00094374,0.036248,-4.2552,90.007,0.1289,4.4341,5.2964,-16.7539,-28.4645,-7.5873e-05,-0.30942,-0.10311,9.3072e-07,0.061078,0,87.884,0.16086,0.83383,478.8264,1390.3192
47.5581,11178.9991,39.539,239.9992,9.1959,-0.00090054,0.00078865,-4.4109,90.0081,0.079032,4.4341,5.3172,-9.2326,-30.7201,-8.0377e-05,1.3321,-0.1112,9.3089e-07,0.061089,0,87.95,0.161,0.77527,478.8253,1390.3013
47.5588,11178.9991,39.539,239.9992,9.1959,-0.00090054,0.00078865,-4.4109,90.0081,0.079032,4.4341,5.3172,-9.2326,-30.7201,-8.0377e-05,1.3321,-0.1112,9.3089e-07,0.061089,0,87.95,0.161,0.78051,478.8253,1390.3013
47.56,11178.9991,39.539,239.9992,9.1959,-0.00090054,0.00078865,-4.4109,90.0081,0.079032,4.4341,5.3172,-9.2326,-30.7201,-8.0377e-05,1.3321,-0.1112,9.3089e-07,0.061089,0,87.95,0.16099,0.79005,478.8253,1390.3013
47.5625,11178.9991,39.539,239.9992,9.1959,-0.00090054,0.00078865,-4.4109,90.0081,0.079032,4.4341,5.3172,-9.2326,-30.7201,-8.0377e-05,1.3321,-0.1112,9.3089e-07,0.061089,0,87.95,0.16098,0.80588,478.8253,1390.3013
47.5665,11179.3286,39.5396,240.0003,9.1959,-0.00092219,-0.035969,-3.7834,90.0087,0.025252,4.4341,5.3457,5.1586,-34.8342,-9.841e-05,1.5564,-0.11655,9.3107e-07,0.0611,0,87.6012,0.16105,0.74888,478.8241,1390.2834
47.5671,11179.3286,39.5396,240.0003,9.1959,-0.00092219,-0.035969,-3.7834,90.0087,0.025252,4.4341,5.3457,5.1586,-34.8342,-9.841e-05,1.5564,-0.11655,9.3107e-07,0.0611,0,87.6012,0.16105,0.75594,478.8241,1390.2834
47.5671,11179.3286,39.5396,240.0003,9.1959,-0.00092219,-0.035969,-3.7834,90.0087,0.025252,4.4341,5.3457,5.1586,-34.8342,-9.841e-05,1.5564,-0.11655,9.3107e-07,0.0611,0,87.6012,0.16105,0.75594,478.8241,1390.2834
47.5748,11179.6581,39.5399,240.0003,9.1959,-0.001021,-0.067497,-3.0493,90.0089,-0.031114,4.4341,5.1812,6.8591,-35.4048,-0.00012509,1.527,-0.11949,9.3124e-07,0.061111,0,87.2526,0.16096,0.81229,478.8229,1390.2655
47.5797,11179.6581,39.5399,240.0003,9.1959,-0.001021,-0.067497,-3.0493,90.0089,-0.031114,4.4341,5.1812,6.8591,-35.4048,-0.00012509,1.527,-0.11949,9.3124e-07,0.061111,0,87.2526,0.16093,0.83112,478.8229,1390.2655
47.5797,11179.6581,39.5399,240.0003,9.1959,-0.001021,-0.067497,-3.0493,90.0089,-0.031114,4.4341,5.1812,6.8591,-35.4048,-0.00012509,1.527,-0.11949,9.3124e-07,0.061111,0,87.2526,0.16093,0.83112,478.8229,1390.2655
47.5831,11179.9876,39.54,239.9997,9.1959,-0.0011869,-0.092908,-2.3295,90.0087,-0.088907,4.4341,5.0251,6.4081,-35.3388,-0.00015205,1.4968,-0.11564,9.3142e-07,0.061121,0,86.9043,0.16076,0.88403,478.8217,1390.2476
47.5866,11179.9876,39.54,239.9997,9.1959,-0.0011869,-0.092908,-2.3295,90.0087,-0.088907,4.4341,5.0251,6.4081,-35.3388,-0.00015205,1.4968,-0.11564,9.3142e-07,0.061121,0,86.9043,0.16074,0.87738,478.8217,1390.2476
47.5915,11180.3171,39.5398,239.9984,9.1959,-0.0013975,-0.11232,-1.6238,90.0079,-0.14484,4.4341,4.8886,6.3746,-35.2689,-9.2893e-05,1.4648,-0.099199,9.316e-07,0.061132,0,86.8605,0.16048,0.95881,478.8206,1390.2297
47.5998,11180.6466,39.5399,239.9978,9.1959,-0.0015796,-0.12585,-0.93205,90.0067,-0.19282,4.4341,4.9772,7.1114,-35.1978,1.9813e-06,1.432,-0.075447,9.318e-07,0.061143,0,87.0056,0.16026,0.94811,478.8194,1390.2118
47.6081,11180.9761,39.54,239.9974,9.1959,-0.0016885,-0.13362,-0.25416,90.0051,-0.22931,4.4341,5.0844,8.2978,-35.1253,0.00011723,1.3992,-0.048406,9.32e-07,0.061154,0,87.1507,0.16012,0.92893,478.8182,1390.1938
47.6165,11181.3056,39.5402,239.9972,9.1959,-0.0016956,-0.13574,0.41017,90.0032,-0.25272,4.4341,5.2004,9.6898,-35.052,0.00018618,1.3669,-0.02026,9.3222e-07,0.061165,0,87.2958,0.1601,0.90588,478.817,1390.1759
47.6248,11181.6351,39.5404,239.9972,9.1959,-0.0016142,-0.13232,1.0612,90.0011,-0.26252,4.4341,5.32,11.1549,-34.9751,0.0002085,1.3354,0.0071235,9.3244e-07,0.061175,0,87.441,0.16018,0.881,478.8159,1390.158
47.6331,11181.9646,39.5407,239.9974,9.1959,-0.0014673,-0.12347,1.6994,89.9989,-0.25908,4.4341,5.4386,12.5796,-34.8951,0.00017853,1.3049,0.032391,9.3268e-07,0.061186,0,87.5862,0.16034,0.85521,478.8147,1390.1401
47.6415,11182.2941,39.5411,239.9978,9.1959,-0.0012894,-0.10931,2.3249,89.9968,-0.24341,4.4341,5.5525,13.8816,-34.8123,0.0001096,1.2757,0.05471,9.3293e-07,0.061197,0,87.7315,0.16054,0.82892,478.8135,1390.1222
47.6498,11182.6236,39.5415,239.9985,9.1959,-0.0011148,-0.089939,2.9383,89.9947,-0.21695,4.4341,5.6596,15.0102,-34.7275,1.8554e-05,1.2476,0.073635,9.3318e-07,0.061208,0,87.8767,0.16075,0.8023,478.8123,1390.1043
47.6524,11182.6236,39.5415,239.9985,9.1959,-0.0011148,-0.089939,2.9383,89.9947,-0.21695,4.4341,5.6596,15.0102,-34.7275,1.8554e-05,1.2476,0.073635,9.3318e-07,0.061208,0,87.8767,0.16074,0.81574,478.8123,1390.1043
47.6524,11182.6236,39.5415,239.9985,9.1959,-0.0011148,-0.089939,2.9383,89.9947,-0.21695,4.4341,5.6596,15.0102,-34.7275,1.8554e-05,1.2476,0.073635,9.3318e-07,0.061208,0,87.8767,0.16074,0.81574,478.8123,1390.1043
47.6581,11182.9531,39.542,239.9993,9.1959,-0.00097422,-0.065454,3.5396,89.9929,-0.18134,4.434,5.7584,15.9381,-34.6416,-7.219e-05,1.2209,0.089025,9.3345e-07,0.061219,0,88.022,0.16095,0.77544,478.8112,1390.0864
47.6633,11182.9531,39.542,239.9993,9.1959,-0.00097422,-0.065454,3.5396,89.9929,-0.18134,4.434,5.7584,15.9381,-34.6416,-7.219e-05,1.2209,0.089025,9.3345e-07,0.061219,0,88.022,0.16092,0.80979,478.8112,1390.0864
47.6633,11182.9531,39.542,239.9993,9.1959,-0.00097422,-0.065454,3.5396,89.9929,-0.18134,4.434,5.7584,15.9381,-34.6416,-7.219e-05,1.2209,0.089025,9.3345e-07,0.061219,0,88.022,0.16092,0.80979,478.8112,1390.0864
47.6665,11183.2826,39.5426,240.0004,9.1959,-0.00088985,-0.035957,4.1294,89.9914,-0.13829,4.434,5.8482,16.6566,-34.5561,-0.00017876,0.69314,0.10097,9.3372e-07,0.06123,0,87.6732,0.1611,0.74842,478.81,1390.0685
47.6697,11183.2826,39.5426,240.0004,9.1959,-0.00088985,-0.035957,4.1294,89.9914,-0.13829,4.434,5.8482,16.6566,-34.5561,-0.00017876,0.69314,0.10097,9.3372e-07,0.06123,0,87.6732,0.16108,0.77937,478.81,1390.0685
47.6717,11183.2826,39.5426,240.0004,9.1959,-0.00088985,-0.035957,4.1294,89.9914,-0.13829,4.434,5.8482,16.6566,-34.5561,-0.00017876,0.69314,0.10097,9.3372e-07,0.06123,0,87.6732,0.16107,0.79398,478.81,1390.0685
47.6717,11183.2826,39.5426,240.0004,9.1959,-0.00088985,-0.035957,4.1294,89.9914,-0.13829,4.434,5.8482,16.6566,-34.5561,-0.00017876,0.69314,0.10097,9.3372e-07,0.06123,0,87.6732,0.16107,0.79398,478.81,1390.0685
47.6748,11183.6121,39.5429,240.0004,9.1959,-0.00089192,-0.0015448,4.4682,89.9903,-0.089456,4.434,5.7279,12.6121,-33.22,-0.00025508,-0.94758,0.10968,9.34e-07,0.06124,0,87.3247,0.1611,0.81179,478.8088,1390.0506
47.6779,11183.6121,39.5429,240.0004,9.1959,-0.00089192,-0.0015448,4.4682,89.9903,-0.089456,4.434,5.7279,12.6121,-33.22,-0.00025508,-0.94758,0.10968,9.34e-07,0.06124,0,87.3247,0.16108,0.82496,478.8088,1390.0506
47.6831,11183.9417,39.5429,239.9998,9.1959,-0.00098894,0.03569,4.0242,89.9895,-0.036411,4.434,5.6011,-1.7397,-29.1201,-0.00028646,-1.5659,0.11557,9.3428e-07,0.061251,0,86.9764,0.16097,0.88362,478.8077,1390.0326
47.6915,11184.2712,39.5428,239.9985,9.1959,-0.0011713,0.069225,3.2855,89.9892,0.019485,4.434,5.469,-6.9903,-27.584,-0.00021483,-1.5364,0.11899,9.3456e-07,0.061262,0,86.8256,0.16072,0.95861,478.8065,1390.0147
47.6953,11184.2712,39.5428,239.9985,9.1959,-0.0011713,0.069225,3.2855,89.9892,0.019485,4.434,5.469,-6.9903,-27.584,-0.00021483,-1.5364,0.11899,9.3456e-07,0.061262,0,86.8256,0.16069,0.92774,478.8065,1390.0147
47.6953,11184.2712,39.5428,239.9985,9.1959,-0.0011713,0.069225,3.2855,89.9892,0.019485,4.434,5.469,-6.9903,-27.584,-0.00021483,-1.5364,0.11899,9.3456e-07,0.061262,0,86.8256,0.16069,0.92774,478.8065,1390.0147
47.6998,11184.6007,39.5429,239.9979,9.1959,-0.0013789,0.096604,2.5611,89.9894,0.077032,4.434,5.524,-6.5158,-27.6713,-9.2913e-05,-1.5065,0.1176,9.3484e-07,0.061273,0,86.9706,0.16047,0.94814,478.8053,1389.9968
47.7043,11184.6007,39.5429,239.9979,9.1959,-0.0013789,0.096604,2.5611,89.9894,0.077032,4.434,5.524,-6.5158,-27.6713,-9.2913e-05,-1.5065,0.1176,9.3484e-07,0.061273,0,86.9706,0.16045,0.91691,478.8053,1389.9968
47.7081,11184.9302,39.543,239.9975,9.1959,-0.0015672,0.11795,1.8509,89.99,0.13391,4.434,5.5673,-6.336,-27.7607,6.3281e-05,-1.475,0.10449,9.3511e-07,0.061284,0,87.1157,0.16026,0.92925,478.8041,1389.9789
47.7165,11185.2598,39.5432,239.9972,9.1959,-0.0016887,0.13337,1.1547,89.9911,0.18444,4.434,5.5816,-6.8718,-27.8547,0.00018504,-1.4423,0.082239,9.3537e-07,0.061295,0,87.2608,0.16013,0.90646,478.803,1389.961
47.7248,11185.5893,39.5434,239.9972,9.1959,-0.0017289,0.14299,0.47248,89.9927,0.22422,4.434,5.574,-7.9666,-27.9481,0.00026811,-1.4094,0.055869,9.3562e-07,0.061305,0,87.406,0.16008,0.88179,478.8018,1389.9431
47.7331,11185.9188,39.5437,239.9974,9.1959,-0.0016845,0.14693,-0.19615,89.9945,0.25124,4.434,5.5571,-9.3163,-28.0379,0.0002969,-1.3769,0.027853,9.3585e-07,0.061316,0,87.5512,0.16014,0.85615,478.8006,1389.9252
47.7415,11186.2483,39.544,239.9979,9.1959,-0.0015694,0.1453,-0.85144,89.9966,0.26471,4.434,5.537,-10.7706,-28.1216,0.00027276,-1.3452,0.00012167,9.3608e-07,0.061327,0,87.6964,0.16028,0.82994,478.7994,1389.9073
47.7498,11186.5779,39.5445,239.9985,9.1959,-0.0014069,0.1382,-1.4937,89.9988,0.26477,4.434,5.5185,-12.2122,-28.1983,0.00020241,-1.3144,-0.025812,9.3629e-07,0.061338,0,87.8417,0.16048,0.80337,478.7983,1389.8894
47.7581,11186.9074,39.545,239.9994,9.1959,-0.0012265,0.12575,-2.1233,90.001,0.25229,4.434,5.5052,-13.5493,-28.2673,9.9971e-05,-1.2848,-0.048985,9.3649e-07,0.061349,0,87.987,0.16071,0.77652,478.7971,1389.8714
47.7665,11187.237,39.5455,240.0004,9.1959,-0.0010577,0.10806,-2.7405,90.0031,0.2286,4.4339,5.4992,-14.7235,-28.3289,-6.0517e-05,-1.2564,-0.068856,9.3668e-07,0.06136,0,87.6382,0.16094,0.74943,478.7959,1389.8535
47.7748,11187.5665,39.5458,240.0004,9.1959,-0.00094777,0.085223,-3.3457,90.005,0.1953,4.4339,5.3019,-15.7016,-28.381,-0.00022695,-1.2292,-0.085208,9.3686e-07,0.06137,0,87.2896,0.16105,0.81212,478.7947,1389.8356
47.7765,11187.5665,39.5458,240.0004,9.1959,-0.00094777,0.085223,-3.3457,90.005,0.1953,4.4339,5.3019,-15.7016,-28.381,-0.00022695,-1.2292,-0.085208,9.3686e-07,0.06137,0,87.2896,0.16104,0.81954,478.7947,1389.8356
47.7765,11187.5665,39.5458,240.0004,9.1959,-0.00094777,0.085223,-3.3457,90.005,0.1953,4.4339,5.3019,-15.7016,-28.381,-0.00022695,-1.2292,-0.085208,9.3686e-07,0.06137,0,87.2896,0.16104,0.81954,478.7947,1389.8356
47.7831,11187.8961,39.5458,239.9998,9.1959,-0.0009216,0.057343,-3.9392,90.0067,0.15409,4.4339,5.1154,-16.4702,-28.4264,-0.00036246,-1.0614,-0.098071,9.3703e-07,0.061381,0,86.9414,0.16104,0.88322,478.7936,1389.8177
47.7857,11187.8961,39.5458,239.9998,9.1959,-0.0009216,0.057343,-3.9392,90.0067,0.15409,4.4339,5.1154,-16.4702,-28.4264,-0.00036246,-1.0614,-0.098071,9.3703e-07,0.061381,0,86.9414,0.16103,0.87819,478.7936,1389.8177
47.7857,11187.8961,39.5458,239.9998,9.1959,-0.0009216,0.057343,-3.9392,90.0067,0.15409,4.4339,5.1154,-16.4702,-28.4264,-0.00036246,-1.0614,-0.098071,9.3703e-07,0.061381,0,86.9414,0.16103,0.87819,478.7936,1389.8177
47.7915,11188.2256,39.5457,239.9986,9.1959,-0.00098747,0.024517,-4.4535,90.008,0.10666,4.434,4.938,-15.7436,-28.8241,-0.00036609,0.47103,-0.10766,9.3719e-07,0.061392,0,86.8482,0.16091,0.95804,478.7924,1389.7998
47.7972,11188.2256,39.5457,239.9986,9.1959,-0.00098747,0.024517,-4.4535,90.008,0.10666,4.434,4.938,-15.7436,-28.8241,-0.00036609,0.47103,-0.10766,9.3719e-07,0.061392,0,86.8482,0.16087,0.91587,478.7924,1389.7998
47.7998,11188.5551,39.5458,239.9979,9.1959,-0.0011054,-0.012596,-4.2369,90.0088,0.054599,4.434,4.9609,-2.4335,-32.6559,-0.00026638,1.5742,-0.11427,9.3735e-07,0.061403,0,86.9932,0.16075,0.9477,478.7912,1389.7819
47.8081,11188.8847,39.5459,239.9975,9.1959,-0.0012449,-0.047904,-3.4941,90.0093,-0.00066493,4.434,4.9906,7.1641,-35.4317,-0.00010693,1.5448,-0.11832,9.375e-07,0.061414,0,87.1383,0.16059,0.92903,478.79,1389.764
47.8107,11188.8847,39.5459,239.9975,9.1959,-0.0012449,-0.047904,-3.4941,90.0093,-0.00066493,4.434,4.9906,7.1641,-35.4317,-0.00010693,1.5448,-0.11832,9.375e-07,0.061414,0,87.1383,0.16058,0.91411,478.79,1389.764
47.8107,11188.8847,39.5459,239.9975,9.1959,-0.0012449,-0.047904,-3.4941,90.0093,-0.00066493,4.434,4.9906,7.1641,-35.4317,-0.00010693,1.5448,-0.11832,9.375e-07,0.061414,0,87.1383,0.16058,0.91411,478.79,1389.764
47.8165,11189.2142,39.5461,239.9973,9.1959,-0.0013723,-0.077021,-2.7657,90.0093,-0.057887,4.4339,5.0267,6.6435,-35.3772,3.3161e-05,1.5152,-0.11943,9.3766e-07,0.061424,0,87.2834,0.16045,0.90648,478.7889,1389.7461
47.8223,11189.2142,39.5461,239.9973,9.1959,-0.0013723,-0.077021,-2.7657,90.0093,-0.057887,4.4339,5.0267,6.6435,-35.3772,3.3161e-05,1.5152,-0.11943,9.3766e-07,0.061424,0,87.2834,0.16042,0.88703,478.7889,1389.7461
47.8239,11189.2142,39.5461,239.9973,9.1959,-0.0013723,-0.077021,-2.7657,90.0093,-0.057887,4.4339,5.0267,6.6435,-35.3772,3.3161e-05,1.5152,-0.11943,9.3766e-07,0.061424,0,87.2834,0.16041,0.88337,478.7889,1389.7461
47.8239,11189.2142,39.5461,239.9973,9.1959,-0.0013723,-0.077021,-2.7657,90.0093,-0.057887,4.4339,5.0267,6.6435,-35.3772,3.3161e-05,1.5152,-0.11943,9.3766e-07,0.061424,0,87.2834,0.16041,0.88337,478.7889,1389.7461
47.8248,11189.5438,39.5463,239.9973,9.1959,-0.001479,-0.10007,-2.0515,90.0088,-0.11565,4.4339,5.0709,6.3058,-35.3196,0.00015112,1.4842,-0.11018,9.3783e-07,0.061435,0,87.4285,0.16034,0.88211,478.7877,1389.7282
47.8257,11189.5438,39.5463,239.9973,9.1959,-0.001479,-0.10007,-2.0515,90.0088,-0.11565,4.4339,5.0709,6.3058,-35.3196,0.00015112,1.4842,-0.11018,9.3783e-07,0.061435,0,87.4285,0.16034,0.88037,478.7877,1389.7282
47.8276,11189.5438,39.5463,239.9973,9.1959,-0.001479,-0.10007,-2.0515,90.0088,-0.11565,4.4339,5.0709,6.3058,-35.3196,0.00015112,1.4842,-0.11018,9.3783e-07,0.061435,0,87.4285,0.16033,0.87734,478.7877,1389.7282
47.8312,11189.5438,39.5463,239.9973,9.1959,-0.001479,-0.10007,-2.0515,90.0088,-0.11565,4.4339,5.0709,6.3058,-35.3196,0.00015112,1.4842,-0.11018,9.3783e-07,0.061435,0,87.4285,0.16031,0.87272,478.7877,1389.7282
47.8331,11189.8733,39.5466,239.9975,9.1959,-0.0015485,-0.11716,-1.3513,90.0079,-0.16894,4.4339,5.1418,6.6018,-35.2556,0.00022915,1.4517,-0.089735,9.38e-07,0.061446,0,87.5737,0.16029,0.85673,478.7865,1389.7103
47.8415,11190.2029,39.547,239.9979,9.1959,-0.0015679,-0.12843,-0.66512,90.0064,-0.21234,4.4339,5.2416,7.5843,-35.184,0.00026601,1.4188,-0.06417,9.3818e-07,0.061457,0,87.719,0.16029,0.83075,478.7853,1389.6923
47.8498,11190.5325,39.5474,239.9985,9.1959,-0.0015328,-0.13397,0.0073662,90.0047,-0.24338,4.4339,5.3551,8.8833,-35.1076,0.00026058,1.3862,-0.036347,9.3837e-07,0.061468,0,87.8642,0.16036,0.80435,478.7842,1389.6744
47.8581,11190.862,39.5479,239.9994,9.1959,-0.0014487,-0.13391,0.66642,90.0026,-0.26096,4.4339,5.4752,10.3253,-35.0274,0.00021492,1.3542,-0.008278,9.3857e-07,0.061479,0,88.0095,0.1605,0.7776,478.783,1389.6565
47.8665,11191.1916,39.5484,240.0004,9.1959,-0.00133,-0.12835,1.3123,90.0005,-0.26496,4.4339,5.5967,11.7882,-34.9442,9.2055e-05,1.3231,0.018363,9.3878e-07,0.061489,0,87.6608,0.16068,0.75056,478.7818,1389.6386
47.8748,11191.5212,39.5487,240.0004,9.1959,-0.0012181,-0.11742,1.9455,89.9983,-0.25608,4.4339,5.5156,13.1702,-34.8562,-6.4225e-05,1.2931,0.042464,9.39e-07,0.0615,0,87.3122,0.16079,0.81325,478.7807,1389.6207
47.8831,11191.8507,39.5487,239.9998,9.1959,-0.0011414,-0.1012,2.5662,89.9961,-0.23555,4.4339,5.4304,14.4037,-34.7661,-0.00023039,1.2643,0.063374,9.3924e-07,0.061511,0,86.964,0.16083,0.88434,478.7795,1389.6028
47.8915,11192.1803,39.5486,239.9986,9.1959,-0.0011225,-0.07982,3.1748,89.9942,-0.2049,4.4339,5.3395,15.4488,-34.6754,-0.0002996,1.2368,0.080788,9.3948e-07,0.061522,0,86.9277,0.16078,0.9586,478.7783,1389.5849
47.8988,11192.1803,39.5486,239.9986,9.1959,-0.0011225,-0.07982,3.1748,89.9942,-0.2049,4.4339,5.3395,15.4488,-34.6754,-0.0002996,1.2368,0.080788,9.3948e-07,0.061522,0,86.9277,0.16073,0.90807,478.7783,1389.5849
47.8988,11192.1803,39.5486,239.9986,9.1959,-0.0011225,-0.07982,3.1748,89.9942,-0.2049,4.4339,5.3395,15.4488,-34.6754,-0.0002996,1.2368,0.080788,9.3948e-07,0.061522,0,86.9277,0.16073,0.90807,478.7783,1389.5849
47.8998,11192.5099,39.5486,239.9979,9.1959,-0.0011362,-0.053363,3.7715,89.9925,-0.16583,4.4339,5.4326,16.2869,-34.5905,-0.00029456,1.1853,0.094675,9.3973e-07,0.061533,0,87.0727,0.16073,0.94754,478.7771,1389.567
47.8999,11192.5099,39.5486,239.9979,9.1959,-0.0011362,-0.053363,3.7715,89.9925,-0.16583,4.4339,5.4326,16.2869,-34.5905,-0.00029456,1.1853,0.094675,9.3973e-07,0.061533,0,87.0727,0.16072,0.94653,478.7771,1389.567
47.8999,11192.5099,39.5486,239.9979,9.1959,-0.0011362,-0.053363,3.7715,89.9925,-0.16583,4.4339,5.4326,16.2869,-34.5905,-0.00029456,1.1853,0.094675,9.3973e-07,0.061533,0,87.0727,0.16072,0.94653,478.7771,1389.567
47.9009,11192.5099,39.5486,239.9979,9.1959,-0.0011362,-0.053363,3.7715,89.9925,-0.16583,4.4339,5.4326,16.2869,-34.5905,-0.00029456,1.1853,0.094675,9.3973e-07,0.061533,0,87.0727,0.16072,0.9388,478.7771,1389.567
47.9018,11192.5099,39.5486,239.9979,9.1959,-0.0011362,-0.053363,3.7715,89.9925,-0.16583,4.4339,5.4326,16.2869,-34.5905,-0.00029456,1.1853,0.094675,9.3973e-07,0.061533,0,87.0727,0.16071,0.93178,478.7771,1389.567
47.9038,11192.5099,39.5486,239.9979,9.1959,-0.0011362,-0.053363,3.7715,89.9925,-0.16583,4.4339,5.4326,16.2869,-34.5905,-0.00029456,1.1853,0.094675,9.3973e-07,0.061533,0,87.0727,0.1607,0.91961,478.7771,1389.567
47.9076,11192.5099,39.5486,239.9979,9.1959,-0.0011362,-0.053363,3.7715,89.9925,-0.16583,4.4339,5.4326,16.2869,-34.5905,-0.00029456,1.1853,0.094675,9.3973e-07,0.061533,0,87.0727,0.16068,0.90126,478.7771,1389.567
47.9081,11192.8394,39.5487,239.9975,9.1959,-0.0011698,-0.021934,4.3448,89.9911,-0.12004,4.4339,5.5156,16.6864,-34.4472,-0.0002131,0.035666,0.1052,9.3999e-07,0.061544,0,87.2177,0.16067,0.92849,478.776,1389.5491
47.9108,11192.8394,39.5487,239.9975,9.1959,-0.0011698,-0.021934,4.3448,89.9911,-0.12004,4.4339,5.5156,16.6864,-34.4472,-0.0002131,0.035666,0.1052,9.3999e-07,0.061544,0,87.2177,0.16065,0.9128,478.776,1389.5491
47.9165,11193.169,39.5489,239.9973,9.1959,-0.0012091,0.014272,4.3699,89.9901,-0.06916,4.4339,5.5887,6.9079,-31.5734,-0.00010098,-1.5793,0.11266,9.4025e-07,0.061554,0,87.3628,0.16062,0.906,478.7748,1389.5312
47.9248,11193.4986,39.5492,239.9973,9.1959,-0.0012616,0.050688,3.6246,89.9895,-0.014674,4.4339,5.654,-7.2902,-27.5548,2.2055e-05,-1.5499,0.11742,9.4052e-07,0.061565,0,87.508,0.16056,0.8818,478.7736,1389.5132
47.9261,11193.4986,39.5492,239.9973,9.1959,-0.0012616,0.050688,3.6246,89.9895,-0.014674,4.4339,5.654,-7.2902,-27.5548,2.2055e-05,-1.5499,0.11742,9.4052e-07,0.061565,0,87.508,0.16056,0.87937,478.7736,1389.5132
47.9261,11193.4986,39.5492,239.9973,9.1959,-0.0012616,0.050688,3.6246,89.9895,-0.014674,4.4339,5.654,-7.2902,-27.5548,2.2055e-05,-1.5499,0.11742,9.4052e-07,0.061565,0,87.508,0.16056,0.87937,478.7736,1389.5132
47.9331,11193.8282,39.5495,239.9975,9.1959,-0.0013225,0.080893,2.8936,89.9894,0.042117,4.4339,5.7128,-6.733,-27.6458,0.00011684,-1.5205,0.11975,9.4078e-07,0.061576,0,87.6532,0.16052,0.85669,478.7724,1389.4953
47.9389,11193.8282,39.5495,239.9975,9.1959,-0.0013225,0.080893,2.8936,89.9894,0.042117,4.4339,5.7128,-6.733,-27.6458,0.00011684,-1.5205,0.11975,9.4078e-07,0.061576,0,87.6532,0.16048,0.85914,478.7724,1389.4953
47.9389,11193.8282,39.5495,239.9975,9.1959,-0.0013225,0.080893,2.8936,89.9894,0.042117,4.4339,5.7128,-6.733,-27.6458,0.00011684,-1.5205,0.11975,9.4078e-07,0.061576,0,87.6532,0.16048,0.85914,478.7724,1389.4953
47.9415,11194.1577,39.5498,239.9979,9.1959,-0.001389,0.10501,2.1769,89.9897,0.10003,4.4339,5.7663,-6.3262,-27.7333,0.00018568,-1.4901,0.114,9.4103e-07,0.061587,0,87.7984,0.16048,0.83098,478.7713,1389.4774
47.944,11194.1577,39.5498,239.9979,9.1959,-0.001389,0.10501,2.1769,89.9897,0.10003,4.4339,5.7663,-6.3262,-27.7333,0.00018568,-1.4901,0.114,9.4103e-07,0.061587,0,87.7984,0.16046,0.83799,478.7713,1389.4774
47.9491,11194.1577,39.5498,239.9979,9.1959,-0.001389,0.10501,2.1769,89.9897,0.10003,4.4339,5.7663,-6.3262,-27.7333,0.00018568,-1.4901,0.114,9.4103e-07,0.061587,0,87.7984,0.16043,0.84762,478.7713,1389.4774
47.9498,11194.4873,39.5502,239.9985,9.1959,-0.0014486,0.12315,1.4742,89.9906,0.15517,4.4338,5.8004,-6.4133,-27.8204,0.00022502,-1.4578,0.095217,9.4128e-07,0.061598,0,87.9436,0.16045,0.80484,478.7701,1389.4595
47.9532,11194.4873,39.5502,239.9985,9.1959,-0.0014486,0.12315,1.4742,89.9906,0.15517,4.4338,5.8004,-6.4133,-27.8204,0.00022502,-1.4578,0.095217,9.4128e-07,0.061598,0,87.9436,0.16044,0.82113,478.7701,1389.4595
47.9581,11194.8169,39.5507,239.9994,9.1959,-0.0014815,0.13543,0.78554,89.9919,0.20122,4.4338,5.8027,-7.2959,-27.9092,0.00023476,-1.425,0.070417,9.4151e-07,0.061609,0,88.0889,0.16047,0.77832,478.7689,1389.4416
47.9665,11195.1465,39.5513,240.0004,9.1959,-0.0014754,0.14198,0.11061,89.9935,0.23528,4.4338,5.7909,-8.5482,-27.9959,0.00017201,-1.3923,0.042895,9.4174e-07,0.061619,0,87.7402,0.16054,0.75145,478.7677,1389.4237
47.9748,11195.4761,39.5515,240.0004,9.1959,-0.0014481,0.1429,-0.55082,89.9955,0.25603,4.4338,5.5734,-9.9704,-28.076,6.8656e-05,-1.3601,0.014668,9.4195e-07,0.06163,0,87.3917,0.16057,0.81424,478.7666,1389.4058
47.9831,11195.8057,39.5516,239.9998,9.1959,-0.001412,0.13831,-1.1991,89.9976,0.26313,4.4338,5.3568,-11.44,-28.15,-6.2604e-05,-1.3288,-0.012442,9.4216e-07,0.061641,0,87.0434,0.16057,0.88536,478.7654,1389.3879
47.9915,11196.1353,39.5514,239.9985,9.1959,-0.0013833,0.12832,-1.8345,89.9998,0.25711,4.4338,5.1455,-12.8463,-28.2177,-0.00012344,-1.2985,-0.037208,9.4235e-07,0.061652,0,86.9965,0.16052,0.95964,478.7642,1389.37
47.9998,11196.4649,39.5514,239.9979,9.1959,-0.0013395,0.11303,-2.4573,90.002,0.23912,4.4338,5.1334,-14.1149,-28.284,-0.00014709,-1.2695,-0.058892,9.4253e-07,0.061663,0,87.1415,0.16052,0.94861,478.763,1389.3521
48.0081,11196.7945,39.5515,239.9975,9.1959,-0.0012799,0.092553,-3.068,90.004,0.21063,4.4338,5.1289,-15.2009,-28.3466,-0.00013055,-1.2417,-0.077119,9.4269e-07,0.061673,0,87.2866,0.16055,0.92923,478.7619,1389.3342
48.0134,11196.7945,39.5515,239.9975,9.1959,-0.0012799,0.092553,-3.068,90.004,0.21063,4.4338,5.1289,-15.2009,-28.3466,-0.00013055,-1.2417,-0.077119,9.4269e-07,0.061673,0,87.2866,0.16053,0.90171,478.7619,1389.3342
48.0134,11196.7945,39.5515,239.9975,9.1959,-0.0012799,0.092553,-3.068,90.004,0.21063,4.4338,5.1289,-15.2009,-28.3466,-0.00013055,-1.2417,-0.077119,9.4269e-07,0.061673,0,87.2866,0.16053,0.90171,478.7619,1389.3342
48.0165,11197.1241,39.5517,239.9973,9.1959,-0.0012064,0.066986,-3.6669,90.0057,0.17334,4.4338,5.1328,-16.0813,-28.4053,-0.00011604,-1.2152,-0.091802,9.4285e-07,0.061684,0,87.4317,0.16061,0.90603,478.7607,1389.3163
48.0195,11197.1241,39.5517,239.9973,9.1959,-0.0012064,0.066986,-3.6669,90.0057,0.17334,4.4338,5.1328,-16.0813,-28.4053,-0.00011604,-1.2152,-0.091802,9.4285e-07,0.061684,0,87.4317,0.1606,0.89459,478.7607,1389.3163
48.0245,11197.1241,39.5517,239.9973,9.1959,-0.0012064,0.066986,-3.6669,90.0057,0.17334,4.4338,5.1328,-16.0813,-28.4053,-0.00011604,-1.2152,-0.091802,9.4285e-07,0.061684,0,87.4317,0.16057,0.8819,478.7607,1389.3163
48.0245,11197.1241,39.5517,239.9973,9.1959,-0.0012064,0.066986,-3.6669,90.0057,0.17334,4.4338,5.1328,-16.0813,-28.4053,-0.00011604,-1.2152,-0.091802,9.4285e-07,0.061684,0,87.4317,0.16057,0.8819,478.7607,1389.3163
48.0248,11197.4537,39.5519,239.9973,9.1959,-0.0011427,0.036429,-4.2542,90.0072,0.12894,4.4338,5.1451,-16.751,-28.458,-8.5346e-05,-0.31164,-0.10307,9.43e-07,0.061695,0,87.5768,0.16068,0.88135,478.7595,1389.2983
48.0251,11197.4537,39.5519,239.9973,9.1959,-0.0011427,0.036429,-4.2542,90.0072,0.12894,4.4338,5.1451,-16.751,-28.458,-8.5346e-05,-0.31164,-0.10307,9.43e-07,0.061695,0,87.5768,0.16068,0.88084,478.7595,1389.2983
48.0256,11197.4537,39.5519,239.9973,9.1959,-0.0011427,0.036429,-4.2542,90.0072,0.12894,4.4338,5.1451,-16.751,-28.458,-8.5346e-05,-0.31164,-0.10307,9.43e-07,0.061695,0,87.5768,0.16067,0.87984,478.7595,1389.2983
48.0267,11197.4537,39.5519,239.9973,9.1959,-0.0011427,0.036429,-4.2542,90.0072,0.12894,4.4338,5.1451,-16.751,-28.458,-8.5346e-05,-0.31164,-0.10307,9.43e-07,0.061695,0,87.5768,0.16067,0.87802,478.7595,1389.2983
48.029,11197.4537,39.5519,239.9973,9.1959,-0.0011427,0.036429,-4.2542,90.0072,0.12894,4.4338,5.1451,-16.751,-28.458,-8.5346e-05,-0.31164,-0.10307,9.43e-07,0.061695,0,87.5768,0.16065,0.87492,478.7595,1389.2983
48.0325,11197.4537,39.5519,239.9973,9.1959,-0.0011427,0.036429,-4.2542,90.0072,0.12894,4.4338,5.1451,-16.751,-28.458,-8.5346e-05,-0.31164,-0.10307,9.43e-07,0.061695,0,87.5768,0.16063,0.8712,478.7595,1389.2983
48.0325,11197.4537,39.5519,239.9973,9.1959,-0.0011427,0.036429,-4.2542,90.0072,0.12894,4.4338,5.1451,-16.751,-28.458,-8.5346e-05,-0.31164,-0.10307,9.43e-07,0.061695,0,87.5768,0.16063,0.8712,478.7595,1389.2983
48.0331,11197.7833,39.5522,239.9975,9.1959,-0.0011038,0.00097745,-4.4109,90.0082,0.079092,4.4338,5.1647,-9.2503,-30.7117,-3.4371e-05,1.3294,-0.11117,9.4315e-07,0.061706,0,87.722,0.16073,0.85625,478.7583,1389.2804
48.0338,11197.7833,39.5522,239.9975,9.1959,-0.0011038,0.00097745,-4.4109,90.0082,0.079092,4.4338,5.1647,-9.2503,-30.7117,-3.4371e-05,1.3294,-0.11117,9.4315e-07,0.061706,0,87.722,0.16073,0.85663,478.7583,1389.2804
48.0351,11197.7833,39.5522,239.9975,9.1959,-0.0011038,0.00097745,-4.4109,90.0082,0.079092,4.4338,5.1647,-9.2503,-30.7117,-3.4371e-05,1.3294,-0.11117,9.4315e-07,0.061706,0,87.722,0.16072,0.85732,478.7583,1389.2804
48.0377,11197.7833,39.5522,239.9975,9.1959,-0.0011038,0.00097745,-4.4109,90.0082,0.079092,4.4338,5.1647,-9.2503,-30.7117,-3.4371e-05,1.3294,-0.11117,9.4315e-07,0.061706,0,87.722,0.1607,0.85846,478.7583,1389.2804
48.0415,11198.1129,39.5526,239.9979,9.1959,-0.0011033,-0.03578,-3.7848,90.0089,0.02533,4.4338,5.192,5.1359,-34.8273,2.9916e-05,1.5562,-0.11652,9.4329e-07,0.061717,0,87.8672,0.16076,0.83071,478.7572,1389.2625
48.0421,11198.1129,39.5526,239.9979,9.1959,-0.0011033,-0.03578,-3.7848,90.0089,0.02533,4.4338,5.192,5.1359,-34.8273,2.9916e-05,1.5562,-0.11652,9.4329e-07,0.061717,0,87.8672,0.16075,0.83267,478.7572,1389.2625
48.0421,11198.1129,39.5526,239.9979,9.1959,-0.0011033,-0.03578,-3.7848,90.0089,0.02533,4.4338,5.192,5.1359,-34.8273,2.9916e-05,1.5562,-0.11652,9.4329e-07,0.061717,0,87.8672,0.16075,0.83267,478.7572,1389.2625
48.0498,11198.4425,39.553,239.9985,9.1959,-0.0011406,-0.06732,-3.0508,90.0091,-0.031022,4.4338,5.2264,6.8597,-35.4092,7.8924e-05,1.5269,-0.11947,9.4344e-07,0.061728,0,88.0124,0.16076,0.80482,478.756,1389.2446
48.0547,11198.4425,39.553,239.9985,9.1959,-0.0011406,-0.06732,-3.0508,90.0091,-0.031022,4.4338,5.2264,6.8597,-35.4092,7.8924e-05,1.5269,-0.11947,9.4344e-07,0.061728,0,88.0124,0.16073,0.82692,478.756,1389.2446
48.0547,11198.4425,39.553,239.9985,9.1959,-0.0011406,-0.06732,-3.0508,90.0091,-0.031022,4.4338,5.2264,6.8597,-35.4092,7.8924e-05,1.5269,-0.11947,9.4344e-07,0.061728,0,88.0124,0.16073,0.82692,478.756,1389.2446
48.0581,11198.7721,39.5535,239.9993,9.1959,-0.0012089,-0.092743,-2.331,90.0088,-0.088802,4.4338,5.2674,6.4085,-35.3479,0.00011453,1.4967,-0.11564,9.4359e-07,0.061738,0,88.1499,0.16074,0.7786,478.7548,1389.2267
48.0616,11198.7721,39.5535,239.9993,9.1959,-0.0012089,-0.092743,-2.331,90.0088,-0.088802,4.4338,5.2674,6.4085,-35.3479,0.00011453,1.4967,-0.11564,9.4359e-07,0.061738,0,88.1499,0.16072,0.80266,478.7548,1389.2267
48.0665,11199.1017,39.5541,240.0004,9.1959,-0.001292,-0.11217,-1.6253,90.0081,-0.14473,4.4337,5.326,6.3741,-35.2822,9.1777e-05,1.4647,-0.099218,9.4374e-07,0.061749,0,87.8012,0.16073,0.752,478.7536,1389.2088
48.0748,11199.4313,39.5543,240.0003,9.1959,-0.0013859,-0.12571,-0.93364,90.0069,-0.19272,4.4337,5.2172,7.1096,-35.2069,4.1276e-05,1.4319,-0.07548,9.4391e-07,0.06176,0,87.4528,0.16063,0.81499,478.7525,1389.1909
48.0831,11199.7609,39.5544,239.9997,9.1959,-0.001476,-0.13349,-0.25577,90.0053,-0.22922,4.4337,5.1294,8.2953,-35.1261,-2.9038e-05,1.3992,-0.048447,9.4408e-07,0.061771,0,87.1045,0.16051,0.88627,478.7513,1389.173
48.0915,11200.0905,39.5542,239.9984,9.1959,-0.001553,-0.13562,0.40854,90.0034,-0.25266,4.4338,5.0525,9.6869,-35.0422,-3.1541e-05,1.3669,-0.020309,9.4427e-07,0.061782,0,87.0493,0.16035,0.96065,478.7501,1389.1551
48.0998,11200.4202,39.5542,239.9978,9.1959,-0.0015756,-0.13222,1.0596,90.0013,-0.26248,4.4338,5.1718,11.1515,-34.9612,-1.0822e-05,1.3353,0.00707,9.4446e-07,0.061793,0,87.1943,0.16029,0.94969,478.7489,1389.1372
48.1081,11200.7498,39.5543,239.9974,9.1959,-0.0015336,-0.12339,1.6977,89.9991,-0.25906,4.4338,5.2896,12.576,-34.8811,2.6611e-05,1.3049,0.032335,9.4467e-07,0.061803,0,87.3393,0.1603,0.93034,478.7478,1389.1193
48.1165,11201.0794,39.5545,239.9972,9.1959,-0.0014283,-0.10924,2.3233,89.9969,-0.24342,4.4338,5.4023,13.8778,-34.8018,2.8702e-05,1.2756,0.054655,9.4489e-07,0.061814,0,87.4844,0.16039,0.90719,478.7466,1389.1014
48.1248,11201.409,39.5547,239.9972,9.1959,-0.0012925,-0.089882,2.9365,89.9949,-0.21699,4.4338,5.5081,15.0064,-34.7208,8.9896e-06,1.2476,0.073583,9.4512e-07,0.061825,0,87.6295,0.16052,0.88228,478.7454,1389.0835
48.1274,11201.409,39.5547,239.9972,9.1959,-0.0012925,-0.089882,2.9365,89.9949,-0.21699,4.4338,5.5081,15.0064,-34.7208,8.9896e-06,1.2476,0.073583,9.4512e-07,0.061825,0,87.6295,0.16051,0.87782,478.7454,1389.0835
48.1274,11201.409,39.5547,239.9972,9.1959,-0.0012925,-0.089882,2.9365,89.9949,-0.21699,4.4338,5.5081,15.0064,-34.7208,8.9896e-06,1.2476,0.073583,9.4512e-07,0.061825,0,87.6295,0.16051,0.87782,478.7454,1389.0835
48.1331,11201.7386,39.555,239.9974,9.1959,-0.0011566,-0.065411,3.5379,89.9931,-0.18141,4.4338,5.6057,15.9346,-34.6388,-2.6137e-05,1.2208,0.088977,9.4535e-07,0.061836,0,87.7747,0.16067,0.85649,478.7443,1389.0655
48.1382,11201.7386,39.555,239.9974,9.1959,-0.0011566,-0.065411,3.5379,89.9931,-0.18141,4.4338,5.6057,15.9346,-34.6388,-2.6137e-05,1.2208,0.088977,9.4535e-07,0.061836,0,87.7747,0.16064,0.85884,478.7443,1389.0655
48.1382,11201.7386,39.555,239.9974,9.1959,-0.0011566,-0.065411,3.5379,89.9931,-0.18141,4.4338,5.6057,15.9346,-34.6388,-2.6137e-05,1.2208,0.088977,9.4535e-07,0.061836,0,87.7747,0.16064,0.85884,478.7443,1389.0655
48.1415,11202.0683,39.5553,239.9978,9.1959,-0.0010503,-0.035928,4.1277,89.9916,-0.13837,4.4338,5.6944,16.6533,-34.5562,-5.0315e-05,0.6963,0.10092,9.456e-07,0.061847,0,87.9199,0.1608,0.83032,478.7431,1389.0476
48.1447,11202.0683,39.5553,239.9978,9.1959,-0.0010503,-0.035928,4.1277,89.9916,-0.13837,4.4338,5.6944,16.6533,-34.5562,-5.0315e-05,0.6963,0.10092,9.456e-07,0.061847,0,87.9199,0.16078,0.83915,478.7431,1389.0476
48.1467,11202.0683,39.5553,239.9978,9.1959,-0.0010503,-0.035928,4.1277,89.9916,-0.13837,4.4338,5.6944,16.6533,-34.5562,-5.0315e-05,0.6963,0.10092,9.456e-07,0.061847,0,87.9199,0.16077,0.8432,478.7431,1389.0476
48.1467,11202.0683,39.5553,239.9978,9.1959,-0.0010503,-0.035928,4.1277,89.9916,-0.13837,4.4338,5.6944,16.6533,-34.5562,-5.0315e-05,0.6963,0.10092,9.456e-07,0.061847,0,87.9199,0.16077,0.8432,478.7431,1389.0476
48.1498,11202.3979,39.5558,239.9984,9.1959,-0.00099099,-0.001531,4.468,89.9904,-0.089565,4.4338,5.7729,12.638,-33.2328,-5.0977e-05,-0.94388,0.10964,9.4585e-07,0.061858,0,88.0651,0.1609,0.8044,478.7419,1389.0297
48.153,11202.3979,39.5558,239.9984,9.1959,-0.00099099,-0.001531,4.468,89.9904,-0.089565,4.4338,5.7729,12.638,-33.2328,-5.0977e-05,-0.94388,0.10964,9.4585e-07,0.061858,0,88.0651,0.16088,0.81995,478.7419,1389.0297
48.1581,11202.7275,39.5563,239.9992,9.1959,-0.00099049,0.035702,4.0258,89.9897,-0.036538,4.4337,5.8431,-1.7084,-29.1388,-1.979e-05,-1.5657,0.11554,9.461e-07,0.061868,0,88.1221,0.16095,0.77829,478.7407,1389.0118
48.1665,11203.0572,39.5568,240.0003,9.1959,-0.0010455,0.06925,3.2871,89.9894,0.019342,4.4337,5.9062,-6.991,-27.5979,-3.0019e-05,-1.5363,0.11896,9.4635e-07,0.061879,0,87.7735,0.16097,0.75193,478.7396,1388.9939
48.1703,11203.0572,39.5568,240.0003,9.1959,-0.0010455,0.06925,3.2871,89.9894,0.019342,4.4337,5.9062,-6.991,-27.5979,-3.0019e-05,-1.5363,0.11896,9.4635e-07,0.061879,0,87.7735,0.16095,0.78658,478.7396,1388.9939
48.1703,11203.0572,39.5568,240.0003,9.1959,-0.0010455,0.06925,3.2871,89.9894,0.019342,4.4337,5.9062,-6.991,-27.5979,-3.0019e-05,-1.5363,0.11896,9.4635e-07,0.061879,0,87.7735,0.16095,0.78658,478.7396,1388.9939
48.1748,11203.3868,39.5571,240.0003,9.1959,-0.0011648,0.096642,2.5628,89.9895,0.076878,4.4337,5.764,-6.5164,-27.6807,-5.3437e-05,-1.5065,0.1176,9.4659e-07,0.06189,0,87.425,0.16085,0.81522,478.7384,1388.976
48.1793,11203.3868,39.5571,240.0003,9.1959,-0.0011648,0.096642,2.5628,89.9895,0.076878,4.4337,5.764,-6.5164,-27.6807,-5.3437e-05,-1.5065,0.1176,9.4659e-07,0.06189,0,87.425,0.16082,0.83183,478.7384,1388.976
48.1831,11203.7164,39.5571,239.9996,9.1959,-0.0013342,0.118,1.8526,89.9902,0.13375,4.4337,5.6123,-6.3354,-27.7619,-8.2767e-05,-1.4749,0.10451,9.4683e-07,0.061901,0,87.0768,0.16064,0.88674,478.7372,1388.9581
48.1915,11204.0461,39.557,239.9983,9.1959,-0.0015255,0.13344,1.1564,89.9913,0.1843,4.4337,5.4339,-6.8695,-27.8453,-3.2471e-05,-1.4422,0.082287,9.4706e-07,0.061912,0,87.0654,0.16037,0.96133,478.736,1388.9402
48.1998,11204.3757,39.557,239.9977,9.1959,-0.0016697,0.14307,0.4742,89.9928,0.2241,4.4337,5.4261,-7.9631,-27.9345,4.8962e-05,-1.4094,0.05593,9.4728e-07,0.061923,0,87.2104,0.16019,0.95056,478.7349,1388.9223
48.2081,11204.7054,39.5571,239.9973,9.1959,-0.0017301,0.14702,-0.1944,89.9947,0.25115,4.4337,5.4084,-9.3121,-28.024,0.00014512,-1.3769,0.027922,9.4749e-07,0.061933,0,87.3554,0.1601,0.93135,478.7337,1388.9044
48.2165,11205.035,39.5572,239.997,9.1959,-0.0016877,0.1454,-0.84966,89.9968,0.26466,4.4337,5.3871,-10.7658,-28.1114,0.00019195,-1.3451,0.00019383,9.4769e-07,0.061944,0,87.5005,0.16013,0.90828,478.7325,1388.8865
48.2248,11205.3647,39.5574,239.997,9.1959,-0.001564,0.13832,-1.4919,89.999,0.26475,4.4337,5.3674,-12.2073,-28.1918,0.00019288,-1.3143,-0.02574,9.4787e-07,0.061955,0,87.6456,0.16024,0.88342,478.7313,1388.8686
48.2331,11205.6943,39.5577,239.9972,9.1959,-0.0013881,0.12589,-2.1214,90.0012,0.25231,4.4337,5.3528,-13.5445,-28.2647,0.00014606,-1.2847,-0.048916,9.4804e-07,0.061966,0,87.7907,0.16043,0.85766,478.7302,1388.8507
48.2415,11206.0239,39.558,239.9976,9.1959,-0.0011975,0.10821,-2.7386,90.0033,0.22865,4.4337,5.3457,-14.7188,-28.3292,6.7925e-05,-1.2563,-0.068792,9.482e-07,0.061977,0,87.9359,0.16064,0.83141,478.729,1388.8328
48.2498,11206.3536,39.5585,239.9983,9.1959,-0.0010262,0.085392,-3.3438,90.0052,0.19538,4.4337,5.3472,-15.6973,-28.386,-2.2861e-05,-1.2292,-0.08515,9.4835e-07,0.061987,0,88.0811,0.16085,0.80484,478.7278,1388.8149
48.2514,11206.3536,39.5585,239.9983,9.1959,-0.0010262,0.085392,-3.3438,90.0052,0.19538,4.4337,5.3472,-15.6973,-28.386,-2.2861e-05,-1.2292,-0.08515,9.4835e-07,0.061987,0,88.0811,0.16084,0.8134,478.7278,1388.8149
48.2514,11206.3536,39.5585,239.9983,9.1959,-0.0010262,0.085392,-3.3438,90.0052,0.19538,4.4337,5.3472,-15.6973,-28.386,-2.2861e-05,-1.2292,-0.08515,9.4835e-07,0.061987,0,88.0811,0.16084,0.8134,478.7278,1388.8149
48.2581,11206.6832,39.5589,239.9991,9.1959,-0.00090246,0.057527,-3.9373,90.0068,0.1542,4.4337,5.3577,-16.4664,-28.4361,-9.5933e-05,-1.062,-0.098021,9.4848e-07,0.061998,0,88.1989,0.16102,0.77802,478.7266,1388.797
48.2607,11206.6832,39.5589,239.9991,9.1959,-0.00090246,0.057527,-3.9373,90.0068,0.1542,4.4337,5.3577,-16.4664,-28.4361,-9.5933e-05,-1.062,-0.098021,9.4848e-07,0.061998,0,88.1989,0.16101,0.79684,478.7266,1388.797
48.2607,11206.6832,39.5589,239.9991,9.1959,-0.00090246,0.057527,-3.9373,90.0068,0.1542,4.4337,5.3577,-16.4664,-28.4361,-9.5933e-05,-1.062,-0.098021,9.4848e-07,0.061998,0,88.1989,0.16101,0.79684,478.7266,1388.797
48.2665,11207.0129,39.5595,240.0001,9.1959,-0.0008409,0.024717,-4.4519,90.0081,0.10679,4.4337,5.3754,-15.7458,-28.8363,-0.00018158,0.46607,-0.10762,9.4862e-07,0.062009,0,87.8503,0.16115,0.75152,478.7255,1388.779
48.2723,11207.0129,39.5595,240.0001,9.1959,-0.0008409,0.024717,-4.4519,90.0081,0.10679,4.4337,5.3754,-15.7458,-28.8363,-0.00018158,0.46607,-0.10762,9.4862e-07,0.062009,0,87.8503,0.16112,0.79962,478.7255,1388.779
48.2748,11207.3426,39.5597,240.0001,9.1959,-0.00087044,-0.012382,-4.2377,90.009,0.054749,4.4337,5.201,-2.4761,-32.6528,-0.00022737,1.5741,-0.11424,9.4874e-07,0.06202,0,87.5018,0.16113,0.81485,478.7243,1388.7611
48.2831,11207.6722,39.5598,239.9995,9.1959,-0.00099109,-0.047696,-3.4949,90.0095,-0.00049945,4.4337,5.0357,7.1648,-35.4324,-0.0002535,1.5446,-0.11829,9.4887e-07,0.062031,0,87.1537,0.16097,0.88658,478.7231,1388.7432
48.2856,11207.6722,39.5598,239.9995,9.1959,-0.00099109,-0.047696,-3.4949,90.0095,-0.00049945,4.4337,5.0357,7.1648,-35.4324,-0.0002535,1.5446,-0.11829,9.4887e-07,0.062031,0,87.1537,0.16096,0.88098,478.7231,1388.7432
48.2856,11207.6722,39.5598,239.9995,9.1959,-0.00099109,-0.047696,-3.4949,90.0095,-0.00049945,4.4337,5.0357,7.1648,-35.4324,-0.0002535,1.5446,-0.11829,9.4887e-07,0.062031,0,87.1537,0.16096,0.88098,478.7231,1388.7432
48.2915,11208.0019,39.5596,239.9982,9.1959,-0.0011881,-0.076821,-2.7666,90.0095,-0.057709,4.4337,4.8791,6.644,-35.3673,-0.00018496,1.5151,-0.11941,9.49e-07,0.062042,0,87.0395,0.1607,0.96143,478.7219,1388.7253
48.2973,11208.0019,39.5596,239.9982,9.1959,-0.0011881,-0.076821,-2.7666,90.0095,-0.057709,4.4337,4.8791,6.644,-35.3673,-0.00018496,1.5151,-0.11941,9.49e-07,0.062042,0,87.0395,0.16067,0.91753,478.7219,1388.7253
48.2989,11208.0019,39.5596,239.9982,9.1959,-0.0011881,-0.076821,-2.7666,90.0095,-0.057709,4.4337,4.8791,6.644,-35.3673,-0.00018496,1.5151,-0.11941,9.49e-07,0.062042,0,87.0395,0.16066,0.9095,478.7219,1388.7253
48.2989,11208.0019,39.5596,239.9982,9.1959,-0.0011881,-0.076821,-2.7666,90.0095,-0.057709,4.4337,4.8791,6.644,-35.3673,-0.00018496,1.5151,-0.11941,9.49e-07,0.062042,0,87.0395,0.16066,0.9095,478.7219,1388.7253
48.2998,11208.3316,39.5597,239.9976,9.1959,-0.0013987,-0.099875,-2.0524,90.009,-0.11546,4.4337,4.923,6.3059,-35.3055,-6.8741e-05,1.4841,-0.1102,9.4914e-07,0.062052,0,87.1845,0.16045,0.95094,478.7208,1388.7074
48.3008,11208.3316,39.5597,239.9976,9.1959,-0.0013987,-0.099875,-2.0524,90.009,-0.11546,4.4337,4.923,6.3059,-35.3055,-6.8741e-05,1.4841,-0.1102,9.4914e-07,0.062052,0,87.1845,0.16045,0.94296,478.7208,1388.7074
48.3026,11208.3316,39.5597,239.9976,9.1959,-0.0013987,-0.099875,-2.0524,90.009,-0.11546,4.4337,4.923,6.3059,-35.3055,-6.8741e-05,1.4841,-0.1102,9.4914e-07,0.062052,0,87.1845,0.16044,0.9291,478.7208,1388.7074
48.3064,11208.3316,39.5597,239.9976,9.1959,-0.0013987,-0.099875,-2.0524,90.009,-0.11546,4.4337,4.923,6.3059,-35.3055,-6.8741e-05,1.4841,-0.1102,9.4914e-07,0.062052,0,87.1845,0.16041,0.90811,478.7208,1388.7074
48.3081,11208.6612,39.5598,239.9971,9.1959,-0.001573,-0.11698,-1.3523,90.008,-0.16876,4.4337,4.993,6.5999,-35.2414,7.6561e-05,1.4516,-0.08977,9.4928e-07,0.062063,0,87.3295,0.16025,0.93199,478.7196,1388.6895
48.3165,11208.9909,39.5599,239.9969,9.1959,-0.0016651,-0.12825,-0.66615,90.0066,-0.21218,4.4337,5.0915,7.5812,-35.1734,0.00018432,1.4187,-0.064218,9.4943e-07,0.062074,0,87.4746,0.16014,0.90915,478.7184,1388.6716
48.3248,11209.3206,39.5601,239.9969,9.1959,-0.001669,-0.1338,0.0062814,90.0048,-0.24324,4.4337,5.2038,8.8794,-35.1008,0.00025016,1.3861,-0.036403,9.4959e-07,0.062085,0,87.6197,0.16013,0.88446,478.7172,1388.6537
48.3331,11209.6502,39.5604,239.9971,9.1959,-0.0015899,-0.13375,0.66528,90.0028,-0.26084,4.4337,5.3226,10.3209,-35.0244,0.00026016,1.3541,-0.0083399,9.4976e-07,0.062096,0,87.7648,0.16022,0.85881,478.7161,1388.6358
48.3415,11209.9799,39.5607,239.9975,9.1959,-0.0014497,-0.1282,1.3112,90.0006,-0.26488,4.4337,5.443,11.7835,-34.9441,0.00021975,1.323,0.018299,9.4994e-07,0.062107,0,87.91,0.16038,0.83262,478.7149,1388.6179
48.3498,11210.3096,39.5611,239.9981,9.1959,-0.001277,-0.11728,1.9443,89.9984,-0.25603,4.4337,5.5605,13.1655,-34.8609,0.00013929,1.293,0.042402,9.5014e-07,0.062117,0,88.0552,0.16059,0.80607,478.7137,1388.6
48.3581,11210.6392,39.5616,239.9989,9.1959,-0.0011034,-0.10107,2.5649,89.9963,-0.23552,4.4336,5.6723,14.3991,-34.7755,3.5794e-05,1.2643,0.063316,9.5034e-07,0.062128,0,88.2004,0.16081,0.77926,478.7125,1388.5821
48.3665,11210.9689,39.5622,239.9999,9.1959,-0.00095748,-0.0797,3.1735,89.9943,-0.2049,4.4336,5.7765,15.4447,-34.689,-0.00011405,1.2368,0.080736,9.5055e-07,0.062139,0,87.8518,0.16102,0.7522,478.7114,1388.5642
48.3738,11210.9689,39.5622,239.9999,9.1959,-0.00095748,-0.0797,3.1735,89.9943,-0.2049,4.4336,5.7765,15.4447,-34.689,-0.00011405,1.2368,0.080736,9.5055e-07,0.062139,0,87.8518,0.16098,0.80902,478.7114,1388.5642
48.3738,11210.9689,39.5622,239.9999,9.1959,-0.00095748,-0.0797,3.1735,89.9943,-0.2049,4.4336,5.7765,15.4447,-34.689,-0.00011405,1.2368,0.080736,9.5055e-07,0.062139,0,87.8518,0.16098,0.80902,478.7114,1388.5642
48.3748,11211.2986,39.5624,240,9.1959,-0.00088274,-0.053255,3.7702,89.9926,-0.16586,4.4336,5.6775,16.2835,-34.5999,-0.00025402,1.1864,0.09463,9.5078e-07,0.06215,0,87.5034,0.1611,0.8125,478.7102,1388.5463
48.3749,11211.2986,39.5624,240,9.1959,-0.00088274,-0.053255,3.7702,89.9926,-0.16586,4.4336,5.6775,16.2835,-34.5999,-0.00025402,1.1864,0.09463,9.5078e-07,0.06215,0,87.5034,0.1611,0.81302,478.7102,1388.5463
48.3749,11211.2986,39.5624,240,9.1959,-0.00088274,-0.053255,3.7702,89.9926,-0.16586,4.4336,5.6775,16.2835,-34.5999,-0.00025402,1.1864,0.09463,9.5078e-07,0.06215,0,87.5034,0.1611,0.81302,478.7102,1388.5463
48.3759,11211.2986,39.5624,240,9.1959,-0.00088274,-0.053255,3.7702,89.9926,-0.16586,4.4336,5.6775,16.2835,-34.5999,-0.00025402,1.1864,0.09463,9.5078e-07,0.06215,0,87.5034,0.16109,0.81744,478.7102,1388.5463
48.3768,11211.2986,39.5624,240,9.1959,-0.00088274,-0.053255,3.7702,89.9926,-0.16586,4.4336,5.6775,16.2835,-34.5999,-0.00025402,1.1864,0.09463,9.5078e-07,0.06215,0,87.5034,0.16109,0.82146,478.7102,1388.5463
48.3788,11211.2986,39.5624,240,9.1959,-0.00088274,-0.053255,3.7702,89.9926,-0.16586,4.4336,5.6775,16.2835,-34.5999,-0.00025402,1.1864,0.09463,9.5078e-07,0.06215,0,87.5034,0.16108,0.82842,478.7102,1388.5463
48.3826,11211.2986,39.5624,240,9.1959,-0.00088274,-0.053255,3.7702,89.9926,-0.16586,4.4336,5.6775,16.2835,-34.5999,-0.00025402,1.1864,0.09463,9.5078e-07,0.06215,0,87.5034,0.16106,0.83889,478.7102,1388.5463
48.3831,11211.6283,39.5624,239.9993,9.1959,-0.00089703,-0.021836,4.344,89.9913,-0.12009,4.4336,5.5656,16.694,-34.4513,-0.00035804,0.038236,0.10516,9.51e-07,0.062161,0,87.1553,0.16105,0.88365,478.709,1388.5284
48.3857,11211.6283,39.5624,239.9993,9.1959,-0.00089703,-0.021836,4.344,89.9913,-0.12009,4.4336,5.5656,16.694,-34.4513,-0.00035804,0.038236,0.10516,9.51e-07,0.062161,0,87.1553,0.16104,0.87858,478.709,1388.5284
48.3915,11211.958,39.5623,239.9981,9.1959,-0.0010057,0.014364,4.3704,89.9903,-0.069232,4.4336,5.4459,6.9288,-31.5705,-0.00031869,-1.5791,0.11263,9.5124e-07,0.062172,0,86.8753,0.16087,0.95844,478.7078,1388.5105
48.3998,11212.2877,39.5623,239.9975,9.1959,-0.0011621,0.050784,3.6251,89.9897,-0.014762,4.4336,5.511,-7.2908,-27.5416,-0.0001983,-1.5498,0.11739,9.5147e-07,0.062182,0,87.0202,0.16068,0.94808,478.7067,1388.4926
48.4011,11212.2877,39.5623,239.9975,9.1959,-0.0011621,0.050784,3.6251,89.9897,-0.014762,4.4336,5.511,-7.2908,-27.5416,-0.0001983,-1.5498,0.11739,9.5147e-07,0.062182,0,87.0202,0.16067,0.93741,478.7067,1388.4926
48.4011,11212.2877,39.5623,239.9975,9.1959,-0.0011621,0.050784,3.6251,89.9897,-0.014762,4.4336,5.511,-7.2908,-27.5416,-0.0001983,-1.5498,0.11739,9.5147e-07,0.062182,0,87.0202,0.16067,0.93741,478.7067,1388.4926
48.4081,11212.6173,39.5624,239.9971,9.1959,-0.0013283,0.080993,2.8942,89.9896,0.042015,4.4336,5.5691,-6.7334,-27.6323,-3.7204e-05,-1.5204,0.11973,9.517e-07,0.062193,0,87.1653,0.16049,0.92934,478.7055,1388.4747
48.4139,11212.6173,39.5624,239.9971,9.1959,-0.0013283,0.080993,2.8942,89.9896,0.042015,4.4336,5.5691,-6.7334,-27.6323,-3.7204e-05,-1.5204,0.11973,9.517e-07,0.062193,0,87.1653,0.16045,0.90009,478.7055,1388.4747
48.4139,11212.6173,39.5624,239.9971,9.1959,-0.0013283,0.080993,2.8942,89.9896,0.042015,4.4336,5.5691,-6.7334,-27.6323,-3.7204e-05,-1.5204,0.11973,9.517e-07,0.062193,0,87.1653,0.16045,0.90009,478.7055,1388.4747
48.4165,11212.947,39.5626,239.9968,9.1959,-0.0014684,0.10511,2.1776,89.9899,0.099923,4.4336,5.6214,-6.326,-27.7234,0.00010185,-1.49,0.114,9.5192e-07,0.062204,0,87.3103,0.16033,0.90674,478.7043,1388.4568
48.419,11212.947,39.5626,239.9968,9.1959,-0.0014684,0.10511,2.1776,89.9899,0.099923,4.4336,5.6214,-6.326,-27.7234,0.00010185,-1.49,0.114,9.5192e-07,0.062204,0,87.3103,0.16032,0.8968,478.7043,1388.4568
48.4242,11212.947,39.5626,239.9968,9.1959,-0.0014684,0.10511,2.1776,89.9899,0.099923,4.4336,5.6214,-6.326,-27.7234,0.00010185,-1.49,0.114,9.5192e-07,0.062204,0,87.3103,0.16029,0.88315,478.7043,1388.4568
48.4248,11213.2767,39.5628,239.9968,9.1959,-0.0015681,0.12326,1.475,89.9907,0.15506,4.4336,5.6543,-6.4118,-27.8142,0.00021196,-1.4577,0.095235,9.5214e-07,0.062215,0,87.4554,0.16023,0.88228,478.7031,1388.4389
48.4281,11213.2767,39.5628,239.9968,9.1959,-0.0015681,0.12326,1.475,89.9907,0.15506,4.4336,5.6543,-6.4118,-27.8142,0.00021196,-1.4577,0.095235,9.5214e-07,0.062215,0,87.4554,0.16021,0.87685,478.7031,1388.4389
48.4331,11213.6064,39.5631,239.997,9.1959,-0.0016073,0.13555,0.78635,89.992,0.20112,4.4336,5.6554,-7.2936,-27.9067,0.00027705,-1.4248,0.070446,9.5234e-07,0.062226,0,87.6005,0.1602,0.85683,478.702,1388.421
48.4415,11213.9361,39.5634,239.9975,9.1959,-0.0015812,0.1421,0.11149,89.9937,0.2352,4.4336,5.6425,-8.5453,-27.9963,0.00029659,-1.3921,0.042932,9.5254e-07,0.062237,0,87.7457,0.16025,0.83079,478.7008,1388.403
48.4498,11214.2658,39.5639,239.9981,9.1959,-0.0014945,0.14303,-0.54989,89.9957,0.25596,4.4336,5.6238,-9.967,-28.0812,0.00026897,-1.36,0.014711,9.5273e-07,0.062247,0,87.8909,0.16037,0.80434,478.6996,1388.3851
48.4581,11214.5955,39.5643,239.9989,9.1959,-0.0013628,0.13845,-1.1981,89.9978,0.26308,4.4336,5.6041,-11.4364,-28.1598,0.00020035,-1.3287,-0.012396,9.529e-07,0.062258,0,88.0361,0.16055,0.77757,478.6985,1388.3672
48.4665,11214.9252,39.5649,240,9.1959,-0.0012086,0.12847,-1.8334,90,0.25708,4.4336,5.588,-12.8428,-28.2315,5.7754e-05,-1.2985,-0.037164,9.5306e-07,0.062269,0,87.6875,0.16077,0.75054,478.6973,1388.3493
48.4748,11215.2549,39.5651,240,9.1959,-0.0010783,0.11319,-2.4563,90.0021,0.23911,4.4336,5.3786,-14.1117,-28.2934,-0.00011112,-1.2695,-0.058851,9.5321e-07,0.06228,0,87.3391,0.1609,0.81315,478.6961,1388.3314
48.4831,11215.5846,39.5651,239.9994,9.1959,-0.0010016,0.092718,-3.067,90.0041,0.21065,4.4336,5.1791,-15.198,-28.3477,-0.00028005,-1.2417,-0.07708,9.5334e-07,0.062291,0,86.991,0.16094,0.88416,478.6949,1388.3135
48.4884,11215.5846,39.5651,239.9994,9.1959,-0.0010016,0.092718,-3.067,90.0041,0.21065,4.4336,5.1791,-15.198,-28.3477,-0.00028005,-1.2417,-0.07708,9.5334e-07,0.062291,0,86.991,0.16091,0.87488,478.6949,1388.3135
48.4884,11215.5846,39.5651,239.9994,9.1959,-0.0010016,0.092718,-3.067,90.0041,0.21065,4.4336,5.1791,-15.198,-28.3477,-0.00028005,-1.2417,-0.07708,9.5334e-07,0.062291,0,86.991,0.16091,0.87488,478.6949,1388.3135
48.4915,11215.9143,39.565,239.9981,9.1959,-0.00099941,0.06716,-3.6658,90.0059,0.17337,4.4336,4.9903,-16.0787,-28.3959,-0.00033704,-1.2152,-0.091765,9.5347e-07,0.062302,0,86.9207,0.16087,0.95835,478.6938,1388.2956
48.4945,11215.9143,39.565,239.9981,9.1959,-0.00099941,0.06716,-3.6658,90.0059,0.17337,4.4336,4.9903,-16.0787,-28.3959,-0.00033704,-1.2152,-0.091765,9.5347e-07,0.062302,0,86.9207,0.16085,0.93295,478.6938,1388.2956
48.4995,11215.9143,39.565,239.9981,9.1959,-0.00099941,0.06716,-3.6658,90.0059,0.17337,4.4336,4.9903,-16.0787,-28.3959,-0.00033704,-1.2152,-0.091765,9.5347e-07,0.062302,0,86.9207,0.16083,0.90524,478.6938,1388.2956
48.4995,11215.9143,39.565,239.9981,9.1959,-0.00099941,0.06716,-3.6658,90.0059,0.17337,4.4336,4.9903,-16.0787,-28.3959,-0.00033704,-1.2152,-0.091765,9.5347e-07,0.062302,0,86.9207,0.16083,0.90524,478.6938,1388.2956
48.4998,11216.244,39.565,239.9975,9.1959,-0.0010411,0.036612,-4.2531,90.0073,0.12899,4.4336,5.0023,-16.7484,-28.4444,-0.0003081,-0.31422,-0.10304,9.5359e-07,0.062312,0,87.0657,0.16079,0.94754,478.6926,1388.2777
48.5001,11216.244,39.565,239.9975,9.1959,-0.0010411,0.036612,-4.2531,90.0073,0.12899,4.4336,5.0023,-16.7484,-28.4444,-0.0003081,-0.31422,-0.10304,9.5359e-07,0.062312,0,87.0657,0.16079,0.94499,478.6926,1388.2777
48.5007,11216.244,39.565,239.9975,9.1959,-0.0010411,0.036612,-4.2531,90.0073,0.12899,4.4336,5.0023,-16.7484,-28.4444,-0.0003081,-0.31422,-0.10304,9.5359e-07,0.062312,0,87.0657,0.16079,0.94011,478.6926,1388.2777
48.5019,11216.244,39.565,239.9975,9.1959,-0.0010411,0.036612,-4.2531,90.0073,0.12899,4.4336,5.0023,-16.7484,-28.4444,-0.0003081,-0.31422,-0.10304,9.5359e-07,0.062312,0,87.0657,0.16078,0.93121,478.6926,1388.2777
48.5044,11216.244,39.565,239.9975,9.1959,-0.0010411,0.036612,-4.2531,90.0073,0.12899,4.4336,5.0023,-16.7484,-28.4444,-0.0003081,-0.31422,-0.10304,9.5359e-07,0.062312,0,87.0657,0.16077,0.91635,478.6926,1388.2777
48.5075,11216.244,39.565,239.9975,9.1959,-0.0010411,0.036612,-4.2531,90.0073,0.12899,4.4336,5.0023,-16.7484,-28.4444,-0.0003081,-0.31422,-0.10304,9.5359e-07,0.062312,0,87.0657,0.16075,0.90197,478.6926,1388.2777
48.5075,11216.244,39.565,239.9975,9.1959,-0.0010411,0.036612,-4.2531,90.0073,0.12899,4.4336,5.0023,-16.7484,-28.4444,-0.0003081,-0.31422,-0.10304,9.5359e-07,0.062312,0,87.0657,0.16075,0.90197,478.6926,1388.2777
48.5081,11216.5737,39.5651,239.9971,9.1959,-0.0011084,0.0011694,-4.4111,90.0084,0.079161,4.4336,5.0212,-9.2717,-30.6913,-0.00018998,1.3264,-0.11113,9.5371e-07,0.062323,0,87.2107,0.1607,0.92884,478.6914,1388.2598
48.5088,11216.5737,39.5651,239.9971,9.1959,-0.0011084,0.0011694,-4.4111,90.0084,0.079161,4.4336,5.0212,-9.2717,-30.6913,-0.00018998,1.3264,-0.11113,9.5371e-07,0.062323,0,87.2107,0.1607,0.92458,478.6914,1388.2598
48.5101,11216.5737,39.5651,239.9971,9.1959,-0.0011084,0.0011694,-4.4111,90.0084,0.079161,4.4336,5.0212,-9.2717,-30.6913,-0.00018998,1.3264,-0.11113,9.5371e-07,0.062323,0,87.2107,0.16069,0.91686,478.6914,1388.2598
48.5128,11216.5737,39.5651,239.9971,9.1959,-0.0011084,0.0011694,-4.4111,90.0084,0.079161,4.4336,5.0212,-9.2717,-30.6913,-0.00018998,1.3264,-0.11113,9.5371e-07,0.062323,0,87.2107,0.16067,0.90419,478.6914,1388.2598
48.5165,11216.9034,39.5653,239.9969,9.1959,-0.0011819,-0.035589,-3.7863,90.0091,0.025414,4.4336,5.0472,5.1113,-34.8097,-5.4906e-05,1.5561,-0.11649,9.5382e-07,0.062334,0,87.3557,0.16061,0.90641,478.6902,1388.2419
48.5171,11216.9034,39.5653,239.9969,9.1959,-0.0011819,-0.035589,-3.7863,90.0091,0.025414,4.4336,5.0472,5.1113,-34.8097,-5.4906e-05,1.5561,-0.11649,9.5382e-07,0.062334,0,87.3557,0.16061,0.90374,478.6902,1388.2419
48.5171,11216.9034,39.5653,239.9969,9.1959,-0.0011819,-0.035589,-3.7863,90.0091,0.025414,4.4336,5.0472,5.1113,-34.8097,-5.4906e-05,1.5561,-0.11649,9.5382e-07,0.062334,0,87.3557,0.16061,0.90374,478.6902,1388.2419
48.5248,11217.2332,39.5655,239.9969,9.1959,-0.0012595,-0.067142,-3.0524,90.0093,-0.030923,4.4336,5.0804,6.8603,-35.4023,6.5242e-05,1.5267,-0.11944,9.5394e-07,0.062345,0,87.5008,0.16054,0.88221,478.6891,1388.224
48.5297,11217.2332,39.5655,239.9969,9.1959,-0.0012595,-0.067142,-3.0524,90.0093,-0.030923,4.4336,5.0804,6.8603,-35.4023,6.5242e-05,1.5267,-0.11944,9.5394e-07,0.062345,0,87.5008,0.16051,0.87469,478.6891,1388.224
48.5297,11217.2332,39.5655,239.9969,9.1959,-0.0012595,-0.067142,-3.0524,90.0093,-0.030923,4.4336,5.0804,6.8603,-35.4023,6.5242e-05,1.5267,-0.11944,9.5394e-07,0.062345,0,87.5008,0.16051,0.87469,478.6891,1388.224
48.5331,11217.5629,39.5658,239.9971,9.1959,-0.0013341,-0.092578,-2.3327,90.009,-0.088691,4.4336,5.1201,6.4089,-35.3448,0.00015635,1.4966,-0.11563,9.5406e-07,0.062356,0,87.6459,0.16047,0.85704,478.6879,1388.2061
48.5366,11217.5629,39.5658,239.9971,9.1959,-0.0013341,-0.092578,-2.3327,90.009,-0.088691,4.4336,5.1201,6.4089,-35.3448,0.00015635,1.4966,-0.11563,9.5406e-07,0.062356,0,87.6459,0.16045,0.85868,478.6879,1388.2061
48.5415,11217.8926,39.5661,239.9975,9.1959,-0.0013971,-0.11202,-1.627,90.0083,-0.14462,4.4336,5.1776,6.3734,-35.2821,0.00021589,1.4646,-0.099239,9.5418e-07,0.062367,0,87.7911,0.16044,0.83127,478.6867,1388.1882
48.5498,11218.2223,39.5665,239.9981,9.1959,-0.0014316,-0.12558,-0.9354,90.0071,-0.19261,4.4336,5.2674,7.1073,-35.2115,0.00024103,1.4319,-0.075519,9.5432e-07,0.062377,0,87.9363,0.16044,0.80505,478.6855,1388.1703
48.5581,11218.552,39.567,239.999,9.1959,-0.0014263,-0.13337,-0.25758,90.0055,-0.22914,4.4335,5.3765,8.2921,-35.1355,0.00023326,1.3991,-0.048498,9.5446e-07,0.062388,0,88.0815,0.16049,0.77847,478.6844,1388.1524
48.5665,11218.8817,39.5676,240,9.1959,-0.0013782,-0.13552,0.4067,90.0036,-0.2526,4.4335,5.4946,9.6832,-35.0558,0.00014896,1.3668,-0.020366,9.5462e-07,0.062399,0,87.7329,0.16061,0.75156,478.6832,1388.1345
48.5748,11219.2115,39.5678,240,9.1959,-0.0013148,-0.13213,1.0577,90.0014,-0.26245,4.4335,5.4167,11.1478,-34.9705,2.4495e-05,1.3353,0.0070124,9.5478e-07,0.06241,0,87.3846,0.16067,0.81423,478.682,1388.1166
48.5831,11219.5412,39.5678,239.9994,9.1959,-0.001256,-0.12331,1.6958,89.9993,-0.25906,4.4335,5.3396,12.5723,-34.8822,-0.00012341,1.3049,0.032279,9.5496e-07,0.062421,0,87.0365,0.16069,0.88526,478.6808,1388.0987
48.5915,11219.8709,39.5676,239.9981,9.1959,-0.0012225,-0.10918,2.3214,89.9971,-0.24345,4.4336,5.2595,13.8743,-34.7924,-0.00019267,1.2756,0.0546,9.5515e-07,0.062432,0,86.9962,0.16064,0.95944,478.6797,1388.0808
48.5998,11220.2007,39.5677,239.9975,9.1959,-0.0011925,-0.089837,2.9347,89.9951,-0.21704,4.4336,5.3651,15.003,-34.7072,-0.00021399,1.2476,0.073531,9.5534e-07,0.062442,0,87.1412,0.16063,0.94842,478.6785,1388.0629
48.6023,11220.2007,39.5677,239.9975,9.1959,-0.0011925,-0.089837,2.9347,89.9951,-0.21704,4.4336,5.3651,15.003,-34.7072,-0.00021399,1.2476,0.073531,9.5534e-07,0.062442,0,87.1412,0.16062,0.92918,478.6785,1388.0629
48.6023,11220.2007,39.5677,239.9975,9.1959,-0.0011925,-0.089837,2.9347,89.9951,-0.21704,4.4336,5.3651,15.003,-34.7072,-0.00021399,1.2476,0.073531,9.5534e-07,0.062442,0,87.1412,0.16062,0.92918,478.6785,1388.0629
48.6081,11220.5304,39.5678,239.9971,9.1959,-0.0011631,-0.065381,3.536,89.9933,-0.18148,4.4336,5.462,15.9312,-34.625,-0.00018185,1.2208,0.088928,9.5555e-07,0.062453,0,87.2861,0.16064,0.92902,478.6773,1388.045
48.6132,11220.5304,39.5678,239.9971,9.1959,-0.0011631,-0.065381,3.536,89.9933,-0.18148,4.4336,5.462,15.9312,-34.625,-0.00018185,1.2208,0.088928,9.5555e-07,0.062453,0,87.2861,0.16061,0.90266,478.6773,1388.045
48.6132,11220.5304,39.5678,239.9971,9.1959,-0.0011631,-0.065381,3.536,89.9933,-0.18148,4.4336,5.462,15.9312,-34.625,-0.00018185,1.2208,0.088928,9.5555e-07,0.062453,0,87.2861,0.16061,0.90266,478.6773,1388.045
48.6165,11220.8601,39.5679,239.9969,9.196,-0.0011312,-0.035915,4.1258,89.9918,-0.13847,4.4336,5.5495,16.6502,-34.546,-0.00013517,0.69978,0.10088,9.5577e-07,0.062464,0,87.4312,0.16066,0.90596,478.6761,1388.0271
48.6197,11220.8601,39.5679,239.9969,9.196,-0.0011312,-0.035915,4.1258,89.9918,-0.13847,4.4336,5.5495,16.6502,-34.546,-0.00013517,0.69978,0.10088,9.5577e-07,0.062464,0,87.4312,0.16064,0.89393,478.6761,1388.0271
48.6216,11220.8601,39.5679,239.9969,9.196,-0.0011312,-0.035915,4.1258,89.9918,-0.13847,4.4336,5.5495,16.6502,-34.546,-0.00013517,0.69978,0.10088,9.5577e-07,0.062464,0,87.4312,0.16063,0.88858,478.6761,1388.0271
48.6216,11220.8601,39.5679,239.9969,9.196,-0.0011312,-0.035915,4.1258,89.9918,-0.13847,4.4336,5.5495,16.6502,-34.546,-0.00013517,0.69978,0.10088,9.5577e-07,0.062464,0,87.4312,0.16063,0.88858,478.6761,1388.0271
48.6248,11221.1899,39.5681,239.9969,9.196,-0.0011124,-0.0015331,4.4677,89.9906,-0.089684,4.4336,5.6268,12.6669,-33.2351,-6.4731e-05,-0.9399,0.10961,9.5599e-07,0.062475,0,87.5763,0.16068,0.88173,478.675,1388.0092
48.628,11221.1899,39.5681,239.9969,9.196,-0.0011124,-0.0015331,4.4677,89.9906,-0.089684,4.4336,5.6268,12.6669,-33.2351,-6.4731e-05,-0.9399,0.10961,9.5599e-07,0.062475,0,87.5763,0.16066,0.87658,478.675,1388.0092
48.6331,11221.5196,39.5684,239.9971,9.196,-0.0011184,0.035698,4.0274,89.9899,-0.036676,4.4336,5.6958,-1.6747,-29.1461,2.1963e-05,-1.5656,0.11551,9.5621e-07,0.062486,0,87.7214,0.16068,0.85669,478.6738,1387.9913
48.6415,11221.8493,39.5688,239.9975,9.196,-0.0011534,0.069259,3.2888,89.9895,0.019189,4.4336,5.7578,-6.9917,-27.5986,9.405e-05,-1.5362,0.11894,9.5643e-07,0.062496,0,87.8665,0.16067,0.83116,478.6726,1387.9734
48.6453,11221.8493,39.5688,239.9975,9.196,-0.0011534,0.069259,3.2888,89.9895,0.019189,4.4336,5.7578,-6.9917,-27.5986,9.405e-05,-1.5362,0.11894,9.5643e-07,0.062496,0,87.8665,0.16065,0.8411,478.6726,1387.9734
48.6453,11221.8493,39.5688,239.9975,9.196,-0.0011534,0.069259,3.2888,89.9895,0.019189,4.4336,5.7578,-6.9917,-27.5986,9.405e-05,-1.5362,0.11894,9.5643e-07,0.062496,0,87.8665,0.16065,0.8411,478.6726,1387.9734
48.6498,11222.1791,39.5692,239.9981,9.196,-0.0012133,0.096666,2.5646,89.9897,0.076712,4.4335,5.8142,-6.5169,-27.6861,0.00014628,-1.5063,0.1176,9.5664e-07,0.062507,0,88.0117,0.16065,0.80523,478.6714,1387.9555
48.6543,11222.1791,39.5692,239.9981,9.196,-0.0012133,0.096666,2.5646,89.9897,0.076712,4.4335,5.8142,-6.5169,-27.6861,0.00014628,-1.5063,0.1176,9.5664e-07,0.062507,0,88.0117,0.16063,0.82597,478.6714,1387.9555
48.6581,11222.5088,39.5697,239.9989,9.196,-0.0012874,0.11804,1.8544,89.9903,0.13359,4.4335,5.8594,-6.3345,-27.7718,0.00017947,-1.4748,0.10455,9.5685e-07,0.062518,0,88.1569,0.16063,0.77892,478.6703,1387.9376
48.6665,11222.8386,39.5702,240,9.196,-0.0013536,0.13349,1.1583,89.9915,0.18415,4.4335,5.8762,-6.8665,-27.8593,0.00014797,-1.4422,0.082344,9.5705e-07,0.062529,0,87.8083,0.16063,0.75225,478.6691,1387.9197
48.6748,11223.1683,39.5704,240,9.196,-0.0014118,0.14314,0.47611,89.993,0.22398,4.4335,5.6712,-7.9592,-27.944,8.4224e-05,-1.4094,0.055998,9.5724e-07,0.06254,0,87.46,0.16057,0.81509,478.6679,1387.9018
48.6831,11223.4981,39.5705,239.9993,9.196,-0.0014555,0.14711,-0.19248,89.9949,0.25106,4.4335,5.4587,-9.3076,-28.0253,-4.9432e-06,-1.3769,0.027995,9.5742e-07,0.062551,0,87.1119,0.16049,0.88623,478.6667,1387.8839
48.6915,11223.8278,39.5703,239.9981,9.196,-0.0014849,0.14551,-0.84772,89.997,0.26461,4.4335,5.2447,-10.7611,-28.1021,-2.9458e-05,-1.3451,0.00026944,9.5758e-07,0.062561,0,87.0565,0.16038,0.96049,478.6656,1387.866
48.6998,11224.1576,39.5703,239.9974,9.196,-0.0014671,0.13844,-1.4899,89.9992,0.26474,4.4335,5.2247,-12.2025,-28.1784,-3.0139e-05,-1.3143,-0.025665,9.5773e-07,0.062572,0,87.2014,0.16036,0.9495,478.6644,1387.8481
48.7081,11224.4873,39.5704,239.997,9.196,-0.0013979,0.12603,-2.1195,90.0014,0.25233,4.4336,5.2094,-13.5397,-28.251,-9.6861e-06,-1.2847,-0.048843,9.5787e-07,0.062583,0,87.3464,0.1604,0.93016,478.6632,1387.8302
48.7165,11224.8171,39.5705,239.9968,9.196,-0.0012816,0.10836,-2.7366,90.0035,0.2287,4.4336,5.2011,-14.7142,-28.3191,-1.6981e-05,-1.2563,-0.068726,9.58e-07,0.062594,0,87.4914,0.1605,0.90702,478.662,1387.8123
48.7248,11225.1468,39.5707,239.9968,9.196,-0.0011509,0.08556,-3.3418,90.0054,0.19547,4.4336,5.2014,-15.693,-28.3797,-3.6662e-05,-1.2292,-0.085091,9.5812e-07,0.062605,0,87.6365,0.16063,0.88214,478.6609,1387.7944
48.7264,11225.1468,39.5707,239.9968,9.196,-0.0011509,0.08556,-3.3418,90.0054,0.19547,4.4336,5.2014,-15.693,-28.3797,-3.6662e-05,-1.2292,-0.085091,9.5812e-07,0.062605,0,87.6365,0.16062,0.87931,478.6609,1387.7944
48.7264,11225.1468,39.5707,239.9968,9.196,-0.0011509,0.08556,-3.3418,90.0054,0.19547,4.4336,5.2014,-15.693,-28.3797,-3.6662e-05,-1.2292,-0.085091,9.5812e-07,0.062605,0,87.6365,0.16062,0.87931,478.6609,1387.7944
48.7331,11225.4766,39.571,239.997,9.196,-0.0010336,0.057712,-3.9353,90.007,0.15432,4.4336,5.2106,-16.4626,-28.4336,-5.4355e-05,-1.0626,-0.097969,9.5823e-07,0.062616,0,87.7816,0.16075,0.85637,478.6597,1387.7765
48.7357,11225.4766,39.571,239.997,9.196,-0.0010336,0.057712,-3.9353,90.007,0.15432,4.4336,5.2106,-16.4626,-28.4336,-5.4355e-05,-1.0626,-0.097969,9.5823e-07,0.062616,0,87.7816,0.16074,0.85781,478.6597,1387.7765
48.7357,11225.4766,39.571,239.997,9.196,-0.0010336,0.057712,-3.9353,90.007,0.15432,4.4336,5.2106,-16.4626,-28.4336,-5.4355e-05,-1.0626,-0.097969,9.5823e-07,0.062616,0,87.7816,0.16074,0.85781,478.6597,1387.7765
48.7415,11225.8063,39.5713,239.9974,9.196,-0.00095207,0.024918,-4.4502,90.0083,0.10694,4.4335,5.2272,-15.7481,-28.8352,-5.7878e-05,0.46083,-0.10757,9.5833e-07,0.062626,0,87.9267,0.16086,0.83068,478.6585,1387.7586
48.7473,11225.8063,39.5713,239.9974,9.196,-0.00095207,0.024918,-4.4502,90.0083,0.10694,4.4335,5.2272,-15.7481,-28.8352,-5.7878e-05,0.46083,-0.10757,9.5833e-07,0.062626,0,87.9267,0.16083,0.84474,478.6585,1387.7586
48.7498,11226.1361,39.5718,239.9981,9.196,-0.00092228,-0.012167,-4.2385,90.0092,0.054911,4.4335,5.2514,-2.5209,-32.6448,-2.8236e-05,1.5739,-0.1142,9.5843e-07,0.062637,0,88.0719,0.16093,0.80484,478.6573,1387.7407
48.7581,11226.4659,39.5722,239.9989,9.196,-0.00094754,-0.047488,-3.4958,90.0096,-0.00032025,4.4335,5.2829,7.1654,-35.4417,8.0466e-06,1.5445,-0.11826,9.5852e-07,0.062648,0,88.1477,0.16096,0.77875,478.6562,1387.7228
48.7606,11226.4659,39.5722,239.9989,9.196,-0.00094754,-0.047488,-3.4958,90.0096,-0.00032025,4.4335,5.2829,7.1654,-35.4417,8.0466e-06,1.5445,-0.11826,9.5852e-07,0.062648,0,88.1477,0.16095,0.7971,478.6562,1387.7228
48.7606,11226.4659,39.5722,239.9989,9.196,-0.00094754,-0.047488,-3.4958,90.0096,-0.00032025,4.4335,5.2829,7.1654,-35.4417,8.0466e-06,1.5445,-0.11826,9.5852e-07,0.062648,0,88.1477,0.16095,0.7971,478.6562,1387.7228
48.7665,11226.7956,39.5728,239.9999,9.196,-0.0010194,-0.076619,-2.7675,90.0096,-0.057517,4.4335,5.3212,6.6443,-35.3808,-5.3022e-06,1.515,-0.11939,9.5862e-07,0.062659,0,87.7992,0.16096,0.7524,478.655,1387.7049
48.7723,11226.7956,39.5728,239.9999,9.196,-0.0010194,-0.076619,-2.7675,90.0096,-0.057517,4.4335,5.3212,6.6443,-35.3808,-5.3022e-06,1.515,-0.11939,9.5862e-07,0.062659,0,87.7992,0.16092,0.80061,478.655,1387.7049
48.7738,11226.7956,39.5728,239.9999,9.196,-0.0010194,-0.076619,-2.7675,90.0096,-0.057517,4.4335,5.3212,6.6443,-35.3808,-5.3022e-06,1.515,-0.11939,9.5862e-07,0.062659,0,87.7992,0.16092,0.80918,478.655,1387.7049
48.7738,11226.7956,39.5728,239.9999,9.196,-0.0010194,-0.076619,-2.7675,90.0096,-0.057517,4.4335,5.3212,6.6443,-35.3808,-5.3022e-06,1.515,-0.11939,9.5862e-07,0.062659,0,87.7992,0.16092,0.80918,478.655,1387.7049
48.7748,11227.1254,39.573,239.9999,9.196,-0.0011439,-0.099682,-2.0534,90.0092,-0.11526,4.4335,5.168,6.3058,-35.3148,-3.4326e-05,1.484,-0.11022,9.5873e-07,0.06267,0,87.4508,0.16083,0.81551,478.6538,1387.687
48.7758,11227.1254,39.573,239.9999,9.196,-0.0011439,-0.099682,-2.0534,90.0092,-0.11526,4.4335,5.168,6.3058,-35.3148,-3.4326e-05,1.484,-0.11022,9.5873e-07,0.06267,0,87.4508,0.16083,0.81975,478.6538,1387.687
48.7777,11227.1254,39.573,239.9999,9.196,-0.0011439,-0.099682,-2.0534,90.0092,-0.11526,4.4335,5.168,6.3058,-35.3148,-3.4326e-05,1.484,-0.11022,9.5873e-07,0.06267,0,87.4508,0.16082,0.82707,478.6538,1387.687
48.7816,11227.1254,39.573,239.9999,9.196,-0.0011439,-0.099682,-2.0534,90.0092,-0.11526,4.4335,5.168,6.3058,-35.3148,-3.4326e-05,1.484,-0.11022,9.5873e-07,0.06267,0,87.4508,0.1608,0.83809,478.6538,1387.687
48.7831,11227.4552,39.5731,239.9993,9.196,-0.0013016,-0.11679,-1.3533,90.0082,-0.16857,4.4335,5.043,6.5978,-35.2425,-7.4384e-05,1.4515,-0.089809,9.5884e-07,0.062681,0,87.1028,0.16064,0.88689,478.6526,1387.6691
48.7915,11227.785,39.5729,239.998,9.196,-0.0014657,-0.12807,-0.66723,90.0068,-0.21201,4.4335,4.9489,7.578,-35.1639,-3.8007e-05,1.4187,-0.064269,9.5896e-07,0.062691,0,87.086,0.1604,0.96133,478.6515,1387.6512
48.7998,11228.1147,39.5729,239.9974,9.196,-0.0015757,-0.13363,0.0051682,90.005,-0.24309,4.4335,5.0609,8.8755,-35.0872,2.6217e-05,1.386,-0.036464,9.5909e-07,0.062702,0,87.2309,0.16025,0.9505,478.6503,1387.6333
48.8081,11228.4445,39.573,239.9969,9.196,-0.0016036,-0.13359,0.66413,90.003,-0.26073,4.4335,5.1789,10.3165,-35.0106,0.00010354,1.354,-0.0084059,9.5923e-07,0.062713,0,87.3759,0.16019,0.93125,478.6491,1387.6154
48.8165,11228.7743,39.5731,239.9967,9.196,-0.0015383,-0.12805,1.31,90.0008,-0.26479,4.4335,5.2981,11.7788,-34.9339,0.00013409,1.3229,0.018233,9.5938e-07,0.062724,0,87.5209,0.16024,0.90817,478.6479,1387.5975
48.8248,11229.1041,39.5733,239.9967,9.196,-0.0014067,-0.11714,1.943,89.9986,-0.25598,4.4335,5.4144,13.1608,-34.8545,0.00012489,1.293,0.042337,9.5954e-07,0.062735,0,87.6659,0.16037,0.88331,478.6468,1387.5796
48.8331,11229.4338,39.5736,239.9969,9.196,-0.00124,-0.10095,2.5637,89.9965,-0.2355,4.4335,5.525,14.3946,-34.7729,7.7022e-05,1.2642,0.063255,9.5972e-07,0.062746,0,87.811,0.16054,0.85756,478.6456,1387.5617
48.8415,11229.7636,39.5739,239.9973,9.196,-0.0010746,-0.079582,3.1722,89.9945,-0.20491,4.4335,5.6281,15.4404,-34.6894,8.4227e-06,1.2368,0.080681,9.599e-07,0.062756,0,87.9562,0.16073,0.83133,478.6444,1387.5438
48.8488,11229.7636,39.5739,239.9973,9.196,-0.0010746,-0.079582,3.1722,89.9945,-0.20491,4.4335,5.6281,15.4404,-34.6894,8.4227e-06,1.2368,0.080681,9.599e-07,0.062756,0,87.9562,0.16069,0.84767,478.6444,1387.5438
48.8488,11229.7636,39.5739,239.9973,9.196,-0.0010746,-0.079582,3.1722,89.9945,-0.20491,4.4335,5.6281,15.4404,-34.6894,8.4227e-06,1.2368,0.080681,9.599e-07,0.062756,0,87.9562,0.16069,0.84767,478.6444,1387.5438
48.8498,11230.0934,39.5743,239.9979,9.196,-0.00094151,-0.053147,3.7689,89.9928,-0.16589,4.4335,5.7226,16.2795,-34.6049,-5.6151e-05,1.1875,0.094581,9.6009e-07,0.062767,0,88.1013,0.1609,0.80478,478.6432,1387.5259
48.8499,11230.0934,39.5743,239.9979,9.196,-0.00094151,-0.053147,3.7689,89.9928,-0.16589,4.4335,5.7226,16.2795,-34.6049,-5.6151e-05,1.1875,0.094581,9.6009e-07,0.062767,0,88.1013,0.1609,0.80531,478.6432,1387.5259
48.8499,11230.0934,39.5743,239.9979,9.196,-0.00094151,-0.053147,3.7689,89.9928,-0.16589,4.4335,5.7226,16.2795,-34.6049,-5.6151e-05,1.1875,0.094581,9.6009e-07,0.062767,0,88.1013,0.1609,0.80531,478.6432,1387.5259
48.8509,11230.0934,39.5743,239.9979,9.196,-0.00094151,-0.053147,3.7689,89.9928,-0.16589,4.4335,5.7226,16.2795,-34.6049,-5.6151e-05,1.1875,0.094581,9.6009e-07,0.062767,0,88.1013,0.16089,0.81057,478.6432,1387.5259
48.8518,11230.0934,39.5743,239.9979,9.196,-0.00094151,-0.053147,3.7689,89.9928,-0.16589,4.4335,5.7226,16.2795,-34.6049,-5.6151e-05,1.1875,0.094581,9.6009e-07,0.062767,0,88.1013,0.16089,0.81535,478.6432,1387.5259
48.8538,11230.0934,39.5743,239.9979,9.196,-0.00094151,-0.053147,3.7689,89.9928,-0.16589,4.4335,5.7226,16.2795,-34.6049,-5.6151e-05,1.1875,0.094581,9.6009e-07,0.062767,0,88.1013,0.16088,0.82363,478.6432,1387.5259
48.8576,11230.0934,39.5743,239.9979,9.196,-0.00094151,-0.053147,3.7689,89.9928,-0.16589,4.4335,5.7226,16.2795,-34.6049,-5.6151e-05,1.1875,0.094581,9.6009e-07,0.062767,0,88.1013,0.16086,0.83607,478.6432,1387.5259
48.8581,11230.4232,39.5748,239.9988,9.196,-0.00086142,-0.021739,4.3432,89.9914,-0.12015,4.4335,5.8075,16.7012,-34.4639,-9.7685e-05,0.040902,0.10512,9.6029e-07,0.062778,0,88.1932,0.16103,0.77833,478.6421,1387.508
48.8606,11230.4232,39.5748,239.9988,9.196,-0.00086142,-0.021739,4.3432,89.9914,-0.12015,4.4335,5.8075,16.7012,-34.4639,-9.7685e-05,0.040902,0.10512,9.6029e-07,0.062778,0,88.1932,0.16102,0.7967,478.6421,1387.508
48.8665,11230.753,39.5754,239.9998,9.196,-0.0008458,0.014454,4.3709,89.9904,-0.06931,4.4335,5.8829,6.9505,-31.591,-0.00013888,-1.579,0.1126,9.6049e-07,0.062789,0,87.8447,0.16112,0.752,478.6409,1387.4901
48.8748,11231.0828,39.5756,239.9998,9.196,-0.00091635,0.050878,3.6257,89.9899,-0.014856,4.4335,5.7508,-7.2914,-27.5516,-0.00016266,-1.5496,0.11737,9.6069e-07,0.0628,0,87.4964,0.16105,0.81526,478.6397,1387.4722
48.8761,11231.0828,39.5756,239.9998,9.196,-0.00091635,0.050878,3.6257,89.9899,-0.014856,4.4335,5.7508,-7.2914,-27.5516,-0.00016266,-1.5496,0.11737,9.6069e-07,0.0628,0,87.4964,0.16104,0.82098,478.6397,1387.4722
48.8761,11231.0828,39.5756,239.9998,9.196,-0.00091635,0.050878,3.6257,89.9899,-0.014856,4.4335,5.7508,-7.2914,-27.5516,-0.00016266,-1.5496,0.11737,9.6069e-07,0.0628,0,87.4964,0.16104,0.82098,478.6397,1387.4722
48.8831,11231.4126,39.5756,239.9992,9.196,-0.0010656,0.081092,2.8949,89.9897,0.041908,4.4335,5.6141,-6.7338,-27.634,-0.0001859,-1.5203,0.11972,9.6089e-07,0.062811,0,87.1484,0.16086,0.88688,478.6385,1387.4543
48.8889,11231.4126,39.5756,239.9992,9.196,-0.0010656,0.081092,2.8949,89.9897,0.041908,4.4335,5.6141,-6.7338,-27.634,-0.0001859,-1.5203,0.11972,9.6089e-07,0.062811,0,87.1484,0.16083,0.87588,478.6385,1387.4543
48.8889,11231.4126,39.5756,239.9992,9.196,-0.0010656,0.081092,2.8949,89.9897,0.041908,4.4335,5.6141,-6.7338,-27.634,-0.0001859,-1.5203,0.11972,9.6089e-07,0.062811,0,87.1484,0.16083,0.87588,478.6385,1387.4543
48.8915,11231.7424,39.5755,239.9979,9.196,-0.0012767,0.10522,2.1783,89.9901,0.09981,4.4335,5.4738,-6.3257,-27.7145,-0.00011754,-1.4899,0.11401,9.6108e-07,0.062821,0,87.068,0.16058,0.96157,478.6374,1387.4364
48.894,11231.7424,39.5755,239.9979,9.196,-0.0012767,0.10522,2.1783,89.9901,0.09981,4.4335,5.4738,-6.3257,-27.7145,-0.00011754,-1.4899,0.11401,9.6108e-07,0.062821,0,87.068,0.16056,0.93911,478.6374,1387.4364
48.8992,11231.7424,39.5755,239.9979,9.196,-0.0012767,0.10522,2.1783,89.9901,0.09981,4.4335,5.4738,-6.3257,-27.7145,-0.00011754,-1.4899,0.11401,9.6108e-07,0.062821,0,87.068,0.16054,0.9083,478.6374,1387.4364
48.8998,11232.0722,39.5755,239.9973,9.196,-0.0014813,0.12337,1.4757,89.9909,0.15495,4.4335,5.5065,-6.4103,-27.8012,-8.6273e-06,-1.4576,0.095257,9.6127e-07,0.062832,0,87.2129,0.16033,0.95099,478.6362,1387.4185
48.9029,11232.0722,39.5755,239.9973,9.196,-0.0014813,0.12337,1.4757,89.9909,0.15495,4.4335,5.5065,-6.4103,-27.8012,-8.6273e-06,-1.4576,0.095257,9.6127e-07,0.062832,0,87.2129,0.16032,0.92719,478.6362,1387.4185
48.9081,11232.4019,39.5756,239.9968,9.196,-0.0016259,0.13567,0.78715,89.9922,0.20102,4.4335,5.5069,-7.2912,-27.8936,0.00012395,-1.4247,0.070478,9.6145e-07,0.062843,0,87.3579,0.16016,0.93197,478.635,1387.4006
48.9165,11232.7317,39.5757,239.9966,9.196,-0.001673,0.14223,0.11234,89.9939,0.23511,4.4335,5.4928,-8.5423,-27.9868,0.00021442,-1.392,0.042972,9.6161e-07,0.062854,0,87.5029,0.1601,0.90907,478.6338,1387.3827
48.9248,11233.0615,39.5759,239.9966,9.196,-0.0016257,0.14316,-0.54899,89.9958,0.2559,4.4335,5.4728,-9.9637,-28.0754,0.00025795,-1.3599,0.014755,9.6177e-07,0.062865,0,87.6479,0.16014,0.88433,478.6327,1387.3648
48.9331,11233.3913,39.5761,239.9968,9.196,-0.0014994,0.13859,-1.1971,89.998,0.26303,4.4335,5.4519,-11.4328,-28.1578,0.00024478,-1.3286,-0.01235,9.6191e-07,0.062876,0,87.793,0.16027,0.85865,478.6315,1387.3469
48.9415,11233.7211,39.5765,239.9972,9.196,-0.0013241,0.12861,-1.8324,90.0002,0.25706,4.4335,5.4347,-12.8391,-28.2324,0.00018438,-1.2984,-0.037117,9.6204e-07,0.062886,0,87.9381,0.16047,0.83246,478.6303,1387.329
48.9498,11234.0509,39.5769,239.9978,9.196,-0.0011333,0.11334,-2.4553,90.0023,0.23911,4.4335,5.4239,-14.108,-28.299,9.1025e-05,-1.2694,-0.058806,9.6215e-07,0.062897,0,88.0833,0.1607,0.80593,478.6291,1387.3111
48.9581,11234.3808,39.5773,239.9986,9.196,-0.00096007,0.09288,-3.0659,90.0043,0.21067,4.4335,5.4212,-15.1946,-28.358,-1.5502e-05,-1.2417,-0.077039,9.6226e-07,0.062908,0,88.2284,0.16092,0.77914,478.628,1387.2932
48.9634,11234.3808,39.5773,239.9986,9.196,-0.00096007,0.09288,-3.0659,90.0043,0.21067,4.4335,5.4212,-15.1946,-28.358,-1.5502e-05,-1.2417,-0.077039,9.6226e-07,0.062908,0,88.2284,0.16089,0.813,478.628,1387.2932
48.9634,11234.3808,39.5773,239.9986,9.196,-0.00096007,0.09288,-3.0659,90.0043,0.21067,4.4335,5.4212,-15.1946,-28.358,-1.5502e-05,-1.2417,-0.077039,9.6226e-07,0.062908,0,88.2284,0.16089,0.813,478.628,1387.2932
48.9665,11234.7106,39.5779,239.9997,9.196,-0.00083151,0.067331,-3.6647,90.006,0.17341,4.4335,5.4274,-16.0758,-28.4101,-0.00015442,-1.2152,-0.09173,9.6236e-07,0.062919,0,87.88,0.16111,0.75215,478.6268,1387.2753
48.9696,11234.7106,39.5779,239.9997,9.196,-0.00083151,0.067331,-3.6647,90.006,0.17341,4.4335,5.4274,-16.0758,-28.4101,-0.00015442,-1.2152,-0.09173,9.6236e-07,0.062919,0,87.88,0.1611,0.78124,478.6268,1387.2753
48.9745,11234.7106,39.5779,239.9997,9.196,-0.00083151,0.067331,-3.6647,90.006,0.17341,4.4335,5.4274,-16.0758,-28.4101,-0.00015442,-1.2152,-0.09173,9.6236e-07,0.062919,0,87.88,0.16107,0.81239,478.6268,1387.2753
48.9745,11234.7106,39.5779,239.9997,9.196,-0.00083151,0.067331,-3.6647,90.006,0.17341,4.4335,5.4274,-16.0758,-28.4101,-0.00015442,-1.2152,-0.09173,9.6236e-07,0.062919,0,87.88,0.16107,0.81239,478.6268,1387.2753
48.9748,11235.0404,39.5781,239.9997,9.196,-0.00078587,0.036792,-4.252,90.0075,0.12905,4.4335,5.2423,-16.7461,-28.4543,-0.00027076,-0.31701,-0.10301,9.6245e-07,0.06293,0,87.5317,0.16116,0.81491,478.6256,1387.2574
48.9751,11235.0404,39.5781,239.9997,9.196,-0.00078587,0.036792,-4.252,90.0075,0.12905,4.4335,5.2423,-16.7461,-28.4543,-0.00027076,-0.31701,-0.10301,9.6245e-07,0.06293,0,87.5317,0.16116,0.81645,478.6256,1387.2574
48.9758,11235.0404,39.5781,239.9997,9.196,-0.00078587,0.036792,-4.252,90.0075,0.12905,4.4335,5.2423,-16.7461,-28.4543,-0.00027076,-0.31701,-0.10301,9.6245e-07,0.06293,0,87.5317,0.16116,0.81937,478.6256,1387.2574
48.9771,11235.0404,39.5781,239.9997,9.196,-0.00078587,0.036792,-4.252,90.0075,0.12905,4.4335,5.2423,-16.7461,-28.4543,-0.00027076,-0.31701,-0.10301,9.6245e-07,0.06293,0,87.5317,0.16115,0.82465,478.6256,1387.2574
48.9798,11235.0404,39.5781,239.9997,9.196,-0.00078587,0.036792,-4.252,90.0075,0.12905,4.4335,5.2423,-16.7461,-28.4543,-0.00027076,-0.31701,-0.10301,9.6245e-07,0.06293,0,87.5317,0.16114,0.83332,478.6256,1387.2574
48.9825,11235.0404,39.5781,239.9997,9.196,-0.00078587,0.036792,-4.252,90.0075,0.12905,4.4335,5.2423,-16.7461,-28.4543,-0.00027076,-0.31701,-0.10301,9.6245e-07,0.06293,0,87.5317,0.16112,0.83985,478.6256,1387.2574
48.9825,11235.0404,39.5781,239.9997,9.196,-0.00078587,0.036792,-4.252,90.0075,0.12905,4.4335,5.2423,-16.7461,-28.4543,-0.00027076,-0.31701,-0.10301,9.6245e-07,0.06293,0,87.5317,0.16112,0.83985,478.6256,1387.2574
48.9831,11235.3702,39.5781,239.999,9.196,-0.0008352,0.0013588,-4.4113,90.0086,0.079235,4.4335,5.0663,-9.2951,-30.6859,-0.0003381,1.3233,-0.11111,9.6253e-07,0.062941,0,87.1837,0.16108,0.88652,478.6244,1387.2395
48.9838,11235.3702,39.5781,239.999,9.196,-0.0008352,0.0013588,-4.4113,90.0086,0.079235,4.4335,5.0663,-9.2951,-30.6859,-0.0003381,1.3233,-0.11111,9.6253e-07,0.062941,0,87.1837,0.16107,0.88488,478.6244,1387.2395
48.9852,11235.3702,39.5781,239.999,9.196,-0.0008352,0.0013588,-4.4113,90.0086,0.079235,4.4335,5.0663,-9.2951,-30.6859,-0.0003381,1.3233,-0.11111,9.6253e-07,0.062941,0,87.1837,0.16107,0.88193,478.6244,1387.2395
48.9879,11235.3702,39.5781,239.999,9.196,-0.0008352,0.0013588,-4.4113,90.0086,0.079235,4.4335,5.0663,-9.2951,-30.6859,-0.0003381,1.3233,-0.11111,9.6253e-07,0.062941,0,87.1837,0.16105,0.87712,478.6244,1387.2395
48.9915,11235.7,39.578,239.9978,9.196,-0.00097922,-0.035402,-3.7881,90.0092,0.025501,4.4335,4.8998,5.0842,-34.7927,-0.0002745,1.556,-0.11646,9.6262e-07,0.062951,0,87.0439,0.16086,0.96134,478.6233,1387.2216
48.9921,11235.7,39.578,239.9978,9.196,-0.00097922,-0.035402,-3.7881,90.0092,0.025501,4.4335,4.8998,5.0842,-34.7927,-0.0002745,1.556,-0.11646,9.6262e-07,0.062951,0,87.0439,0.16085,0.95538,478.6233,1387.2216
48.9921,11235.7,39.578,239.9978,9.196,-0.00097922,-0.035402,-3.7881,90.0092,0.025501,4.4335,4.8998,5.0842,-34.7927,-0.0002745,1.556,-0.11646,9.6262e-07,0.062951,0,87.0439,0.16085,0.95538,478.6233,1387.2216
48.9998,11236.0298,39.578,239.9971,9.196,-0.0011614,-0.066969,-3.0541,90.0094,-0.030825,4.4335,4.9327,6.8608,-35.3888,-0.00015607,1.5266,-0.11942,9.627e-07,0.062962,0,87.1888,0.16064,0.95101,478.6221,1387.2037
49.0047,11236.0298,39.578,239.9971,9.196,-0.0011614,-0.066969,-3.0541,90.0094,-0.030825,4.4335,4.9327,6.8608,-35.3888,-0.00015607,1.5266,-0.11942,9.627e-07,0.062962,0,87.1888,0.16061,0.91697,478.6221,1387.2037
49.0047,11236.0298,39.578,239.9971,9.196,-0.0011614,-0.066969,-3.0541,90.0094,-0.030825,4.4335,4.9327,6.8608,-35.3888,-0.00015607,1.5266,-0.11942,9.627e-07,0.062962,0,87.1888,0.16061,0.91697,478.6221,1387.2037
49.0081,11236.3596,39.5781,239.9967,9.196,-0.0013414,-0.09242,-2.3345,90.0092,-0.088583,4.4335,4.9717,6.4093,-35.3311,2.2254e-06,1.4965,-0.11563,9.6279e-07,0.062973,0,87.3338,0.16043,0.93224,478.6209,1387.1858
49.0116,11236.3596,39.5781,239.9967,9.196,-0.0013414,-0.09242,-2.3345,90.0092,-0.088583,4.4335,4.9717,6.4093,-35.3311,2.2254e-06,1.4965,-0.11563,9.6279e-07,0.062973,0,87.3338,0.16042,0.91201,478.6209,1387.1858
49.0165,11236.6895,39.5782,239.9964,9.196,-0.0014778,-0.11187,-1.6289,90.0084,-0.14451,4.4335,5.0279,6.3727,-35.272,0.00013258,1.4645,-0.099267,9.6288e-07,0.062984,0,87.4788,0.16028,0.9096,478.6197,1387.1679
49.0248,11237.0193,39.5784,239.9964,9.196,-0.0015521,-0.12545,-0.9373,90.0072,-0.19252,4.4335,5.1163,7.1048,-35.2053,0.00022889,1.4318,-0.075562,9.6299e-07,0.062995,0,87.6238,0.16021,0.88511,478.6186,1387.15
49.0331,11237.3491,39.5787,239.9966,9.196,-0.0015526,-0.13326,-0.25952,90.0056,-0.22907,4.4335,5.2241,8.2887,-35.133,0.00027668,1.399,-0.048552,9.631e-07,0.063006,0,87.7689,0.16021,0.85963,478.6174,1387.1321
49.0415,11237.6789,39.579,239.997,9.196,-0.0014839,-0.13542,0.40472,90.0037,-0.25255,4.4335,5.3411,9.6792,-35.0563,0.00027473,1.3668,-0.020426,9.6322e-07,0.063016,0,87.914,0.1603,0.83356,478.6162,1387.1142
49.0498,11238.0087,39.5794,239.9976,9.196,-0.0013605,-0.13205,1.0557,90.0016,-0.26243,4.4335,5.4618,11.1434,-34.9757,0.00022598,1.3353,0.006949,9.6336e-07,0.063027,0,88.0591,0.16046,0.80711,478.615,1387.0963
49.0581,11238.3386,39.5799,239.9984,9.196,-0.0012057,-0.12325,1.6938,89.9994,-0.25907,4.4334,5.5813,12.5679,-34.8921,0.00014067,1.3049,0.032217,9.635e-07,0.063038,0,88.2043,0.16067,0.78036,478.6139,1387.0784
49.0665,11238.6684,39.5804,239.9995,9.196,-0.0010462,-0.10914,2.3193,89.9973,-0.24349,4.4334,5.6963,13.8702,-34.8065,-6.8551e-06,1.2756,0.054543,9.6366e-07,0.063049,0,87.8559,0.16089,0.75335,478.6127,1387.0605
49.0748,11238.9982,39.5806,239.9996,9.196,-0.00092758,-0.089808,2.9326,89.9952,-0.21711,4.4334,5.6205,14.9995,-34.7173,-0.00017248,1.2476,0.07348,9.6383e-07,0.06306,0,87.5076,0.16101,0.80882,478.6115,1387.0426
49.0773,11238.9982,39.5806,239.9996,9.196,-0.00092758,-0.089808,2.9326,89.9952,-0.21711,4.4334,5.6205,14.9995,-34.7173,-0.00017248,1.2476,0.07348,9.6383e-07,0.06306,0,87.5076,0.161,0.82056,478.6115,1387.0426
49.0773,11238.9982,39.5806,239.9996,9.196,-0.00092758,-0.089808,2.9326,89.9952,-0.21711,4.4334,5.6205,14.9995,-34.7173,-0.00017248,1.2476,0.07348,9.6383e-07,0.06306,0,87.5076,0.161,0.82056,478.6115,1387.0426
49.0831,11239.3281,39.5807,239.999,9.196,-0.00087849,-0.06537,3.534,89.9934,-0.18158,4.4335,5.5224,15.9283,-34.627,-0.00032565,1.2209,0.088884,9.64e-07,0.063071,0,87.1596,0.16103,0.8791,478.6103,1387.0247
49.0882,11239.3281,39.5807,239.999,9.196,-0.00087849,-0.06537,3.534,89.9934,-0.18158,4.4335,5.5224,15.9283,-34.627,-0.00032565,1.2209,0.088884,9.64e-07,0.063071,0,87.1596,0.161,0.87231,478.6103,1387.0247
49.0882,11239.3281,39.5807,239.999,9.196,-0.00087849,-0.06537,3.534,89.9934,-0.18158,4.4335,5.5224,15.9283,-34.627,-0.00032565,1.2209,0.088884,9.64e-07,0.063071,0,87.1596,0.161,0.87231,478.6103,1387.0247
49.0915,11239.6579,39.5805,239.9978,9.196,-0.00091524,-0.035921,4.1238,89.9919,-0.13859,4.4335,5.4171,16.6477,-34.5374,-0.0003543,0.70389,0.10084,9.6419e-07,0.063081,0,86.8119,0.16092,0.95303,478.6092,1387.0068
49.0948,11239.6579,39.5805,239.9978,9.196,-0.00091524,-0.035921,4.1238,89.9919,-0.13859,4.4335,5.4171,16.6477,-34.5374,-0.0003543,0.70389,0.10084,9.6419e-07,0.063081,0,86.8119,0.1609,0.92764,478.6092,1387.0068
49.0966,11239.6579,39.5805,239.9978,9.196,-0.00091524,-0.035921,4.1238,89.9919,-0.13859,4.4335,5.4171,16.6477,-34.5374,-0.0003543,0.70389,0.10084,9.6419e-07,0.063081,0,86.8119,0.16089,0.91672,478.6092,1387.0068
49.0966,11239.6579,39.5805,239.9978,9.196,-0.00091524,-0.035921,4.1238,89.9919,-0.13859,4.4335,5.4171,16.6477,-34.5374,-0.0003543,0.70389,0.10084,9.6419e-07,0.063081,0,86.8119,0.16089,0.91672,478.6092,1387.0068
49.0998,11239.9878,39.5806,239.9972,9.196,-0.001001,-0.0015561,4.4676,89.9908,-0.089819,4.4335,5.4943,12.7018,-33.2323,-0.00028864,-0.93547,0.10957,9.6438e-07,0.063092,0,86.9568,0.1608,0.94249,478.608,1386.9889
49.103,11239.9878,39.5806,239.9972,9.196,-0.001001,-0.0015561,4.4676,89.9908,-0.089819,4.4335,5.4943,12.7018,-33.2323,-0.00028864,-0.93547,0.10957,9.6438e-07,0.063092,0,86.9568,0.16079,0.92066,478.608,1386.9889
49.1081,11240.3176,39.5807,239.9968,9.196,-0.0011138,0.035674,4.0294,89.99,-0.036827,4.4335,5.5626,-1.6366,-29.1437,-0.00013774,-1.5655,0.11548,9.6457e-07,0.063103,0,87.1018,0.16067,0.92375,478.6068,1386.971
49.1165,11240.6474,39.5808,239.9967,9.196,-0.0012249,0.069253,3.2909,89.9897,0.019023,4.4335,5.6235,-6.9925,-27.5888,3.1073e-06,-1.5361,0.11891,9.6475e-07,0.063114,0,87.2468,0.16055,0.90126,478.6056,1386.9531
49.1203,11240.6474,39.5808,239.9967,9.196,-0.0012249,0.069253,3.2909,89.9897,0.019023,4.4335,5.6235,-6.9925,-27.5888,3.1073e-06,-1.5361,0.11891,9.6475e-07,0.063114,0,87.2468,0.16053,0.8892,478.6056,1386.9531
49.1203,11240.6474,39.5808,239.9967,9.196,-0.0012249,0.069253,3.2909,89.9897,0.019023,4.4335,5.6235,-6.9925,-27.5888,3.1073e-06,-1.5361,0.11891,9.6475e-07,0.063114,0,87.2468,0.16053,0.8892,478.6056,1386.9531
49.1248,11240.9773,39.5811,239.9967,9.196,-0.0013282,0.096677,2.5667,89.9899,0.076535,4.4335,5.6788,-6.5174,-27.68,0.0001251,-1.5063,0.1176,9.6494e-07,0.063125,0,87.3918,0.16045,0.87694,478.6045,1386.9352
49.1293,11240.9773,39.5811,239.9967,9.196,-0.0013282,0.096677,2.5667,89.9899,0.076535,4.4335,5.6788,-6.5174,-27.68,0.0001251,-1.5063,0.1176,9.6494e-07,0.063125,0,87.3918,0.16042,0.8719,478.6045,1386.9352
49.1331,11241.3071,39.5814,239.997,9.196,-0.0014124,0.11807,1.8566,89.9905,0.13341,4.4335,5.7229,-6.3334,-27.7694,0.00021313,-1.4748,0.1046,9.6512e-07,0.063136,0,87.5369,0.16038,0.85166,478.6033,1386.9173
49.1415,11241.637,39.5817,239.9974,9.196,-0.0014626,0.13354,1.1605,89.9916,0.184,4.4334,5.7387,-6.863,-27.8597,0.0002637,-1.4421,0.08241,9.6528e-07,0.063146,0,87.682,0.16036,0.82577,478.6021,1386.8994
49.1498,11241.9668,39.5821,239.9981,9.196,-0.0014657,0.14321,0.47836,89.9932,0.22386,4.4334,5.7325,-7.9544,-27.9492,0.00027569,-1.4093,0.056077,9.6544e-07,0.063157,0,87.8271,0.16039,0.79944,478.6009,1386.8815
49.1581,11242.2967,39.5826,239.999,9.196,-0.0014182,0.14719,-0.1902,89.995,0.25098,4.4334,5.7168,-9.3022,-28.0351,0.00024931,-1.3768,0.028082,9.6559e-07,0.063168,0,87.8039,0.16049,0.77276,478.5998,1386.8637
49.1665,11242.6265,39.5831,240.0001,9.196,-0.0013264,0.14561,-0.84542,89.9971,0.26457,4.4334,5.6978,-10.7555,-28.116,0.00014333,-1.3451,0.00035615,9.6572e-07,0.063179,0,87.4554,0.16065,0.74578,478.5986,1386.8458
49.1748,11242.9564,39.5834,240.0001,9.196,-0.0012263,0.13856,-1.4876,89.9993,0.26474,4.4334,5.4805,-12.1971,-28.1879,-2.2313e-06,-1.3143,-0.025583,9.6584e-07,0.06319,0,87.1072,0.16075,0.80839,478.5974,1386.8279
49.1831,11243.2862,39.5834,239.9995,9.196,-0.0011439,0.12617,-2.1172,90.0015,0.25237,4.4334,5.2703,-13.5348,-28.2523,-0.00016689,-1.2847,-0.04877,9.6595e-07,0.063201,0,86.7592,0.1608,0.87938,478.5962,1386.81
49.1915,11243.6161,39.5832,239.9983,9.196,-0.0011028,0.10852,-2.7343,90.0036,0.22878,4.4334,5.0692,-14.7098,-28.3098,-0.00024542,-1.2564,-0.068658,9.6605e-07,0.063211,0,86.5872,0.16077,0.95354,478.5951,1386.7921
49.1998,11243.9459,39.5833,239.9978,9.196,-0.0010811,0.085738,-3.3395,90.0055,0.19558,4.4335,5.0693,-15.689,-28.3663,-0.00026671,-1.2292,-0.085031,9.6614e-07,0.063222,0,86.7322,0.16076,0.94249,478.5939,1386.7742
49.2013,11243.9459,39.5833,239.9978,9.196,-0.0010811,0.085738,-3.3395,90.0055,0.19558,4.4335,5.0693,-15.689,-28.3663,-0.00026671,-1.2292,-0.085031,9.6614e-07,0.063222,0,86.7322,0.16075,0.93105,478.5939,1386.7742
49.2013,11243.9459,39.5833,239.9978,9.196,-0.0010811,0.085738,-3.3395,90.0055,0.19558,4.4335,5.0693,-15.689,-28.3663,-0.00026671,-1.2292,-0.085031,9.6614e-07,0.063222,0,86.7322,0.16075,0.93105,478.5939,1386.7742
49.2081,11244.2758,39.5834,239.9974,9.196,-0.0010736,0.057909,-3.933,90.0072,0.15445,4.4335,5.0778,-16.4591,-28.42,-0.00021725,-1.0634,-0.097917,9.6622e-07,0.063233,0,86.8771,0.16074,0.92308,478.5927,1386.7563
49.2106,11244.2758,39.5834,239.9974,9.196,-0.0010736,0.057909,-3.933,90.0072,0.15445,4.4335,5.0778,-16.4591,-28.42,-0.00021725,-1.0634,-0.097917,9.6622e-07,0.063233,0,86.8771,0.16073,0.90977,478.5927,1386.7563
49.2106,11244.2758,39.5834,239.9974,9.196,-0.0010736,0.057909,-3.933,90.0072,0.15445,4.4335,5.0778,-16.4591,-28.42,-0.00021725,-1.0634,-0.097917,9.6622e-07,0.063233,0,86.8771,0.16073,0.90977,478.5927,1386.7563
49.2165,11244.6057,39.5835,239.9972,9.196,-0.0010696,0.025134,-4.4483,90.0085,0.1071,4.4335,5.0932,-15.7519,-28.8233,-0.00015009,0.45497,-0.10753,9.6629e-07,0.063244,0,87.0221,0.16074,0.90044,478.5915,1386.7384
49.2223,11244.6057,39.5835,239.9972,9.196,-0.0010696,0.025134,-4.4483,90.0085,0.1071,4.4335,5.0932,-15.7519,-28.8233,-0.00015009,0.45497,-0.10753,9.6629e-07,0.063244,0,87.0221,0.16071,0.88382,478.5915,1386.7384
49.2248,11244.9355,39.5838,239.9973,9.196,-0.0010836,-0.011934,-4.2394,90.0093,0.055095,4.4335,5.1162,-2.5713,-32.624,-4.9511e-05,1.5737,-0.11417,9.6635e-07,0.063255,0,87.1671,0.16073,0.87624,478.5904,1386.7205
49.2331,11245.2654,39.5841,239.9975,9.196,-0.0011186,-0.047262,-3.4968,90.0098,-0.00011945,4.4334,5.1465,7.166,-35.4388,4.2167e-05,1.5443,-0.11824,9.6642e-07,0.063266,0,87.3122,0.16071,0.85118,478.5892,1386.7026
49.2356,11245.2654,39.5841,239.9975,9.196,-0.0011186,-0.047262,-3.4968,90.0098,-0.00011945,4.4334,5.1465,7.166,-35.4388,4.2167e-05,1.5443,-0.11824,9.6642e-07,0.063266,0,87.3122,0.1607,0.85372,478.5892,1386.7026
49.2356,11245.2654,39.5841,239.9975,9.196,-0.0011186,-0.047262,-3.4968,90.0098,-0.00011945,4.4334,5.1465,7.166,-35.4388,4.2167e-05,1.5443,-0.11824,9.6642e-07,0.063266,0,87.3122,0.1607,0.85372,478.5892,1386.7026
49.2415,11245.5953,39.5844,239.998,9.196,-0.0011738,-0.076402,-2.7686,90.0098,-0.057303,4.4334,5.1838,6.6446,-35.3808,0.00011094,1.5148,-0.11938,9.6649e-07,0.063276,0,87.4573,0.16068,0.82558,478.588,1386.6847
49.2473,11245.5953,39.5844,239.998,9.196,-0.0011738,-0.076402,-2.7686,90.0098,-0.057303,4.4334,5.1838,6.6446,-35.3808,0.00011094,1.5148,-0.11938,9.6649e-07,0.063276,0,87.4573,0.16065,0.84196,478.588,1386.6847
49.2488,11245.5953,39.5844,239.998,9.196,-0.0011738,-0.076402,-2.7686,90.0098,-0.057303,4.4334,5.1838,6.6446,-35.3808,0.00011094,1.5148,-0.11938,9.6649e-07,0.063276,0,87.4573,0.16065,0.84478,478.588,1386.6847
49.2488,11245.5953,39.5844,239.998,9.196,-0.0011738,-0.076402,-2.7686,90.0098,-0.057303,4.4334,5.1838,6.6446,-35.3808,0.00011094,1.5148,-0.11938,9.6649e-07,0.063276,0,87.4573,0.16065,0.84478,478.588,1386.6847
49.2498,11245.9251,39.5848,239.9986,9.196,-0.0012426,-0.099473,-2.0545,90.0093,-0.11504,4.4334,5.2291,6.3055,-35.3196,0.00015739,1.4839,-0.11025,9.6656e-07,0.063287,0,87.6024,0.16066,0.79954,478.5868,1386.6668
49.2508,11245.9251,39.5848,239.9986,9.196,-0.0012426,-0.099473,-2.0545,90.0093,-0.11504,4.4334,5.2291,6.3055,-35.3196,0.00015739,1.4839,-0.11025,9.6656e-07,0.063287,0,87.6024,0.16065,0.80548,478.5868,1386.6668
49.2528,11245.9251,39.5848,239.9986,9.196,-0.0012426,-0.099473,-2.0545,90.0093,-0.11504,4.4334,5.2291,6.3055,-35.3196,0.00015739,1.4839,-0.11025,9.6656e-07,0.063287,0,87.6024,0.16064,0.81572,478.5868,1386.6668
49.2568,11245.9251,39.5848,239.9986,9.196,-0.0012426,-0.099473,-2.0545,90.0093,-0.11504,4.4334,5.2291,6.3055,-35.3196,0.00015739,1.4839,-0.11025,9.6656e-07,0.063287,0,87.6024,0.16062,0.83099,478.5868,1386.6668
49.2581,11246.255,39.5853,239.9995,9.196,-0.0013085,-0.11659,-1.3545,90.0084,-0.16836,4.4334,5.3008,6.5951,-35.252,0.00017972,1.4514,-0.089859,9.6664e-07,0.063298,0,87.7475,0.16065,0.77313,478.5857,1386.6489
49.2649,11246.255,39.5853,239.9995,9.196,-0.0013085,-0.11659,-1.3545,90.0084,-0.16836,4.4334,5.3008,6.5951,-35.252,0.00017972,1.4514,-0.089859,9.6664e-07,0.063298,0,87.7475,0.16061,0.81688,478.5857,1386.6489
49.2665,11246.5849,39.5859,240.0006,9.196,-0.0013512,-0.12788,-0.66843,90.007,-0.21182,4.4334,5.4015,7.5741,-35.1777,0.00013424,1.4186,-0.064332,9.6673e-07,0.063309,0,87.3991,0.16067,0.74637,478.5845,1386.631
49.2748,11246.9148,39.5861,240.0006,9.196,-0.0013789,-0.13345,0.0039338,90.0052,-0.24294,4.4334,5.3162,8.8711,-35.0967,5.3313e-05,1.386,-0.036533,9.6683e-07,0.06332,0,87.0509,0.16065,0.80911,478.5833,1386.6131
49.2831,11247.2447,39.5861,240.0001,9.196,-0.001394,-0.13342,0.66288,90.0032,-0.26061,4.4334,5.2394,10.3119,-35.0119,-5.46e-05,1.354,-0.0084717,9.6693e-07,0.063331,0,86.703,0.1606,0.88018,478.5821,1386.5952
49.2915,11247.5745,39.586,239.9989,9.196,-0.0014043,-0.12789,1.3087,90.001,-0.2647,4.4334,5.1658,11.7745,-34.9247,-9.528e-05,1.3229,0.018165,9.6706e-07,0.063341,0,86.638,0.16051,0.95437,478.581,1386.5773
49.2998,11247.9044,39.586,239.9983,9.196,-0.0013823,-0.11699,1.9418,89.9988,-0.25592,4.4334,5.282,13.1563,-34.8411,-0.00010596,1.293,0.04227,9.6719e-07,0.063352,0,86.7829,0.1605,0.94334,478.5798,1386.5594
49.3081,11248.2343,39.5861,239.9979,9.196,-0.0013261,-0.10081,2.5624,89.9967,-0.23548,4.4334,5.3919,14.3902,-34.7593,-8.6425e-05,1.2642,0.063192,9.6733e-07,0.063363,0,86.9278,0.16053,0.92395,478.5786,1386.5415
49.3165,11248.5642,39.5863,239.9977,9.196,-0.0012388,-0.079455,3.1709,89.9947,-0.20492,4.4334,5.4938,15.4362,-34.6794,-8.4074e-05,1.2367,0.080624,9.6748e-07,0.063374,0,87.0728,0.16061,0.90078,478.5774,1386.5236
49.3238,11248.5642,39.5863,239.9977,9.196,-0.0012388,-0.079455,3.1709,89.9947,-0.20492,4.4334,5.4938,15.4362,-34.6794,-8.4074e-05,1.2367,0.080624,9.6748e-07,0.063374,0,87.0728,0.16057,0.88092,478.5774,1386.5236
49.3238,11248.5642,39.5863,239.9977,9.196,-0.0012388,-0.079455,3.1709,89.9947,-0.20492,4.4334,5.4938,15.4362,-34.6794,-8.4074e-05,1.2367,0.080624,9.6748e-07,0.063374,0,87.0728,0.16057,0.88092,478.5774,1386.5236
49.3248,11248.8941,39.5865,239.9978,9.196,-0.0011501,-0.053031,3.7676,89.993,-0.16592,4.4334,5.5872,16.2758,-34.5988,-7.7458e-05,1.1888,0.094531,9.6764e-07,0.063385,0,87.2178,0.1607,0.87586,478.5763,1386.5057
49.3249,11248.8941,39.5865,239.9978,9.196,-0.0011501,-0.053031,3.7676,89.993,-0.16592,4.4334,5.5872,16.2758,-34.5988,-7.7458e-05,1.1888,0.094531,9.6764e-07,0.063385,0,87.2178,0.1607,0.87575,478.5763,1386.5057
49.3249,11248.8941,39.5865,239.9978,9.196,-0.0011501,-0.053031,3.7676,89.993,-0.16592,4.4334,5.5872,16.2758,-34.5988,-7.7458e-05,1.1888,0.094531,9.6764e-07,0.063385,0,87.2178,0.1607,0.87575,478.5763,1386.5057
49.3259,11248.8941,39.5865,239.9978,9.196,-0.0011501,-0.053031,3.7676,89.993,-0.16592,4.4334,5.5872,16.2758,-34.5988,-7.7458e-05,1.1888,0.094531,9.6764e-07,0.063385,0,87.2178,0.16069,0.87454,478.5763,1386.5057
49.3268,11248.8941,39.5865,239.9978,9.196,-0.0011501,-0.053031,3.7676,89.993,-0.16592,4.4334,5.5872,16.2758,-34.5988,-7.7458e-05,1.1888,0.094531,9.6764e-07,0.063385,0,87.2178,0.16069,0.87343,478.5763,1386.5057
49.3288,11248.8941,39.5865,239.9978,9.196,-0.0011501,-0.053031,3.7676,89.993,-0.16592,4.4334,5.5872,16.2758,-34.5988,-7.7458e-05,1.1888,0.094531,9.6764e-07,0.063385,0,87.2178,0.16068,0.87153,478.5763,1386.5057
49.3327,11248.8941,39.5865,239.9978,9.196,-0.0011501,-0.053031,3.7676,89.993,-0.16592,4.4334,5.5872,16.2758,-34.5988,-7.7458e-05,1.1888,0.094531,9.6764e-07,0.063385,0,87.2178,0.16066,0.86866,478.5763,1386.5057
49.3331,11249.224,39.5868,239.998,9.196,-0.0010803,-0.021635,4.3425,89.9916,-0.12021,4.4334,5.6709,16.7091,-34.4646,-6.3498e-05,0.043591,0.10508,9.6781e-07,0.063396,0,87.3629,0.16078,0.85042,478.5751,1386.4879
49.3355,11249.224,39.5868,239.998,9.196,-0.0010803,-0.021635,4.3425,89.9916,-0.12021,4.4334,5.6709,16.7091,-34.4646,-6.3498e-05,0.043591,0.10508,9.6781e-07,0.063396,0,87.3629,0.16077,0.853,478.5751,1386.4879
49.3415,11249.5538,39.5871,239.9985,9.196,-0.0010484,0.014553,4.3714,89.9906,-0.069389,4.4334,5.7453,6.9722,-31.5983,-2.2503e-05,-1.5788,0.11256,9.6798e-07,0.063407,0,87.508,0.16085,0.82485,478.5739,1386.47
49.3498,11249.8837,39.5875,239.9992,9.196,-0.0010634,0.050981,3.6263,89.99,-0.014952,4.4334,5.8117,-7.292,-27.5574,2.927e-05,-1.5495,0.11734,9.6815e-07,0.063417,0,87.6531,0.16087,0.79899,478.5727,1386.4521
49.3511,11249.8837,39.5875,239.9992,9.196,-0.0010634,0.050981,3.6263,89.99,-0.014952,4.4334,5.8117,-7.292,-27.5574,2.927e-05,-1.5495,0.11734,9.6815e-07,0.063417,0,87.6531,0.16087,0.80675,478.5727,1386.4521
49.3511,11249.8837,39.5875,239.9992,9.196,-0.0010634,0.050981,3.6263,89.99,-0.014952,4.4334,5.8117,-7.292,-27.5574,2.927e-05,-1.5495,0.11734,9.6815e-07,0.063417,0,87.6531,0.16087,0.80675,478.5727,1386.4521
49.3581,11250.2136,39.588,240,9.196,-0.001121,0.0812,2.8956,89.9899,0.041799,4.4334,5.8718,-6.734,-27.6445,6.8456e-05,-1.5201,0.11971,9.6831e-07,0.063428,0,87.7395,0.16087,0.77284,478.5716,1386.4342
49.3639,11250.2136,39.588,240,9.196,-0.001121,0.0812,2.8956,89.9899,0.041799,4.4334,5.8718,-6.734,-27.6445,6.8456e-05,-1.5201,0.11971,9.6831e-07,0.063428,0,87.7395,0.16084,0.81165,478.5716,1386.4342
49.3639,11250.2136,39.588,240,9.196,-0.001121,0.0812,2.8956,89.9899,0.041799,4.4334,5.8718,-6.734,-27.6445,6.8456e-05,-1.5201,0.11971,9.6831e-07,0.063428,0,87.7395,0.16084,0.81165,478.5716,1386.4342
49.3665,11250.5435,39.5886,240.0011,9.196,-0.0012108,0.10533,2.179,89.9903,0.099694,4.4333,5.9264,-6.3254,-27.729,5.4988e-05,-1.4898,0.11402,9.6848e-07,0.063439,0,87.3911,0.16085,0.74636,478.5704,1386.4163
49.369,11250.5435,39.5886,240.0011,9.196,-0.0012108,0.10533,2.179,89.9903,0.099694,4.4333,5.9264,-6.3254,-27.729,5.4988e-05,-1.4898,0.11402,9.6848e-07,0.063439,0,87.3911,0.16084,0.77239,478.5704,1386.4163
49.3742,11250.5435,39.5886,240.0011,9.196,-0.0012108,0.10533,2.179,89.9903,0.099694,4.4333,5.9264,-6.3254,-27.729,5.4988e-05,-1.4898,0.11402,9.6848e-07,0.063439,0,87.3911,0.16082,0.80805,478.5704,1386.4163
49.3748,11250.8734,39.5888,240.0011,9.196,-0.001333,0.12349,1.4765,89.9911,0.15484,4.4333,5.762,-6.4087,-27.8112,1.8754e-05,-1.4575,0.095282,9.6863e-07,0.06345,0,87.0429,0.16074,0.80935,478.5692,1386.3984
49.3778,11250.8734,39.5888,240.0011,9.196,-0.001333,0.12349,1.4765,89.9911,0.15484,4.4333,5.762,-6.4087,-27.8112,1.8754e-05,-1.4575,0.095282,9.6863e-07,0.06345,0,87.0429,0.16072,0.82282,478.5692,1386.3984
49.3831,11251.2033,39.5889,240.0006,9.196,-0.0014647,0.13579,0.78797,89.9924,0.20093,4.4333,5.5676,-7.289,-27.8953,-3.3922e-05,-1.4247,0.070511,9.6878e-07,0.063461,0,86.695,0.16057,0.88061,478.568,1386.3805
49.3915,11251.5333,39.5887,239.9993,9.196,-0.0015873,0.14236,0.1132,89.9941,0.23503,4.4334,5.3608,-8.5397,-27.9779,-1.473e-05,-1.392,0.043011,9.6891e-07,0.063472,0,86.6547,0.16038,0.95494,478.5669,1386.3626
49.3998,11251.8632,39.5887,239.9988,9.196,-0.0016495,0.1433,-0.5481,89.996,0.25583,4.4334,5.3407,-9.9607,-28.0623,2.722e-05,-1.3598,0.014799,9.6903e-07,0.063482,0,86.7996,0.16028,0.94402,478.5657,1386.3447
49.4081,11252.1931,39.5888,239.9984,9.196,-0.0016335,0.13873,-1.1962,89.9981,0.26299,4.4334,5.3191,-11.4295,-28.1446,8.1355e-05,-1.3285,-0.012304,9.6914e-07,0.063493,0,86.9445,0.16027,0.9247,478.5645,1386.3268
49.4165,11252.523,39.589,239.9982,9.196,-0.0015363,0.12877,-1.8315,90.0003,0.25704,4.4334,5.3007,-12.8357,-28.2228,9.18e-05,-1.2983,-0.037072,9.6924e-07,0.063504,0,87.0895,0.16035,0.90157,478.5633,1386.3089
49.4248,11252.8529,39.5892,239.9982,9.196,-0.0013898,0.1135,-2.4543,90.0025,0.23911,4.4334,5.2887,-14.1047,-28.2932,6.9556e-05,-1.2694,-0.058763,9.6933e-07,0.063515,0,87.2345,0.1605,0.87667,478.5622,1386.291
49.4331,11253.1828,39.5894,239.9985,9.196,-0.0012268,0.093051,-3.0649,90.0045,0.21069,4.4334,5.2849,-15.1915,-28.3559,1.8464e-05,-1.2416,-0.076999,9.694e-07,0.063526,0,87.3795,0.16067,0.8509,478.561,1386.2731
49.4384,11253.1828,39.5894,239.9985,9.196,-0.0012268,0.093051,-3.0649,90.0045,0.21069,4.4334,5.2849,-15.1915,-28.3559,1.8464e-05,-1.2416,-0.076999,9.694e-07,0.063526,0,87.3795,0.16065,0.85554,478.561,1386.2731
49.4384,11253.1828,39.5894,239.9985,9.196,-0.0012268,0.093051,-3.0649,90.0045,0.21069,4.4334,5.2849,-15.1915,-28.3559,1.8464e-05,-1.2416,-0.076999,9.694e-07,0.063526,0,87.3795,0.16065,0.85554,478.561,1386.2731
49.4415,11253.5127,39.5898,239.999,9.196,-0.0010819,0.06751,-3.6637,90.0062,0.17346,4.4334,5.29,-16.0728,-28.411,-3.8347e-05,-1.2151,-0.091694,9.6947e-07,0.063537,0,87.5246,0.16085,0.82465,478.5598,1386.2552
49.4446,11253.5127,39.5898,239.999,9.196,-0.0010819,0.06751,-3.6637,90.0062,0.17346,4.4334,5.29,-16.0728,-28.411,-3.8347e-05,-1.2151,-0.091694,9.6947e-07,0.063537,0,87.5246,0.16083,0.83467,478.5598,1386.2552
49.4494,11253.5127,39.5898,239.999,9.196,-0.0010819,0.06751,-3.6637,90.0062,0.17346,4.4334,5.29,-16.0728,-28.411,-3.8347e-05,-1.2151,-0.091694,9.6947e-07,0.063537,0,87.5246,0.16081,0.8452,478.5598,1386.2552
49.4494,11253.5127,39.5898,239.999,9.196,-0.0010819,0.06751,-3.6637,90.0062,0.17346,4.4334,5.29,-16.0728,-28.411,-3.8347e-05,-1.2151,-0.091694,9.6947e-07,0.063537,0,87.5246,0.16081,0.8452,478.5598,1386.2552
49.4498,11253.8426,39.5902,239.9996,9.196,-0.00098074,0.03698,-4.2509,90.0077,0.12911,4.4334,5.3034,-16.7434,-28.4599,-7.9277e-05,-0.31971,-0.10297,9.6953e-07,0.063547,0,87.6697,0.16099,0.7983,478.5586,1386.2373
49.4502,11253.8426,39.5902,239.9996,9.196,-0.00098074,0.03698,-4.2509,90.0077,0.12911,4.4334,5.3034,-16.7434,-28.4599,-7.9277e-05,-0.31971,-0.10297,9.6953e-07,0.063547,0,87.6697,0.16099,0.80057,478.5586,1386.2373
49.4509,11253.8426,39.5902,239.9996,9.196,-0.00098074,0.03698,-4.2509,90.0077,0.12911,4.4334,5.3034,-16.7434,-28.4599,-7.9277e-05,-0.31971,-0.10297,9.6953e-07,0.063547,0,87.6697,0.16099,0.80487,478.5586,1386.2373
49.4524,11253.8426,39.5902,239.9996,9.196,-0.00098074,0.03698,-4.2509,90.0077,0.12911,4.4334,5.3034,-16.7434,-28.4599,-7.9277e-05,-0.31971,-0.10297,9.6953e-07,0.063547,0,87.6697,0.16098,0.81258,478.5586,1386.2373
49.4553,11253.8426,39.5902,239.9996,9.196,-0.00098074,0.03698,-4.2509,90.0077,0.12911,4.4334,5.3034,-16.7434,-28.4599,-7.9277e-05,-0.31971,-0.10297,9.6953e-07,0.063547,0,87.6697,0.16096,0.82501,478.5586,1386.2373
49.4574,11253.8426,39.5902,239.9996,9.196,-0.00098074,0.03698,-4.2509,90.0077,0.12911,4.4334,5.3034,-16.7434,-28.4599,-7.9277e-05,-0.31971,-0.10297,9.6953e-07,0.063547,0,87.6697,0.16095,0.83215,478.5586,1386.2373
49.4574,11253.8426,39.5902,239.9996,9.196,-0.00098074,0.03698,-4.2509,90.0077,0.12911,4.4334,5.3034,-16.7434,-28.4599,-7.9277e-05,-0.31971,-0.10297,9.6953e-07,0.063547,0,87.6697,0.16095,0.83215,478.5586,1386.2373
49.4581,11254.1725,39.5907,240.0005,9.196,-0.00093845,0.0015557,-4.4115,90.0087,0.07931,4.4334,5.3241,-9.3176,-30.6892,-8.4368e-05,1.3202,-0.11108,9.6958e-07,0.063558,0,87.7253,0.16109,0.77217,478.5575,1386.2194
49.4588,11254.1725,39.5907,240.0005,9.196,-0.00093845,0.0015557,-4.4115,90.0087,0.07931,4.4334,5.3241,-9.3176,-30.6892,-8.4368e-05,1.3202,-0.11108,9.6958e-07,0.063558,0,87.7253,0.16109,0.77824,478.5575,1386.2194
49.4603,11254.1725,39.5907,240.0005,9.196,-0.00093845,0.0015557,-4.4115,90.0087,0.07931,4.4334,5.3241,-9.3176,-30.6892,-8.4368e-05,1.3202,-0.11108,9.6958e-07,0.063558,0,87.7253,0.16108,0.78919,478.5575,1386.2194
49.4631,11254.1725,39.5907,240.0005,9.196,-0.00093845,0.0015557,-4.4115,90.0087,0.07931,4.4334,5.3241,-9.3176,-30.6892,-8.4368e-05,1.3202,-0.11108,9.6958e-07,0.063558,0,87.7253,0.16107,0.80694,478.5575,1386.2194
49.4665,11254.5025,39.5913,240.0016,9.196,-0.00096109,-0.035207,-3.7898,90.0094,0.025587,4.4333,5.3524,5.0579,-34.7991,-0.00010268,1.5559,-0.11645,9.6963e-07,0.063569,0,87.3769,0.16114,0.74584,478.5563,1386.2016
49.4671,11254.5025,39.5913,240.0016,9.196,-0.00096109,-0.035207,-3.7898,90.0094,0.025587,4.4333,5.3524,5.0579,-34.7991,-0.00010268,1.5559,-0.11645,9.6963e-07,0.063569,0,87.3769,0.16114,0.75266,478.5563,1386.2016
49.4671,11254.5025,39.5913,240.0016,9.196,-0.00096109,-0.035207,-3.7898,90.0094,0.025587,4.4333,5.3524,5.0579,-34.7991,-0.00010268,1.5559,-0.11645,9.6963e-07,0.063569,0,87.3769,0.16114,0.75266,478.5563,1386.2016
49.4748,11254.8324,39.5915,240.0016,9.196,-0.001061,-0.066788,-3.0559,90.0096,-0.03073,4.4333,5.1881,6.8613,-35.3984,-0.00012943,1.5266,-0.11941,9.6968e-07,0.06358,0,87.0287,0.16105,0.80906,478.5551,1386.1837
49.4797,11254.8324,39.5915,240.0016,9.196,-0.001061,-0.066788,-3.0559,90.0096,-0.03073,4.4333,5.1881,6.8613,-35.3984,-0.00012943,1.5266,-0.11941,9.6968e-07,0.06358,0,87.0287,0.16102,0.82897,478.5551,1386.1837
49.4797,11254.8324,39.5915,240.0016,9.196,-0.001061,-0.066788,-3.0559,90.0096,-0.03073,4.4333,5.1881,6.8613,-35.3984,-0.00012943,1.5266,-0.11941,9.6968e-07,0.06358,0,87.0287,0.16102,0.82897,478.5551,1386.1837
49.4831,11255.1623,39.5915,240.001,9.196,-0.0012281,-0.092254,-2.3362,90.0094,-0.088481,4.4333,5.0323,6.4097,-35.3326,-0.00015639,1.4965,-0.11563,9.6974e-07,0.063591,0,86.6808,0.16085,0.88059,478.5539,1386.1658
49.4866,11255.1623,39.5915,240.001,9.196,-0.0012281,-0.092254,-2.3362,90.0094,-0.088481,4.4333,5.0323,6.4097,-35.3326,-0.00015639,1.4965,-0.11563,9.6974e-07,0.063591,0,86.6808,0.16083,0.87485,478.5539,1386.1658
49.4915,11255.4922,39.5914,239.9998,9.196,-0.0014401,-0.11172,-1.6307,90.0086,-0.14441,4.4333,4.8958,6.3721,-35.2629,-9.7337e-05,1.4645,-0.099296,9.698e-07,0.063602,0,86.6341,0.16056,0.95515,478.5528,1386.1479
49.4998,11255.8222,39.5914,239.9992,9.196,-0.0016241,-0.12531,-0.9391,90.0074,-0.19243,4.4333,4.9841,7.1027,-35.192,-2.611e-06,1.4317,-0.075606,9.6988e-07,0.063612,0,86.779,0.16035,0.94446,478.5516,1386.13
49.5081,11256.1521,39.5915,239.9988,9.196,-0.0017351,-0.13314,-0.26134,90.0058,-0.229,4.4333,5.0911,8.2857,-35.1196,0.00011249,1.399,-0.048605,9.6996e-07,0.063623,0,86.9239,0.16021,0.92533,478.5504,1386.1121
49.5165,11256.482,39.5917,239.9986,9.196,-0.0017448,-0.13531,0.40288,90.0039,-0.25251,4.4333,5.2069,9.6756,-35.0465,0.00018145,1.3667,-0.020484,9.7005e-07,0.063634,0,87.0689,0.16019,0.90231,478.5492,1386.0942
49.5248,11256.8119,39.5919,239.9987,9.196,-0.0016661,-0.13196,1.0539,90.0018,-0.26242,4.4333,5.3264,11.1395,-34.9697,0.00020392,1.3353,0.0068899,9.7015e-07,0.063645,0,87.2139,0.16027,0.87749,478.5481,1386.0763
49.5331,11257.1419,39.5921,239.9989,9.196,-0.001522,-0.12318,1.6919,89.9996,-0.25909,4.4333,5.4448,12.564,-34.8899,0.00017419,1.3048,0.032159,9.7026e-07,0.063656,0,87.3589,0.16042,0.85176,478.5469,1386.0584
49.5415,11257.4718,39.5925,239.9994,9.196,-0.0013466,-0.10908,2.3174,89.9975,-0.24353,4.4333,5.5586,13.8664,-34.8072,0.00010554,1.2756,0.054489,9.7039e-07,0.063667,0,87.504,0.16062,0.82552,478.5457,1386.0405
49.5498,11257.8018,39.5929,240,9.196,-0.0011744,-0.089764,2.9307,89.9954,-0.21718,4.4333,5.6657,14.9959,-34.7225,1.4732e-05,1.2476,0.073432,9.7053e-07,0.063677,0,87.6491,0.16084,0.79895,478.5445,1386.0226
49.5523,11257.8018,39.5929,240,9.196,-0.0011744,-0.089764,2.9307,89.9954,-0.21718,4.4333,5.6657,14.9959,-34.7225,1.4732e-05,1.2476,0.073432,9.7053e-07,0.063677,0,87.6491,0.16082,0.81276,478.5445,1386.0226
49.5523,11257.8018,39.5929,240,9.196,-0.0011744,-0.089764,2.9307,89.9954,-0.21718,4.4333,5.6657,14.9959,-34.7225,1.4732e-05,1.2476,0.073432,9.7053e-07,0.063677,0,87.6491,0.16082,0.81276,478.5445,1386.0226
49.5581,11258.1317,39.5934,240.0009,9.196,-0.001036,-0.065341,3.5321,89.9936,-0.18167,4.4333,5.7645,15.9252,-34.6369,-7.6002e-05,1.2209,0.088843,9.7067e-07,0.063688,0,87.7862,0.16103,0.77215,478.5434,1386.0047
49.5631,11258.1317,39.5934,240.0009,9.196,-0.001036,-0.065341,3.5321,89.9936,-0.18167,4.4333,5.7645,15.9252,-34.6369,-7.6002e-05,1.2209,0.088843,9.7067e-07,0.063688,0,87.7862,0.16101,0.80722,478.5434,1386.0047
49.5631,11258.1317,39.5934,240.0009,9.196,-0.001036,-0.065341,3.5321,89.9936,-0.18167,4.4333,5.7645,15.9252,-34.6369,-7.6002e-05,1.2209,0.088843,9.7067e-07,0.063688,0,87.7862,0.16101,0.80722,478.5434,1386.0047
49.5665,11258.4616,39.5939,240.002,9.196,-0.00095362,-0.035908,4.1219,89.9921,-0.1387,4.4333,5.8542,16.6452,-34.5515,-0.00018252,0.70776,0.10081,9.7082e-07,0.063699,0,87.4379,0.16118,0.74518,478.5422,1385.9868
49.5698,11258.4616,39.5939,240.002,9.196,-0.00095362,-0.035908,4.1219,89.9921,-0.1387,4.4333,5.8542,16.6452,-34.5515,-0.00018252,0.70776,0.10081,9.7082e-07,0.063699,0,87.4379,0.16117,0.77776,478.5422,1385.9868
49.5716,11258.4616,39.5939,240.002,9.196,-0.00095362,-0.035908,4.1219,89.9921,-0.1387,4.4333,5.8542,16.6452,-34.5515,-0.00018252,0.70776,0.10081,9.7082e-07,0.063699,0,87.4379,0.16116,0.79131,478.5422,1385.9868
49.5716,11258.4616,39.5939,240.002,9.196,-0.00095362,-0.035908,4.1219,89.9921,-0.1387,4.4333,5.8542,16.6452,-34.5515,-0.00018252,0.70776,0.10081,9.7082e-07,0.063699,0,87.4379,0.16116,0.79131,478.5422,1385.9868
49.5748,11258.7916,39.5941,240.002,9.196,-0.00095737,-0.0015588,4.4676,89.991,-0.089948,4.4333,5.7343,12.7348,-33.2518,-0.00025905,-0.93129,0.10955,9.7098e-07,0.06371,0,87.0897,0.16119,0.80836,478.541,1385.969
49.578,11258.7916,39.5941,240.002,9.196,-0.00095737,-0.0015588,4.4676,89.991,-0.089948,4.4333,5.7343,12.7348,-33.2518,-0.00025905,-0.93129,0.10955,9.7098e-07,0.06371,0,87.0897,0.16117,0.82275,478.541,1385.969
49.5831,11259.1215,39.5942,240.0014,9.196,-0.0010559,0.035671,4.0314,89.9902,-0.036969,4.4333,5.6077,-1.6002,-29.1559,-0.00029041,-1.5654,0.11546,9.7114e-07,0.063721,0,86.7419,0.16106,0.87997,478.5398,1385.9511
49.5915,11259.4515,39.594,240.0002,9.196,-0.0012398,0.069266,3.2929,89.9899,0.018872,4.4333,5.4759,-6.9933,-27.5802,-0.00021874,-1.536,0.1189,9.7129e-07,0.063732,0,86.5853,0.1608,0.95476,478.5387,1385.9332
49.5953,11259.4515,39.594,240.0002,9.196,-0.0012398,0.069266,3.2929,89.9899,0.018872,4.4333,5.4759,-6.9933,-27.5802,-0.00021874,-1.536,0.1189,9.7129e-07,0.063732,0,86.5853,0.16078,0.92529,478.5387,1385.9332
49.5953,11259.4515,39.594,240.0002,9.196,-0.0012398,0.069266,3.2929,89.9899,0.018872,4.4333,5.4759,-6.9933,-27.5802,-0.00021874,-1.536,0.1189,9.7129e-07,0.063732,0,86.5853,0.16078,0.92529,478.5387,1385.9332
49.5998,11259.7814,39.5941,239.9996,9.196,-0.001449,0.096706,2.5687,89.9901,0.076375,4.4333,5.531,-6.5179,-27.6674,-9.6941e-05,-1.5062,0.11761,9.7145e-07,0.063742,0,86.7301,0.16056,0.9443,478.5375,1385.9153
49.6043,11259.7814,39.5941,239.9996,9.196,-0.001449,0.096706,2.5687,89.9901,0.076375,4.4333,5.531,-6.5179,-27.6674,-9.6941e-05,-1.5062,0.11761,9.7145e-07,0.063742,0,86.7301,0.16054,0.91414,478.5375,1385.9153
49.6081,11260.1114,39.5942,239.9992,9.196,-0.0016392,0.11811,1.8586,89.9907,0.13326,4.4333,5.5744,-6.3324,-27.7567,5.9099e-05,-1.4747,0.10464,9.7159e-07,0.063753,0,86.875,0.16035,0.92544,478.5363,1385.8974
49.6165,11260.4413,39.5943,239.999,9.196,-0.0017631,0.1336,1.1626,89.9918,0.18386,4.4333,5.589,-6.8598,-27.8506,0.00018079,-1.4421,0.082474,9.7173e-07,0.063764,0,87.02,0.16021,0.90269,478.5351,1385.8795
49.6248,11260.7713,39.5945,239.9991,9.196,-0.0018059,0.14329,0.48042,89.9933,0.22375,4.4333,5.5815,-7.9501,-27.9438,0.0002639,-1.4093,0.056151,9.7185e-07,0.063775,0,87.165,0.16017,0.87807,478.534,1385.8616
49.6331,11261.1012,39.5948,239.9993,9.196,-0.0017643,0.14729,-0.18812,89.9952,0.25091,4.4333,5.5646,-9.2973,-28.0335,0.00029287,-1.3768,0.028162,9.7197e-07,0.063786,0,87.31,0.16022,0.85248,478.5328,1385.8437
49.6415,11261.4312,39.5951,239.9997,9.196,-0.0016518,0.14572,-0.84332,89.9973,0.26453,4.4333,5.5445,-10.7503,-28.1172,0.00026895,-1.3451,0.00043635,9.7207e-07,0.063797,0,87.4551,0.16036,0.82633,478.5316,1385.8258
49.6498,11261.7612,39.5955,240.0004,9.196,-0.0014919,0.1387,-1.4855,89.9995,0.26475,4.4333,5.5259,-12.1919,-28.1939,0.00019881,-1.3143,-0.025506,9.7216e-07,0.063807,0,87.6001,0.16056,0.79982,478.5304,1385.8079
49.6581,11262.0911,39.596,240.0013,9.196,-0.0013137,0.12632,-2.115,90.0017,0.25241,4.4333,5.5125,-13.5299,-28.2629,9.6483e-05,-1.2847,-0.048699,9.7224e-07,0.063818,0,87.7452,0.16079,0.77302,478.5293,1385.79
49.6665,11262.4211,39.5965,240.0024,9.196,-0.0011468,0.10869,-2.7322,90.0038,0.22886,4.4333,5.5064,-14.7056,-28.3244,-6.3974e-05,-1.2564,-0.068598,9.723e-07,0.063829,0,87.3969,0.16103,0.74599,478.5281,1385.7721
49.6748,11262.7511,39.5968,240.0024,9.196,-0.0010385,0.085923,-3.3374,90.0057,0.19569,4.4333,5.3093,-15.6856,-28.3765,-0.00023053,-1.2293,-0.08498,9.7236e-07,0.06384,0,87.0488,0.16114,0.80849,478.5269,1385.7543
49.6763,11262.7511,39.5968,240.0024,9.196,-0.0010385,0.085923,-3.3374,90.0057,0.19569,4.4333,5.3093,-15.6856,-28.3765,-0.00023053,-1.2293,-0.08498,9.7236e-07,0.06384,0,87.0488,0.16113,0.81574,478.5269,1385.7543
49.6763,11262.7511,39.5968,240.0024,9.196,-0.0010385,0.085923,-3.3374,90.0057,0.19569,4.4333,5.3093,-15.6856,-28.3765,-0.00023053,-1.2293,-0.08498,9.7236e-07,0.06384,0,87.0488,0.16113,0.81574,478.5269,1385.7543
49.6831,11263.081,39.5968,240.0018,9.196,-0.0010136,0.058112,-3.9309,90.0073,0.15459,4.4333,5.123,-16.4564,-28.422,-0.00036651,-1.064,-0.097876,9.724e-07,0.063851,0,86.7009,0.16113,0.87938,478.5257,1385.7364
49.6856,11263.081,39.5968,240.0018,9.196,-0.0010136,0.058112,-3.9309,90.0073,0.15459,4.4333,5.123,-16.4564,-28.422,-0.00036651,-1.064,-0.097876,9.724e-07,0.063851,0,86.7009,0.16112,0.87528,478.5257,1385.7364
49.6856,11263.081,39.5968,240.0018,9.196,-0.0010136,0.058112,-3.9309,90.0073,0.15459,4.4333,5.123,-16.4564,-28.422,-0.00036651,-1.064,-0.097876,9.724e-07,0.063851,0,86.7009,0.16112,0.87528,478.5257,1385.7364
49.6915,11263.411,39.5966,240.0006,9.196,-0.0010807,0.025354,-4.4465,90.0086,0.10725,4.4333,4.9458,-15.7556,-28.8131,-0.00037085,0.44936,-0.10749,9.7244e-07,0.063862,0,86.5941,0.16099,0.95398,478.5246,1385.7185
49.6973,11263.411,39.5966,240.0006,9.196,-0.0010807,0.025354,-4.4465,90.0086,0.10725,4.4333,4.9458,-15.7556,-28.8131,-0.00037085,0.44936,-0.10749,9.7244e-07,0.063862,0,86.5941,0.16096,0.9128,478.5246,1385.7185
49.6998,11263.741,39.5967,240,9.196,-0.0011998,-0.0117,-4.2403,90.0095,0.055266,4.4333,4.9685,-2.6201,-32.5971,-0.00027208,1.5736,-0.11414,9.7248e-07,0.063872,0,86.7389,0.16084,0.94364,478.5234,1385.7006
49.7081,11264.0709,39.5968,239.9996,9.196,-0.0013408,-0.047035,-3.4977,90.01,6.5055e-05,4.4333,4.9981,7.1667,-35.4255,-0.0001132,1.5442,-0.11821,9.7251e-07,0.063883,0,86.8838,0.16068,0.92501,478.5222,1385.6827
49.7106,11264.0709,39.5968,239.9996,9.196,-0.0013408,-0.047035,-3.4977,90.01,6.5055e-05,4.4333,4.9981,7.1667,-35.4255,-0.0001132,1.5442,-0.11821,9.7251e-07,0.063883,0,86.8838,0.16067,0.91122,478.5222,1385.6827
49.7106,11264.0709,39.5968,239.9996,9.196,-0.0013408,-0.047035,-3.4977,90.01,6.5055e-05,4.4333,4.9981,7.1667,-35.4255,-0.0001132,1.5442,-0.11821,9.7251e-07,0.063883,0,86.8838,0.16067,0.91122,478.5222,1385.6827
49.7165,11264.4009,39.5969,239.9994,9.196,-0.0014698,-0.076183,-2.7696,90.01,-0.057108,4.4333,5.034,6.6449,-35.3711,2.6381e-05,1.5147,-0.11936,9.7255e-07,0.063894,0,87.0288,0.16054,0.90251,478.521,1385.6648
49.7223,11264.4009,39.5969,239.9994,9.196,-0.0014698,-0.076183,-2.7696,90.01,-0.057108,4.4333,5.034,6.6449,-35.3711,2.6381e-05,1.5147,-0.11936,9.7255e-07,0.063894,0,87.0288,0.16051,0.88442,478.521,1385.6648
49.7238,11264.4009,39.5969,239.9994,9.196,-0.0014698,-0.076183,-2.7696,90.01,-0.057108,4.4333,5.034,6.6449,-35.3711,2.6381e-05,1.5147,-0.11936,9.7255e-07,0.063894,0,87.0288,0.16051,0.8814,478.521,1385.6648
49.7238,11264.4009,39.5969,239.9994,9.196,-0.0014698,-0.076183,-2.7696,90.01,-0.057108,4.4333,5.034,6.6449,-35.3711,2.6381e-05,1.5147,-0.11936,9.7255e-07,0.063894,0,87.0288,0.16051,0.8814,478.521,1385.6648
49.7248,11264.7309,39.5971,239.9994,9.196,-0.0015787,-0.099262,-2.0556,90.0095,-0.11484,4.4333,5.078,6.3053,-35.3137,0.00014398,1.4838,-0.11027,9.7259e-07,0.063905,0,87.1738,0.16044,0.87818,478.5199,1385.6469
49.7258,11264.7309,39.5971,239.9994,9.196,-0.0015787,-0.099262,-2.0556,90.0095,-0.11484,4.4333,5.078,6.3053,-35.3137,0.00014398,1.4838,-0.11027,9.7259e-07,0.063905,0,87.1738,0.16043,0.87659,478.5199,1385.6469
49.7279,11264.7309,39.5971,239.9994,9.196,-0.0015787,-0.099262,-2.0556,90.0095,-0.11484,4.4333,5.078,6.3053,-35.3137,0.00014398,1.4838,-0.11027,9.7259e-07,0.063905,0,87.1738,0.16042,0.87386,478.5199,1385.6469
49.732,11264.7309,39.5971,239.9994,9.196,-0.0015787,-0.099262,-2.0556,90.0095,-0.11484,4.4333,5.078,6.3053,-35.3137,0.00014398,1.4838,-0.11027,9.7259e-07,0.063905,0,87.1738,0.1604,0.86982,478.5199,1385.6469
49.7331,11265.0609,39.5974,239.9997,9.196,-0.0016508,-0.11639,-1.3556,90.0085,-0.16817,4.4333,5.1484,6.5926,-35.2499,0.00022186,1.4514,-0.089904,9.7264e-07,0.063916,0,87.3188,0.16038,0.85286,478.5187,1385.629
49.7391,11265.0609,39.5974,239.9997,9.196,-0.0016508,-0.11639,-1.3556,90.0085,-0.16817,4.4333,5.1484,6.5926,-35.2499,0.00022186,1.4514,-0.089904,9.7264e-07,0.063916,0,87.3188,0.16035,0.85681,478.5187,1385.629
49.7415,11265.3908,39.5978,240.0001,9.196,-0.0016733,-0.12769,-0.6696,90.0071,-0.21165,4.4333,5.248,7.5705,-35.1785,0.00025872,1.4185,-0.064389,9.7269e-07,0.063927,0,87.4638,0.16038,0.82693,478.5175,1385.6111
49.7498,11265.7208,39.5982,240.0008,9.196,-0.0016416,-0.13327,0.0027199,90.0054,-0.2428,4.4332,5.3613,8.8668,-35.1022,0.0002535,1.3859,-0.036598,9.7276e-07,0.063938,0,87.6089,0.16045,0.80058,478.5163,1385.5932
49.7581,11266.0508,39.5986,240.0016,9.196,-0.0015611,-0.13325,0.66163,90.0034,-0.2605,4.4332,5.4812,10.3072,-35.0222,0.00020822,1.354,-0.0085397,9.7284e-07,0.063948,0,87.754,0.16059,0.77389,478.5152,1385.5754
49.7665,11266.3808,39.5992,240.0027,9.196,-0.001446,-0.12773,1.3074,90.0012,-0.26463,4.4332,5.6026,11.7698,-34.9391,8.5928e-05,1.3229,0.018099,9.7292e-07,0.063959,0,87.4057,0.16077,0.74691,478.514,1385.5575
49.7748,11266.7108,39.5994,240.0027,9.196,-0.0013377,-0.11684,1.9405,89.999,-0.25588,4.4332,5.5217,13.1521,-34.8513,-6.9702e-05,1.293,0.04221,9.7302e-07,0.06397,0,87.0576,0.16088,0.80941,478.5128,1385.5396
49.7831,11267.0408,39.5994,240.0021,9.196,-0.0012643,-0.10067,2.5611,89.9969,-0.23546,4.4332,5.4368,14.3864,-34.7613,-0.00023526,1.2642,0.063138,9.7313e-07,0.063981,0,86.7098,0.16092,0.88028,478.5116,1385.5217
49.7915,11267.3708,39.5992,240.0009,9.196,-0.0012483,-0.079325,3.1696,89.9949,-0.20493,4.4333,5.3462,15.4329,-34.6708,-0.00030414,1.2367,0.080575,9.7325e-07,0.063992,0,86.6587,0.16086,0.95433,478.5104,1385.5038
49.7988,11267.3708,39.5992,240.0009,9.196,-0.0012483,-0.079325,3.1696,89.9949,-0.20493,4.4333,5.3462,15.4329,-34.6708,-0.00030414,1.2367,0.080575,9.7325e-07,0.063992,0,86.6587,0.16083,0.90575,478.5104,1385.5038
49.7988,11267.3708,39.5992,240.0009,9.196,-0.0012483,-0.079325,3.1696,89.9949,-0.20493,4.4333,5.3462,15.4329,-34.6708,-0.00030414,1.2367,0.080575,9.7325e-07,0.063992,0,86.6587,0.16083,0.90575,478.5104,1385.5038
49.7998,11267.7008,39.5993,240.0003,9.196,-0.0012647,-0.052912,3.7663,89.9932,-0.16596,4.4333,5.4393,16.2727,-34.586,-0.00029913,1.19,0.094487,9.7338e-07,0.064003,0,86.8036,0.16081,0.94329,478.5093,1385.4859
49.7999,11267.7008,39.5993,240.0003,9.196,-0.0012647,-0.052912,3.7663,89.9932,-0.16596,4.4333,5.4393,16.2727,-34.586,-0.00029913,1.19,0.094487,9.7338e-07,0.064003,0,86.8036,0.16081,0.94275,478.5093,1385.4859
49.7999,11267.7008,39.5993,240.0003,9.196,-0.0012647,-0.052912,3.7663,89.9932,-0.16596,4.4333,5.4393,16.2727,-34.586,-0.00029913,1.19,0.094487,9.7338e-07,0.064003,0,86.8036,0.16081,0.94275,478.5093,1385.4859
49.8008,11267.7008,39.5993,240.0003,9.196,-0.0012647,-0.052912,3.7663,89.9932,-0.16596,4.4333,5.4393,16.2727,-34.586,-0.00029913,1.19,0.094487,9.7338e-07,0.064003,0,86.8036,0.16081,0.93519,478.5093,1385.4859
49.8018,11267.7008,39.5993,240.0003,9.196,-0.0012647,-0.052912,3.7663,89.9932,-0.16596,4.4333,5.4393,16.2727,-34.586,-0.00029913,1.19,0.094487,9.7338e-07,0.064003,0,86.8036,0.1608,0.92833,478.5093,1385.4859
49.8038,11267.7008,39.5993,240.0003,9.196,-0.0012647,-0.052912,3.7663,89.9932,-0.16596,4.4333,5.4393,16.2727,-34.586,-0.00029913,1.19,0.094487,9.7338e-07,0.064003,0,86.8036,0.16079,0.91646,478.5093,1385.4859
49.8077,11267.7008,39.5993,240.0003,9.196,-0.0012647,-0.052912,3.7663,89.9932,-0.16596,4.4333,5.4393,16.2727,-34.586,-0.00029913,1.19,0.094487,9.7338e-07,0.064003,0,86.8036,0.16077,0.89867,478.5093,1385.4859
49.8081,11268.0308,39.5994,239.9999,9.196,-0.0013008,-0.021526,4.3418,89.9918,-0.12026,4.4333,5.5223,16.7178,-34.4548,-0.00021794,0.046123,0.10504,9.7352e-07,0.064013,0,86.9485,0.16075,0.92426,478.5081,1385.468
49.8105,11268.0308,39.5994,239.9999,9.196,-0.0013008,-0.021526,4.3418,89.9918,-0.12026,4.4333,5.5223,16.7178,-34.4548,-0.00021794,0.046123,0.10504,9.7352e-07,0.064013,0,86.9485,0.16074,0.91117,478.5081,1385.468
49.8165,11268.3608,39.5995,239.9997,9.196,-0.0013428,0.014655,4.3719,89.9908,-0.069464,4.4333,5.5954,6.9928,-31.5952,-0.00010615,-1.5786,0.11253,9.7365e-07,0.064024,0,87.0934,0.1607,0.90181,478.5069,1385.4501
49.8248,11268.6908,39.5997,239.9998,9.196,-0.0013977,0.051088,3.6269,89.9902,-0.015042,4.4333,5.6606,-7.2925,-27.5521,1.6792e-05,-1.5493,0.11731,9.7379e-07,0.064035,0,87.2384,0.16065,0.87766,478.5057,1385.4322
49.8261,11268.6908,39.5997,239.9998,9.196,-0.0013977,0.051088,3.6269,89.9902,-0.015042,4.4333,5.6606,-7.2925,-27.5521,1.6792e-05,-1.5493,0.11731,9.7379e-07,0.064035,0,87.2384,0.16064,0.87569,478.5057,1385.4322
49.8261,11268.6908,39.5997,239.9998,9.196,-0.0013977,0.051088,3.6269,89.9902,-0.015042,4.4333,5.6606,-7.2925,-27.5521,1.6792e-05,-1.5493,0.11731,9.7379e-07,0.064035,0,87.2384,0.16064,0.87569,478.5057,1385.4322
49.8331,11269.0208,39.6,240,9.196,-0.0014614,0.081311,2.8962,89.9901,0.041695,4.4332,5.7194,-6.7343,-27.643,0.00011152,-1.52,0.11969,9.7393e-07,0.064046,0,87.3834,0.1606,0.8526,478.5046,1385.4143
49.8389,11269.0208,39.6,240,9.196,-0.0014614,0.081311,2.8962,89.9901,0.041695,4.4332,5.7194,-6.7343,-27.643,0.00011152,-1.52,0.11969,9.7393e-07,0.064046,0,87.3834,0.16058,0.8565,478.5046,1385.4143
49.8389,11269.0208,39.6,240,9.196,-0.0014614,0.081311,2.8962,89.9901,0.041695,4.4332,5.7194,-6.7343,-27.643,0.00011152,-1.52,0.11969,9.7393e-07,0.064046,0,87.3834,0.16058,0.8565,478.5046,1385.4143
49.8415,11269.3508,39.6004,240.0004,9.196,-0.0015307,0.10545,2.1797,89.9904,0.099584,4.4332,5.773,-6.3249,-27.7304,0.00018036,-1.4896,0.11403,9.7406e-07,0.064057,0,87.5284,0.16056,0.82694,478.5034,1385.3965
49.8441,11269.3508,39.6004,240.0004,9.196,-0.0015307,0.10545,2.1797,89.9904,0.099584,4.4332,5.773,-6.3249,-27.7304,0.00018036,-1.4896,0.11403,9.7406e-07,0.064057,0,87.5284,0.16055,0.83476,478.5034,1385.3965
49.8492,11269.3508,39.6004,240.0004,9.196,-0.0015307,0.10545,2.1797,89.9904,0.099584,4.4332,5.773,-6.3249,-27.7304,0.00018036,-1.4896,0.11403,9.7406e-07,0.064057,0,87.5284,0.16053,0.84547,478.5034,1385.3965
49.8498,11269.6808,39.6008,240.0011,9.196,-0.0015932,0.12361,1.4773,89.9913,0.15473,4.4332,5.8072,-6.407,-27.8173,0.00021979,-1.4574,0.095305,9.7418e-07,0.064068,0,87.6735,0.16054,0.80086,478.5022,1385.3786
49.8527,11269.6808,39.6008,240.0011,9.196,-0.0015932,0.12361,1.4773,89.9913,0.15473,4.4332,5.8072,-6.407,-27.8173,0.00021979,-1.4574,0.095305,9.7418e-07,0.064068,0,87.6735,0.16053,0.81608,478.5022,1385.3786
49.8581,11270.0108,39.6012,240.0019,9.196,-0.001629,0.13592,0.78881,89.9926,0.20083,4.4332,5.8096,-7.2865,-27.906,0.00022967,-1.4246,0.070544,9.7429e-07,0.064078,0,87.8186,0.16056,0.77439,478.501,1385.3607
49.8665,11270.3408,39.6018,240.003,9.196,-0.0016258,0.14249,0.11408,89.9942,0.23495,4.4332,5.7978,-8.5369,-27.9926,0.00016719,-1.3919,0.043051,9.7439e-07,0.064089,0,87.4703,0.16063,0.74758,478.4999,1385.3428
49.8748,11270.6708,39.602,240.003,9.196,-0.0016013,0.14345,-0.54719,89.9962,0.25577,4.4332,5.5806,-9.9577,-28.0726,6.4132e-05,-1.3598,0.01484,9.7448e-07,0.0641,0,87.1222,0.16066,0.81017,478.4987,1385.3249
49.8831,11271.0008,39.602,240.0024,9.196,-0.0015678,0.13889,-1.1953,89.9983,0.26295,4.4332,5.3643,-11.4266,-28.1466,-6.6883e-05,-1.3285,-0.012264,9.7456e-07,0.064111,0,86.7744,0.16065,0.88109,478.4975,1385.307
49.8915,11271.3308,39.6018,240.0012,9.196,-0.0015414,0.12892,-1.8306,90.0005,0.25702,4.4332,5.1533,-12.8329,-28.2142,-0.00012774,-1.2983,-0.037031,9.7463e-07,0.064122,0,86.712,0.1606,0.95515,478.4963,1385.2891
49.8998,11271.6608,39.6018,240.0006,9.196,-0.0014998,0.11367,-2.4533,90.0027,0.23911,4.4332,5.1411,-14.1019,-28.2804,-0.00015165,-1.2693,-0.058723,9.7468e-07,0.064133,0,86.8569,0.16061,0.94413,478.4952,1385.2712
49.9081,11271.9909,39.6019,240.0002,9.196,-0.0014423,0.093226,-3.0639,90.0046,0.21071,4.4332,5.1365,-15.1887,-28.3429,-0.0001356,-1.2416,-0.076961,9.7472e-07,0.064143,0,87.0018,0.16064,0.92478,478.494,1385.2533
49.9133,11271.9909,39.6019,240.0002,9.196,-0.0014423,0.093226,-3.0639,90.0046,0.21071,4.4332,5.1365,-15.1887,-28.3429,-0.0001356,-1.2416,-0.076961,9.7472e-07,0.064143,0,87.0018,0.16062,0.89909,478.494,1385.2533
49.9133,11271.9909,39.6019,240.0002,9.196,-0.0014423,0.093226,-3.0639,90.0046,0.21071,4.4332,5.1365,-15.1887,-28.3429,-0.0001356,-1.2416,-0.076961,9.7472e-07,0.064143,0,87.0018,0.16062,0.89909,478.494,1385.2533
49.9165,11272.3209,39.6021,240,9.196,-0.001371,0.067694,-3.6627,90.0064,0.17349,4.4332,5.1403,-16.0702,-28.4016,-0.00012172,-1.2151,-0.091659,9.7476e-07,0.064154,0,87.1467,0.1607,0.90163,478.4928,1385.2355
49.9196,11272.3209,39.6021,240,9.196,-0.001371,0.067694,-3.6627,90.0064,0.17349,4.4332,5.1403,-16.0702,-28.4016,-0.00012172,-1.2151,-0.091659,9.7476e-07,0.064154,0,87.1467,0.16069,0.8908,478.4928,1385.2355
49.9244,11272.3209,39.6021,240,9.196,-0.001371,0.067694,-3.6627,90.0064,0.17349,4.4332,5.1403,-16.0702,-28.4016,-0.00012172,-1.2151,-0.091659,9.7476e-07,0.064154,0,87.1467,0.16067,0.87963,478.4928,1385.2355
49.9244,11272.3209,39.6021,240,9.196,-0.001371,0.067694,-3.6627,90.0064,0.17349,4.4332,5.1403,-16.0702,-28.4016,-0.00012172,-1.2151,-0.091659,9.7476e-07,0.064154,0,87.1467,0.16067,0.87963,478.4928,1385.2355
49.9248,11272.6509,39.6023,240.0001,9.196,-0.0013095,0.037172,-4.2499,90.0078,0.12916,4.4332,5.1525,-16.741,-28.4542,-9.1639e-05,-0.32224,-0.10294,9.7478e-07,0.064165,0,87.2916,0.16077,0.87699,478.4916,1385.2176
49.9252,11272.6509,39.6023,240.0001,9.196,-0.0013095,0.037172,-4.2499,90.0078,0.12916,4.4332,5.1525,-16.741,-28.4542,-9.1639e-05,-0.32224,-0.10294,9.7478e-07,0.064165,0,87.2916,0.16077,0.87639,478.4916,1385.2176
49.926,11272.6509,39.6023,240.0001,9.196,-0.0013095,0.037172,-4.2499,90.0078,0.12916,4.4332,5.1525,-16.741,-28.4542,-9.1639e-05,-0.32224,-0.10294,9.7478e-07,0.064165,0,87.2916,0.16076,0.87526,478.4916,1385.2176
49.9276,11272.6509,39.6023,240.0001,9.196,-0.0013095,0.037172,-4.2499,90.0078,0.12916,4.4332,5.1525,-16.741,-28.4542,-9.1639e-05,-0.32224,-0.10294,9.7478e-07,0.064165,0,87.2916,0.16075,0.87325,478.4916,1385.2176
49.9307,11272.6509,39.6023,240.0001,9.196,-0.0013095,0.037172,-4.2499,90.0078,0.12916,4.4332,5.1525,-16.741,-28.4542,-9.1639e-05,-0.32224,-0.10294,9.7478e-07,0.064165,0,87.2916,0.16074,0.87007,478.4916,1385.2176
49.9324,11272.6509,39.6023,240.0001,9.196,-0.0013095,0.037172,-4.2499,90.0078,0.12916,4.4332,5.1525,-16.741,-28.4542,-9.1639e-05,-0.32224,-0.10294,9.7478e-07,0.064165,0,87.2916,0.16073,0.86872,478.4916,1385.2176
49.9324,11272.6509,39.6023,240.0001,9.196,-0.0013095,0.037172,-4.2499,90.0078,0.12916,4.4332,5.1525,-16.741,-28.4542,-9.1639e-05,-0.32224,-0.10294,9.7478e-07,0.064165,0,87.2916,0.16073,0.86872,478.4916,1385.2176
49.9331,11272.9809,39.6026,240.0003,9.196,-0.0012729,0.0017561,-4.4117,90.0089,0.07938,4.4332,5.1719,-9.3386,-30.681,-4.1371e-05,1.3173,-0.11105,9.748e-07,0.064176,0,87.4366,0.16082,0.85194,478.4905,1385.1997
49.9339,11272.9809,39.6026,240.0003,9.196,-0.0012729,0.0017561,-4.4117,90.0089,0.07938,4.4332,5.1719,-9.3386,-30.681,-4.1371e-05,1.3173,-0.11105,9.748e-07,0.064176,0,87.4366,0.16082,0.8526,478.4905,1385.1997
49.9353,11272.9809,39.6026,240.0003,9.196,-0.0012729,0.0017561,-4.4117,90.0089,0.07938,4.4332,5.1719,-9.3386,-30.681,-4.1371e-05,1.3173,-0.11105,9.748e-07,0.064176,0,87.4366,0.16081,0.85378,478.4905,1385.1997
49.9382,11272.9809,39.6026,240.0003,9.196,-0.0012729,0.0017561,-4.4117,90.0089,0.07938,4.4332,5.1719,-9.3386,-30.681,-4.1371e-05,1.3173,-0.11105,9.748e-07,0.064176,0,87.4366,0.1608,0.85569,478.4905,1385.1997
49.9415,11273.3109,39.6029,240.0007,9.196,-0.0012748,-0.035008,-3.7914,90.0096,0.025671,4.4332,5.1991,5.0329,-34.7927,2.2492e-05,1.5558,-0.11642,9.7482e-07,0.064187,0,87.5816,0.16085,0.82645,478.4893,1385.1818
49.9421,11273.3109,39.6029,240.0007,9.196,-0.0012748,-0.035008,-3.7914,90.0096,0.025671,4.4332,5.1991,5.0329,-34.7927,2.2492e-05,1.5558,-0.11642,9.7482e-07,0.064187,0,87.5816,0.16084,0.82848,478.4893,1385.1818
49.9421,11273.3109,39.6029,240.0007,9.196,-0.0012748,-0.035008,-3.7914,90.0096,0.025671,4.4332,5.1991,5.0329,-34.7927,2.2492e-05,1.5558,-0.11642,9.7482e-07,0.064187,0,87.5816,0.16084,0.82848,478.4893,1385.1818
49.9498,11273.6409,39.6033,240.0014,9.196,-0.0013147,-0.066603,-3.0575,90.0098,-0.030634,4.4332,5.2333,6.8616,-35.4038,7.1313e-05,1.5265,-0.11939,9.7484e-07,0.064198,0,87.7267,0.16085,0.80062,478.4881,1385.1639
49.9546,11273.6409,39.6033,240.0014,9.196,-0.0013147,-0.066603,-3.0575,90.0098,-0.030634,4.4332,5.2333,6.8616,-35.4038,7.1313e-05,1.5265,-0.11939,9.7484e-07,0.064198,0,87.7267,0.16083,0.82376,478.4881,1385.1639
49.9546,11273.6409,39.6033,240.0014,9.196,-0.0013147,-0.066603,-3.0575,90.0098,-0.030634,4.4332,5.2333,6.8616,-35.4038,7.1313e-05,1.5265,-0.11939,9.7484e-07,0.064198,0,87.7267,0.16083,0.82376,478.4881,1385.1639
49.9581,11273.971,39.6038,240.0022,9.196,-0.0013857,-0.092082,-2.3379,90.0095,-0.088376,4.4332,5.2742,6.4099,-35.3426,0.00010682,1.4964,-0.11563,9.7487e-07,0.064208,0,87.8518,0.16084,0.77445,478.4869,1385.146
49.9616,11273.971,39.6038,240.0022,9.196,-0.0013857,-0.092082,-2.3379,90.0095,-0.088376,4.4332,5.2742,6.4099,-35.3426,0.00010682,1.4964,-0.11563,9.7487e-07,0.064208,0,87.8518,0.16082,0.79974,478.4869,1385.146
49.9665,11274.301,39.6043,240.0033,9.196,-0.0014718,-0.11156,-1.6324,90.0088,-0.1443,4.4331,5.3326,6.3714,-35.2771,8.4172e-05,1.4644,-0.099324,9.749e-07,0.064219,0,87.5036,0.16082,0.74791,478.4858,1385.1281
49.9748,11274.631,39.6046,240.0033,9.196,-0.0015691,-0.12517,-0.94086,90.0076,-0.19234,4.4331,5.2237,7.1005,-35.2019,3.3907e-05,1.4317,-0.075647,9.7494e-07,0.06423,0,87.1555,0.16073,0.8107,478.4846,1385.1102
49.9831,11274.9611,39.6046,240.0027,9.196,-0.0016627,-0.13301,-0.26312,90.006,-0.22893,4.4331,5.136,8.2829,-35.1214,-3.6083e-05,1.399,-0.048653,9.7499e-07,0.064241,0,86.8077,0.1606,0.88178,478.4834,1385.0924
49.9915,11275.2911,39.6044,240.0015,9.196,-0.0017434,-0.1352,0.4011,90.0041,-0.25246,4.4332,5.0593,9.6725,-35.0377,-3.8335e-05,1.3667,-0.020538,9.7504e-07,0.064252,0,86.7493,0.16044,0.95594,478.4822,1385.0745
49.9998,11275.6212,39.6044,240.0008,9.196,-0.0017697,-0.13186,1.0521,90.002,-0.26239,4.4332,5.1785,11.1361,-34.9568,-1.7426e-05,1.3353,0.0068336,9.7511e-07,0.064263,0,86.8941,0.16038,0.94499,478.4811,1385.0566
50.0081,11275.9512,39.6045,240.0004,9.196,-0.0017314,-0.12309,1.6901,89.9998,-0.25909,4.4332,5.2962,12.5604,-34.8768,2.0128e-05,1.3048,0.032103,9.752e-07,0.064274,0,87.039,0.16039,0.92567,478.4799,1385.0387
50.0165,11276.2812,39.6046,240.0003,9.196,-0.0016298,-0.10901,2.3156,89.9976,-0.24357,4.4332,5.4088,13.8628,-34.7977,2.2342e-05,1.2756,0.054435,9.7529e-07,0.064284,0,87.1839,0.16048,0.90256,478.4787,1385.0208
50.0248,11276.6113,39.6048,240.0003,9.196,-0.0014974,-0.08971,2.9289,89.9956,-0.21724,4.4332,5.5145,14.9925,-34.7168,2.7055e-06,1.2476,0.073382,9.7539e-07,0.064295,0,87.3288,0.16061,0.87769,478.4775,1385.0029
50.0273,11276.6113,39.6048,240.0003,9.196,-0.0014974,-0.08971,2.9289,89.9956,-0.21724,4.4332,5.5145,14.9925,-34.7168,2.7055e-06,1.2476,0.073382,9.7539e-07,0.064295,0,87.3288,0.1606,0.8741,478.4775,1385.0029
50.0273,11276.6113,39.6048,240.0003,9.196,-0.0014974,-0.08971,2.9289,89.9956,-0.21724,4.4332,5.5145,14.9925,-34.7168,2.7055e-06,1.2476,0.073382,9.7539e-07,0.064295,0,87.3288,0.1606,0.8741,478.4775,1385.0029
50.0331,11276.9413,39.6051,240.0005,9.196,-0.0013649,-0.065303,3.5302,89.9938,-0.18175,4.4332,5.6121,15.922,-34.6349,-3.2531e-05,1.2209,0.088798,9.755e-07,0.064306,0,87.4738,0.16076,0.85195,478.4764,1384.985
50.0381,11276.9413,39.6051,240.0005,9.196,-0.0013649,-0.065303,3.5302,89.9938,-0.18175,4.4332,5.6121,15.922,-34.6349,-3.2531e-05,1.2209,0.088798,9.755e-07,0.064306,0,87.4738,0.16074,0.85559,478.4764,1384.985
50.0381,11276.9413,39.6051,240.0005,9.196,-0.0013649,-0.065303,3.5302,89.9938,-0.18175,4.4332,5.6121,15.922,-34.6349,-3.2531e-05,1.2209,0.088798,9.755e-07,0.064306,0,87.4738,0.16074,0.85559,478.4764,1384.985
50.0415,11277.2713,39.6054,240.001,9.196,-0.0012617,-0.035884,4.12,89.9923,-0.13881,4.4332,5.7008,16.6423,-34.5524,-5.6801e-05,0.7113,0.10077,9.7562e-07,0.064317,0,87.6188,0.16089,0.82583,478.4752,1384.9671
50.0448,11277.2713,39.6054,240.001,9.196,-0.0012617,-0.035884,4.12,89.9923,-0.13881,4.4332,5.7008,16.6423,-34.5524,-5.6801e-05,0.7113,0.10077,9.7562e-07,0.064317,0,87.6188,0.16087,0.83581,478.4752,1384.9671
50.0465,11277.2713,39.6054,240.001,9.196,-0.0012617,-0.035884,4.12,89.9923,-0.13881,4.4332,5.7008,16.6423,-34.5524,-5.6801e-05,0.7113,0.10077,9.7562e-07,0.064317,0,87.6188,0.16087,0.83984,478.4752,1384.9671
50.0465,11277.2713,39.6054,240.001,9.196,-0.0012617,-0.035884,4.12,89.9923,-0.13881,4.4332,5.7008,16.6423,-34.5524,-5.6801e-05,0.7113,0.10077,9.7562e-07,0.064317,0,87.6188,0.16087,0.83984,478.4752,1384.9671
50.0498,11277.6014,39.6058,240.0016,9.196,-0.0012054,-0.001551,4.4674,89.9911,-0.090071,4.4332,5.7793,12.7645,-33.2663,-5.7818e-05,-0.92731,0.10951,9.7575e-07,0.064328,0,87.7638,0.16099,0.79997,478.474,1384.9493
50.0531,11277.6014,39.6058,240.0016,9.196,-0.0012054,-0.001551,4.4674,89.9911,-0.090071,4.4332,5.7793,12.7645,-33.2663,-5.7818e-05,-0.92731,0.10951,9.7575e-07,0.064328,0,87.7638,0.16097,0.81681,478.474,1384.9493
50.0581,11277.9314,39.6063,240.0025,9.196,-0.0012078,0.035677,4.0331,89.9904,-0.037108,4.4331,5.8495,-1.5661,-29.1761,-2.6701e-05,-1.5653,0.11544,9.7587e-07,0.064339,0,87.808,0.16104,0.77391,478.4728,1384.9314
50.0665,11278.2615,39.6069,240.0035,9.196,-0.0012657,0.069287,3.2947,89.9901,0.01872,4.4331,5.9125,-6.9939,-27.5948,-3.6691e-05,-1.536,0.11888,9.76e-07,0.064349,0,87.4598,0.16106,0.7476,478.4717,1384.9135
50.0702,11278.2615,39.6069,240.0035,9.196,-0.0012657,0.069287,3.2947,89.9901,0.01872,4.4331,5.9125,-6.9939,-27.5948,-3.6691e-05,-1.536,0.11888,9.76e-07,0.064349,0,87.4598,0.16104,0.78291,478.4717,1384.9135
50.0702,11278.2615,39.6069,240.0035,9.196,-0.0012657,0.069287,3.2947,89.9901,0.01872,4.4331,5.9125,-6.9939,-27.5948,-3.6691e-05,-1.536,0.11888,9.76e-07,0.064349,0,87.4598,0.16104,0.78291,478.4717,1384.9135
50.0748,11278.5916,39.6071,240.0035,9.196,-0.0013879,0.096742,2.5705,89.9902,0.076215,4.4331,5.7706,-6.5184,-27.6775,-5.9839e-05,-1.5062,0.11761,9.7612e-07,0.06436,0,87.1118,0.16094,0.8107,478.4705,1384.8956
50.0794,11278.5916,39.6071,240.0035,9.196,-0.0013879,0.096742,2.5705,89.9902,0.076215,4.4331,5.7706,-6.5184,-27.6775,-5.9839e-05,-1.5062,0.11761,9.7612e-07,0.06436,0,87.1118,0.16092,0.82862,478.4705,1384.8956
50.0831,11278.9216,39.6071,240.0029,9.196,-0.0015604,0.11816,1.8605,89.9909,0.1331,4.4331,5.6194,-6.3316,-27.7586,-8.8851e-05,-1.4747,0.10468,9.7623e-07,0.064371,0,86.764,0.16073,0.88201,478.4693,1384.8777
50.0915,11279.2517,39.6069,240.0017,9.196,-0.001755,0.13367,1.1644,89.992,0.18373,4.4331,5.4416,-6.8571,-27.8418,-3.8376e-05,-1.442,0.082531,9.7633e-07,0.064382,0,86.7489,0.16047,0.95638,478.4681,1384.8598
50.0998,11279.5817,39.607,240.0011,9.1959,-0.0019027,0.14337,0.4823,89.9935,0.22364,4.4331,5.434,-7.9463,-27.931,4.3147e-05,-1.4092,0.05622,9.7643e-07,0.064393,0,86.8937,0.16028,0.94562,478.467,1384.8419
50.1081,11279.9118,39.607,240.0007,9.1959,-0.0019666,0.14739,-0.18622,89.9954,0.25084,4.4331,5.4163,-9.2928,-28.0204,0.00013935,-1.3768,0.028238,9.7651e-07,0.064404,0,87.0386,0.16019,0.92644,478.4658,1384.8241
50.1165,11280.2418,39.6072,240.0005,9.1959,-0.0019277,0.14584,-0.8414,89.9975,0.26449,4.4331,5.395,-10.7453,-28.1077,0.00018626,-1.3451,0.00051308,9.7658e-07,0.064414,0,87.1835,0.16022,0.90341,478.4646,1384.8062
50.1248,11280.5719,39.6073,240.0005,9.1959,-0.0018074,0.13883,-1.4836,89.9997,0.26474,4.4331,5.3751,-12.1869,-28.1881,0.00018725,-1.3143,-0.025432,9.7664e-07,0.064425,0,87.3284,0.16033,0.8786,478.4634,1384.7883
50.1331,11280.902,39.6076,240.0007,9.1959,-0.0016348,0.12646,-2.1131,90.0019,0.25244,4.4331,5.3605,-13.5251,-28.2609,0.00014042,-1.2847,-0.04863,9.7668e-07,0.064436,0,87.4734,0.16052,0.85289,478.4622,1384.7704
50.1415,11281.232,39.6079,240.0011,9.1959,-0.001447,0.10885,-2.7303,90.004,0.22893,4.4331,5.3532,-14.701,-28.3254,6.2177e-05,-1.2564,-0.068535,9.7671e-07,0.064447,0,87.6184,0.16073,0.82669,478.4611,1384.7525
50.1498,11281.5621,39.6083,240.0018,9.1959,-0.0012784,0.086102,-3.3354,90.0059,0.19578,4.4331,5.3546,-15.6815,-28.3822,-2.8871e-05,-1.2293,-0.084925,9.7674e-07,0.064458,0,87.7634,0.16094,0.80018,478.4599,1384.7346
50.1513,11281.5621,39.6083,240.0018,9.1959,-0.0012784,0.086102,-3.3354,90.0059,0.19578,4.4331,5.3546,-15.6815,-28.3822,-2.8871e-05,-1.2293,-0.084925,9.7674e-07,0.064458,0,87.7634,0.16093,0.80842,478.4599,1384.7346
50.1513,11281.5621,39.6083,240.0018,9.1959,-0.0012784,0.086102,-3.3354,90.0059,0.19578,4.4331,5.3546,-15.6815,-28.3822,-2.8871e-05,-1.2293,-0.084925,9.7674e-07,0.064458,0,87.7634,0.16093,0.80842,478.4599,1384.7346
50.1581,11281.8922,39.6088,240.0026,9.1959,-0.0011572,0.058307,-3.9289,90.0075,0.15471,4.4331,5.3649,-16.4529,-28.4323,-0.00010252,-1.0646,-0.09783,9.7675e-07,0.064469,0,87.8686,0.16112,0.77341,478.4587,1384.7167
50.1606,11281.8922,39.6088,240.0026,9.1959,-0.0011572,0.058307,-3.9289,90.0075,0.15471,4.4331,5.3649,-16.4529,-28.4323,-0.00010252,-1.0646,-0.09783,9.7675e-07,0.064469,0,87.8686,0.16111,0.79217,478.4587,1384.7167
50.1606,11281.8922,39.6088,240.0026,9.1959,-0.0011572,0.058307,-3.9289,90.0075,0.15471,4.4331,5.3649,-16.4529,-28.4323,-0.00010252,-1.0646,-0.09783,9.7675e-07,0.064469,0,87.8686,0.16111,0.79217,478.4587,1384.7167
50.1665,11282.2222,39.6093,240.0037,9.1959,-0.001098,0.025566,-4.4448,90.0088,0.1074,4.4331,5.3825,-15.7576,-28.8261,-0.00018869,0.444,-0.10746,9.7675e-07,0.06448,0,87.5204,0.16125,0.74695,478.4575,1384.6989
50.1724,11282.2222,39.6093,240.0037,9.1959,-0.001098,0.025566,-4.4448,90.0088,0.1074,4.4331,5.3825,-15.7576,-28.8261,-0.00018869,0.444,-0.10746,9.7675e-07,0.06448,0,87.5204,0.16122,0.79711,478.4575,1384.6989
50.1748,11282.5523,39.6095,240.0037,9.1959,-0.0011299,-0.011474,-4.2411,90.0097,0.055429,4.4331,5.2082,-2.6665,-32.5937,-0.00023505,1.5735,-0.11411,9.7676e-07,0.06449,0,87.1724,0.16122,0.81009,478.4564,1384.681
50.1831,11282.8824,39.6096,240.0031,9.1959,-0.0012529,-0.046816,-3.4986,90.0102,0.00024066,4.4331,5.0431,7.1673,-35.427,-0.00026129,1.5441,-0.11819,9.7676e-07,0.064501,0,86.8247,0.16107,0.8816,478.4552,1384.6631
50.1856,11282.8824,39.6096,240.0031,9.1959,-0.0012529,-0.046816,-3.4986,90.0102,0.00024066,4.4331,5.0431,7.1673,-35.427,-0.00026129,1.5441,-0.11819,9.7676e-07,0.064501,0,86.8247,0.16105,0.87689,478.4552,1384.6631
50.1856,11282.8824,39.6096,240.0031,9.1959,-0.0012529,-0.046816,-3.4986,90.0102,0.00024066,4.4331,5.0431,7.1673,-35.427,-0.00026129,1.5441,-0.11819,9.7676e-07,0.064501,0,86.8247,0.16105,0.87689,478.4552,1384.6631
50.1915,11283.2125,39.6094,240.0019,9.1959,-0.0014523,-0.075971,-2.7705,90.0102,-0.056921,4.4331,4.8867,6.6453,-35.362,-0.00019303,1.5146,-0.11935,9.7676e-07,0.064512,0,86.7063,0.1608,0.95624,478.454,1384.6452
50.1974,11283.2125,39.6094,240.0019,9.1959,-0.0014523,-0.075971,-2.7705,90.0102,-0.056921,4.4331,4.8867,6.6453,-35.362,-0.00019303,1.5146,-0.11935,9.7676e-07,0.064512,0,86.7063,0.16077,0.91357,478.454,1384.6452
50.1988,11283.2125,39.6094,240.0019,9.1959,-0.0014523,-0.075971,-2.7705,90.0102,-0.056921,4.4331,4.8867,6.6453,-35.362,-0.00019303,1.5146,-0.11935,9.7676e-07,0.064512,0,86.7063,0.16076,0.90667,478.454,1384.6452
50.1988,11283.2125,39.6094,240.0019,9.1959,-0.0014523,-0.075971,-2.7705,90.0102,-0.056921,4.4331,4.8867,6.6453,-35.362,-0.00019303,1.5146,-0.11935,9.7676e-07,0.064512,0,86.7063,0.16076,0.90667,478.454,1384.6452
50.1998,11283.5425,39.6094,240.0013,9.1959,-0.0016656,-0.099059,-2.0565,90.0097,-0.11464,4.4331,4.9304,6.3052,-35.3004,-7.7122e-05,1.4837,-0.11029,9.7677e-07,0.064523,0,86.8511,0.16055,0.94576,478.4528,1384.6273
50.2008,11283.5425,39.6094,240.0013,9.1959,-0.0016656,-0.099059,-2.0565,90.0097,-0.11464,4.4331,4.9304,6.3052,-35.3004,-7.7122e-05,1.4837,-0.11029,9.7677e-07,0.064523,0,86.8511,0.16054,0.93732,478.4528,1384.6273
50.2029,11283.5425,39.6094,240.0013,9.1959,-0.0016656,-0.099059,-2.0565,90.0097,-0.11464,4.4331,4.9304,6.3052,-35.3004,-7.7122e-05,1.4837,-0.11029,9.7677e-07,0.064523,0,86.8511,0.16053,0.92287,478.4528,1384.6273
50.2071,11283.5425,39.6094,240.0013,9.1959,-0.0016656,-0.099059,-2.0565,90.0097,-0.11464,4.4331,4.9304,6.3052,-35.3004,-7.7122e-05,1.4837,-0.11029,9.7677e-07,0.064523,0,86.8511,0.16051,0.90164,478.4528,1384.6273
50.2081,11283.8726,39.6095,240.0008,9.1959,-0.0018431,-0.1162,-1.3566,90.0087,-0.16799,4.4331,5,6.5905,-35.2364,6.79e-05,1.4513,-0.089945,9.7678e-07,0.064534,0,86.9959,0.16035,0.92684,478.4517,1384.6094
50.2132,11283.8726,39.6095,240.0008,9.1959,-0.0018431,-0.1162,-1.3566,90.0087,-0.16799,4.4331,5,6.5905,-35.2364,6.79e-05,1.4513,-0.089945,9.7678e-07,0.064534,0,86.9959,0.16032,0.90068,478.4517,1384.6094
50.2165,11284.2027,39.6097,240.0006,9.1959,-0.001939,-0.1275,-0.67066,90.0073,-0.21149,4.4331,5.0982,7.5671,-35.1686,0.00017552,1.4185,-0.064442,9.7681e-07,0.064545,0,87.1408,0.16024,0.90404,478.4505,1384.5915
50.2248,11284.5328,39.6098,240.0006,9.1959,-0.001947,-0.13309,0.0016147,90.0056,-0.24266,4.4331,5.2102,8.8627,-35.0961,0.00024141,1.3859,-0.036659,9.7684e-07,0.064555,0,87.2857,0.16023,0.87939,478.4493,1384.5737
50.2331,11284.8629,39.6101,240.0009,9.1959,-0.0018723,-0.13308,0.66048,90.0035,-0.26039,4.4331,5.3289,10.3027,-35.0199,0.00025168,1.3539,-0.0086037,9.7689e-07,0.064566,0,87.4307,0.16032,0.85379,478.4481,1384.5558
50.2415,11285.1929,39.6104,240.0013,9.1959,-0.0017366,-0.12757,1.3062,90.0014,-0.26455,4.4331,5.4492,11.7652,-34.9397,0.00021171,1.3228,0.018035,9.7694e-07,0.064577,0,87.5757,0.16048,0.82765,478.447,1384.5379
50.2498,11285.523,39.6108,240.0019,9.1959,-0.0015684,-0.11669,1.9392,89.9992,-0.25583,4.4331,5.5666,13.1474,-34.8566,0.00013176,1.2929,0.042148,9.7701e-07,0.064588,0,87.7207,0.16068,0.80116,478.4458,1384.52
50.2581,11285.8531,39.6113,240.0028,9.1959,-0.0013989,-0.10053,2.5598,89.997,-0.23545,4.4331,5.6784,14.382,-34.7714,2.8788e-05,1.2642,0.063082,9.7708e-07,0.064599,0,87.8658,0.1609,0.7744,478.4446,1384.5021
50.2665,11286.1832,39.6118,240.0039,9.1959,-0.001257,-0.079196,3.1683,89.9951,-0.20494,4.433,5.7825,15.4291,-34.685,-0.00012164,1.2367,0.080526,9.7717e-07,0.06461,0,87.5176,0.16111,0.7474,478.4434,1384.4842
50.2738,11286.1832,39.6118,240.0039,9.1959,-0.001257,-0.079196,3.1683,89.9951,-0.20494,4.433,5.7825,15.4291,-34.685,-0.00012164,1.2367,0.080526,9.7717e-07,0.06461,0,87.5176,0.16108,0.80574,478.4434,1384.4842
50.2738,11286.1832,39.6118,240.0039,9.1959,-0.001257,-0.079196,3.1683,89.9951,-0.20494,4.433,5.7825,15.4291,-34.685,-0.00012164,1.2367,0.080526,9.7717e-07,0.06461,0,87.5176,0.16108,0.80574,478.4434,1384.4842
50.2748,11286.5133,39.612,240.0039,9.1959,-0.0011865,-0.052793,3.765,89.9934,-0.166,4.433,5.6788,16.2696,-34.596,-0.0002615,1.1913,0.094446,9.7727e-07,0.06462,0,87.1696,0.16119,0.80981,478.4423,1384.4664
50.2749,11286.5133,39.612,240.0039,9.1959,-0.0011865,-0.052793,3.765,89.9934,-0.166,4.433,5.6788,16.2696,-34.596,-0.0002615,1.1913,0.094446,9.7727e-07,0.06462,0,87.1696,0.16119,0.81007,478.4423,1384.4664
50.2749,11286.5133,39.612,240.0039,9.1959,-0.0011865,-0.052793,3.765,89.9934,-0.166,4.433,5.6788,16.2696,-34.596,-0.0002615,1.1913,0.094446,9.7727e-07,0.06462,0,87.1696,0.16119,0.81007,478.4423,1384.4664
50.2758,11286.5133,39.612,240.0039,9.1959,-0.0011865,-0.052793,3.765,89.9934,-0.166,4.433,5.6788,16.2696,-34.596,-0.0002615,1.1913,0.094446,9.7727e-07,0.06462,0,87.1696,0.16118,0.81467,478.4423,1384.4664
50.2768,11286.5133,39.612,240.0039,9.1959,-0.0011865,-0.052793,3.765,89.9934,-0.166,4.433,5.6788,16.2696,-34.596,-0.0002615,1.1913,0.094446,9.7727e-07,0.06462,0,87.1696,0.16118,0.81884,478.4423,1384.4664
50.2788,11286.5133,39.612,240.0039,9.1959,-0.0011865,-0.052793,3.765,89.9934,-0.166,4.433,5.6788,16.2696,-34.596,-0.0002615,1.1913,0.094446,9.7727e-07,0.06462,0,87.1696,0.16117,0.82605,478.4423,1384.4664
50.2827,11286.5133,39.612,240.0039,9.1959,-0.0011865,-0.052793,3.765,89.9934,-0.166,4.433,5.6788,16.2696,-34.596,-0.0002615,1.1913,0.094446,9.7727e-07,0.06462,0,87.1696,0.16115,0.83685,478.4423,1384.4664
50.2831,11286.8434,39.612,240.0033,9.1959,-0.0012047,-0.021418,4.3411,89.992,-0.12032,4.4331,5.5672,16.7268,-34.4597,-0.00036533,0.048702,0.10501,9.7737e-07,0.064631,0,86.8219,0.16114,0.88094,478.4411,1384.4485
50.2854,11286.8434,39.612,240.0033,9.1959,-0.0012047,-0.021418,4.3411,89.992,-0.12032,4.4331,5.5672,16.7268,-34.4597,-0.00036533,0.048702,0.10501,9.7737e-07,0.064631,0,86.8219,0.16113,0.87661,478.4411,1384.4485
50.2915,11287.1735,39.6119,240.002,9.1959,-0.0013171,0.014757,4.3725,89.991,-0.069536,4.4331,5.4479,7.014,-31.5928,-0.00032478,-1.5785,0.1125,9.7747e-07,0.064642,0,86.6864,0.16095,0.95559,478.4399,1384.4306
50.2998,11287.5036,39.6119,240.0014,9.1959,-0.0014765,0.051195,3.6275,89.9904,-0.015129,4.4331,5.5129,-7.2931,-27.5394,-0.00020346,-1.5492,0.11729,9.7758e-07,0.064653,0,86.8312,0.16076,0.94529,478.4387,1384.4127
50.3011,11287.5036,39.6119,240.0014,9.1959,-0.0014765,0.051195,3.6275,89.9904,-0.015129,4.4331,5.5129,-7.2931,-27.5394,-0.00020346,-1.5492,0.11729,9.7758e-07,0.064653,0,86.8312,0.16075,0.93493,478.4387,1384.4127
50.3011,11287.5036,39.6119,240.0014,9.1959,-0.0014765,0.051195,3.6275,89.9904,-0.015129,4.4331,5.5129,-7.2931,-27.5394,-0.00020346,-1.5492,0.11729,9.7758e-07,0.064653,0,86.8312,0.16075,0.93493,478.4387,1384.4127
50.3081,11287.8337,39.612,240.001,9.1959,-0.0016453,0.081424,2.8969,89.9903,0.041596,4.4331,5.571,-6.7346,-27.6301,-4.1585e-05,-1.5199,0.11968,9.7768e-07,0.064664,0,86.9761,0.16057,0.92662,478.4376,1384.3948
50.3139,11287.8337,39.612,240.001,9.1959,-0.0016453,0.081424,2.8969,89.9903,0.041596,4.4331,5.571,-6.7346,-27.6301,-4.1585e-05,-1.5199,0.11968,9.7768e-07,0.064664,0,86.9761,0.16054,0.89788,478.4376,1384.3948
50.3139,11287.8337,39.612,240.001,9.1959,-0.0016453,0.081424,2.8969,89.9903,0.041596,4.4331,5.571,-6.7346,-27.6301,-4.1585e-05,-1.5199,0.11968,9.7768e-07,0.064664,0,86.9761,0.16054,0.89788,478.4376,1384.3948
50.3165,11288.1638,39.6121,240.0008,9.1959,-0.0017878,0.10556,2.1805,89.9906,0.099478,4.4331,5.6233,-6.3246,-27.721,9.7999e-05,-1.4895,0.11404,9.7778e-07,0.064675,0,87.121,0.16042,0.90409,478.4364,1384.3769
50.3191,11288.1638,39.6121,240.0008,9.1959,-0.0017878,0.10556,2.1805,89.9906,0.099478,4.4331,5.6233,-6.3246,-27.721,9.7999e-05,-1.4895,0.11404,9.7778e-07,0.064675,0,87.121,0.1604,0.89425,478.4364,1384.3769
50.3242,11288.1638,39.6121,240.0008,9.1959,-0.0017878,0.10556,2.1805,89.9906,0.099478,4.4331,5.6233,-6.3246,-27.721,9.7999e-05,-1.4895,0.11404,9.7778e-07,0.064675,0,87.121,0.16038,0.88079,478.4364,1384.3769
50.3248,11288.4939,39.6123,240.0008,9.1959,-0.0018897,0.12373,1.4781,89.9915,0.15463,4.4331,5.6563,-6.4054,-27.8117,0.00020849,-1.4573,0.095327,9.7786e-07,0.064686,0,87.2659,0.16032,0.8797,478.4352,1384.3591
50.3276,11288.4939,39.6123,240.0008,9.1959,-0.0018897,0.12373,1.4781,89.9915,0.15463,4.4331,5.6563,-6.4054,-27.8117,0.00020849,-1.4573,0.095327,9.7786e-07,0.064686,0,87.2659,0.1603,0.87508,478.4352,1384.3591
50.3331,11288.824,39.6126,240.001,9.1959,-0.0019311,0.13605,0.78968,89.9927,0.20074,4.433,5.6575,-7.2841,-27.9041,0.00027385,-1.4245,0.070576,9.7794e-07,0.064696,0,87.4108,0.16029,0.85432,478.434,1384.3412
50.3415,11289.1541,39.6129,240.0014,9.1959,-0.001907,0.14263,0.115,89.9944,0.23487,4.433,5.6446,-8.5339,-27.9937,0.00029359,-1.3918,0.043089,9.7801e-07,0.064707,0,87.5558,0.16033,0.82836,478.4329,1384.3233
50.3498,11289.4842,39.6133,240.0021,9.1959,-0.0018222,0.14359,-0.54622,89.9964,0.25572,4.433,5.6258,-9.9543,-28.0784,0.00026611,-1.3597,0.014883,9.7807e-07,0.064718,0,87.7008,0.16046,0.80198,478.4317,1384.3054
50.3581,11289.8143,39.6137,240.0029,9.1959,-0.0016923,0.13904,-1.1943,89.9985,0.26291,4.433,5.606,-11.4231,-28.157,0.00019757,-1.3284,-0.012219,9.7811e-07,0.064729,0,87.8459,0.16064,0.77529,478.4305,1384.2875
50.3665,11290.1444,39.6142,240.004,9.1959,-0.0015398,0.12909,-1.8295,90.0007,0.25701,4.433,5.5898,-12.8296,-28.2286,5.5079e-05,-1.2983,-0.036989,9.7815e-07,0.06474,0,87.4977,0.16086,0.74833,478.4293,1384.2696
50.3748,11290.4746,39.6144,240.004,9.1959,-0.0014109,0.11384,-2.4522,90.0028,0.23912,4.433,5.3807,-14.099,-28.2904,-0.00011375,-1.2693,-0.058684,9.7817e-07,0.064751,0,87.1498,0.16099,0.81074,478.4281,1384.2518
50.3831,11290.8047,39.6144,240.0033,9.1959,-0.0013353,0.093406,-3.0628,90.0048,0.21074,4.433,5.1816,-15.1861,-28.3447,-0.00028272,-1.2416,-0.076926,9.7818e-07,0.064761,0,86.8021,0.16103,0.88151,478.427,1384.2339
50.3883,11290.8047,39.6144,240.0033,9.1959,-0.0013353,0.093406,-3.0628,90.0048,0.21074,4.433,5.1816,-15.1861,-28.3447,-0.00028272,-1.2416,-0.076926,9.7818e-07,0.064761,0,86.8021,0.161,0.87268,478.427,1384.2339
50.3883,11290.8047,39.6144,240.0033,9.1959,-0.0013353,0.093406,-3.0628,90.0048,0.21074,4.433,5.1816,-15.1861,-28.3447,-0.00028272,-1.2416,-0.076926,9.7818e-07,0.064761,0,86.8021,0.161,0.87268,478.427,1384.2339
50.3915,11291.1348,39.6143,240.0021,9.1959,-0.0013341,0.067883,-3.6616,90.0066,0.17354,4.433,4.993,-16.0679,-28.3928,-0.00034016,-1.2151,-0.091625,9.7818e-07,0.064772,0,86.7515,0.16095,0.95545,478.4258,1384.216
50.3946,11291.1348,39.6143,240.0021,9.1959,-0.0013341,0.067883,-3.6616,90.0066,0.17354,4.433,4.993,-16.0679,-28.3928,-0.00034016,-1.2151,-0.091625,9.7818e-07,0.064772,0,86.7515,0.16094,0.9296,478.4258,1384.216
50.3994,11291.1348,39.6143,240.0021,9.1959,-0.0013341,0.067883,-3.6616,90.0066,0.17354,4.433,4.993,-16.0679,-28.3928,-0.00034016,-1.2151,-0.091625,9.7818e-07,0.064772,0,86.7515,0.16092,0.90342,478.4258,1384.216
50.3994,11291.1348,39.6143,240.0021,9.1959,-0.0013341,0.067883,-3.6616,90.0066,0.17354,4.433,4.993,-16.0679,-28.3928,-0.00034016,-1.2151,-0.091625,9.7818e-07,0.064772,0,86.7515,0.16092,0.90342,478.4258,1384.216
50.3998,11291.4649,39.6143,240.0015,9.1959,-0.0013768,0.03737,-4.2488,90.008,0.12922,4.433,5.0049,-16.7387,-28.4413,-0.00031185,-0.325,-0.10291,9.7817e-07,0.064783,0,86.8963,0.16088,0.94466,478.4246,1384.1981
50.4002,11291.4649,39.6143,240.0015,9.1959,-0.0013768,0.03737,-4.2488,90.008,0.12922,4.433,5.0049,-16.7387,-28.4413,-0.00031185,-0.325,-0.10291,9.7817e-07,0.064783,0,86.8963,0.16088,0.94117,478.4246,1384.1981
50.4011,11291.4649,39.6143,240.0015,9.1959,-0.0013768,0.03737,-4.2488,90.008,0.12922,4.433,5.0049,-16.7387,-28.4413,-0.00031185,-0.325,-0.10291,9.7817e-07,0.064783,0,86.8963,0.16087,0.93462,478.4246,1384.1981
50.4028,11291.4649,39.6143,240.0015,9.1959,-0.0013768,0.03737,-4.2488,90.008,0.12922,4.433,5.0049,-16.7387,-28.4413,-0.00031185,-0.325,-0.10291,9.7817e-07,0.064783,0,86.8963,0.16086,0.92307,478.4246,1384.1981
50.4062,11291.4649,39.6143,240.0015,9.1959,-0.0013768,0.03737,-4.2488,90.008,0.12922,4.433,5.0049,-16.7387,-28.4413,-0.00031185,-0.325,-0.10291,9.7817e-07,0.064783,0,86.8963,0.16085,0.90509,478.4246,1384.1981
50.4074,11291.4649,39.6143,240.0015,9.1959,-0.0013768,0.03737,-4.2488,90.008,0.12922,4.433,5.0049,-16.7387,-28.4413,-0.00031185,-0.325,-0.10291,9.7817e-07,0.064783,0,86.8963,0.16084,0.89994,478.4246,1384.1981
50.4074,11291.4649,39.6143,240.0015,9.1959,-0.0013768,0.03737,-4.2488,90.008,0.12922,4.433,5.0049,-16.7387,-28.4413,-0.00031185,-0.325,-0.10291,9.7817e-07,0.064783,0,86.8963,0.16084,0.89994,478.4246,1384.1981
50.4081,11291.795,39.6144,240.0011,9.1959,-0.0014452,0.0019631,-4.4119,90.0091,0.079453,4.433,5.0236,-9.3617,-30.6608,-0.00019463,1.3142,-0.11103,9.7816e-07,0.064794,0,87.0411,0.16079,0.92601,478.4234,1384.1802
50.4089,11291.795,39.6144,240.0011,9.1959,-0.0014452,0.0019631,-4.4119,90.0091,0.079453,4.433,5.0236,-9.3617,-30.6608,-0.00019463,1.3142,-0.11103,9.7816e-07,0.064794,0,87.0411,0.16078,0.92132,478.4234,1384.1802
50.4104,11291.795,39.6144,240.0011,9.1959,-0.0014452,0.0019631,-4.4119,90.0091,0.079453,4.433,5.0236,-9.3617,-30.6608,-0.00019463,1.3142,-0.11103,9.7816e-07,0.064794,0,87.0411,0.16078,0.91292,478.4234,1384.1802
50.4134,11291.795,39.6144,240.0011,9.1959,-0.0014452,0.0019631,-4.4119,90.0091,0.079453,4.433,5.0236,-9.3617,-30.6608,-0.00019463,1.3142,-0.11103,9.7816e-07,0.064794,0,87.0411,0.16076,0.89946,478.4234,1384.1802
50.4165,11292.1252,39.6145,240.0009,9.1959,-0.00152,-0.034803,-3.793,90.0098,0.025758,4.433,5.0496,5.0071,-34.7754,-6.0162e-05,1.5557,-0.1164,9.7815e-07,0.064805,0,87.186,0.1607,0.90364,478.4223,1384.1623
50.4171,11292.1252,39.6145,240.0009,9.1959,-0.00152,-0.034803,-3.793,90.0098,0.025758,4.433,5.0496,5.0071,-34.7754,-6.0162e-05,1.5557,-0.1164,9.7815e-07,0.064805,0,87.186,0.1607,0.90118,478.4223,1384.1623
50.4171,11292.1252,39.6145,240.0009,9.1959,-0.00152,-0.034803,-3.793,90.0098,0.025758,4.433,5.0496,5.0071,-34.7754,-6.0162e-05,1.5557,-0.1164,9.7815e-07,0.064805,0,87.186,0.1607,0.90118,478.4223,1384.1623
50.4248,11292.4553,39.6147,240.0009,9.1959,-0.0015991,-0.066411,-3.0593,90.01,-0.030535,4.433,5.0825,6.8621,-35.3975,5.963e-05,1.5264,-0.11937,9.7813e-07,0.064816,0,87.3309,0.16063,0.87951,478.4211,1384.1445
50.4296,11292.4553,39.6147,240.0009,9.1959,-0.0015991,-0.066411,-3.0593,90.01,-0.030535,4.433,5.0825,6.8621,-35.3975,5.963e-05,1.5264,-0.11937,9.7813e-07,0.064816,0,87.3309,0.1606,0.87235,478.4211,1384.1445
50.4296,11292.4553,39.6147,240.0009,9.1959,-0.0015991,-0.066411,-3.0593,90.01,-0.030535,4.433,5.0825,6.8621,-35.3975,5.963e-05,1.5264,-0.11937,9.7813e-07,0.064816,0,87.3309,0.1606,0.87235,478.4211,1384.1445
50.4331,11292.7854,39.615,240.0011,9.1959,-0.0016754,-0.091905,-2.3397,90.0097,-0.088266,4.433,5.1222,6.4103,-35.3401,0.00015054,1.4963,-0.11563,9.7812e-07,0.064826,0,87.4758,0.16056,0.85441,478.4199,1384.1266
50.4366,11292.7854,39.615,240.0011,9.1959,-0.0016754,-0.091905,-2.3397,90.0097,-0.088266,4.433,5.1222,6.4103,-35.3401,0.00015054,1.4963,-0.11563,9.7812e-07,0.064826,0,87.4758,0.16055,0.85628,478.4199,1384.1266
50.4415,11293.1155,39.6153,240.0015,9.1959,-0.0017406,-0.1114,-1.6342,90.009,-0.14419,4.433,5.1794,6.3706,-35.2775,0.00021005,1.4644,-0.09935,9.7812e-07,0.064837,0,87.6208,0.16053,0.82871,478.4187,1384.1087
50.4498,11293.4457,39.6157,240.0021,9.1959,-0.0017776,-0.12502,-0.94273,90.0078,-0.19224,4.433,5.2688,7.0981,-35.2072,0.00023533,1.4316,-0.07569,9.7813e-07,0.064848,0,87.7658,0.16053,0.80257,478.4176,1384.0908
50.4581,11293.7758,39.6161,240.003,9.1959,-0.0017751,-0.13288,-0.26502,90.0062,-0.22885,4.433,5.3775,8.2796,-35.1313,0.00022782,1.399,-0.048707,9.7814e-07,0.064859,0,87.9108,0.16058,0.77607,478.4164,1384.0729
50.4665,11294.1059,39.6167,240.004,9.1959,-0.0017298,-0.13509,0.39917,90.0043,-0.25241,4.433,5.4955,9.6687,-35.0517,0.00014401,1.3667,-0.020597,9.7817e-07,0.06487,0,87.5627,0.16069,0.74923,478.4152,1384.055
50.4748,11294.4361,39.6169,240.004,9.1958,-0.0016692,-0.13176,1.0501,90.0022,-0.26237,4.433,5.4178,11.1323,-34.9666,2.0165e-05,1.3353,0.0067748,9.782e-07,0.064881,0,87.2148,0.16076,0.81169,478.414,1384.0372
50.4831,11294.7662,39.6169,240.0034,9.1958,-0.0016131,-0.12301,1.6882,90,-0.2591,4.433,5.341,12.5567,-34.8784,-0.00012711,1.3048,0.032047,9.7825e-07,0.064892,0,86.8671,0.16077,0.88248,478.4129,1384.0193
50.4915,11295.0963,39.6167,240.0022,9.1958,-0.0015819,-0.10894,2.3137,89.9978,-0.2436,4.433,5.2613,13.8593,-34.7888,-0.00019601,1.2756,0.054381,9.7831e-07,0.064902,0,86.8183,0.16073,0.95642,478.4117,1384.0014
50.4998,11295.4265,39.6167,240.0016,9.1958,-0.0015539,-0.089659,2.9269,89.9958,-0.2173,4.433,5.3668,14.9891,-34.7037,-0.00021723,1.2476,0.073331,9.7838e-07,0.064913,0,86.9631,0.16072,0.94542,478.4105,1383.9835
50.5023,11295.4265,39.6167,240.0016,9.1958,-0.0015539,-0.089659,2.9269,89.9958,-0.2173,4.433,5.3668,14.9891,-34.7037,-0.00021723,1.2476,0.073331,9.7838e-07,0.064913,0,86.9631,0.16071,0.92689,478.4105,1383.9835
50.5023,11295.4265,39.6167,240.0016,9.1958,-0.0015539,-0.089659,2.9269,89.9958,-0.2173,4.433,5.3668,14.9891,-34.7037,-0.00021723,1.2476,0.073331,9.7838e-07,0.064913,0,86.9631,0.16071,0.92689,478.4105,1383.9835
50.5081,11295.7566,39.6167,240.0012,9.1958,-0.0015264,-0.065268,3.5283,89.994,-0.18183,4.433,5.4636,15.9188,-34.6217,-0.00018537,1.2209,0.088751,9.7846e-07,0.064924,0,87.1079,0.16072,0.92607,478.4093,1383.9656
50.5131,11295.7566,39.6167,240.0012,9.1958,-0.0015264,-0.065268,3.5283,89.994,-0.18183,4.433,5.4636,15.9188,-34.6217,-0.00018537,1.2209,0.088751,9.7846e-07,0.064924,0,87.1079,0.1607,0.90047,478.4093,1383.9656
50.5131,11295.7566,39.6167,240.0012,9.1958,-0.0015264,-0.065268,3.5283,89.994,-0.18183,4.433,5.4636,15.9188,-34.6217,-0.00018537,1.2209,0.088751,9.7846e-07,0.064924,0,87.1079,0.1607,0.90047,478.4093,1383.9656
50.5165,11296.0867,39.6169,240.001,9.1958,-0.0014963,-0.035866,4.1181,89.9925,-0.13891,4.433,5.5511,16.6394,-34.5428,-0.00013897,0.71492,0.10073,9.7855e-07,0.064935,0,87.2528,0.16074,0.90306,478.4082,1383.9478
50.5198,11296.0867,39.6169,240.001,9.1958,-0.0014963,-0.035866,4.1181,89.9925,-0.13891,4.433,5.5511,16.6394,-34.5428,-0.00013897,0.71492,0.10073,9.7855e-07,0.064935,0,87.2528,0.16073,0.89098,478.4082,1383.9478
50.5215,11296.0867,39.6169,240.001,9.1958,-0.0014963,-0.035866,4.1181,89.9925,-0.13891,4.433,5.5511,16.6394,-34.5428,-0.00013897,0.71492,0.10073,9.7855e-07,0.064935,0,87.2528,0.16072,0.88628,478.4082,1383.9478
50.5215,11296.0867,39.6169,240.001,9.1958,-0.0014963,-0.035866,4.1181,89.9925,-0.13891,4.433,5.5511,16.6394,-34.5428,-0.00013897,0.71492,0.10073,9.7855e-07,0.064935,0,87.2528,0.16072,0.88628,478.4082,1383.9478
50.5248,11296.4169,39.6171,240.001,9.1958,-0.0014792,-0.0015484,4.4672,89.9913,-0.090198,4.433,5.6284,12.7948,-33.2694,-6.9071e-05,-0.92324,0.10948,9.7864e-07,0.064946,0,87.3977,0.16076,0.8789,478.407,1383.9299
50.5281,11296.4169,39.6171,240.001,9.1958,-0.0014792,-0.0015484,4.4672,89.9913,-0.090198,4.433,5.6284,12.7948,-33.2694,-6.9071e-05,-0.92324,0.10948,9.7864e-07,0.064946,0,87.3977,0.16075,0.87384,478.407,1383.9299
50.5331,11296.747,39.6173,240.0012,9.1958,-0.0014869,0.035678,4.0349,89.9906,-0.037252,4.433,5.6973,-1.5314,-29.184,1.7434e-05,-1.5652,0.11541,9.7873e-07,0.064957,0,87.5426,0.16077,0.85393,478.4058,1383.912
50.5415,11297.0772,39.6177,240.0016,9.1958,-0.0015237,0.069302,3.2965,89.9903,0.018562,4.433,5.7593,-6.9946,-27.5959,8.9625e-05,-1.5358,0.11885,9.7882e-07,0.064967,0,87.6876,0.16076,0.82847,478.4046,1383.8941
50.5452,11297.0772,39.6177,240.0016,9.1958,-0.0015237,0.069302,3.2965,89.9903,0.018562,4.433,5.7593,-6.9946,-27.5959,8.9625e-05,-1.5358,0.11885,9.7882e-07,0.064967,0,87.6876,0.16074,0.83852,478.4046,1383.8941
50.5452,11297.0772,39.6177,240.0016,9.1958,-0.0015237,0.069302,3.2965,89.9903,0.018562,4.433,5.7593,-6.9946,-27.5959,8.9625e-05,-1.5358,0.11885,9.7882e-07,0.064967,0,87.6876,0.16074,0.83852,478.4046,1383.8941
50.5498,11297.4073,39.6181,240.0022,9.1958,-0.0015855,0.096772,2.5723,89.9904,0.076044,4.433,5.8156,-6.5188,-27.6833,0.000142,-1.5061,0.11762,9.7891e-07,0.064978,0,87.8325,0.16074,0.80261,478.4035,1383.8762
50.5544,11297.4073,39.6181,240.0022,9.1958,-0.0015855,0.096772,2.5723,89.9904,0.076044,4.433,5.8156,-6.5188,-27.6833,0.000142,-1.5061,0.11762,9.7891e-07,0.064978,0,87.8325,0.16072,0.8237,478.4035,1383.8762
50.5581,11297.7375,39.6185,240.003,9.1958,-0.0016616,0.11821,1.8623,89.991,0.13293,4.4329,5.861,-6.3306,-27.7689,0.00017545,-1.4746,0.10472,9.7899e-07,0.064989,0,87.9776,0.16072,0.77638,478.4023,1383.8584
50.5665,11298.0676,39.619,240.0041,9.1958,-0.0017301,0.13373,1.1664,89.9922,0.18358,4.4329,5.878,-6.8539,-27.8562,0.00014436,-1.442,0.082592,9.7906e-07,0.065,0,87.6295,0.16072,0.74979,478.4011,1383.8405
50.5748,11298.3978,39.6192,240.0041,9.1958,-0.0017906,0.14345,0.48425,89.9937,0.22352,4.4329,5.6736,-7.9422,-27.9409,8.1129e-05,-1.4092,0.056291,9.7912e-07,0.065011,0,87.2816,0.16066,0.81242,478.3999,1383.8226
50.5831,11298.7279,39.6192,240.0034,9.1958,-0.0018366,0.14748,-0.18426,89.9955,0.25075,4.4329,5.4615,-9.2882,-28.0221,-7.4787e-06,-1.3768,0.028313,9.7916e-07,0.065022,0,86.9339,0.16057,0.88332,478.3987,1383.8047
50.5915,11299.0581,39.619,240.0022,9.1958,-0.001868,0.14595,-0.83944,89.9976,0.26444,4.4329,5.2479,-10.7406,-28.0988,-3.1685e-05,-1.3451,0.00059023,9.792e-07,0.065032,0,86.8692,0.16047,0.95733,478.3976,1383.7868
50.5998,11299.3883,39.619,240.0016,9.1958,-0.0018519,0.13895,-1.4816,89.9998,0.26473,4.433,5.2278,-12.182,-28.1751,-3.2297e-05,-1.3143,-0.025356,9.7922e-07,0.065043,0,87.014,0.16044,0.94637,478.3964,1383.7689
50.6081,11299.7184,39.6191,240.0012,9.1958,-0.0017843,0.12661,-2.1111,90.002,0.25247,4.433,5.2123,-13.5203,-28.2477,-1.2025e-05,-1.2847,-0.048557,9.7924e-07,0.065054,0,87.1588,0.16048,0.92708,478.3952,1383.7511
50.6165,11300.0486,39.6192,240.001,9.1958,-0.0016694,0.10901,-2.7283,90.0042,0.22899,4.433,5.2039,-14.6964,-28.3157,-1.9631e-05,-1.2564,-0.068468,9.7924e-07,0.065065,0,87.3036,0.16058,0.904,478.394,1383.7332
50.6248,11300.3787,39.6194,240.001,9.1958,-0.0015399,0.086278,-3.3334,90.0061,0.19587,4.433,5.204,-15.6773,-28.3763,-3.9764e-05,-1.2293,-0.084866,9.7922e-07,0.065076,0,87.4485,0.16071,0.87918,478.3929,1383.7153
50.6262,11300.3787,39.6194,240.001,9.1958,-0.0015399,0.086278,-3.3334,90.0061,0.19587,4.433,5.204,-15.6773,-28.3763,-3.9764e-05,-1.2293,-0.084866,9.7922e-07,0.065076,0,87.4485,0.16071,0.87672,478.3929,1383.7153
50.6262,11300.3787,39.6194,240.001,9.1958,-0.0015399,0.086278,-3.3334,90.0061,0.19587,4.433,5.204,-15.6773,-28.3763,-3.9764e-05,-1.2293,-0.084866,9.7922e-07,0.065076,0,87.4485,0.16071,0.87672,478.3929,1383.7153
50.6331,11300.7089,39.6197,240.0012,9.1958,-0.0014237,0.058499,-3.9269,90.0077,0.15483,4.433,5.213,-16.4492,-28.4301,-5.8165e-05,-1.0651,-0.097779,9.792e-07,0.065087,0,87.5934,0.16084,0.85349,478.3917,1383.6974
50.6355,11300.7089,39.6197,240.0012,9.1958,-0.0014237,0.058499,-3.9269,90.0077,0.15483,4.433,5.213,-16.4492,-28.4301,-5.8165e-05,-1.0651,-0.097779,9.792e-07,0.065087,0,87.5934,0.16083,0.85502,478.3917,1383.6974
50.6355,11300.7089,39.6197,240.0012,9.1958,-0.0014237,0.058499,-3.9269,90.0077,0.15483,4.433,5.213,-16.4492,-28.4301,-5.8165e-05,-1.0651,-0.097779,9.792e-07,0.065087,0,87.5934,0.16083,0.85502,478.3917,1383.6974
50.6415,11301.0391,39.62,240.0016,9.1958,-0.0013432,0.025775,-4.443,90.009,0.10754,4.433,5.2294,-15.7591,-28.8256,-6.2363e-05,0.43861,-0.10741,9.7918e-07,0.065098,0,87.7384,0.16095,0.82786,478.3905,1383.6795
50.6474,11301.0391,39.62,240.0016,9.1958,-0.0013432,0.025775,-4.443,90.009,0.10754,4.433,5.2294,-15.7591,-28.8256,-6.2363e-05,0.43861,-0.10741,9.7918e-07,0.065098,0,87.7384,0.16092,0.84241,478.3905,1383.6795
50.6498,11301.3692,39.6204,240.0022,9.1958,-0.0013144,-0.01125,-4.2419,90.0099,0.055594,4.433,5.2535,-2.7127,-32.5857,-3.3427e-05,1.5733,-0.11408,9.7914e-07,0.065108,0,87.8834,0.16102,0.80209,478.3893,1383.6617
50.6581,11301.6994,39.6208,240.0031,9.1958,-0.0013408,-0.046599,-3.4995,90.0103,0.00042226,4.4329,5.2848,7.1678,-35.4366,2.6665e-06,1.544,-0.11817,9.7911e-07,0.065119,0,87.9503,0.16105,0.77608,478.3882,1383.6438
50.6605,11301.6994,39.6208,240.0031,9.1958,-0.0013408,-0.046599,-3.4995,90.0103,0.00042226,4.4329,5.2848,7.1678,-35.4366,2.6665e-06,1.544,-0.11817,9.7911e-07,0.065119,0,87.9503,0.16104,0.79406,478.3882,1383.6438
50.6605,11301.6994,39.6208,240.0031,9.1958,-0.0013408,-0.046599,-3.4995,90.0103,0.00042226,4.4329,5.2848,7.1678,-35.4366,2.6665e-06,1.544,-0.11817,9.7911e-07,0.065119,0,87.9503,0.16104,0.79406,478.3882,1383.6438
50.6665,11302.0296,39.6214,240.0041,9.1958,-0.001414,-0.075761,-2.7714,90.0103,-0.056728,4.4329,5.3229,6.6456,-35.3758,-1.0728e-05,1.5145,-0.11933,9.7908e-07,0.06513,0,87.6023,0.16105,0.7498,478.387,1383.6259
50.6724,11302.0296,39.6214,240.0041,9.1958,-0.001414,-0.075761,-2.7714,90.0103,-0.056728,4.4329,5.3229,6.6456,-35.3758,-1.0728e-05,1.5145,-0.11933,9.7908e-07,0.06513,0,87.6023,0.16102,0.79862,478.387,1383.6259
50.6737,11302.0296,39.6214,240.0041,9.1958,-0.001414,-0.075761,-2.7714,90.0103,-0.056728,4.4329,5.3229,6.6456,-35.3758,-1.0728e-05,1.5145,-0.11933,9.7908e-07,0.06513,0,87.6023,0.16101,0.80625,478.387,1383.6259
50.6737,11302.0296,39.6214,240.0041,9.1958,-0.001414,-0.075761,-2.7714,90.0103,-0.056728,4.4329,5.3229,6.6456,-35.3758,-1.0728e-05,1.5145,-0.11933,9.7908e-07,0.06513,0,87.6023,0.16101,0.80625,478.387,1383.6259
50.6748,11302.3598,39.6216,240.0041,9.1958,-0.00154,-0.098856,-2.0575,90.0099,-0.11444,4.4329,5.1699,6.3051,-35.3099,-3.9651e-05,1.4837,-0.11031,9.7906e-07,0.065141,0,87.2544,0.16092,0.8127,478.3858,1383.608
50.6759,11302.3598,39.6216,240.0041,9.1958,-0.00154,-0.098856,-2.0575,90.0099,-0.11444,4.4329,5.1699,6.3051,-35.3099,-3.9651e-05,1.4837,-0.11031,9.7906e-07,0.065141,0,87.2544,0.16092,0.81742,478.3858,1383.608
50.678,11302.3598,39.6216,240.0041,9.1958,-0.00154,-0.098856,-2.0575,90.0099,-0.11444,4.4329,5.1699,6.3051,-35.3099,-3.9651e-05,1.4837,-0.11031,9.7906e-07,0.065141,0,87.2544,0.16091,0.82547,478.3858,1383.608
50.6823,11302.3598,39.6216,240.0041,9.1958,-0.00154,-0.098856,-2.0575,90.0099,-0.11444,4.4329,5.1699,6.3051,-35.3099,-3.9651e-05,1.4837,-0.11031,9.7906e-07,0.065141,0,87.2544,0.16089,0.83721,478.3858,1383.608
50.6831,11302.6899,39.6216,240.0035,9.1958,-0.0016993,-0.116,-1.3577,90.0089,-0.1678,4.4329,5.0449,6.5883,-35.2378,-7.9488e-05,1.4512,-0.089985,9.7904e-07,0.065152,0,86.9068,0.16073,0.88384,478.3846,1383.5901
50.6873,11302.6899,39.6216,240.0035,9.1958,-0.0016993,-0.116,-1.3577,90.0089,-0.1678,4.4329,5.0449,6.5883,-35.2378,-7.9488e-05,1.4512,-0.089985,9.7904e-07,0.065152,0,86.9068,0.16071,0.87556,478.3846,1383.5901
50.6915,11303.0201,39.6214,240.0022,9.1958,-0.0018655,-0.12732,-0.67174,90.0075,-0.21132,4.4329,4.9508,7.5639,-35.1595,-4.303e-05,1.4184,-0.064494,9.7903e-07,0.065163,0,86.8893,0.16049,0.95804,478.3835,1383.5723
50.6998,11303.3503,39.6214,240.0016,9.1958,-0.0019778,-0.13291,0.0005053,90.0058,-0.24251,4.4329,5.0626,8.8588,-35.0828,2.1264e-05,1.3858,-0.03672,9.7903e-07,0.065173,0,87.034,0.16034,0.94723,478.3823,1383.5544
50.7081,11303.6805,39.6214,240.0011,9.1958,-0.0020083,-0.13291,0.65934,90.0037,-0.26027,4.4329,5.1805,10.2983,-35.0064,9.868e-05,1.3538,-0.0086699,9.7904e-07,0.065184,0,87.1788,0.16028,0.92804,478.3811,1383.5365
50.7165,11304.0106,39.6216,240.0009,9.1958,-0.0019458,-0.12742,1.3051,90.0016,-0.26447,4.4329,5.2995,11.7605,-34.9298,0.00012946,1.3228,0.017968,9.7906e-07,0.065195,0,87.3237,0.16033,0.90501,478.3799,1383.5186
50.7248,11304.3408,39.6217,240.0009,9.1958,-0.001817,-0.11654,1.938,89.9994,-0.25578,4.4329,5.4157,13.1427,-34.8505,0.0001206,1.2928,0.042084,9.7909e-07,0.065206,0,87.4686,0.16045,0.88022,478.3788,1383.5008
50.7331,11304.671,39.622,240.0011,9.1958,-0.001653,-0.10039,2.5586,89.9972,-0.23543,4.4329,5.5262,14.3775,-34.769,7.3126e-05,1.2641,0.063021,9.7914e-07,0.065217,0,87.6135,0.16063,0.85455,478.3776,1383.4829
50.7415,11305.0012,39.6223,240.0016,9.1958,-0.0014901,-0.079068,3.167,89.9953,-0.20495,4.4329,5.6292,15.4248,-34.6856,4.9052e-06,1.2367,0.080471,9.7919e-07,0.065228,0,87.7584,0.16082,0.82839,478.3764,1383.465
50.7488,11305.0012,39.6223,240.0016,9.1958,-0.0014901,-0.079068,3.167,89.9953,-0.20495,4.4329,5.6292,15.4248,-34.6856,4.9052e-06,1.2367,0.080471,9.7919e-07,0.065228,0,87.7584,0.16078,0.84505,478.3764,1383.465
50.7488,11305.0012,39.6223,240.0016,9.1958,-0.0014901,-0.079068,3.167,89.9953,-0.20495,4.4329,5.6292,15.4248,-34.6856,4.9052e-06,1.2367,0.080471,9.7919e-07,0.065228,0,87.7584,0.16078,0.84505,478.3764,1383.465
50.7498,11305.3314,39.6227,240.0022,9.1958,-0.0013592,-0.052677,3.7637,89.9936,-0.16603,4.4329,5.7237,16.2657,-34.6013,-5.9444e-05,1.1925,0.094398,9.7925e-07,0.065239,0,87.9034,0.16099,0.80191,478.3752,1383.4471
50.7498,11305.3314,39.6227,240.0022,9.1958,-0.0013592,-0.052677,3.7637,89.9936,-0.16603,4.4329,5.7237,16.2657,-34.6013,-5.9444e-05,1.1925,0.094398,9.7925e-07,0.065239,0,87.9034,0.16099,0.80214,478.3752,1383.4471
50.7498,11305.3314,39.6227,240.0022,9.1958,-0.0013592,-0.052677,3.7637,89.9936,-0.16603,4.4329,5.7237,16.2657,-34.6013,-5.9444e-05,1.1925,0.094398,9.7925e-07,0.065239,0,87.9034,0.16099,0.80214,478.3752,1383.4471
50.7508,11305.3314,39.6227,240.0022,9.1958,-0.0013592,-0.052677,3.7637,89.9936,-0.16603,4.4329,5.7237,16.2657,-34.6013,-5.9444e-05,1.1925,0.094398,9.7925e-07,0.065239,0,87.9034,0.16098,0.80755,478.3752,1383.4471
50.7518,11305.3314,39.6227,240.0022,9.1958,-0.0013592,-0.052677,3.7637,89.9936,-0.16603,4.4329,5.7237,16.2657,-34.6013,-5.9444e-05,1.1925,0.094398,9.7925e-07,0.065239,0,87.9034,0.16098,0.81245,478.3752,1383.4471
50.7538,11305.3314,39.6227,240.0022,9.1958,-0.0013592,-0.052677,3.7637,89.9936,-0.16603,4.4329,5.7237,16.2657,-34.6013,-5.9444e-05,1.1925,0.094398,9.7925e-07,0.065239,0,87.9034,0.16097,0.82093,478.3752,1383.4471
50.7577,11305.3314,39.6227,240.0022,9.1958,-0.0013592,-0.052677,3.7637,89.9936,-0.16603,4.4329,5.7237,16.2657,-34.6013,-5.9444e-05,1.1925,0.094398,9.7925e-07,0.065239,0,87.9034,0.16095,0.83362,478.3752,1383.4471
50.7581,11305.6616,39.6231,240.003,9.1958,-0.0012811,-0.021312,4.3404,89.9922,-0.12038,4.4329,5.8085,16.7349,-34.4729,-0.00010087,0.051282,0.10497,9.7932e-07,0.065249,0,87.9871,0.16112,0.77553,478.374,1383.4292
50.7604,11305.6616,39.6231,240.003,9.1958,-0.0012811,-0.021312,4.3404,89.9922,-0.12038,4.4329,5.8085,16.7349,-34.4729,-0.00010087,0.051282,0.10497,9.7932e-07,0.065249,0,87.9871,0.16111,0.79257,478.374,1383.4292
50.7665,11305.9918,39.6237,240.0041,9.1958,-0.0012673,0.014857,4.373,89.9912,-0.069614,4.4329,5.8839,7.0349,-31.6134,-0.00014193,-1.5783,0.11247,9.7939e-07,0.06526,0,87.639,0.1612,0.74927,478.3729,1383.4114
50.7748,11306.3219,39.6239,240.0041,9.1958,-0.0013394,0.051299,3.6281,89.9906,-0.015222,4.4329,5.7522,-7.2937,-27.5496,-0.00016534,-1.549,0.11726,9.7946e-07,0.065271,0,87.2911,0.16113,0.81231,478.3717,1383.3935
50.7761,11306.3219,39.6239,240.0041,9.1958,-0.0013394,0.051299,3.6281,89.9906,-0.015222,4.4329,5.7522,-7.2937,-27.5496,-0.00016534,-1.549,0.11726,9.7946e-07,0.065271,0,87.2911,0.16113,0.81802,478.3717,1383.3935
50.7761,11306.3219,39.6239,240.0041,9.1958,-0.0013394,0.051299,3.6281,89.9906,-0.015222,4.4329,5.7522,-7.2937,-27.5496,-0.00016534,-1.549,0.11726,9.7946e-07,0.065271,0,87.2911,0.16113,0.81802,478.3717,1383.3935
50.7831,11306.6521,39.6239,240.0034,9.1958,-0.0014901,0.081533,2.8975,89.9905,0.041491,4.4329,5.6159,-6.735,-27.632,-0.00018825,-1.5197,0.11967,9.7953e-07,0.065282,0,86.9436,0.16095,0.8837,478.3705,1383.3756
50.7889,11306.6521,39.6239,240.0034,9.1958,-0.0014901,0.081533,2.8975,89.9905,0.041491,4.4329,5.6159,-6.735,-27.632,-0.00018825,-1.5197,0.11967,9.7953e-07,0.065282,0,86.9436,0.16092,0.8731,478.3705,1383.3756
50.7889,11306.6521,39.6239,240.0034,9.1958,-0.0014901,0.081533,2.8975,89.9905,0.041491,4.4329,5.6159,-6.735,-27.632,-0.00018825,-1.5197,0.11967,9.7953e-07,0.065282,0,86.9436,0.16092,0.8731,478.3705,1383.3756
50.7915,11306.9823,39.6237,240.0022,9.1958,-0.0017026,0.10568,2.1812,89.9908,0.099366,4.4329,5.476,-6.3243,-27.7124,-0.0001198,-1.4894,0.11405,9.7959e-07,0.065293,0,86.8619,0.16066,0.95814,478.3693,1383.3577
50.7941,11306.9823,39.6237,240.0022,9.1958,-0.0017026,0.10568,2.1812,89.9908,0.099366,4.4329,5.476,-6.3243,-27.7124,-0.0001198,-1.4894,0.11405,9.7959e-07,0.065293,0,86.8619,0.16065,0.93572,478.3693,1383.3577
50.7993,11306.9823,39.6237,240.0022,9.1958,-0.0017026,0.10568,2.1812,89.9908,0.099366,4.4329,5.476,-6.3243,-27.7124,-0.0001198,-1.4894,0.11405,9.7959e-07,0.065293,0,86.8619,0.16063,0.90507,478.3693,1383.3577
50.7998,11307.3125,39.6237,240.0015,9.1958,-0.0019086,0.12385,1.4788,89.9916,0.15452,4.4329,5.5088,-6.4038,-27.7989,-1.0948e-05,-1.4571,0.095349,9.7965e-07,0.065304,0,87.0066,0.16042,0.94759,478.3682,1383.3398
50.8025,11307.3125,39.6237,240.0015,9.1958,-0.0019086,0.12385,1.4788,89.9916,0.15452,4.4329,5.5088,-6.4038,-27.7989,-1.0948e-05,-1.4571,0.095349,9.7965e-07,0.065304,0,87.0066,0.16041,0.92676,478.3682,1383.3398
50.8081,11307.6427,39.6237,240.0011,9.1957,-0.0020549,0.13618,0.79048,89.9929,0.20064,4.4329,5.5093,-7.2817,-27.8911,0.00012148,-1.4244,0.070608,9.7969e-07,0.065314,0,87.1514,0.16025,0.92861,478.367,1383.322
50.8165,11307.9729,39.6239,240.0009,9.1957,-0.0021036,0.14277,0.11585,89.9946,0.23479,4.4329,5.4952,-8.5309,-27.9842,0.00021188,-1.3917,0.043129,9.7973e-07,0.065325,0,87.2963,0.16019,0.90577,478.3658,1383.3041
50.8248,11308.3031,39.624,240.0009,9.1957,-0.002058,0.14373,-0.54531,89.9966,0.25565,4.4329,5.4751,-9.951,-28.0726,0.00025538,-1.3596,0.014927,9.7975e-07,0.065336,0,87.4411,0.16023,0.8811,478.3646,1383.2862
50.8331,11308.6333,39.6243,240.0011,9.1957,-0.0019334,0.13919,-1.1933,89.9987,0.26287,4.4329,5.4542,-11.4196,-28.155,0.00024223,-1.3284,-0.012173,9.7976e-07,0.065347,0,87.586,0.16036,0.8555,478.3635,1383.2683
50.8415,11308.9635,39.6246,240.0015,9.1957,-0.0017596,0.12924,-1.8285,90.0009,0.25699,4.4329,5.4368,-12.8259,-28.2295,0.00018183,-1.2982,-0.036943,9.7976e-07,0.065358,0,87.731,0.16056,0.82938,478.3623,1383.2505
50.8498,11309.2937,39.6249,240.0021,9.1957,-0.0015702,0.11401,-2.4512,90.003,0.23912,4.4329,5.4259,-14.0953,-28.2961,8.8433e-05,-1.2692,-0.05864,9.7975e-07,0.065369,0,87.8759,0.16078,0.80292,478.3611,1383.2326
50.8581,11309.6239,39.6254,240.0029,9.1957,-0.0013981,0.093579,-3.0617,90.005,0.21076,4.4329,5.4231,-15.1827,-28.3549,-1.8216e-05,-1.2415,-0.076885,9.7972e-07,0.06538,0,88.0209,0.16101,0.77621,478.3599,1383.2147
50.8633,11309.6239,39.6254,240.0029,9.1957,-0.0013981,0.093579,-3.0617,90.005,0.21076,4.4329,5.4231,-15.1827,-28.3549,-1.8216e-05,-1.2415,-0.076885,9.7972e-07,0.06538,0,88.0209,0.16099,0.80975,478.3599,1383.2147
50.8633,11309.6239,39.6254,240.0029,9.1957,-0.0013981,0.093579,-3.0617,90.005,0.21076,4.4329,5.4231,-15.1827,-28.3549,-1.8216e-05,-1.2415,-0.076885,9.7972e-07,0.06538,0,88.0209,0.16099,0.80975,478.3599,1383.2147
50.8665,11309.9542,39.6259,240.004,9.1957,-0.0012706,0.068064,-3.6605,90.0068,0.17358,4.4329,5.4291,-16.0649,-28.407,-0.00015732,-1.2151,-0.091591,9.7969e-07,0.06539,0,87.6729,0.1612,0.74929,478.3588,1383.1968
50.8697,11309.9542,39.6259,240.004,9.1957,-0.0012706,0.068064,-3.6605,90.0068,0.17358,4.4329,5.4291,-16.0649,-28.407,-0.00015732,-1.2151,-0.091591,9.7969e-07,0.06539,0,87.6729,0.16119,0.77933,478.3588,1383.1968
50.8743,11309.9542,39.6259,240.004,9.1957,-0.0012706,0.068064,-3.6605,90.0068,0.17358,4.4329,5.4291,-16.0649,-28.407,-0.00015732,-1.2151,-0.091591,9.7969e-07,0.06539,0,87.6729,0.16117,0.80915,478.3588,1383.1968
50.8743,11309.9542,39.6259,240.004,9.1957,-0.0012706,0.068064,-3.6605,90.0068,0.17358,4.4329,5.4291,-16.0649,-28.407,-0.00015732,-1.2151,-0.091591,9.7969e-07,0.06539,0,87.6729,0.16117,0.80915,478.3588,1383.1968
50.8748,11310.2844,39.6261,240.004,9.1957,-0.0012258,0.03756,-4.2477,90.0082,0.12928,4.4329,5.2444,-16.7365,-28.4511,-0.00027385,-0.32789,-0.10288,9.7965e-07,0.065401,0,87.325,0.16125,0.81184,478.3576,1383.179
50.8753,11310.2844,39.6261,240.004,9.1957,-0.0012258,0.03756,-4.2477,90.0082,0.12928,4.4329,5.2444,-16.7365,-28.4511,-0.00027385,-0.32789,-0.10288,9.7965e-07,0.065401,0,87.325,0.16125,0.81394,478.3576,1383.179
50.8762,11310.2844,39.6261,240.004,9.1957,-0.0012258,0.03756,-4.2477,90.0082,0.12928,4.4329,5.2444,-16.7365,-28.4511,-0.00027385,-0.32789,-0.10288,9.7965e-07,0.065401,0,87.325,0.16125,0.81788,478.3576,1383.179
50.878,11310.2844,39.6261,240.004,9.1957,-0.0012258,0.03756,-4.2477,90.0082,0.12928,4.4329,5.2444,-16.7365,-28.4511,-0.00027385,-0.32789,-0.10288,9.7965e-07,0.065401,0,87.325,0.16124,0.82475,478.3576,1383.179
50.8816,11310.2844,39.6261,240.004,9.1957,-0.0012258,0.03756,-4.2477,90.0082,0.12928,4.4329,5.2444,-16.7365,-28.4511,-0.00027385,-0.32789,-0.10288,9.7965e-07,0.065401,0,87.325,0.16122,0.83525,478.3576,1383.179
50.8824,11310.2844,39.6261,240.004,9.1957,-0.0012258,0.03756,-4.2477,90.0082,0.12928,4.4329,5.2444,-16.7365,-28.4511,-0.00027385,-0.32789,-0.10288,9.7965e-07,0.065401,0,87.325,0.16122,0.83692,478.3576,1383.179
50.8824,11310.2844,39.6261,240.004,9.1957,-0.0012258,0.03756,-4.2477,90.0082,0.12928,4.4329,5.2444,-16.7365,-28.4511,-0.00027385,-0.32789,-0.10288,9.7965e-07,0.065401,0,87.325,0.16122,0.83692,478.3576,1383.179
50.8831,11310.6146,39.6261,240.0034,9.1957,-0.0012758,0.0021631,-4.4122,90.0093,0.079528,4.4329,5.0687,-9.3861,-30.6552,-0.00034155,1.311,-0.111,9.796e-07,0.065412,0,86.9775,0.16117,0.8832,478.3564,1383.1611
50.8839,11310.6146,39.6261,240.0034,9.1957,-0.0012758,0.0021631,-4.4122,90.0093,0.079528,4.4329,5.0687,-9.3861,-30.6552,-0.00034155,1.311,-0.111,9.796e-07,0.065412,0,86.9775,0.16116,0.88144,478.3564,1383.1611
50.8854,11310.6146,39.6261,240.0034,9.1957,-0.0012758,0.0021631,-4.4122,90.0093,0.079528,4.4329,5.0687,-9.3861,-30.6552,-0.00034155,1.311,-0.111,9.796e-07,0.065412,0,86.9775,0.16116,0.87831,478.3564,1383.1611
50.8885,11310.6146,39.6261,240.0034,9.1957,-0.0012758,0.0021631,-4.4122,90.0093,0.079528,4.4329,5.0687,-9.3861,-30.6552,-0.00034155,1.311,-0.111,9.796e-07,0.065412,0,86.9775,0.16114,0.87331,478.3564,1383.1611
50.8915,11310.9448,39.6259,240.0021,9.1957,-0.0014205,-0.034605,-3.7948,90.01,0.025845,4.4329,4.9024,4.9792,-34.7582,-0.00027831,1.5556,-0.11637,9.7955e-07,0.065423,0,86.8285,0.16095,0.95777,478.3552,1383.1432
50.892,11310.9448,39.6259,240.0021,9.1957,-0.0014205,-0.034605,-3.7948,90.01,0.025845,4.4329,4.9024,4.9792,-34.7582,-0.00027831,1.5556,-0.11637,9.7955e-07,0.065423,0,86.8285,0.16095,0.95226,478.3552,1383.1432
50.892,11310.9448,39.6259,240.0021,9.1957,-0.0014205,-0.034605,-3.7948,90.01,0.025845,4.4329,4.9024,4.9792,-34.7582,-0.00027831,1.5556,-0.11637,9.7955e-07,0.065423,0,86.8285,0.16095,0.95226,478.3552,1383.1432
50.8998,11311.275,39.6259,240.0015,9.1957,-0.0016036,-0.066229,-3.0611,90.0102,-0.030436,4.4329,4.9351,6.8627,-35.3841,-0.00016023,1.5263,-0.11935,9.7951e-07,0.065434,0,86.9732,0.16073,0.94747,478.354,1383.1253
50.9046,11311.275,39.6259,240.0015,9.1957,-0.0016036,-0.066229,-3.0611,90.0102,-0.030436,4.4329,4.9351,6.8627,-35.3841,-0.00016023,1.5263,-0.11935,9.7951e-07,0.065434,0,86.9732,0.16071,0.91413,478.354,1383.1253
50.9046,11311.275,39.6259,240.0015,9.1957,-0.0016036,-0.066229,-3.0611,90.0102,-0.030436,4.4329,4.9351,6.8627,-35.3841,-0.00016023,1.5263,-0.11935,9.7951e-07,0.065434,0,86.9732,0.16071,0.91413,478.354,1383.1253
50.9081,11311.6052,39.626,240.001,9.1957,-0.0017847,-0.091738,-2.3416,90.0099,-0.088158,4.4329,4.974,6.4107,-35.3265,-2.3294e-06,1.4962,-0.11563,9.7946e-07,0.065445,0,87.118,0.16053,0.92875,478.3529,1383.1074
50.9116,11311.6052,39.626,240.001,9.1957,-0.0017847,-0.091738,-2.3416,90.0099,-0.088158,4.4329,4.974,6.4107,-35.3265,-2.3294e-06,1.4962,-0.11563,9.7946e-07,0.065445,0,87.118,0.16051,0.90855,478.3529,1383.1074
50.9165,11311.9354,39.6261,240.0008,9.1957,-0.0019226,-0.11125,-1.6362,90.0092,-0.14408,4.4329,5.0299,6.3699,-35.2675,0.00012779,1.4643,-0.099379,9.7943e-07,0.065455,0,87.2628,0.16038,0.90617,478.3517,1383.0896
50.9248,11312.2657,39.6263,240.0008,9.1957,-0.0019989,-0.12489,-0.94472,90.008,-0.19215,4.4329,5.118,7.0956,-35.2009,0.000224,1.4316,-0.075736,9.794e-07,0.065466,0,87.4077,0.1603,0.88175,478.3505,1383.0717
50.9331,11312.5959,39.6265,240.001,9.1957,-0.0020018,-0.13276,-0.26704,90.0064,-0.22878,4.4329,5.2255,8.2761,-35.1289,0.00027189,1.3989,-0.048763,9.7938e-07,0.065477,0,87.5526,0.16031,0.85633,478.3493,1383.0538
50.9415,11312.9261,39.6268,240.0014,9.1957,-0.0019356,-0.13498,0.39711,90.0045,-0.25236,4.4329,5.3423,9.6647,-35.0522,0.00027024,1.3667,-0.020659,9.7937e-07,0.065488,0,87.6975,0.16039,0.83034,478.3482,1383.0359
50.9498,11313.2563,39.6272,240.002,9.1957,-0.0018148,-0.13167,1.048,90.0024,-0.26236,4.4329,5.4628,11.1279,-34.9718,0.00022192,1.3352,0.0067099,9.7937e-07,0.065499,0,87.8425,0.16055,0.80396,478.347,1383.0181
50.9581,11313.5866,39.6276,240.0028,9.1957,-0.0016625,-0.12294,1.6861,90.0002,-0.25911,4.4328,5.5822,12.5523,-34.8884,0.0001371,1.3048,0.031983,9.7939e-07,0.06551,0,87.9874,0.16075,0.77728,478.3458,1383.0002
50.9665,11313.9168,39.6281,240.0039,9.1957,-0.0015053,-0.10889,2.3116,89.998,-0.24365,4.4328,5.697,13.8552,-34.8029,-1.3254e-05,1.2756,0.054323,9.7941e-07,0.065521,0,87.6394,0.16098,0.75036,478.3446,1382.9823
50.9748,11314.247,39.6283,240.0039,9.1957,-0.0013902,-0.089628,2.9248,89.996,-0.21737,4.4328,5.6059,14.9856,-34.7136,-0.00017911,1.2476,0.07328,9.7945e-07,0.065531,0,87.2916,0.16109,0.81267,478.3435,1382.9644
50.9772,11314.247,39.6283,240.0039,9.1957,-0.0013902,-0.089628,2.9248,89.996,-0.21737,4.4328,5.6059,14.9856,-34.7136,-0.00017911,1.2476,0.07328,9.7945e-07,0.065531,0,87.2916,0.16108,0.82273,478.3435,1382.9644
50.9772,11314.247,39.6283,240.0039,9.1957,-0.0013902,-0.089628,2.9248,89.996,-0.21737,4.4328,5.6059,14.9856,-34.7136,-0.00017911,1.2476,0.07328,9.7945e-07,0.065531,0,87.2916,0.16108,0.82273,478.3435,1382.9644
50.9831,11314.5773,39.6283,240.0032,9.1957,-0.0013446,-0.065254,3.5262,89.9942,-0.18193,4.4328,5.5085,15.9158,-34.6233,-0.00033199,1.2209,0.088707,9.7949e-07,0.065542,0,86.9441,0.1611,0.88335,478.3423,1382.9466
50.9881,11314.5773,39.6283,240.0032,9.1957,-0.0013446,-0.065254,3.5262,89.9942,-0.18193,4.4328,5.5085,15.9158,-34.6233,-0.00033199,1.2209,0.088707,9.7949e-07,0.065542,0,86.9441,0.16108,0.87403,478.3423,1382.9466
50.9881,11314.5773,39.6283,240.0032,9.1957,-0.0013446,-0.065254,3.5262,89.9942,-0.18193,4.4328,5.5085,15.9158,-34.6233,-0.00033199,1.2209,0.088707,9.7949e-07,0.065542,0,86.9441,0.16108,0.87403,478.3423,1382.9466
50.9915,11314.9075,39.6281,240.002,9.1957,-0.0013845,-0.03587,4.116,89.9927,-0.13903,4.4329,5.4038,16.6369,-34.5339,-0.00035674,0.7191,0.10069,9.7955e-07,0.065553,0,86.8866,0.16099,0.95726,478.3411,1382.9287
50.9949,11314.9075,39.6281,240.002,9.1957,-0.0013845,-0.03587,4.116,89.9927,-0.13903,4.4329,5.4038,16.6369,-34.5339,-0.00035674,0.7191,0.10069,9.7955e-07,0.065553,0,86.8866,0.16097,0.92931,478.3411,1382.9287
50.9965,11314.9075,39.6281,240.002,9.1957,-0.0013845,-0.03587,4.116,89.9927,-0.13903,4.4329,5.4038,16.6369,-34.5339,-0.00035674,0.7191,0.10069,9.7955e-07,0.065553,0,86.8866,0.16097,0.91882,478.3411,1382.9287
50.9965,11314.9075,39.6281,240.002,9.1957,-0.0013845,-0.03587,4.116,89.9927,-0.13903,4.4329,5.4038,16.6369,-34.5339,-0.00035674,0.7191,0.10069,9.7955e-07,0.065553,0,86.8866,0.16097,0.91882,478.3411,1382.9287
50.9998,11315.2377,39.6281,240.0014,9.1957,-0.0014713,-0.0015702,4.4671,89.9915,-0.090339,4.4329,5.4808,12.8302,-33.2668,-0.00028861,-0.91874,0.10944,9.796e-07,0.065564,0,87.0313,0.16087,0.94692,478.3399,1382.9108
51.0031,11315.2377,39.6281,240.0014,9.1957,-0.0014713,-0.0015702,4.4671,89.9915,-0.090339,4.4329,5.4808,12.8302,-33.2668,-0.00028861,-0.91874,0.10944,9.796e-07,0.065564,0,87.0313,0.16085,0.92259,478.3399,1382.9108
51.0081,11315.568,39.6282,240.0009,9.1957,-0.0015837,0.035655,4.0369,89.9908,-0.037409,4.4329,5.549,-1.4927,-29.1819,-0.00013513,-1.5651,0.11538,9.7966e-07,0.065575,0,87.1761,0.16073,0.92835,478.3388,1382.8929
51.0165,11315.8982,39.6283,240.0007,9.1957,-0.0016932,0.069296,3.2985,89.9904,0.01839,4.4329,5.6098,-6.9954,-27.5864,7.6659e-06,-1.5357,0.11883,9.7972e-07,0.065586,0,87.3209,0.16061,0.90601,478.3376,1382.8751
51.0202,11315.8982,39.6283,240.0007,9.1957,-0.0016932,0.069296,3.2985,89.9904,0.01839,4.4329,5.6098,-6.9954,-27.5864,7.6659e-06,-1.5357,0.11883,9.7972e-07,0.065586,0,87.3209,0.16059,0.8918,478.3376,1382.8751
51.0202,11315.8982,39.6283,240.0007,9.1957,-0.0016932,0.069296,3.2985,89.9904,0.01839,4.4329,5.6098,-6.9954,-27.5864,7.6659e-06,-1.5357,0.11883,9.7972e-07,0.065586,0,87.3209,0.16059,0.8918,478.3376,1382.8751
51.0248,11316.2284,39.6285,240.0007,9.1957,-0.0017941,0.096783,2.5745,89.9906,0.075861,4.4329,5.6649,-6.5193,-27.6775,0.00013097,-1.506,0.11762,9.7977e-07,0.065596,0,87.4657,0.16051,0.88183,478.3364,1382.8572
51.0294,11316.2284,39.6285,240.0007,9.1957,-0.0017941,0.096783,2.5745,89.9906,0.075861,4.4329,5.6649,-6.5193,-27.6775,0.00013097,-1.506,0.11762,9.7977e-07,0.065596,0,87.4657,0.16049,0.87407,478.3364,1382.8572
51.0331,11316.5587,39.6288,240.0009,9.1957,-0.0018755,0.11824,1.8645,89.9912,0.13275,4.4328,5.7091,-6.3294,-27.7669,0.00021979,-1.4745,0.10476,9.7981e-07,0.065607,0,87.6106,0.16044,0.85669,478.3352,1382.8393
51.0415,11316.8889,39.6291,240.0013,9.1957,-0.0019228,0.13377,1.1686,89.9923,0.18342,4.4328,5.7251,-6.8504,-27.857,0.00027082,-1.4419,0.082658,9.7985e-07,0.065618,0,87.7555,0.16042,0.83095,478.3341,1382.8214
51.0498,11317.2191,39.6294,240.0019,9.1957,-0.0019232,0.14351,0.48649,89.9939,0.2234,4.4328,5.7188,-7.9374,-27.9464,0.00028306,-1.4092,0.056371,9.7988e-07,0.065629,0,87.9004,0.16045,0.80477,478.3329,1382.8036
51.0581,11317.5494,39.6299,240.0027,9.1957,-0.0018729,0.14757,-0.18198,89.9957,0.25066,4.4328,5.703,-9.2827,-28.0322,0.00025689,-1.3768,0.028401,9.7989e-07,0.06564,0,88.0454,0.16055,0.77824,478.3317,1382.7857
51.0665,11317.8796,39.6304,240.0037,9.1957,-0.0017783,0.14605,-0.83714,89.9978,0.2644,4.4328,5.6839,-10.7348,-28.113,0.00015124,-1.3451,0.00067845,9.7989e-07,0.065651,0,87.6974,0.16071,0.7514,478.3305,1382.7678
51.0748,11318.2099,39.6305,240.0037,9.1956,-0.0016751,0.13907,-1.4793,90,0.26473,4.4328,5.4672,-12.1766,-28.1849,6.0367e-06,-1.3143,-0.025272,9.7988e-07,0.065662,0,87.3496,0.16081,0.81374,478.3293,1382.7499
51.0831,11318.5401,39.6305,240.0031,9.1956,-0.0015893,0.12675,-2.1088,90.0022,0.25251,4.4328,5.2575,-13.5153,-28.2493,-0.00015835,-1.2847,-0.048481,9.7986e-07,0.065672,0,87.0021,0.16086,0.88442,478.3282,1382.7321
51.0915,11318.8704,39.6303,240.0018,9.1956,-0.0015443,0.10917,-2.726,90.0043,0.22906,4.4328,5.0569,-14.6919,-28.3068,-0.00023708,-1.2564,-0.068399,9.7982e-07,0.065683,0,86.9618,0.16083,0.95825,478.327,1382.7142
51.0998,11319.2007,39.6303,240.0012,9.1956,-0.0015186,0.086457,-3.3311,90.0062,0.19598,4.4329,5.0567,-15.6732,-28.3632,-0.00025894,-1.2293,-0.084804,9.7978e-07,0.065694,0,87.1065,0.16082,0.94728,478.3258,1382.6963
51.1012,11319.2007,39.6303,240.0012,9.1956,-0.0015186,0.086457,-3.3311,90.0062,0.19598,4.4329,5.0567,-15.6732,-28.3632,-0.00025894,-1.2293,-0.084804,9.7978e-07,0.065694,0,87.1065,0.16081,0.936,478.3258,1382.6963
51.1012,11319.2007,39.6303,240.0012,9.1956,-0.0015186,0.086457,-3.3311,90.0062,0.19598,4.4329,5.0567,-15.6732,-28.3632,-0.00025894,-1.2293,-0.084804,9.7978e-07,0.065694,0,87.1065,0.16081,0.936,478.3258,1382.6963
51.1081,11319.5309,39.6304,240.0008,9.1956,-0.001507,0.058698,-3.9246,90.0079,0.15497,4.4329,5.065,-16.4455,-28.4169,-0.00021052,-1.0658,-0.097725,9.7972e-07,0.065705,0,87.2512,0.1608,0.92798,478.3246,1382.6784
51.1105,11319.5309,39.6304,240.0008,9.1956,-0.001507,0.058698,-3.9246,90.0079,0.15497,4.4329,5.065,-16.4455,-28.4169,-0.00021052,-1.0658,-0.097725,9.7972e-07,0.065705,0,87.2512,0.16079,0.91372,478.3246,1382.6784
51.1105,11319.5309,39.6304,240.0008,9.1956,-0.001507,0.058698,-3.9246,90.0079,0.15497,4.4329,5.065,-16.4455,-28.4169,-0.00021052,-1.0658,-0.097725,9.7972e-07,0.065705,0,87.2512,0.16079,0.91372,478.3246,1382.6784
51.1165,11319.8612,39.6305,240.0005,9.1956,-0.001499,0.025993,-4.441,90.0092,0.1077,4.4329,5.0802,-15.7621,-28.8142,-0.00014433,0.43263,-0.10737,9.7966e-07,0.065716,0,87.396,0.1608,0.90546,478.3235,1382.6606
51.1224,11319.8612,39.6305,240.0005,9.1956,-0.001499,0.025993,-4.441,90.0092,0.1077,4.4329,5.0802,-15.7621,-28.8142,-0.00014433,0.43263,-0.10737,9.7966e-07,0.065716,0,87.396,0.16077,0.88539,478.3235,1382.6606
51.1248,11320.1914,39.6307,240.0005,9.1956,-0.0015091,-0.011016,-4.2428,90.0101,0.055779,4.4329,5.1029,-2.7642,-32.5647,-4.4713e-05,1.5732,-0.11404,9.796e-07,0.065727,0,87.5409,0.16079,0.88139,478.3223,1382.6427
51.1331,11320.5217,39.6309,240.0007,9.1956,-0.0015406,-0.046372,-3.5005,90.0105,0.00062523,4.4328,5.133,7.1685,-35.4339,4.6629e-05,1.5438,-0.11814,9.7953e-07,0.065737,0,87.6857,0.16077,0.85648,478.3211,1382.6248
51.1355,11320.5217,39.6309,240.0007,9.1956,-0.0015406,-0.046372,-3.5005,90.0105,0.00062523,4.4328,5.133,7.1685,-35.4339,4.6629e-05,1.5438,-0.11814,9.7953e-07,0.065737,0,87.6857,0.16076,0.85737,478.3211,1382.6248
51.1355,11320.5217,39.6309,240.0007,9.1956,-0.0015406,-0.046372,-3.5005,90.0105,0.00062523,4.4328,5.133,7.1685,-35.4339,4.6629e-05,1.5438,-0.11814,9.7953e-07,0.065737,0,87.6857,0.16076,0.85737,478.3211,1382.6248
51.1415,11320.8519,39.6312,240.0011,9.1956,-0.0015924,-0.075542,-2.7725,90.0105,-0.056511,4.4328,5.17,6.6458,-35.376,0.00011521,1.5144,-0.11932,9.7947e-07,0.065748,0,87.8306,0.16075,0.83102,478.3199,1382.6069
51.1474,11320.8519,39.6312,240.0011,9.1956,-0.0015924,-0.075542,-2.7725,90.0105,-0.056511,4.4328,5.17,6.6458,-35.376,0.00011521,1.5144,-0.11932,9.7947e-07,0.065748,0,87.8306,0.16072,0.84419,478.3199,1382.6069
51.1487,11320.8519,39.6312,240.0011,9.1956,-0.0015924,-0.075542,-2.7725,90.0105,-0.056511,4.4328,5.17,6.6458,-35.376,0.00011521,1.5144,-0.11932,9.7947e-07,0.065748,0,87.8306,0.16071,0.84617,478.3199,1382.6069
51.1487,11320.8519,39.6312,240.0011,9.1956,-0.0015924,-0.075542,-2.7725,90.0105,-0.056511,4.4328,5.17,6.6458,-35.376,0.00011521,1.5144,-0.11932,9.7947e-07,0.065748,0,87.8306,0.16071,0.84617,478.3199,1382.6069
51.1498,11321.1822,39.6316,240.0017,9.1956,-0.0016579,-0.098646,-2.0587,90.0101,-0.11422,4.4328,5.215,6.3048,-35.3149,0.00016164,1.4835,-0.11034,9.7941e-07,0.065759,0,87.9756,0.16072,0.80513,478.3188,1382.5891
51.1509,11321.1822,39.6316,240.0017,9.1956,-0.0016579,-0.098646,-2.0587,90.0101,-0.11422,4.4328,5.215,6.3048,-35.3149,0.00016164,1.4835,-0.11034,9.7941e-07,0.065759,0,87.9756,0.16071,0.81086,478.3188,1382.5891
51.1531,11321.1822,39.6316,240.0017,9.1956,-0.0016579,-0.098646,-2.0587,90.0101,-0.11422,4.4328,5.215,6.3048,-35.3149,0.00016164,1.4835,-0.11034,9.7941e-07,0.065759,0,87.9756,0.1607,0.8206,478.3188,1382.5891
51.1575,11321.1822,39.6316,240.0017,9.1956,-0.0016579,-0.098646,-2.0587,90.0101,-0.11422,4.4328,5.215,6.3048,-35.3149,0.00016164,1.4835,-0.11034,9.7941e-07,0.065759,0,87.9756,0.16069,0.83468,478.3188,1382.5891
51.1581,11321.5124,39.632,240.0025,9.1956,-0.001721,-0.1158,-1.3589,90.0091,-0.16758,4.4328,5.2861,6.5856,-35.2475,0.00018412,1.4511,-0.090034,9.7935e-07,0.06577,0,88.1205,0.16071,0.77887,478.3176,1382.5712
51.1613,11321.5124,39.632,240.0025,9.1956,-0.001721,-0.1158,-1.3589,90.0091,-0.16758,4.4328,5.2861,6.5856,-35.2475,0.00018412,1.4511,-0.090034,9.7935e-07,0.06577,0,88.1205,0.1607,0.80075,478.3176,1382.5712
51.1665,11321.8427,39.6326,240.0036,9.1956,-0.0017612,-0.12713,-0.67297,90.0077,-0.21113,4.4328,5.3864,7.56,-35.1733,0.00013909,1.4183,-0.064557,9.7931e-07,0.065781,0,87.7726,0.16073,0.75226,478.3164,1382.5533
51.1748,11322.173,39.6327,240.0035,9.1956,-0.0017866,-0.13273,-0.00076777,90.006,-0.24235,4.4328,5.3016,8.8544,-35.0924,5.8813e-05,1.3858,-0.03679,9.7927e-07,0.065792,0,87.4248,0.16071,0.81473,478.3152,1382.5354
51.1831,11322.5033,39.6327,240.0029,9.1956,-0.0017992,-0.13274,0.65804,90.0039,-0.26015,4.4328,5.2253,10.2935,-35.0078,-4.8321e-05,1.3538,-0.008741,9.7925e-07,0.065803,0,87.0773,0.16066,0.88548,478.3141,1382.5176
51.1915,11322.8335,39.6325,240.0016,9.1956,-0.001807,-0.12726,1.3037,90.0018,-0.26438,4.4328,5.1522,11.7557,-34.9208,-8.8508e-05,1.3227,0.017896,9.7924e-07,0.065813,0,87.031,0.16057,0.95935,478.3129,1382.4997
51.1998,11323.1638,39.6325,240.001,9.1956,-0.0017824,-0.11639,1.9367,89.9996,-0.25572,4.4328,5.2682,13.1379,-34.8373,-9.8905e-05,1.2928,0.042014,9.7924e-07,0.065824,0,87.1757,0.16056,0.94839,478.3117,1382.4818
51.2081,11323.4941,39.6325,240.0006,9.1956,-0.0017234,-0.10025,2.5572,89.9974,-0.2354,4.4328,5.3779,14.3728,-34.7556,-7.9291e-05,1.2641,0.062955,9.7924e-07,0.065835,0,87.3205,0.16059,0.92912,478.3105,1382.464
51.2165,11323.8243,39.6326,240.0003,9.1956,-0.0016334,-0.078943,3.1656,89.9955,-0.20496,4.4328,5.4797,15.4203,-34.6758,-7.6872e-05,1.2366,0.080411,9.7926e-07,0.065846,0,87.4653,0.16066,0.90608,478.3093,1382.4461
51.2238,11323.8243,39.6326,240.0003,9.1956,-0.0016334,-0.078943,3.1656,89.9955,-0.20496,4.4328,5.4797,15.4203,-34.6758,-7.6872e-05,1.2366,0.080411,9.7926e-07,0.065846,0,87.4653,0.16063,0.88252,478.3093,1382.4461
51.2238,11323.8243,39.6326,240.0003,9.1956,-0.0016334,-0.078943,3.1656,89.9955,-0.20496,4.4328,5.4797,15.4203,-34.6758,-7.6872e-05,1.2366,0.080411,9.7926e-07,0.065846,0,87.4653,0.16063,0.88252,478.3093,1382.4461
51.2248,11324.1546,39.6328,240.0003,9.1956,-0.0015417,-0.052563,3.7623,89.9938,-0.16607,4.4328,5.573,16.2616,-34.5953,-7.0317e-05,1.1938,0.094345,9.7929e-07,0.065857,0,87.6101,0.16075,0.88129,478.3082,1382.4282
51.2248,11324.1546,39.6328,240.0003,9.1956,-0.0015417,-0.052563,3.7623,89.9938,-0.16607,4.4328,5.573,16.2616,-34.5953,-7.0317e-05,1.1938,0.094345,9.7929e-07,0.065857,0,87.6101,0.16075,0.88124,478.3082,1382.4282
51.2248,11324.1546,39.6328,240.0003,9.1956,-0.0015417,-0.052563,3.7623,89.9938,-0.16607,4.4328,5.573,16.2616,-34.5953,-7.0317e-05,1.1938,0.094345,9.7929e-07,0.065857,0,87.6101,0.16075,0.88124,478.3082,1382.4282
51.2258,11324.1546,39.6328,240.0003,9.1956,-0.0015417,-0.052563,3.7623,89.9938,-0.16607,4.4328,5.573,16.2616,-34.5953,-7.0317e-05,1.1938,0.094345,9.7929e-07,0.065857,0,87.6101,0.16075,0.87933,478.3082,1382.4282
51.2268,11324.1546,39.6328,240.0003,9.1956,-0.0015417,-0.052563,3.7623,89.9938,-0.16607,4.4328,5.573,16.2616,-34.5953,-7.0317e-05,1.1938,0.094345,9.7929e-07,0.065857,0,87.6101,0.16074,0.87759,478.3082,1382.4282
51.2288,11324.1546,39.6328,240.0003,9.1956,-0.0015417,-0.052563,3.7623,89.9938,-0.16607,4.4328,5.573,16.2616,-34.5953,-7.0317e-05,1.1938,0.094345,9.7929e-07,0.065857,0,87.6101,0.16074,0.8746,478.3082,1382.4282
51.2327,11324.1546,39.6328,240.0003,9.1956,-0.0015417,-0.052563,3.7623,89.9938,-0.16607,4.4328,5.573,16.2616,-34.5953,-7.0317e-05,1.1938,0.094345,9.7929e-07,0.065857,0,87.6101,0.16072,0.87012,478.3082,1382.4282
51.2331,11324.4849,39.6331,240.0005,9.1956,-0.0014689,-0.021211,4.3396,89.9924,-0.12044,4.4328,5.6566,16.7436,-34.474,-5.6446e-05,0.054083,0.10492,9.7932e-07,0.065868,0,87.7549,0.16084,0.85599,478.307,1382.4103
51.2353,11324.4849,39.6331,240.0005,9.1956,-0.0014689,-0.021211,4.3396,89.9924,-0.12044,4.4328,5.6566,16.7436,-34.474,-5.6446e-05,0.054083,0.10492,9.7932e-07,0.065868,0,87.7549,0.16083,0.85693,478.307,1382.4103
51.2415,11324.8152,39.6334,240.0009,9.1956,-0.0014339,0.014952,4.3735,89.9914,-0.069699,4.4328,5.7308,7.0575,-31.6211,-1.5507e-05,-1.5781,0.11243,9.7936e-07,0.065878,0,87.8998,0.1609,0.83056,478.3058,1382.3925
51.2498,11325.1454,39.6337,240.0015,9.1956,-0.0014457,0.051398,3.6287,89.9908,-0.015327,4.4328,5.7972,-7.2942,-27.5555,3.6485e-05,-1.5489,0.11723,9.794e-07,0.065889,0,88.0448,0.16093,0.80485,478.3046,1382.3746
51.2511,11325.1454,39.6337,240.0015,9.1956,-0.0014457,0.051398,3.6287,89.9908,-0.015327,4.4328,5.7972,-7.2942,-27.5555,3.6485e-05,-1.5489,0.11723,9.794e-07,0.065889,0,88.0448,0.16092,0.81157,478.3046,1382.3746
51.2511,11325.1454,39.6337,240.0015,9.1956,-0.0014457,0.051398,3.6287,89.9908,-0.015327,4.4328,5.7972,-7.2942,-27.5555,3.6485e-05,-1.5489,0.11723,9.794e-07,0.065889,0,88.0448,0.16092,0.81157,478.3046,1382.3746
51.2581,11325.4757,39.6342,240.0023,9.1956,-0.0015,0.081638,2.8983,89.9907,0.041372,4.4328,5.8571,-6.7352,-27.6425,7.5905e-05,-1.5196,0.11965,9.7943e-07,0.0659,0,88.1395,0.16093,0.77885,478.3035,1382.3567
51.2639,11325.4757,39.6342,240.0023,9.1956,-0.0015,0.081638,2.8983,89.9907,0.041372,4.4328,5.8571,-6.7352,-27.6425,7.5905e-05,-1.5196,0.11965,9.7943e-07,0.0659,0,88.1395,0.1609,0.81416,478.3035,1382.3567
51.2639,11325.4757,39.6342,240.0023,9.1956,-0.0015,0.081638,2.8983,89.9907,0.041372,4.4328,5.8571,-6.7352,-27.6425,7.5905e-05,-1.5196,0.11965,9.7943e-07,0.0659,0,88.1395,0.1609,0.81416,478.3035,1382.3567
51.2665,11325.806,39.6347,240.0034,9.1956,-0.0015865,0.10579,2.182,89.991,0.09924,4.4328,5.9116,-6.3239,-27.7269,6.2864e-05,-1.4893,0.11406,9.7946e-07,0.065911,0,87.7916,0.16091,0.75252,478.3023,1382.3388
51.2691,11325.806,39.6347,240.0034,9.1956,-0.0015865,0.10579,2.182,89.991,0.09924,4.4328,5.9116,-6.3239,-27.7269,6.2864e-05,-1.4893,0.11406,9.7946e-07,0.065911,0,87.7916,0.1609,0.77699,478.3023,1382.3388
51.2743,11325.806,39.6347,240.0034,9.1956,-0.0015865,0.10579,2.182,89.991,0.09924,4.4328,5.9116,-6.3239,-27.7269,6.2864e-05,-1.4893,0.11406,9.7946e-07,0.065911,0,87.7916,0.16087,0.8104,478.3023,1382.3388
51.2748,11326.1363,39.6349,240.0033,9.1956,-0.0017054,0.12397,1.4797,89.9918,0.1544,4.4328,5.748,-6.4021,-27.809,2.7146e-05,-1.4571,0.095375,9.7948e-07,0.065922,0,87.4439,0.16079,0.81524,478.3011,1382.321
51.2774,11326.1363,39.6349,240.0033,9.1956,-0.0017054,0.12397,1.4797,89.9918,0.1544,4.4328,5.748,-6.4021,-27.809,2.7146e-05,-1.4571,0.095375,9.7948e-07,0.065922,0,87.4439,0.16078,0.82535,478.3011,1382.321
51.2831,11326.4666,39.6349,240.0027,9.1956,-0.0018336,0.1363,0.79138,89.9931,0.20053,4.4328,5.5543,-7.2792,-27.8929,-2.5002e-05,-1.4243,0.070643,9.7949e-07,0.065933,0,87.0964,0.16062,0.88619,478.2999,1382.3031
51.2915,11326.7969,39.6347,240.0014,9.1956,-0.0019524,0.1429,0.11679,89.9948,0.2347,4.4328,5.3482,-8.528,-27.9754,-5.6333e-06,-1.3917,0.043171,9.7949e-07,0.065944,0,87.0667,0.16043,0.9602,478.2988,1382.2852
51.2998,11327.1272,39.6346,240.0008,9.1956,-0.0020108,0.14387,-0.54433,89.9968,0.25558,4.4328,5.3279,-9.9476,-28.0598,3.6237e-05,-1.3595,0.014975,9.7948e-07,0.065954,0,87.2114,0.16033,0.94935,478.2976,1382.2674
51.3081,11327.4574,39.6347,240.0003,9.1956,-0.0019909,0.13934,-1.1923,89.9989,0.26282,4.4328,5.3062,-11.4159,-28.1419,9.0065e-05,-1.3283,-0.012123,9.7946e-07,0.065965,0,87.3562,0.16032,0.93015,478.2964,1382.2495
51.3165,11327.7877,39.6348,240.0001,9.1956,-0.0018899,0.1294,-1.8274,90.0011,0.25696,4.4328,5.2876,-12.8221,-28.22,0.0001002,-1.2981,-0.036893,9.7942e-07,0.065976,0,87.5009,0.1604,0.90714,478.2952,1382.2316
51.3248,11328.118,39.6349,240.0001,9.1956,-0.0017395,0.11417,-2.4501,90.0032,0.23912,4.4328,5.2755,-14.0916,-28.2903,7.7628e-05,-1.2692,-0.058591,9.7937e-07,0.065987,0,87.6457,0.16055,0.88239,478.294,1382.2137
51.3331,11328.4483,39.6352,240.0003,9.1956,-0.0015725,0.093753,-3.0606,90.0052,0.21079,4.4328,5.2714,-15.1791,-28.3529,2.6219e-05,-1.2415,-0.07684,9.7931e-07,0.065998,0,87.7906,0.16073,0.85676,478.2929,1382.1959
51.3382,11328.4483,39.6352,240.0003,9.1956,-0.0015725,0.093753,-3.0606,90.0052,0.21079,4.4328,5.2714,-15.1791,-28.3529,2.6219e-05,-1.2415,-0.07684,9.7931e-07,0.065998,0,87.7906,0.16071,0.85839,478.2929,1382.1959
51.3382,11328.4483,39.6352,240.0003,9.1956,-0.0015725,0.093753,-3.0606,90.0052,0.21079,4.4328,5.2714,-15.1791,-28.3529,2.6219e-05,-1.2415,-0.07684,9.7931e-07,0.065998,0,87.7906,0.16071,0.85839,478.2929,1382.1959
51.3415,11328.7786,39.6355,240.0007,9.1956,-0.0014237,0.068248,-3.6593,90.007,0.17363,4.4328,5.2763,-16.0615,-28.408,-3.0991e-05,-1.215,-0.091549,9.7924e-07,0.066009,0,87.9355,0.1609,0.83065,478.2917,1382.178
51.3447,11328.7786,39.6355,240.0007,9.1956,-0.0014237,0.068248,-3.6593,90.007,0.17363,4.4328,5.2763,-16.0615,-28.408,-3.0991e-05,-1.215,-0.091549,9.7924e-07,0.066009,0,87.9355,0.16089,0.83891,478.2917,1382.178
51.3493,11328.7786,39.6355,240.0007,9.1956,-0.0014237,0.068248,-3.6593,90.007,0.17363,4.4328,5.2763,-16.0615,-28.408,-3.0991e-05,-1.215,-0.091549,9.7924e-07,0.066009,0,87.9355,0.16087,0.84694,478.2917,1382.178
51.3493,11328.7786,39.6355,240.0007,9.1956,-0.0014237,0.068248,-3.6593,90.007,0.17363,4.4328,5.2763,-16.0615,-28.408,-3.0991e-05,-1.215,-0.091549,9.7924e-07,0.066009,0,87.9355,0.16087,0.84694,478.2917,1382.178
51.3498,11329.1089,39.6358,240.0013,9.1956,-0.0013185,0.037754,-4.2465,90.0084,0.12935,4.4328,5.2895,-16.7333,-28.4568,-7.227e-05,-0.33096,-0.10285,9.7917e-07,0.066019,0,88.0804,0.16104,0.80445,478.2905,1382.1601
51.3503,11329.1089,39.6358,240.0013,9.1956,-0.0013185,0.037754,-4.2465,90.0084,0.12935,4.4328,5.2895,-16.7333,-28.4568,-7.227e-05,-0.33096,-0.10285,9.7917e-07,0.066019,0,88.0804,0.16104,0.80712,478.2905,1382.1601
51.3513,11329.1089,39.6358,240.0013,9.1956,-0.0013185,0.037754,-4.2465,90.0084,0.12935,4.4328,5.2895,-16.7333,-28.4568,-7.227e-05,-0.33096,-0.10285,9.7917e-07,0.066019,0,88.0804,0.16104,0.81209,478.2905,1382.1601
51.3532,11329.1089,39.6358,240.0013,9.1956,-0.0013185,0.037754,-4.2465,90.0084,0.12935,4.4328,5.2895,-16.7333,-28.4568,-7.227e-05,-0.33096,-0.10285,9.7917e-07,0.066019,0,88.0804,0.16103,0.82067,478.2905,1382.1601
51.3571,11329.1089,39.6358,240.0013,9.1956,-0.0013185,0.037754,-4.2465,90.0084,0.12935,4.4328,5.2895,-16.7333,-28.4568,-7.227e-05,-0.33096,-0.10285,9.7917e-07,0.066019,0,88.0804,0.16101,0.83352,478.2905,1382.1601
51.3573,11329.1089,39.6358,240.0013,9.1956,-0.0013185,0.037754,-4.2465,90.0084,0.12935,4.4328,5.2895,-16.7333,-28.4568,-7.227e-05,-0.33096,-0.10285,9.7917e-07,0.066019,0,88.0804,0.16101,0.83404,478.2905,1382.1601
51.3573,11329.1089,39.6358,240.0013,9.1956,-0.0013185,0.037754,-4.2465,90.0084,0.12935,4.4328,5.2895,-16.7333,-28.4568,-7.227e-05,-0.33096,-0.10285,9.7917e-07,0.066019,0,88.0804,0.16101,0.83404,478.2905,1382.1601
51.3581,11329.4392,39.6363,240.0021,9.1956,-0.0012721,0.0023668,-4.4125,90.0095,0.079612,4.4328,5.31,-9.4117,-30.6576,-7.7826e-05,1.3074,-0.11097,9.7909e-07,0.06603,0,88.1456,0.16114,0.77846,478.2893,1382.1423
51.3589,11329.4392,39.6363,240.0021,9.1956,-0.0012721,0.0023668,-4.4125,90.0095,0.079612,4.4328,5.31,-9.4117,-30.6576,-7.7826e-05,1.3074,-0.11097,9.7909e-07,0.06603,0,88.1456,0.16114,0.78466,478.2893,1382.1423
51.3605,11329.4392,39.6363,240.0021,9.1956,-0.0012721,0.0023668,-4.4125,90.0095,0.079612,4.4328,5.31,-9.4117,-30.6576,-7.7826e-05,1.3074,-0.11097,9.7909e-07,0.06603,0,88.1456,0.16113,0.79567,478.2893,1382.1423
51.3637,11329.4392,39.6363,240.0021,9.1956,-0.0012721,0.0023668,-4.4125,90.0095,0.079612,4.4328,5.31,-9.4117,-30.6576,-7.7826e-05,1.3074,-0.11097,9.7909e-07,0.06603,0,88.1456,0.16112,0.81309,478.2893,1382.1423
51.3665,11329.7695,39.6368,240.0031,9.1956,-0.0012906,-0.034404,-3.7968,90.0102,0.025944,4.4328,5.3381,4.949,-34.7635,-9.6179e-05,1.5555,-0.11635,9.7901e-07,0.066041,0,87.7977,0.16119,0.75229,478.2882,1382.1244
51.367,11329.7695,39.6368,240.0031,9.1956,-0.0012906,-0.034404,-3.7968,90.0102,0.025944,4.4328,5.3381,4.949,-34.7635,-9.6179e-05,1.5555,-0.11635,9.7901e-07,0.066041,0,87.7977,0.16119,0.75822,478.2882,1382.1244
51.367,11329.7695,39.6368,240.0031,9.1956,-0.0012906,-0.034404,-3.7968,90.0102,0.025944,4.4328,5.3381,4.949,-34.7635,-9.6179e-05,1.5555,-0.11635,9.7901e-07,0.066041,0,87.7977,0.16119,0.75822,478.2882,1382.1244
51.3748,11330.0998,39.637,240.0031,9.1956,-0.0013864,-0.066043,-3.0631,90.0104,-0.030327,4.4328,5.1743,6.8633,-35.3936,-0.0001227,1.5262,-0.11933,9.7892e-07,0.066052,0,87.45,0.1611,0.81524,478.287,1382.1065
51.3796,11330.0998,39.637,240.0031,9.1956,-0.0013864,-0.066043,-3.0631,90.0104,-0.030327,4.4328,5.1743,6.8633,-35.3936,-0.0001227,1.5262,-0.11933,9.7892e-07,0.066052,0,87.45,0.16108,0.8321,478.287,1382.1065
51.3796,11330.0998,39.637,240.0031,9.1956,-0.0013864,-0.066043,-3.0631,90.0104,-0.030327,4.4328,5.1743,6.8633,-35.3936,-0.0001227,1.5262,-0.11933,9.7892e-07,0.066052,0,87.45,0.16108,0.8321,478.287,1382.1065
51.3831,11330.4301,39.637,240.0024,9.1956,-0.0015494,-0.091569,-2.3436,90.0101,-0.088039,4.4328,5.019,6.4111,-35.3279,-0.0001494,1.4961,-0.11563,9.7885e-07,0.066063,0,87.1026,0.1609,0.88646,478.2858,1382.0887
51.3867,11330.4301,39.637,240.0024,9.1956,-0.0015494,-0.091569,-2.3436,90.0101,-0.088039,4.4328,5.019,6.4111,-35.3279,-0.0001494,1.4961,-0.11563,9.7885e-07,0.066063,0,87.1026,0.16089,0.87851,478.2858,1382.0887
51.3915,11330.7604,39.6368,240.0012,9.1956,-0.0017574,-0.1111,-1.6382,90.0094,-0.14396,4.4328,4.8829,6.3692,-35.2584,-9.0342e-05,1.4642,-0.099411,9.7877e-07,0.066074,0,87.0666,0.16062,0.9607,478.2846,1382.0708
51.3998,11331.0907,39.6367,240.0005,9.1955,-0.0019377,-0.12475,-0.9468,90.0082,-0.19204,4.4328,4.9706,7.093,-35.1877,4.2338e-06,1.4315,-0.075785,9.7871e-07,0.066085,0,87.2113,0.1604,0.95009,478.2835,1382.0529
51.4081,11331.421,39.6368,240.0001,9.1955,-0.0020456,-0.13264,-0.26916,90.0066,-0.2287,4.4328,5.0773,8.2725,-35.1154,0.0001191,1.3989,-0.048824,9.7866e-07,0.066095,0,87.356,0.16026,0.93107,478.2823,1382.035
51.4165,11331.7513,39.6369,239.9998,9.1955,-0.0020525,-0.13488,0.39497,90.0047,-0.25231,4.4328,5.1928,9.6604,-35.0424,0.00018803,1.3666,-0.020727,9.7861e-07,0.066106,0,87.5008,0.16024,0.90819,478.2811,1382.0172
51.4248,11332.0816,39.637,239.9998,9.1955,-0.0019711,-0.13159,1.0459,90.0026,-0.26234,4.4328,5.3121,11.1232,-34.9658,0.00021064,1.3352,0.0066404,9.7858e-07,0.066117,0,87.6456,0.16032,0.88351,478.2799,1381.9993
51.4331,11332.4119,39.6373,240,9.1955,-0.0018243,-0.12288,1.6839,90.0004,-0.25913,4.4328,5.4303,12.5476,-34.8861,0.0001812,1.3048,0.031915,9.7856e-07,0.066128,0,87.7905,0.16047,0.85792,478.2788,1381.9814
51.4415,11332.7423,39.6375,240.0004,9.1955,-0.0016462,-0.10884,2.3093,89.9982,-0.2437,4.4328,5.544,13.8506,-34.8035,0.00011292,1.2756,0.054258,9.7855e-07,0.066139,0,87.9353,0.16067,0.83183,478.2776,1381.9636
51.4498,11333.0726,39.6379,240.001,9.1955,-0.001471,-0.0896,2.9226,89.9962,-0.21746,4.4328,5.6509,14.9812,-34.719,2.2462e-05,1.2476,0.073221,9.7855e-07,0.06615,0,88.0802,0.16088,0.80541,478.2764,1381.9457
51.4522,11333.0726,39.6379,240.001,9.1955,-0.001471,-0.0896,2.9226,89.9962,-0.21746,4.4328,5.6509,14.9812,-34.719,2.2462e-05,1.2476,0.073221,9.7855e-07,0.06615,0,88.0802,0.16087,0.81723,478.2764,1381.9457
51.4522,11333.0726,39.6379,240.001,9.1955,-0.001471,-0.0896,2.9226,89.9962,-0.21746,4.4328,5.6509,14.9812,-34.719,2.2462e-05,1.2476,0.073221,9.7855e-07,0.06615,0,88.0802,0.16087,0.81723,478.2764,1381.9457
51.4581,11333.4029,39.6383,240.0018,9.1955,-0.0013292,-0.065246,3.5239,89.9944,-0.18204,4.4328,5.7495,15.9119,-34.6334,-6.8142e-05,1.2209,0.088655,9.7856e-07,0.066161,0,88.2252,0.16108,0.77875,478.2752,1381.9278
51.463,11333.4029,39.6383,240.0018,9.1955,-0.0013292,-0.065246,3.5239,89.9944,-0.18204,4.4328,5.7495,15.9119,-34.6334,-6.8142e-05,1.2209,0.088655,9.7856e-07,0.066161,0,88.2252,0.16106,0.8103,478.2752,1381.9278
51.463,11333.4029,39.6383,240.0018,9.1955,-0.0013292,-0.065246,3.5239,89.9944,-0.18204,4.4328,5.7495,15.9119,-34.6334,-6.8142e-05,1.2209,0.088655,9.7856e-07,0.066161,0,88.2252,0.16106,0.8103,478.2752,1381.9278
51.4665,11333.7332,39.6388,240.0028,9.1955,-0.0012431,-0.03588,4.1137,89.9929,-0.13917,4.4328,5.8392,16.6337,-34.5481,-0.00017439,0.7236,0.10065,9.7858e-07,0.066171,0,87.8773,0.16123,0.75194,478.274,1381.91
51.4699,11333.7332,39.6388,240.0028,9.1955,-0.0012431,-0.03588,4.1137,89.9929,-0.13917,4.4328,5.8392,16.6337,-34.5481,-0.00017439,0.7236,0.10065,9.7858e-07,0.066171,0,87.8773,0.16122,0.7831,478.274,1381.91
51.4715,11333.7332,39.6388,240.0028,9.1955,-0.0012431,-0.03588,4.1137,89.9929,-0.13917,4.4328,5.8392,16.6337,-34.5481,-0.00017439,0.7236,0.10065,9.7858e-07,0.066171,0,87.8773,0.16121,0.79429,478.274,1381.91
51.4715,11333.7332,39.6388,240.0028,9.1955,-0.0012431,-0.03588,4.1137,89.9929,-0.13917,4.4328,5.8392,16.6337,-34.5481,-0.00017439,0.7236,0.10065,9.7858e-07,0.066171,0,87.8773,0.16121,0.79429,478.274,1381.91
51.4748,11334.0635,39.639,240.0028,9.1955,-0.0012429,-0.0015992,4.467,89.9917,-0.090494,4.4328,5.7198,12.8685,-33.2879,-0.00025091,-0.9138,0.10941,9.786e-07,0.066182,0,87.5296,0.16123,0.81484,478.2729,1381.8921
51.4781,11334.0635,39.639,240.0028,9.1955,-0.0012429,-0.0015992,4.467,89.9917,-0.090494,4.4328,5.7198,12.8685,-33.2879,-0.00025091,-0.9138,0.10941,9.786e-07,0.066182,0,87.5296,0.16122,0.82749,478.2729,1381.8921
51.4831,11334.3939,39.639,240.0021,9.1955,-0.0013371,0.035625,4.0391,89.991,-0.03758,4.4328,5.5939,-1.4499,-29.1959,-0.000282,-1.565,0.11535,9.7862e-07,0.066193,0,87.1822,0.1611,0.88614,478.2717,1381.8742
51.4915,11334.7242,39.6388,240.0009,9.1955,-0.0015165,0.069285,3.3008,89.9906,0.018206,4.4328,5.4627,-6.9963,-27.5776,-0.00021021,-1.5356,0.11881,9.7864e-07,0.066204,0,87.0389,0.16085,0.96061,478.2705,1381.8563
51.4952,11334.7242,39.6388,240.0009,9.1955,-0.0015165,0.069285,3.3008,89.9906,0.018206,4.4328,5.4627,-6.9963,-27.5776,-0.00021021,-1.5356,0.11881,9.7864e-07,0.066204,0,87.0389,0.16083,0.92929,478.2705,1381.8563
51.4952,11334.7242,39.6388,240.0009,9.1955,-0.0015165,0.069285,3.3008,89.9906,0.018206,4.4328,5.4627,-6.9963,-27.5776,-0.00021021,-1.5356,0.11881,9.7864e-07,0.066204,0,87.0389,0.16083,0.92929,478.2705,1381.8563
51.4998,11335.0545,39.6388,240.0002,9.1955,-0.0017214,0.096791,2.5768,89.9908,0.075666,4.4328,5.5176,-6.5199,-27.6647,-8.855e-05,-1.5059,0.11763,9.7866e-07,0.066215,0,87.1836,0.16061,0.95022,478.2693,1381.8385
51.5044,11335.0545,39.6388,240.0002,9.1955,-0.0017214,0.096791,2.5768,89.9908,0.075666,4.4328,5.5176,-6.5199,-27.6647,-8.855e-05,-1.5059,0.11763,9.7866e-07,0.066215,0,87.1836,0.16059,0.91732,478.2693,1381.8385
51.5081,11335.3848,39.6389,239.9998,9.1955,-0.0019076,0.11826,1.8669,89.9914,0.13256,4.4328,5.5611,-6.3283,-27.7538,6.7233e-05,-1.4745,0.10482,9.7867e-07,0.066226,0,87.3283,0.1604,0.93148,478.2682,1381.8206
51.5165,11335.7151,39.639,239.9995,9.1955,-0.0020279,0.13382,1.171,89.9925,0.18325,4.4328,5.576,-6.8466,-27.8475,0.0001888,-1.4419,0.082733,9.7867e-07,0.066236,0,87.4731,0.16026,0.90887,478.267,1381.8027
51.5248,11336.0455,39.6391,239.9995,9.1955,-0.0020675,0.14358,0.48891,89.9941,0.22326,4.4328,5.5685,-7.9322,-27.9406,0.00027194,-1.4091,0.056459,9.7867e-07,0.066247,0,87.6179,0.16022,0.88439,478.2658,1381.7849
51.5331,11336.3758,39.6393,239.9997,9.1955,-0.0020228,0.14765,-0.17953,89.9959,0.25057,4.4328,5.5515,-9.2768,-28.0302,0.00030112,-1.3767,0.028496,9.7864e-07,0.066258,0,87.7627,0.16027,0.85895,478.2646,1381.767
51.5415,11336.7061,39.6396,240.0001,9.1955,-0.0019073,0.14616,-0.83466,89.998,0.26436,4.4328,5.5313,-10.7285,-28.1139,0.00027752,-1.345,0.00077486,9.7861e-07,0.066269,0,87.9076,0.16041,0.83295,478.2635,1381.7491
51.5498,11337.0365,39.64,240.0006,9.1955,-0.001744,0.1392,-1.4768,90.0002,0.26473,4.4328,5.5125,-12.1702,-28.1905,0.00020771,-1.3143,-0.025179,9.7857e-07,0.06628,0,88.0525,0.1606,0.80659,478.2623,1381.7313
51.5581,11337.3668,39.6404,240.0015,9.1955,-0.0015621,0.1269,-2.1063,90.0024,0.25256,4.4328,5.4989,-13.5092,-28.2595,0.00010564,-1.2847,-0.048395,9.7851e-07,0.066291,0,88.1974,0.16083,0.77995,478.2611,1381.7134
51.5665,11337.6971,39.6409,240.0025,9.1955,-0.0013912,0.10934,-2.7234,90.0045,0.22915,4.4328,5.4926,-14.6866,-28.321,-5.4557e-05,-1.2564,-0.068325,9.7844e-07,0.066302,0,87.8495,0.16107,0.75307,478.2599,1381.6955
51.5748,11338.0275,39.641,240.0025,9.1955,-0.0012783,0.086648,-3.3286,90.0064,0.19611,4.4328,5.296,-15.6688,-28.3731,-0.000221,-1.2293,-0.084741,9.7836e-07,0.066312,0,87.5019,0.16118,0.8153,478.2587,1381.6777
51.5761,11338.0275,39.641,240.0025,9.1955,-0.0012783,0.086648,-3.3286,90.0064,0.19611,4.4328,5.296,-15.6688,-28.3731,-0.000221,-1.2293,-0.084741,9.7836e-07,0.066312,0,87.5019,0.16118,0.82088,478.2587,1381.6777
51.5761,11338.0275,39.641,240.0025,9.1955,-0.0012783,0.086648,-3.3286,90.0064,0.19611,4.4328,5.296,-15.6688,-28.3731,-0.000221,-1.2293,-0.084741,9.7836e-07,0.066312,0,87.5019,0.16118,0.82088,478.2587,1381.6777
51.5831,11338.3578,39.641,240.0018,9.1955,-0.0012485,0.05891,-3.9221,90.0081,0.15512,4.4328,5.1101,-16.4419,-28.4185,-0.00035723,-1.0666,-0.097673,9.7827e-07,0.066323,0,87.1545,0.16117,0.88588,478.2576,1381.6598
51.5855,11338.3578,39.641,240.0018,9.1955,-0.0012485,0.05891,-3.9221,90.0081,0.15512,4.4328,5.1101,-16.4419,-28.4185,-0.00035723,-1.0666,-0.097673,9.7827e-07,0.066323,0,87.1545,0.16116,0.88047,478.2576,1381.6598
51.5855,11338.3578,39.641,240.0018,9.1955,-0.0012485,0.05891,-3.9221,90.0081,0.15512,4.4328,5.1101,-16.4419,-28.4185,-0.00035723,-1.0666,-0.097673,9.7827e-07,0.066323,0,87.1545,0.16116,0.88047,478.2576,1381.6598
51.5915,11338.6881,39.6408,240.0005,9.1955,-0.0013103,0.026226,-4.4389,90.0094,0.10789,4.4328,4.9334,-15.7663,-28.8033,-0.00036226,0.42588,-0.10733,9.7817e-07,0.066334,0,87.0708,0.16104,0.96015,478.2564,1381.6419
51.5974,11338.6881,39.6408,240.0005,9.1955,-0.0013103,0.026226,-4.4389,90.0094,0.10789,4.4328,4.9334,-15.7663,-28.8033,-0.00036226,0.42588,-0.10733,9.7817e-07,0.066334,0,87.0708,0.16101,0.9153,478.2564,1381.6419
51.5998,11339.0185,39.6408,239.9999,9.1955,-0.0014242,-0.010765,-4.2439,90.0103,0.055983,4.4328,4.9559,-2.8226,-32.5348,-0.00026453,1.573,-0.11401,9.7807e-07,0.066345,0,87.2154,0.16089,0.94989,478.2552,1381.6241
51.6081,11339.3488,39.6409,239.9994,9.1955,-0.0015602,-0.04613,-3.5016,90.0107,0.00084678,4.4328,4.9851,7.1693,-35.4203,-0.00010636,1.5437,-0.11811,9.7797e-07,0.066356,0,87.3601,0.16073,0.93137,478.254,1381.6062
51.6105,11339.3488,39.6409,239.9994,9.1955,-0.0015602,-0.04613,-3.5016,90.0107,0.00084678,4.4328,4.9851,7.1693,-35.4203,-0.00010636,1.5437,-0.11811,9.7797e-07,0.066356,0,87.3601,0.16072,0.9165,478.254,1381.6062
51.6105,11339.3488,39.6409,239.9994,9.1955,-0.0015602,-0.04613,-3.5016,90.0107,0.00084678,4.4328,4.9851,7.1693,-35.4203,-0.00010636,1.5437,-0.11811,9.7797e-07,0.066356,0,87.3601,0.16072,0.9165,478.254,1381.6062
51.6165,11339.6792,39.641,239.9992,9.1955,-0.0016847,-0.075311,-2.7737,90.0107,-0.056276,4.4328,5.0209,6.6462,-35.366,3.2618e-05,1.5142,-0.1193,9.7787e-07,0.066367,0,87.5049,0.16059,0.90901,478.2529,1381.5883
51.6224,11339.6792,39.641,239.9992,9.1955,-0.0016847,-0.075311,-2.7737,90.0107,-0.056276,4.4328,5.0209,6.6462,-35.366,3.2618e-05,1.5142,-0.1193,9.7787e-07,0.066367,0,87.5049,0.16057,0.8876,478.2529,1381.5883
51.6237,11339.6792,39.641,239.9992,9.1955,-0.0016847,-0.075311,-2.7737,90.0107,-0.056276,4.4328,5.0209,6.6462,-35.366,3.2618e-05,1.5142,-0.1193,9.7787e-07,0.066367,0,87.5049,0.16056,0.88452,478.2529,1381.5883
51.6237,11339.6792,39.641,239.9992,9.1955,-0.0016847,-0.075311,-2.7737,90.0107,-0.056276,4.4328,5.0209,6.6462,-35.366,3.2618e-05,1.5142,-0.1193,9.7787e-07,0.066367,0,87.5049,0.16056,0.88452,478.2529,1381.5883
51.6248,11340.0095,39.6411,239.9992,9.1955,-0.0017894,-0.098425,-2.06,90.0103,-0.11397,4.4328,5.0646,6.3045,-35.3086,0.0001498,1.4834,-0.11037,9.7777e-07,0.066378,0,87.6497,0.16048,0.88482,478.2517,1381.5705
51.6259,11340.0095,39.6411,239.9992,9.1955,-0.0017894,-0.098425,-2.06,90.0103,-0.11397,4.4328,5.0646,6.3045,-35.3086,0.0001498,1.4834,-0.11037,9.7777e-07,0.066378,0,87.6497,0.16048,0.88231,478.2517,1381.5705
51.6282,11340.0095,39.6411,239.9992,9.1955,-0.0017894,-0.098425,-2.06,90.0103,-0.11397,4.4328,5.0646,6.3045,-35.3086,0.0001498,1.4834,-0.11037,9.7777e-07,0.066378,0,87.6497,0.16047,0.87806,478.2517,1381.5705
51.6331,11340.3398,39.6414,239.9993,9.1955,-0.0018579,-0.11559,-1.3602,90.0093,-0.16735,4.4328,5.1344,6.5826,-35.245,0.00022753,1.451,-0.090089,9.7769e-07,0.066388,0,87.7945,0.16043,0.85965,478.2505,1381.5526
51.6415,11340.6702,39.6417,239.9997,9.1955,-0.0018772,-0.12693,-0.67439,90.0079,-0.21093,4.4328,5.2335,7.5555,-35.1737,0.00026446,1.4182,-0.064627,9.7761e-07,0.066399,0,87.9393,0.16043,0.83388,478.2493,1381.5347
51.6498,11341.0005,39.642,240.0003,9.1955,-0.0018427,-0.13255,-0.0022435,90.0062,-0.24218,4.4328,5.3465,8.849,-35.0976,0.00025956,1.3857,-0.03687,9.7754e-07,0.06641,0,88.0842,0.1605,0.80768,478.2482,1381.5169
51.6581,11341.3309,39.6424,240.0011,9.1955,-0.0017596,-0.13256,0.65651,90.0041,-0.26002,4.4328,5.4662,10.2877,-35.0177,0.00021479,1.3537,-0.00883,9.7748e-07,0.066421,0,88.2291,0.16063,0.78114,478.247,1381.499
51.6665,11341.6612,39.6429,240.0021,9.1955,-0.0016419,-0.12709,1.3022,90.002,-0.26429,4.4327,5.5874,11.7496,-34.9348,9.622e-05,1.3227,0.017813,9.7743e-07,0.066432,0,87.8813,0.16081,0.75432,478.2458,1381.4811
51.6748,11341.9916,39.6431,240.0022,9.1954,-0.0015293,-0.11624,1.9351,89.9998,-0.25568,4.4328,5.5204,13.1324,-34.8473,-5.7858e-05,1.2928,0.041938,9.7739e-07,0.066443,0,87.5336,0.16093,0.8105,478.2446,1381.4633
51.6831,11342.322,39.6431,240.0016,9.1954,-0.0014509,-0.10012,2.5556,89.9976,-0.23539,4.4328,5.436,14.3679,-34.7575,-0.00022259,1.2641,0.062887,9.7737e-07,0.066453,0,87.1862,0.16097,0.88052,478.2435,1381.4454
51.6915,11342.6523,39.6429,240.0004,9.1954,-0.0014295,-0.07882,3.164,89.9957,-0.20498,4.4328,5.3457,15.416,-34.6672,-0.00029446,1.2366,0.08035,9.7735e-07,0.066464,0,86.8391,0.16092,0.95405,478.2423,1381.4275
51.6988,11342.6523,39.6429,240.0004,9.1954,-0.0014295,-0.07882,3.164,89.9957,-0.20498,4.4328,5.3457,15.416,-34.6672,-0.00029446,1.2366,0.08035,9.7735e-07,0.066464,0,86.8391,0.16089,0.9055,478.2423,1381.4275
51.6988,11342.6523,39.6429,240.0004,9.1954,-0.0014295,-0.07882,3.164,89.9957,-0.20498,4.4328,5.3457,15.416,-34.6672,-0.00029446,1.2366,0.08035,9.7735e-07,0.066464,0,86.8391,0.16089,0.9055,478.2423,1381.4275
51.6998,11342.9827,39.6429,239.9998,9.1954,-0.0014418,-0.052453,3.7607,89.994,-0.16612,4.4328,5.4388,16.2576,-34.5824,-0.00029211,1.1953,0.094291,9.7734e-07,0.066475,0,86.9838,0.16087,0.94292,478.2411,1381.4097
51.6998,11342.9827,39.6429,239.9998,9.1954,-0.0014418,-0.052453,3.7607,89.994,-0.16612,4.4328,5.4388,16.2576,-34.5824,-0.00029211,1.1953,0.094291,9.7734e-07,0.066475,0,86.9838,0.16087,0.94285,478.2411,1381.4097
51.6998,11342.9827,39.6429,239.9998,9.1954,-0.0014418,-0.052453,3.7607,89.994,-0.16612,4.4328,5.4388,16.2576,-34.5824,-0.00029211,1.1953,0.094291,9.7734e-07,0.066475,0,86.9838,0.16087,0.94285,478.2411,1381.4097
51.7008,11342.9827,39.6429,239.9998,9.1954,-0.0014418,-0.052453,3.7607,89.994,-0.16612,4.4328,5.4388,16.2576,-34.5824,-0.00029211,1.1953,0.094291,9.7734e-07,0.066475,0,86.9838,0.16087,0.93514,478.2411,1381.4097
51.7018,11342.9827,39.6429,239.9998,9.1954,-0.0014418,-0.052453,3.7607,89.994,-0.16612,4.4328,5.4388,16.2576,-34.5824,-0.00029211,1.1953,0.094291,9.7734e-07,0.066475,0,86.9838,0.16086,0.92815,478.2411,1381.4097
51.7038,11342.9827,39.6429,239.9998,9.1954,-0.0014418,-0.052453,3.7607,89.994,-0.16612,4.4328,5.4388,16.2576,-34.5824,-0.00029211,1.1953,0.094291,9.7734e-07,0.066475,0,86.9838,0.16086,0.91609,478.2411,1381.4097
51.7077,11342.9827,39.6429,239.9998,9.1954,-0.0014418,-0.052453,3.7607,89.994,-0.16612,4.4328,5.4388,16.2576,-34.5824,-0.00029211,1.1953,0.094291,9.7734e-07,0.066475,0,86.9838,0.16084,0.89807,478.2411,1381.4097
51.7081,11343.313,39.643,239.9994,9.1954,-0.001475,-0.021114,4.3387,89.9926,-0.12052,4.4328,5.5218,16.7536,-34.4645,-0.0002139,0.057413,0.10487,9.7734e-07,0.066486,0,87.1285,0.16082,0.92391,478.2399,1381.3918
51.7101,11343.313,39.643,239.9994,9.1954,-0.001475,-0.021114,4.3387,89.9926,-0.12052,4.4328,5.5218,16.7536,-34.4645,-0.0002139,0.057413,0.10487,9.7734e-07,0.066486,0,87.1285,0.16081,0.91245,478.2399,1381.3918
51.7165,11343.6434,39.6431,239.9992,9.1954,-0.0015152,0.015041,4.3742,89.9916,-0.069802,4.4328,5.5949,7.0848,-31.6196,-0.00010432,-1.578,0.11239,9.7734e-07,0.066497,0,87.2732,0.16077,0.90152,478.2387,1381.3739
51.7248,11343.9737,39.6433,239.9992,9.1954,-0.0015694,0.051493,3.6295,89.991,-0.015447,4.4328,5.6601,-7.2949,-27.5499,1.7291e-05,-1.5487,0.1172,9.7734e-07,0.066508,0,87.418,0.16072,0.87745,478.2376,1381.3561
51.7261,11343.9737,39.6433,239.9992,9.1954,-0.0015694,0.051493,3.6295,89.991,-0.015447,4.4328,5.6601,-7.2949,-27.5499,1.7291e-05,-1.5487,0.1172,9.7734e-07,0.066508,0,87.418,0.16071,0.8755,478.2376,1381.3561
51.7261,11343.9737,39.6433,239.9992,9.1954,-0.0015694,0.051493,3.6295,89.991,-0.015447,4.4328,5.6601,-7.2949,-27.5499,1.7291e-05,-1.5487,0.1172,9.7734e-07,0.066508,0,87.418,0.16071,0.8755,478.2376,1381.3561
51.7331,11344.3041,39.6435,239.9994,9.1954,-0.0016329,0.081738,2.8991,89.9909,0.041236,4.4328,5.7188,-6.7355,-27.6405,0.00011135,-1.5194,0.11964,9.7734e-07,0.066519,0,87.5628,0.16067,0.85246,478.2364,1381.3382
51.7388,11344.3041,39.6435,239.9994,9.1954,-0.0016329,0.081738,2.8991,89.9909,0.041236,4.4328,5.7188,-6.7355,-27.6405,0.00011135,-1.5194,0.11964,9.7734e-07,0.066519,0,87.5628,0.16064,0.85626,478.2364,1381.3382
51.7388,11344.3041,39.6435,239.9994,9.1954,-0.0016329,0.081738,2.8991,89.9909,0.041236,4.4328,5.7188,-6.7355,-27.6405,0.00011135,-1.5194,0.11964,9.7734e-07,0.066519,0,87.5628,0.16064,0.85626,478.2364,1381.3382
51.7415,11344.6345,39.6438,239.9999,9.1954,-0.0017025,0.1059,2.1829,89.9912,0.099097,4.4328,5.7724,-6.3232,-27.7277,0.00018005,-1.4891,0.11407,9.7733e-07,0.066529,0,87.7077,0.16063,0.8269,478.2352,1381.3203
51.7441,11344.6345,39.6438,239.9999,9.1954,-0.0017025,0.1059,2.1829,89.9912,0.099097,4.4328,5.7724,-6.3232,-27.7277,0.00018005,-1.4891,0.11407,9.7733e-07,0.066529,0,87.7077,0.16062,0.83473,478.2352,1381.3203
51.7498,11344.9648,39.6442,240.0005,9.1954,-0.0017656,0.12409,1.4807,89.992,0.15427,4.4328,5.8067,-6.3998,-27.8145,0.0002197,-1.4569,0.095407,9.7732e-07,0.06654,0,87.8526,0.1606,0.8009,478.234,1381.3025
51.7581,11345.2952,39.6447,240.0014,9.1954,-0.0018019,0.13643,0.79243,89.9933,0.20041,4.4327,5.8092,-7.276,-27.9031,0.00023001,-1.4242,0.070688,9.7729e-07,0.066551,0,87.8832,0.16062,0.77453,478.2329,1381.2846
51.7665,11345.6256,39.6452,240.0024,9.1954,-0.0017992,0.14303,0.1179,89.995,0.2346,4.4327,5.7973,-8.5243,-27.9896,0.00016817,-1.3916,0.043224,9.7726e-07,0.066562,0,87.5353,0.16069,0.74781,478.2317,1381.2667
51.7748,11345.956,39.6453,240.0024,9.1954,-0.0017747,0.14401,-0.54319,89.9969,0.25551,4.4327,5.5806,-9.9438,-28.0696,6.5776e-05,-1.3595,0.015034,9.7721e-07,0.066573,0,87.1877,0.16072,0.81019,478.2305,1381.2489
51.7831,11346.2863,39.6453,240.0018,9.1954,-0.0017409,0.13949,-1.1911,89.9991,0.26278,4.4327,5.3647,-11.4117,-28.1435,-6.4698e-05,-1.3282,-0.012067,9.7715e-07,0.066584,0,86.8403,0.16071,0.88087,478.2293,1381.231
51.7915,11346.6167,39.6451,240.0006,9.1954,-0.0017138,0.12956,-1.8262,90.0013,0.25695,4.4328,5.154,-12.8183,-28.2111,-0.00012543,-1.2981,-0.036839,9.7708e-07,0.066595,0,86.7133,0.16067,0.95468,478.2282,1381.2131
51.7998,11346.9471,39.6451,240,9.1954,-0.0016712,0.11434,-2.4489,90.0034,0.23913,4.4328,5.1417,-14.0878,-28.2772,-0.00014956,-1.2691,-0.05854,9.77e-07,0.066605,0,86.8579,0.16067,0.9437,478.227,1381.1953
51.8081,11347.2775,39.6452,239.9996,9.1954,-0.0016127,0.093934,-3.0594,90.0054,0.21082,4.4328,5.1369,-15.1755,-28.3397,-0.00013403,-1.2414,-0.076792,9.7691e-07,0.066616,0,87.0026,0.16071,0.92441,478.2258,1381.1774
51.8132,11347.2775,39.6452,239.9996,9.1954,-0.0016127,0.093934,-3.0594,90.0054,0.21082,4.4328,5.1369,-15.1755,-28.3397,-0.00013403,-1.2414,-0.076792,9.7691e-07,0.066616,0,87.0026,0.16069,0.89918,478.2258,1381.1774
51.8132,11347.2775,39.6452,239.9996,9.1954,-0.0016127,0.093934,-3.0594,90.0054,0.21082,4.4328,5.1369,-15.1755,-28.3397,-0.00013403,-1.2414,-0.076792,9.7691e-07,0.066616,0,87.0026,0.16069,0.89918,478.2258,1381.1774
51.8165,11347.6078,39.6453,239.9995,9.1954,-0.0015403,0.06844,-3.658,90.0072,0.17368,4.4328,5.1406,-16.0582,-28.3983,-0.00012086,-1.215,-0.091507,9.768e-07,0.066627,0,87.1474,0.16077,0.90134,478.2246,1381.1595
51.8197,11347.6078,39.6453,239.9995,9.1954,-0.0015403,0.06844,-3.658,90.0072,0.17368,4.4328,5.1406,-16.0582,-28.3983,-0.00012086,-1.215,-0.091507,9.768e-07,0.066627,0,87.1474,0.16076,0.89016,478.2246,1381.1595
51.8243,11347.6078,39.6453,239.9995,9.1954,-0.0015403,0.06844,-3.658,90.0072,0.17368,4.4328,5.1406,-16.0582,-28.3983,-0.00012086,-1.215,-0.091507,9.768e-07,0.066627,0,87.1474,0.16074,0.87956,478.2246,1381.1595
51.8243,11347.6078,39.6453,239.9995,9.1954,-0.0015403,0.06844,-3.658,90.0072,0.17368,4.4328,5.1406,-16.0582,-28.3983,-0.00012086,-1.215,-0.091507,9.768e-07,0.066627,0,87.1474,0.16074,0.87956,478.2246,1381.1595
51.8248,11347.9382,39.6455,239.9995,9.1954,-0.0014778,0.037956,-4.2452,90.0086,0.12943,4.4328,5.1527,-16.7303,-28.4508,-9.1479e-05,-0.33433,-0.10281,9.7669e-07,0.066638,0,87.2921,0.16083,0.87678,478.2234,1381.1417
51.8253,11347.9382,39.6455,239.9995,9.1954,-0.0014778,0.037956,-4.2452,90.0086,0.12943,4.4328,5.1527,-16.7303,-28.4508,-9.1479e-05,-0.33433,-0.10281,9.7669e-07,0.066638,0,87.2921,0.16083,0.87598,478.2234,1381.1417
51.8264,11347.9382,39.6455,239.9995,9.1954,-0.0014778,0.037956,-4.2452,90.0086,0.12943,4.4328,5.1527,-16.7303,-28.4508,-9.1479e-05,-0.33433,-0.10281,9.7669e-07,0.066638,0,87.2921,0.16083,0.87449,478.2234,1381.1417
51.8285,11347.9382,39.6455,239.9995,9.1954,-0.0014778,0.037956,-4.2452,90.0086,0.12943,4.4328,5.1527,-16.7303,-28.4508,-9.1479e-05,-0.33433,-0.10281,9.7669e-07,0.066638,0,87.2921,0.16082,0.87196,478.2234,1381.1417
51.8323,11347.9382,39.6455,239.9995,9.1954,-0.0014778,0.037956,-4.2452,90.0086,0.12943,4.4328,5.1527,-16.7303,-28.4508,-9.1479e-05,-0.33433,-0.10281,9.7669e-07,0.066638,0,87.2921,0.1608,0.86852,478.2234,1381.1417
51.8323,11347.9382,39.6455,239.9995,9.1954,-0.0014778,0.037956,-4.2452,90.0086,0.12943,4.4328,5.1527,-16.7303,-28.4508,-9.1479e-05,-0.33433,-0.10281,9.7669e-07,0.066638,0,87.2921,0.1608,0.86852,478.2234,1381.1417
51.8331,11348.2686,39.6457,239.9997,9.1954,-0.0014404,0.0025795,-4.4128,90.0097,0.079706,4.4328,5.172,-9.44,-30.6468,-4.2006e-05,1.3036,-0.11094,9.7657e-07,0.066649,0,87.4369,0.16089,0.85182,478.2223,1381.1238
51.8339,11348.2686,39.6457,239.9997,9.1954,-0.0014404,0.0025795,-4.4128,90.0097,0.079706,4.4328,5.172,-9.44,-30.6468,-4.2006e-05,1.3036,-0.11094,9.7657e-07,0.066649,0,87.4369,0.16088,0.85254,478.2223,1381.1238
51.8356,11348.2686,39.6457,239.9997,9.1954,-0.0014404,0.0025795,-4.4128,90.0097,0.079706,4.4328,5.172,-9.44,-30.6468,-4.2006e-05,1.3036,-0.11094,9.7657e-07,0.066649,0,87.4369,0.16088,0.85382,478.2223,1381.1238
51.8388,11348.2686,39.6457,239.9997,9.1954,-0.0014404,0.0025795,-4.4128,90.0097,0.079706,4.4328,5.172,-9.44,-30.6468,-4.2006e-05,1.3036,-0.11094,9.7657e-07,0.066649,0,87.4369,0.16086,0.85583,478.2223,1381.1238
51.8415,11348.599,39.646,240.0001,9.1954,-0.0014416,-0.034194,-3.7989,90.0103,0.026054,4.4328,5.199,4.9164,-34.7545,2.14e-05,1.5553,-0.11632,9.7646e-07,0.06666,0,87.5818,0.16091,0.82642,478.2211,1381.1059
51.842,11348.599,39.646,240.0001,9.1954,-0.0014416,-0.034194,-3.7989,90.0103,0.026054,4.4328,5.199,4.9164,-34.7545,2.14e-05,1.5553,-0.11632,9.7646e-07,0.06666,0,87.5818,0.16091,0.82828,478.2211,1381.1059
51.842,11348.599,39.646,240.0001,9.1954,-0.0014416,-0.034194,-3.7989,90.0103,0.026054,4.4328,5.199,4.9164,-34.7545,2.14e-05,1.5553,-0.11632,9.7646e-07,0.06666,0,87.5818,0.16091,0.82828,478.2211,1381.1059
51.8498,11348.9293,39.6464,240.0008,9.1954,-0.001481,-0.065851,-3.0653,90.0106,-0.030204,4.4328,5.2331,6.8637,-35.3986,7.0037e-05,1.5261,-0.11931,9.7634e-07,0.066671,0,87.7267,0.16092,0.80067,478.2199,1381.0881
51.8546,11348.9293,39.6464,240.0008,9.1954,-0.001481,-0.065851,-3.0653,90.0106,-0.030204,4.4328,5.2331,6.8637,-35.3986,7.0037e-05,1.5261,-0.11931,9.7634e-07,0.066671,0,87.7267,0.1609,0.82345,478.2199,1381.0881
51.8546,11348.9293,39.6464,240.0008,9.1954,-0.001481,-0.065851,-3.0653,90.0106,-0.030204,4.4328,5.2331,6.8637,-35.3986,7.0037e-05,1.5261,-0.11931,9.7634e-07,0.066671,0,87.7267,0.1609,0.82345,478.2199,1381.0881
51.8581,11349.2597,39.6468,240.0016,9.1954,-0.0015517,-0.091395,-2.3459,90.0103,-0.087907,4.4328,5.2738,6.4114,-35.3376,0.00010547,1.496,-0.11564,9.7623e-07,0.066681,0,87.8493,0.1609,0.7746,478.2187,1381.0702
51.8617,11349.2597,39.6468,240.0016,9.1954,-0.0015517,-0.091395,-2.3459,90.0103,-0.087907,4.4328,5.2738,6.4114,-35.3376,0.00010547,1.496,-0.11564,9.7623e-07,0.066681,0,87.8493,0.16089,0.80011,478.2187,1381.0702
51.8665,11349.5901,39.6474,240.0027,9.1954,-0.0016379,-0.11094,-1.6405,90.0096,-0.14383,4.4327,5.3318,6.3682,-35.2722,8.3001e-05,1.4642,-0.099452,9.7612e-07,0.066692,0,87.5015,0.16089,0.74815,478.2176,1381.0523
51.8748,11349.9205,39.6476,240.0027,9.1954,-0.0017354,-0.12461,-0.9491,90.0084,-0.19193,4.4327,5.223,7.0901,-35.1973,3.3066e-05,1.4315,-0.075843,9.7602e-07,0.066703,0,87.1539,0.16079,0.81073,478.2164,1381.0345
51.8831,11350.2509,39.6475,240.0021,9.1954,-0.0018295,-0.13252,-0.27147,90.0068,-0.22862,4.4327,5.1355,8.2688,-35.1169,-3.65e-05,1.3988,-0.04889,9.7593e-07,0.066714,0,86.8066,0.16066,0.88157,478.2152,1381.0166
51.8915,11350.5813,39.6473,240.0009,9.1954,-0.0019108,-0.13479,0.39264,90.0049,-0.25226,4.4328,5.059,9.6562,-35.0334,-3.8465e-05,1.3666,-0.020799,9.7585e-07,0.066725,0,86.7513,0.16051,0.95548,478.214,1380.9988
51.8998,11350.9117,39.6473,240.0003,9.1954,-0.0019377,-0.13151,1.0435,90.0028,-0.26232,4.4328,5.178,11.1186,-34.9526,-1.7371e-05,1.3352,0.0065661,9.7578e-07,0.066736,0,86.8959,0.16044,0.94457,478.2129,1380.9809
51.9081,11351.2421,39.6474,239.9999,9.1954,-0.0019,-0.12282,1.6815,90.0006,-0.25915,4.4328,5.2955,12.5429,-34.8728,2.0263e-05,1.3048,0.031842,9.7573e-07,0.066746,0,87.0406,0.16046,0.92532,478.2117,1380.963
51.9165,11351.5725,39.6475,239.9997,9.1954,-0.0017989,-0.10881,2.307,89.9984,-0.24375,4.4328,5.4081,13.846,-34.7938,2.2558e-05,1.2756,0.05419,9.7568e-07,0.066757,0,87.1853,0.16054,0.90228,478.2105,1380.9452
51.9248,11351.9029,39.6476,239.9997,9.1954,-0.0016669,-0.089581,2.9202,89.9964,-0.21754,4.4328,5.5138,14.9769,-34.7131,2.9544e-06,1.2476,0.073159,9.7565e-07,0.066768,0,87.3301,0.16067,0.8775,478.2093,1380.9273
51.9272,11351.9029,39.6476,239.9997,9.1954,-0.0016669,-0.089581,2.9202,89.9964,-0.21754,4.4328,5.5138,14.9769,-34.7131,2.9544e-06,1.2476,0.073159,9.7565e-07,0.066768,0,87.3301,0.16067,0.87399,478.2093,1380.9273
51.9272,11351.9029,39.6476,239.9997,9.1954,-0.0016669,-0.089581,2.9202,89.9964,-0.21754,4.4328,5.5138,14.9769,-34.7131,2.9544e-06,1.2476,0.073159,9.7565e-07,0.066768,0,87.3301,0.16067,0.87399,478.2093,1380.9273
51.9331,11352.2333,39.6479,239.9999,9.1954,-0.0015345,-0.065246,3.5216,89.9946,-0.18216,4.4328,5.6113,15.908,-34.6313,-3.2451e-05,1.2209,0.088601,9.7562e-07,0.066779,0,87.4749,0.16082,0.85185,478.2081,1380.9094
51.938,11352.2333,39.6479,239.9999,9.1954,-0.0015345,-0.065246,3.5216,89.9946,-0.18216,4.4328,5.6113,15.908,-34.6313,-3.2451e-05,1.2209,0.088601,9.7562e-07,0.066779,0,87.4749,0.1608,0.85534,478.2081,1380.9094
51.938,11352.2333,39.6479,239.9999,9.1954,-0.0015345,-0.065246,3.5216,89.9946,-0.18216,4.4328,5.6113,15.908,-34.6313,-3.2451e-05,1.2209,0.088601,9.7562e-07,0.066779,0,87.4749,0.1608,0.85534,478.2081,1380.9094
51.9415,11352.5637,39.6482,240.0004,9.1954,-0.0014314,-0.035899,4.1113,89.9931,-0.13931,4.4328,5.6999,16.6302,-34.5489,-5.6854e-05,0.72843,0.1006,9.756e-07,0.06679,0,87.6197,0.16095,0.8258,478.207,1380.8916
51.9449,11352.5637,39.6482,240.0004,9.1954,-0.0014314,-0.035899,4.1113,89.9931,-0.13931,4.4328,5.6999,16.6302,-34.5489,-5.6854e-05,0.72843,0.1006,9.756e-07,0.06679,0,87.6197,0.16094,0.83598,478.207,1380.8916
51.9464,11352.5637,39.6482,240.0004,9.1954,-0.0014314,-0.035899,4.1113,89.9931,-0.13931,4.4328,5.6999,16.6302,-34.5489,-5.6854e-05,0.72843,0.1006,9.756e-07,0.06679,0,87.6197,0.16093,0.83947,478.207,1380.8916
51.9464,11352.5637,39.6482,240.0004,9.1954,-0.0014314,-0.035899,4.1113,89.9931,-0.13931,4.4328,5.6999,16.6302,-34.5489,-5.6854e-05,0.72843,0.1006,9.756e-07,0.06679,0,87.6197,0.16093,0.83947,478.207,1380.8916
51.9498,11352.8941,39.6486,240.001,9.1954,-0.0013749,-0.0016385,4.4669,89.9919,-0.090662,4.4328,5.7784,12.9095,-33.3054,-5.829e-05,-0.90851,0.10937,9.7559e-07,0.066801,0,87.7646,0.16105,0.80003,478.2058,1380.8737
51.9532,11352.8941,39.6486,240.001,9.1954,-0.0013749,-0.0016385,4.4669,89.9919,-0.090662,4.4328,5.7784,12.9095,-33.3054,-5.829e-05,-0.90851,0.10937,9.7559e-07,0.066801,0,87.7646,0.16104,0.81725,478.2058,1380.8737
51.9581,11353.2245,39.649,240.0019,9.1954,-0.001377,0.035586,4.0416,89.9912,-0.037766,4.4328,5.8485,-1.4042,-29.2191,-2.7253e-05,-1.5649,0.11532,9.7557e-07,0.066812,0,87.8062,0.16111,0.77406,478.2046,1380.8558
51.9665,11353.5549,39.6495,240.0029,9.1954,-0.0014347,0.069265,3.3033,89.9908,0.018006,4.4327,5.9115,-6.9972,-27.592,-3.694e-05,-1.5356,0.11879,9.7556e-07,0.066822,0,87.4584,0.16112,0.74784,478.2034,1380.838
51.9702,11353.5549,39.6495,240.0029,9.1954,-0.0014347,0.069265,3.3033,89.9908,0.018006,4.4327,5.9115,-6.9972,-27.592,-3.694e-05,-1.5356,0.11879,9.7556e-07,0.066822,0,87.4584,0.1611,0.78263,478.2034,1380.838
51.9702,11353.5549,39.6495,240.0029,9.1954,-0.0014347,0.069265,3.3033,89.9908,0.018006,4.4327,5.9115,-6.9972,-27.592,-3.694e-05,-1.5356,0.11879,9.7556e-07,0.066822,0,87.4584,0.1611,0.78263,478.2034,1380.838
51.9748,11353.8853,39.6497,240.0029,9.1954,-0.0015567,0.096793,2.5793,89.991,0.075457,4.4327,5.77,-6.5206,-27.6746,-5.9746e-05,-1.5059,0.11764,9.7554e-07,0.066833,0,87.1108,0.161,0.81073,478.2023,1380.8201
51.9794,11353.8853,39.6497,240.0029,9.1954,-0.0015567,0.096793,2.5793,89.991,0.075457,4.4327,5.77,-6.5206,-27.6746,-5.9746e-05,-1.5059,0.11764,9.7554e-07,0.066833,0,87.1108,0.16098,0.82867,478.2023,1380.8201
51.9831,11354.2157,39.6497,240.0023,9.1954,-0.0017291,0.11829,1.8694,89.9916,0.13235,4.4327,5.6195,-6.3271,-27.7555,-8.8356e-05,-1.4745,0.10487,9.7552e-07,0.066844,0,86.7635,0.1608,0.8818,478.2011,1380.8023
51.9915,11354.5461,39.6495,240.0011,9.1954,-0.0019238,0.13387,1.1735,89.9927,0.18308,4.4327,5.4424,-6.8428,-27.8386,-3.7679e-05,-1.4419,0.082814,9.7548e-07,0.066855,0,86.7511,0.16053,0.95592,478.1999,1380.7844
51.9998,11354.8765,39.6495,240.0005,9.1953,-0.0020718,0.14364,0.49148,89.9942,0.22313,4.4327,5.4349,-7.927,-27.9276,4.3928e-05,-1.4091,0.056555,9.7544e-07,0.066866,0,86.8957,0.16034,0.9452,478.1987,1380.7665
52.0081,11355.207,39.6496,240.0001,9.1953,-0.0021362,0.14774,-0.17696,89.9961,0.25048,4.4328,5.4172,-9.2708,-28.017,0.00014016,-1.3767,0.028598,9.7538e-07,0.066877,0,87.0404,0.16025,0.92609,478.1976,1380.7487
52.0165,11355.5374,39.6497,239.9999,9.1953,-0.0020978,0.14627,-0.83208,89.9982,0.26432,4.4328,5.3958,-10.7221,-28.1043,0.00018714,-1.345,0.00087688,9.7531e-07,0.066888,0,87.1851,0.16028,0.90314,478.1964,1380.7308
52.0248,11355.8678,39.6498,239.9999,9.1953,-0.0019778,0.13933,-1.4742,90.0004,0.26474,4.4328,5.3759,-12.1638,-28.1846,0.00018819,-1.3143,-0.025082,9.7523e-07,0.066898,0,87.3298,0.1604,0.87841,478.1952,1380.7129
52.0331,11356.1982,39.6501,240.0001,9.1953,-0.0018054,0.12705,-2.1037,90.0026,0.25261,4.4328,5.3611,-13.5032,-28.2574,0.00014137,-1.2847,-0.048306,9.7514e-07,0.066909,0,87.4746,0.16058,0.85279,478.194,1380.6951
52.0415,11356.5286,39.6503,240.0005,9.1953,-0.0016175,0.10952,-2.7208,90.0047,0.22925,4.4328,5.3537,-14.681,-28.3219,6.3017e-05,-1.2564,-0.068245,9.7503e-07,0.06692,0,87.6194,0.16079,0.82668,478.1928,1380.6772
52.0498,11356.859,39.6507,240.0012,9.1953,-0.0014485,0.086842,-3.326,90.0066,0.19625,4.4328,5.3548,-15.6638,-28.3787,-2.8291e-05,-1.2293,-0.084674,9.7492e-07,0.066931,0,87.7643,0.161,0.80025,478.1917,1380.6594
52.0511,11356.859,39.6507,240.0012,9.1953,-0.0014485,0.086842,-3.326,90.0066,0.19625,4.4328,5.3548,-15.6638,-28.3787,-2.8291e-05,-1.2293,-0.084674,9.7492e-07,0.066931,0,87.7643,0.161,0.80755,478.1917,1380.6594
52.0511,11356.859,39.6507,240.0012,9.1953,-0.0014485,0.086842,-3.326,90.0066,0.19625,4.4328,5.3548,-15.6638,-28.3787,-2.8291e-05,-1.2293,-0.084674,9.7492e-07,0.066931,0,87.7643,0.161,0.80755,478.1917,1380.6594
52.0581,11357.1895,39.6512,240.002,9.1953,-0.0013266,0.059126,-3.9195,90.0083,0.1553,4.4327,5.3649,-16.4378,-28.4287,-0.00010255,-1.0674,-0.097618,9.7479e-07,0.066942,0,87.8678,0.16118,0.77358,478.1905,1380.6415
52.0604,11357.1895,39.6512,240.002,9.1953,-0.0013266,0.059126,-3.9195,90.0083,0.1553,4.4327,5.3649,-16.4378,-28.4287,-0.00010255,-1.0674,-0.097618,9.7479e-07,0.066942,0,87.8678,0.16117,0.79136,478.1905,1380.6415
52.0604,11357.1895,39.6512,240.002,9.1953,-0.0013266,0.059126,-3.9195,90.0083,0.1553,4.4327,5.3649,-16.4378,-28.4287,-0.00010255,-1.0674,-0.097618,9.7479e-07,0.066942,0,87.8678,0.16117,0.79136,478.1905,1380.6415
52.0665,11357.5199,39.6517,240.0031,9.1953,-0.0012666,0.026464,-4.4367,90.0095,0.10809,4.4327,5.3823,-15.7702,-28.8156,-0.00018925,0.4188,-0.10728,9.7466e-07,0.066953,0,87.52,0.16131,0.74721,478.1893,1380.6236
52.0725,11357.5199,39.6517,240.0031,9.1953,-0.0012666,0.026464,-4.4367,90.0095,0.10809,4.4327,5.3823,-15.7702,-28.8156,-0.00018925,0.4188,-0.10728,9.7466e-07,0.066953,0,87.52,0.16129,0.79793,478.1893,1380.6236
52.0748,11357.8503,39.6519,240.0031,9.1953,-0.0012975,-0.010509,-4.245,90.0104,0.056201,4.4327,5.2083,-2.8843,-32.527,-0.0002362,1.5729,-0.11398,9.7452e-07,0.066964,0,87.1725,0.16128,0.81013,478.1881,1380.6058
52.0831,11358.1807,39.6519,240.0025,9.1953,-0.0014196,-0.045884,-3.5028,90.0109,0.0010791,4.4327,5.0435,7.1701,-35.4217,-0.00026249,1.5436,-0.11809,9.7439e-07,0.066974,0,86.8252,0.16113,0.8814,478.187,1380.5879
52.0855,11358.1807,39.6519,240.0025,9.1953,-0.0014196,-0.045884,-3.5028,90.0109,0.0010791,4.4327,5.0435,7.1701,-35.4217,-0.00026249,1.5436,-0.11809,9.7439e-07,0.066974,0,86.8252,0.16112,0.87681,478.187,1380.5879
52.0855,11358.1807,39.6519,240.0025,9.1953,-0.0014196,-0.045884,-3.5028,90.0109,0.0010791,4.4327,5.0435,7.1701,-35.4217,-0.00026249,1.5436,-0.11809,9.7439e-07,0.066974,0,86.8252,0.16112,0.87681,478.187,1380.5879
52.0915,11358.5112,39.6517,240.0013,9.1953,-0.0016183,-0.075074,-2.775,90.0109,-0.056033,4.4327,4.8873,6.6467,-35.3569,-0.00019452,1.5141,-0.11929,9.7425e-07,0.066985,0,86.709,0.16086,0.95579,478.1858,1380.57
52.0974,11358.5112,39.6517,240.0013,9.1953,-0.0016183,-0.075074,-2.775,90.0109,-0.056033,4.4327,4.8873,6.6467,-35.3569,-0.00019452,1.5141,-0.11929,9.7425e-07,0.066985,0,86.709,0.16084,0.91278,478.1858,1380.57
52.0986,11358.5112,39.6517,240.0013,9.1953,-0.0016183,-0.075074,-2.775,90.0109,-0.056033,4.4327,4.8873,6.6467,-35.3569,-0.00019452,1.5141,-0.11929,9.7425e-07,0.066985,0,86.709,0.16083,0.90685,478.1858,1380.57
52.0986,11358.5112,39.6517,240.0013,9.1953,-0.0016183,-0.075074,-2.775,90.0109,-0.056033,4.4327,4.8873,6.6467,-35.3569,-0.00019452,1.5141,-0.11929,9.7425e-07,0.066985,0,86.709,0.16083,0.90685,478.1858,1380.57
52.0998,11358.8416,39.6517,240.0006,9.1953,-0.0018311,-0.098198,-2.0612,90.0105,-0.11373,4.4327,4.9308,6.3044,-35.2954,-7.8977e-05,1.4833,-0.1104,9.7412e-07,0.066996,0,86.8536,0.16061,0.94534,478.1846,1380.5522
52.101,11358.8416,39.6517,240.0006,9.1953,-0.0018311,-0.098198,-2.0612,90.0105,-0.11373,4.4327,4.9308,6.3044,-35.2954,-7.8977e-05,1.4833,-0.1104,9.7412e-07,0.066996,0,86.8536,0.16061,0.93604,478.1846,1380.5522
52.1033,11358.8416,39.6517,240.0006,9.1953,-0.0018311,-0.098198,-2.0612,90.0105,-0.11373,4.4327,4.9308,6.3044,-35.2954,-7.8977e-05,1.4833,-0.1104,9.7412e-07,0.066996,0,86.8536,0.1606,0.92038,478.1846,1380.5522
52.1081,11359.172,39.6517,240.0002,9.1953,-0.0020086,-0.11538,-1.3615,90.0095,-0.16712,4.4327,4.9998,6.5797,-35.2316,6.5693e-05,1.4509,-0.09015,9.74e-07,0.067007,0,86.9983,0.16041,0.92649,478.1834,1380.5343
52.1165,11359.5025,39.6518,240,9.1953,-0.0021051,-0.12672,-0.67576,90.0081,-0.21072,4.4327,5.0977,7.551,-35.164,0.00017312,1.4181,-0.064701,9.7388e-07,0.067018,0,87.143,0.16031,0.90378,478.1822,1380.5165
52.1248,11359.8329,39.652,240,9.1953,-0.0021142,-0.13235,-0.0036472,90.0064,-0.24202,4.4327,5.2095,8.8438,-35.0916,0.00023905,1.3856,-0.036952,9.7377e-07,0.067029,0,87.2877,0.1603,0.87921,478.1811,1380.4986
52.1331,11360.1633,39.6522,240.0002,9.1953,-0.002041,-0.13238,0.65507,90.0043,-0.25989,4.4327,5.3279,10.282,-35.0155,0.0002496,1.3537,-0.0089146,9.7368e-07,0.067039,0,87.4325,0.16038,0.8537,478.1799,1380.4807
52.1415,11360.4938,39.6525,240.0007,9.1953,-0.0019068,-0.12692,1.3007,90.0022,-0.2642,4.4327,5.448,11.7438,-34.9355,0.0002101,1.3227,0.01773,9.736e-07,0.06705,0,87.5773,0.16054,0.82765,478.1787,1380.4629
52.1498,11360.8242,39.6529,240.0013,9.1953,-0.00174,-0.11609,1.9336,90,-0.25563,4.4327,5.5654,13.1267,-34.8525,0.00013071,1.2928,0.04186,9.7352e-07,0.067061,0,87.7221,0.16074,0.80125,478.1775,1380.445
52.1581,11361.1546,39.6533,240.0022,9.1953,-0.0015718,-0.099972,2.5541,89.9978,-0.23539,4.4327,5.6771,14.3627,-34.7674,2.8295e-05,1.2641,0.062818,9.7346e-07,0.067072,0,87.867,0.16096,0.77458,478.1764,1380.4272
52.1665,11361.4851,39.6538,240.0032,9.1953,-0.0014307,-0.078688,3.1625,89.9959,-0.20501,4.4327,5.7811,15.4115,-34.6812,-0.00012155,1.2366,0.080291,9.7341e-07,0.067083,0,87.5193,0.16117,0.74767,478.1752,1380.4093
52.1738,11361.4851,39.6538,240.0032,9.1953,-0.0014307,-0.078688,3.1625,89.9959,-0.20501,4.4327,5.7811,15.4115,-34.6812,-0.00012155,1.2366,0.080291,9.7341e-07,0.067083,0,87.5193,0.16115,0.80564,478.1752,1380.4093
52.1738,11361.4851,39.6538,240.0032,9.1953,-0.0014307,-0.078688,3.1625,89.9959,-0.20501,4.4327,5.7811,15.4115,-34.6812,-0.00012155,1.2366,0.080291,9.7341e-07,0.067083,0,87.5193,0.16115,0.80564,478.1752,1380.4093
52.1748,11361.8155,39.654,240.0032,9.1953,-0.0013607,-0.052334,3.7591,89.9942,-0.16618,4.4327,5.6778,16.2541,-34.5923,-0.00026102,1.1969,0.094243,9.7336e-07,0.067094,0,87.1717,0.16125,0.80986,478.174,1380.3914
52.1758,11361.8155,39.654,240.0032,9.1953,-0.0013607,-0.052334,3.7591,89.9942,-0.16618,4.4327,5.6778,16.2541,-34.5923,-0.00026102,1.1969,0.094243,9.7336e-07,0.067094,0,87.1717,0.16124,0.81454,478.174,1380.3914
52.1778,11361.8155,39.654,240.0032,9.1953,-0.0013607,-0.052334,3.7591,89.9942,-0.16618,4.4327,5.6778,16.2541,-34.5923,-0.00026102,1.1969,0.094243,9.7336e-07,0.067094,0,87.1717,0.16124,0.82261,478.174,1380.3914
52.1818,11361.8155,39.654,240.0032,9.1953,-0.0013607,-0.052334,3.7591,89.9942,-0.16618,4.4327,5.6778,16.2541,-34.5923,-0.00026102,1.1969,0.094243,9.7336e-07,0.067094,0,87.1717,0.16122,0.83464,478.174,1380.3914
52.1831,11362.146,39.654,240.0026,9.1953,-0.0013791,-0.021008,4.3379,89.9928,-0.1206,4.4327,5.5667,16.7646,-34.4702,-0.00036464,0.060791,0.10484,9.7332e-07,0.067105,0,86.8245,0.1612,0.88075,478.1728,1380.3736
52.1899,11362.146,39.654,240.0026,9.1953,-0.0013791,-0.021008,4.3379,89.9928,-0.1206,4.4327,5.5667,16.7646,-34.4702,-0.00036464,0.060791,0.10484,9.7332e-07,0.067105,0,86.8245,0.16117,0.87029,478.1728,1380.3736
52.1915,11362.4764,39.6538,240.0014,9.1953,-0.0014913,0.015141,4.375,89.9918,-0.069898,4.4327,5.4478,7.1131,-31.6195,-0.00032424,-1.5762,0.11236,9.7329e-07,0.067115,0,86.6904,0.16101,0.95514,478.1717,1380.3557
52.1998,11362.8069,39.6538,240.0008,9.1953,-0.0016505,0.051599,3.6311,89.9912,-0.015559,4.4327,5.5128,-7.2814,-27.5415,-0.00020301,-1.5486,0.11718,9.7326e-07,0.067126,0,86.8351,0.16082,0.94488,478.1705,1380.3379
52.2011,11362.8069,39.6538,240.0008,9.1953,-0.0016505,0.051599,3.6311,89.9912,-0.015559,4.4327,5.5128,-7.2814,-27.5415,-0.00020301,-1.5486,0.11718,9.7326e-07,0.067126,0,86.8351,0.16082,0.93473,478.1705,1380.3379
52.2011,11362.8069,39.6538,240.0008,9.1953,-0.0016505,0.051599,3.6311,89.9912,-0.015559,4.4327,5.5128,-7.2814,-27.5415,-0.00020301,-1.5486,0.11718,9.7326e-07,0.067126,0,86.8351,0.16082,0.93473,478.1705,1380.3379
52.2081,11363.1373,39.6539,240.0004,9.1953,-0.0018193,0.081858,2.9008,89.9911,0.041112,4.4327,5.5708,-6.7362,-27.628,-4.1384e-05,-1.5193,0.11963,9.7322e-07,0.067137,0,86.9797,0.16063,0.92628,478.1693,1380.32
52.2138,11363.1373,39.6539,240.0004,9.1953,-0.0018193,0.081858,2.9008,89.9911,0.041112,4.4327,5.5708,-6.7362,-27.628,-4.1384e-05,-1.5193,0.11963,9.7322e-07,0.067137,0,86.9797,0.16061,0.8977,478.1693,1380.32
52.2138,11363.1373,39.6539,240.0004,9.1953,-0.0018193,0.081858,2.9008,89.9911,0.041112,4.4327,5.5708,-6.7362,-27.628,-4.1384e-05,-1.5193,0.11963,9.7322e-07,0.067137,0,86.9797,0.16061,0.8977,478.1693,1380.32
52.2165,11363.4678,39.654,240.0002,9.1953,-0.0019619,0.10603,2.1846,89.9914,0.098968,4.4327,5.6232,-6.323,-27.7188,9.8012e-05,-1.489,0.11409,9.7317e-07,0.067148,0,87.1244,0.16048,0.90382,478.1681,1380.3021
52.2191,11363.4678,39.654,240.0002,9.1953,-0.0019619,0.10603,2.1846,89.9914,0.098968,4.4327,5.6232,-6.323,-27.7188,9.8012e-05,-1.489,0.11409,9.7317e-07,0.067148,0,87.1244,0.16047,0.89388,478.1681,1380.3021
52.2248,11363.7982,39.6541,240.0002,9.1953,-0.0020642,0.12424,1.4824,89.9922,0.15415,4.4327,5.6563,-6.3979,-27.8093,0.00020841,-1.4568,0.09545,9.7312e-07,0.067159,0,87.2691,0.16038,0.87952,478.1669,1380.2843
52.2331,11364.1287,39.6544,240.0004,9.1953,-0.0021062,0.13659,0.79422,89.9935,0.20031,4.4327,5.6576,-7.2727,-27.9016,0.0002738,-1.4241,0.070744,9.7306e-07,0.06717,0,87.4139,0.16035,0.85423,478.1658,1380.2664
52.2415,11364.4591,39.6547,240.0008,9.1952,-0.0020827,0.14321,0.11972,89.9952,0.23453,4.4327,5.6447,-8.5201,-27.991,0.0002937,-1.3915,0.043288,9.7299e-07,0.067181,0,87.5587,0.16039,0.82836,478.1646,1380.2486
52.2498,11364.7896,39.655,240.0014,9.1952,-0.0019985,0.1442,-0.54133,89.9971,0.25547,4.4327,5.6258,-9.9391,-28.0757,0.00026643,-1.3594,0.015103,9.7291e-07,0.067191,0,87.7035,0.16052,0.80207,478.1634,1380.2307
52.2581,11365.12,39.6554,240.0023,9.1952,-0.001869,0.13969,-1.1892,89.9993,0.26277,4.4327,5.606,-11.407,-28.1542,0.00019809,-1.3282,-0.011998,9.7281e-07,0.067202,0,87.8484,0.1607,0.77547,478.1622,1380.2128
52.2665,11365.4505,39.6559,240.0033,9.1952,-0.0017166,0.12978,-1.8244,90.0015,0.25697,4.4327,5.5896,-12.8137,-28.2257,5.582e-05,-1.2981,-0.036775,9.7271e-07,0.067213,0,87.5007,0.16092,0.74861,478.1611,1380.195
52.2748,11365.781,39.6561,240.0033,9.1952,-0.0015876,0.11458,-2.447,90.0036,0.23919,4.4327,5.3809,-14.0839,-28.2875,-0.00011286,-1.2691,-0.058484,9.7259e-07,0.067224,0,87.1532,0.16105,0.8108,478.1599,1380.1771
52.2831,11366.1114,39.6561,240.0027,9.1952,-0.0015115,0.094189,-3.0575,90.0056,0.2109,4.4327,5.1821,-15.1722,-28.3417,-0.00028184,-1.2414,-0.076743,9.7246e-07,0.067235,0,86.8059,0.16109,0.88133,478.1587,1380.1593
52.2882,11366.1114,39.6561,240.0027,9.1952,-0.0015115,0.094189,-3.0575,90.0056,0.2109,4.4327,5.1821,-15.1722,-28.3417,-0.00028184,-1.2414,-0.076743,9.7246e-07,0.067235,0,86.8059,0.16107,0.87266,478.1587,1380.1593
52.2882,11366.1114,39.6561,240.0027,9.1952,-0.0015115,0.094189,-3.0575,90.0056,0.2109,4.4327,5.1821,-15.1722,-28.3417,-0.00028184,-1.2414,-0.076743,9.7246e-07,0.067235,0,86.8059,0.16107,0.87266,478.1587,1380.1593
52.2915,11366.4419,39.6559,240.0015,9.1952,-0.0015095,0.06871,-3.6561,90.0074,0.17379,4.4327,4.9938,-16.0553,-28.3898,-0.00033979,-1.215,-0.091463,9.7232e-07,0.067246,0,86.7558,0.16102,0.95502,478.1575,1380.1414
52.2948,11366.4419,39.6559,240.0015,9.1952,-0.0015095,0.06871,-3.6561,90.0074,0.17379,4.4327,4.9938,-16.0553,-28.3898,-0.00033979,-1.215,-0.091463,9.7232e-07,0.067246,0,86.7558,0.161,0.92829,478.1575,1380.1414
52.2992,11366.4419,39.6559,240.0015,9.1952,-0.0015095,0.06871,-3.6561,90.0074,0.17379,4.4327,4.9938,-16.0553,-28.3898,-0.00033979,-1.215,-0.091463,9.7232e-07,0.067246,0,86.7558,0.16099,0.90377,478.1575,1380.1414
52.2992,11366.4419,39.6559,240.0015,9.1952,-0.0015095,0.06871,-3.6561,90.0074,0.17379,4.4327,4.9938,-16.0553,-28.3898,-0.00033979,-1.215,-0.091463,9.7232e-07,0.067246,0,86.7558,0.16099,0.90377,478.1575,1380.1414
52.2998,11366.7724,39.6559,240.0009,9.1952,-0.0015514,0.038242,-4.2433,90.0088,0.12956,4.4327,5.0056,-16.7277,-28.4382,-0.0003122,-0.34072,-0.10277,9.7217e-07,0.067257,0,86.9004,0.16094,0.94426,478.1564,1380.1235
52.3004,11366.7724,39.6559,240.0009,9.1952,-0.0015514,0.038242,-4.2433,90.0088,0.12956,4.4327,5.0056,-16.7277,-28.4382,-0.0003122,-0.34072,-0.10277,9.7217e-07,0.067257,0,86.9004,0.16094,0.93954,478.1564,1380.1235
52.3015,11366.7724,39.6559,240.0009,9.1952,-0.0015514,0.038242,-4.2433,90.0088,0.12956,4.4327,5.0056,-16.7277,-28.4382,-0.0003122,-0.34072,-0.10277,9.7217e-07,0.067257,0,86.9004,0.16093,0.93088,478.1564,1380.1235
52.3038,11366.7724,39.6559,240.0009,9.1952,-0.0015514,0.038242,-4.2433,90.0088,0.12956,4.4327,5.0056,-16.7277,-28.4382,-0.0003122,-0.34072,-0.10277,9.7217e-07,0.067257,0,86.9004,0.16093,0.9163,478.1564,1380.1235
52.3073,11366.7724,39.6559,240.0009,9.1952,-0.0015514,0.038242,-4.2433,90.0088,0.12956,4.4327,5.0056,-16.7277,-28.4382,-0.0003122,-0.34072,-0.10277,9.7217e-07,0.067257,0,86.9004,0.16091,0.9001,478.1564,1380.1235
52.3073,11366.7724,39.6559,240.0009,9.1952,-0.0015514,0.038242,-4.2433,90.0088,0.12956,4.4327,5.0056,-16.7277,-28.4382,-0.0003122,-0.34072,-0.10277,9.7217e-07,0.067257,0,86.9004,0.16091,0.9001,478.1564,1380.1235
52.3081,11367.1028,39.6559,240.0005,9.1952,-0.0016191,0.0028817,-4.4139,90.0099,0.079853,4.4327,5.0241,-9.4956,-30.618,-0.00019605,1.297,-0.11091,9.7202e-07,0.067267,0,87.0451,0.16085,0.92568,478.1552,1380.1057
52.309,11367.1028,39.6559,240.0005,9.1952,-0.0016191,0.0028817,-4.4139,90.0099,0.079853,4.4327,5.0241,-9.4956,-30.618,-0.00019605,1.297,-0.11091,9.7202e-07,0.067267,0,87.0451,0.16085,0.92029,478.1552,1380.1057
52.3107,11367.1028,39.6559,240.0005,9.1952,-0.0016191,0.0028817,-4.4139,90.0099,0.079853,4.4327,5.0241,-9.4956,-30.618,-0.00019605,1.297,-0.11091,9.7202e-07,0.067267,0,87.0451,0.16084,0.91081,478.1552,1380.1057
52.3142,11367.1028,39.6559,240.0005,9.1952,-0.0016191,0.0028817,-4.4139,90.0099,0.079853,4.4327,5.0241,-9.4956,-30.618,-0.00019605,1.297,-0.11091,9.7202e-07,0.067267,0,87.0451,0.16083,0.89612,478.1552,1380.1057
52.3165,11367.4333,39.6561,240.0003,9.1952,-0.0016934,-0.033901,-3.8032,90.0106,0.026216,4.4327,5.0499,4.8585,-34.7287,-6.2281e-05,1.5553,-0.1163,9.7186e-07,0.067278,0,87.1898,0.16077,0.90339,478.154,1380.0878
52.317,11367.4333,39.6561,240.0003,9.1952,-0.0016934,-0.033901,-3.8032,90.0106,0.026216,4.4327,5.0499,4.8585,-34.7287,-6.2281e-05,1.5553,-0.1163,9.7186e-07,0.067278,0,87.1898,0.16077,0.90114,478.154,1380.0878
52.317,11367.4333,39.6561,240.0003,9.1952,-0.0016934,-0.033901,-3.8032,90.0106,0.026216,4.4327,5.0499,4.8585,-34.7287,-6.2281e-05,1.5553,-0.1163,9.7186e-07,0.067278,0,87.1898,0.16077,0.90114,478.154,1380.0878
52.3248,11367.7638,39.6562,240.0003,9.1952,-0.0017724,-0.065594,-3.0696,90.0108,-0.030029,4.4327,5.0827,6.8653,-35.393,5.7136e-05,1.5261,-0.11929,9.7171e-07,0.067289,0,87.3345,0.16069,0.87934,478.1528,1380.07
52.3296,11367.7638,39.6562,240.0003,9.1952,-0.0017724,-0.065594,-3.0696,90.0108,-0.030029,4.4327,5.0827,6.8653,-35.393,5.7136e-05,1.5261,-0.11929,9.7171e-07,0.067289,0,87.3345,0.16067,0.87224,478.1528,1380.07
52.3296,11367.7638,39.6562,240.0003,9.1952,-0.0017724,-0.065594,-3.0696,90.0108,-0.030029,4.4327,5.0827,6.8653,-35.393,5.7136e-05,1.5261,-0.11929,9.7171e-07,0.067289,0,87.3345,0.16067,0.87224,478.1528,1380.07
52.3331,11368.0942,39.6565,240.0005,9.1952,-0.001849,-0.091174,-2.3502,90.0105,-0.087722,4.4327,5.1222,6.4126,-35.3357,0.00014784,1.496,-0.11566,9.7156e-07,0.0673,0,87.4792,0.16063,0.85433,478.1516,1380.0521
52.3367,11368.0942,39.6565,240.0005,9.1952,-0.001849,-0.091174,-2.3502,90.0105,-0.087722,4.4327,5.1222,6.4126,-35.3357,0.00014784,1.496,-0.11566,9.7156e-07,0.0673,0,87.4792,0.16062,0.85619,478.1516,1380.0521
52.3415,11368.4247,39.6568,240.0009,9.1952,-0.0019147,-0.11076,-1.6448,90.0098,-0.14366,4.4327,5.179,6.3669,-35.2733,0.00020736,1.4642,-0.09953,9.7142e-07,0.067311,0,87.624,0.16059,0.82872,478.1505,1380.0343
52.3498,11368.7552,39.6571,240.0015,9.1952,-0.0019529,-0.12447,-0.95342,90.0086,-0.1918,4.4327,5.2679,7.0854,-35.2031,0.00023282,1.4316,-0.07595,9.7128e-07,0.067322,0,87.7688,0.16059,0.80267,478.1493,1380.0164
52.3581,11369.0857,39.6576,240.0023,9.1952,-0.0019518,-0.13241,-0.27577,90.007,-0.22853,4.4327,5.3763,8.2624,-35.1274,0.00022564,1.3989,-0.049014,9.7115e-07,0.067333,0,87.9137,0.16065,0.77626,478.1481,1379.9985
52.3665,11369.4161,39.6581,240.0034,9.1952,-0.0019081,-0.13471,0.38836,90.0051,-0.25224,4.4327,5.494,9.6491,-35.0481,0.00014243,1.3667,-0.020927,9.7104e-07,0.067343,0,87.566,0.16076,0.74952,478.1469,1379.9807
52.3748,11369.7466,39.6582,240.0034,9.1952,-0.001849,-0.13147,1.0393,90.003,-0.26236,4.4327,5.4167,11.1115,-34.9631,1.9283e-05,1.3353,0.006442,9.7093e-07,0.067354,0,87.2185,0.16082,0.81176,478.1458,1379.9628
52.3831,11370.0771,39.6582,240.0027,9.1952,-0.001794,-0.12281,1.6773,90.0008,-0.25925,4.4327,5.3402,12.5361,-34.8751,-0.0001273,1.3049,0.031728,9.7084e-07,0.067365,0,86.8713,0.16083,0.88231,478.1446,1379.945
52.3915,11370.4076,39.658,240.0015,9.1952,-0.0017636,-0.10883,2.3028,89.9986,-0.2439,4.4327,5.2609,13.8398,-34.7856,-0.00019586,1.2757,0.054086,9.7076e-07,0.067376,0,86.8235,0.16079,0.95601,478.1434,1379.9271
52.3998,11370.7381,39.658,240.0009,9.1952,-0.0017361,-0.089644,2.9161,89.9966,-0.21775,4.4327,5.3663,14.9713,-34.7007,-0.00021707,1.2477,0.073067,9.7069e-07,0.067387,0,86.9681,0.16078,0.94504,478.1422,1379.9093
52.4021,11370.7381,39.658,240.0009,9.1952,-0.0017361,-0.089644,2.9161,89.9966,-0.21775,4.4327,5.3663,14.9713,-34.7007,-0.00021707,1.2477,0.073067,9.7069e-07,0.067387,0,86.9681,0.16077,0.92737,478.1422,1379.9093
52.4021,11370.7381,39.658,240.0009,9.1952,-0.0017361,-0.089644,2.9161,89.9966,-0.21775,4.4327,5.3663,14.9713,-34.7007,-0.00021707,1.2477,0.073067,9.7069e-07,0.067387,0,86.9681,0.16077,0.92737,478.1422,1379.9093
52.4081,11371.0685,39.658,240.0005,9.1952,-0.0017088,-0.065344,3.5175,89.9948,-0.18241,4.4327,5.4631,15.9032,-34.6188,-0.00018571,1.221,0.088523,9.7063e-07,0.067398,0,87.1127,0.16078,0.92575,478.141,1379.8914
52.4129,11371.0685,39.658,240.0005,9.1952,-0.0017088,-0.065344,3.5175,89.9948,-0.18241,4.4327,5.4631,15.9032,-34.6188,-0.00018571,1.221,0.088523,9.7063e-07,0.067398,0,87.1127,0.16077,0.9008,478.141,1379.8914
52.4129,11371.0685,39.658,240.0005,9.1952,-0.0017088,-0.065344,3.5175,89.9948,-0.18241,4.4327,5.4631,15.9032,-34.6188,-0.00018571,1.221,0.088523,9.7063e-07,0.067398,0,87.1127,0.16077,0.9008,478.141,1379.8914
52.4165,11371.399,39.6581,240.0003,9.1952,-0.0016787,-0.036032,4.1073,89.9933,-0.1396,4.4327,5.5506,16.6262,-34.5399,-0.0001398,0.73611,0.10054,9.7057e-07,0.067409,0,87.2574,0.1608,0.90281,478.1399,1379.8735
52.42,11371.399,39.6581,240.0003,9.1952,-0.0016787,-0.036032,4.1073,89.9933,-0.1396,4.4327,5.5506,16.6262,-34.5399,-0.0001398,0.73611,0.10054,9.7057e-07,0.067409,0,87.2574,0.16079,0.8903,478.1399,1379.8735
52.4214,11371.399,39.6581,240.0003,9.1952,-0.0016787,-0.036032,4.1073,89.9933,-0.1396,4.4327,5.5506,16.6262,-34.5399,-0.0001398,0.73611,0.10054,9.7057e-07,0.067409,0,87.2574,0.16079,0.88639,478.1399,1379.8735
52.4214,11371.399,39.6581,240.0003,9.1952,-0.0016787,-0.036032,4.1073,89.9933,-0.1396,4.4327,5.5506,16.6262,-34.5399,-0.0001398,0.73611,0.10054,9.7057e-07,0.067409,0,87.2574,0.16079,0.88639,478.1399,1379.8735
52.4248,11371.7295,39.6583,240.0003,9.1952,-0.0016616,-0.0018043,4.4665,89.9921,-0.090977,4.4327,5.6278,12.9751,-33.3191,-7.0736e-05,-0.90041,0.10932,9.7052e-07,0.067419,0,87.4021,0.16082,0.87873,478.1387,1379.8557
52.4282,11371.7295,39.6583,240.0003,9.1952,-0.0016616,-0.0018043,4.4665,89.9921,-0.090977,4.4327,5.6278,12.9751,-33.3191,-7.0736e-05,-0.90041,0.10932,9.7052e-07,0.067419,0,87.4021,0.16081,0.87349,478.1387,1379.8557
52.4331,11372.06,39.6585,240.0005,9.1952,-0.0016693,0.035417,4.0451,89.9914,-0.038106,4.4327,5.6968,-1.3339,-29.2375,1.5425e-05,-1.5648,0.11528,9.7047e-07,0.06743,0,87.5469,0.16083,0.85385,478.1375,1379.8378
52.4415,11372.3905,39.6588,240.0009,9.1952,-0.0017063,0.069125,3.3068,89.991,0.017648,4.4327,5.7587,-6.999,-27.5932,8.7683e-05,-1.5355,0.11876,9.7042e-07,0.067441,0,87.6916,0.16082,0.82848,478.1363,1379.82
52.4452,11372.3905,39.6588,240.0009,9.1952,-0.0017063,0.069125,3.3068,89.991,0.017648,4.4327,5.7587,-6.999,-27.5932,8.7683e-05,-1.5355,0.11876,9.7042e-07,0.067441,0,87.6916,0.16081,0.83834,478.1363,1379.82
52.4452,11372.3905,39.6588,240.0009,9.1952,-0.0017063,0.069125,3.3068,89.991,0.017648,4.4327,5.7587,-6.999,-27.5932,8.7683e-05,-1.5355,0.11876,9.7042e-07,0.067441,0,87.6916,0.16081,0.83834,478.1363,1379.82
52.4498,11372.721,39.6592,240.0015,9.1952,-0.0017685,0.096682,2.5828,89.9912,0.075086,4.4327,5.815,-6.5217,-27.6805,0.00014019,-1.5058,0.11767,9.7037e-07,0.067452,0,87.8364,0.1608,0.80272,478.1352,1379.8021
52.4544,11372.721,39.6592,240.0015,9.1952,-0.0017685,0.096682,2.5828,89.9912,0.075086,4.4327,5.815,-6.5217,-27.6805,0.00014019,-1.5058,0.11767,9.7037e-07,0.067452,0,87.8364,0.16078,0.82391,478.1352,1379.8021
52.4581,11373.0515,39.6596,240.0024,9.1952,-0.0018453,0.11821,1.8729,89.9918,0.13199,4.4327,5.8606,-6.3252,-27.7659,0.0001739,-1.4745,0.10497,9.703e-07,0.067463,0,87.9813,0.16078,0.77658,478.134,1379.7843
52.4665,11373.382,39.6601,240.0034,9.1951,-0.0019148,0.13381,1.1771,89.9929,0.18277,4.4326,5.8779,-6.8367,-27.8531,0.00014329,-1.4419,0.082949,9.7023e-07,0.067474,0,87.6336,0.16078,0.75008,478.1328,1379.7664
52.4748,11373.7125,39.6603,240.0034,9.1951,-0.0019765,0.14362,0.49501,89.9944,0.22288,4.4326,5.6742,-7.919,-27.9377,8.0662e-05,-1.4092,0.056706,9.7015e-07,0.067485,0,87.2862,0.16072,0.81249,478.1316,1379.7485
52.4831,11374.043,39.6603,240.0028,9.1951,-0.0020237,0.14775,-0.17344,89.9963,0.25031,4.4327,5.4626,-9.2619,-28.0188,-7.2615e-06,-1.3768,0.028755,9.7006e-07,0.067495,0,86.939,0.16063,0.88316,478.1305,1379.7307
52.4915,11374.3735,39.6601,240.0015,9.1951,-0.002056,0.1463,-0.82859,89.9984,0.26422,4.4327,5.2493,-10.7129,-28.0955,-3.1043e-05,-1.3451,0.0010317,9.6995e-07,0.067506,0,86.8746,0.16052,0.95692,478.1293,1379.7128
52.4998,11374.704,39.66,240.0009,9.1951,-0.0020406,0.1394,-1.4707,90.0006,0.26472,4.4327,5.2291,-12.1548,-28.1718,-3.149e-05,-1.3144,-0.024936,9.6984e-07,0.067517,0,87.0191,0.1605,0.946,478.1281,1379.695
52.5081,11375.0345,39.6601,240.0005,9.1951,-0.0019733,0.12714,-2.1002,90.0028,0.25266,4.4327,5.2135,-13.4946,-28.2444,-1.1344e-05,-1.2848,-0.048173,9.6971e-07,0.067528,0,87.1638,0.16054,0.92677,478.1269,1379.6771
52.5165,11375.365,39.6602,240.0003,9.1951,-0.0018585,0.10964,-2.7174,90.0049,0.22936,4.4327,5.2048,-14.6733,-28.3124,-1.9247e-05,-1.2565,-0.068129,9.6957e-07,0.067539,0,87.3084,0.16064,0.90377,478.1257,1379.6593
52.5248,11375.6955,39.6603,240.0003,9.1951,-0.0017288,0.086994,-3.3226,90.0068,0.19642,4.4327,5.2047,-15.6571,-28.373,-3.9868e-05,-1.2294,-0.084575,9.6941e-07,0.06755,0,87.4531,0.16077,0.87904,478.1246,1379.6414
52.526,11375.6955,39.6603,240.0003,9.1951,-0.0017288,0.086994,-3.3226,90.0068,0.19642,4.4327,5.2047,-15.6571,-28.373,-3.9868e-05,-1.2294,-0.084575,9.6941e-07,0.06755,0,87.4531,0.16077,0.87689,478.1246,1379.6414
52.526,11375.6955,39.6603,240.0003,9.1951,-0.0017288,0.086994,-3.3226,90.0068,0.19642,4.4327,5.2047,-15.6571,-28.373,-3.9868e-05,-1.2294,-0.084575,9.6941e-07,0.06755,0,87.4531,0.16077,0.87689,478.1246,1379.6414
52.5331,11376.026,39.6606,240.0005,9.1951,-0.0016123,0.059306,-3.9161,90.0084,0.15551,4.4327,5.2135,-16.4322,-28.4268,-5.9111e-05,-1.0701,-0.097537,9.6925e-07,0.067561,0,87.5979,0.1609,0.85343,478.1234,1379.6235
52.5354,11376.026,39.6606,240.0005,9.1951,-0.0016123,0.059306,-3.9161,90.0084,0.15551,4.4327,5.2135,-16.4322,-28.4268,-5.9111e-05,-1.0701,-0.097537,9.6925e-07,0.067561,0,87.5979,0.16089,0.85485,478.1234,1379.6235
52.5354,11376.026,39.6606,240.0005,9.1951,-0.0016123,0.059306,-3.9161,90.0084,0.15551,4.4327,5.2135,-16.4322,-28.4268,-5.9111e-05,-1.0701,-0.097537,9.6925e-07,0.067561,0,87.5979,0.16089,0.85485,478.1234,1379.6235
52.5415,11376.3565,39.6609,240.0009,9.1951,-0.0015314,0.026672,-4.4346,90.0097,0.10834,4.4327,5.2298,-15.7893,-28.8101,-6.4151e-05,0.40801,-0.10722,9.6908e-07,0.067571,0,87.7426,0.16101,0.82788,478.1222,1379.6057
52.5475,11376.3565,39.6609,240.0009,9.1951,-0.0015314,0.026672,-4.4346,90.0097,0.10834,4.4327,5.2298,-15.7893,-28.8101,-6.4151e-05,0.40801,-0.10722,9.6908e-07,0.067571,0,87.7426,0.16099,0.84262,478.1222,1379.6057
52.5498,11376.687,39.6612,240.0016,9.1951,-0.0015023,-0.010282,-4.248,90.0106,0.05649,4.4327,5.2536,-2.9783,-32.5057,-3.6087e-05,1.5728,-0.11393,9.6891e-07,0.067582,0,87.8874,0.16108,0.8022,478.121,1379.5878
52.5581,11377.0175,39.6617,240.0024,9.1951,-0.0015284,-0.045682,-3.5059,90.0111,0.0013905,4.4327,5.2846,7.1722,-35.4318,-1.7737e-07,1.5435,-0.11806,9.6873e-07,0.067593,0,87.9517,0.16111,0.77628,478.1199,1379.57
52.5605,11377.0175,39.6617,240.0024,9.1951,-0.0015284,-0.045682,-3.5059,90.0111,0.0013905,4.4327,5.2846,7.1722,-35.4318,-1.7737e-07,1.5435,-0.11806,9.6873e-07,0.067593,0,87.9517,0.1611,0.79359,478.1199,1379.57
52.5605,11377.0175,39.6617,240.0024,9.1951,-0.0015284,-0.045682,-3.5059,90.0111,0.0013905,4.4327,5.2846,7.1722,-35.4318,-1.7737e-07,1.5435,-0.11806,9.6873e-07,0.067593,0,87.9517,0.1611,0.79359,478.1199,1379.57
52.5665,11377.348,39.6622,240.0034,9.1951,-0.0016015,-0.074898,-2.778,90.0111,-0.055706,4.4326,5.3225,6.6481,-35.3711,-1.3606e-05,1.5141,-0.11929,9.6856e-07,0.067604,0,87.6041,0.16111,0.7501,478.1187,1379.5521
52.5725,11377.348,39.6622,240.0034,9.1951,-0.0016015,-0.074898,-2.778,90.0111,-0.055706,4.4326,5.3225,6.6481,-35.3711,-1.3606e-05,1.5141,-0.11929,9.6856e-07,0.067604,0,87.6041,0.16109,0.79925,478.1187,1379.5521
52.5736,11377.348,39.6622,240.0034,9.1951,-0.0016015,-0.074898,-2.778,90.0111,-0.055706,4.4326,5.3225,6.6481,-35.3711,-1.3606e-05,1.5141,-0.11929,9.6856e-07,0.067604,0,87.6041,0.16108,0.80562,478.1187,1379.5521
52.5736,11377.348,39.6622,240.0034,9.1951,-0.0016015,-0.074898,-2.778,90.0111,-0.055706,4.4326,5.3225,6.6481,-35.3711,-1.3606e-05,1.5141,-0.11929,9.6856e-07,0.067604,0,87.6041,0.16108,0.80562,478.1187,1379.5521
52.5748,11377.6785,39.6624,240.0034,9.1951,-0.0017277,-0.098048,-2.0643,90.0107,-0.1134,4.4326,5.1697,6.3044,-35.3054,-4.2388e-05,1.4833,-0.11047,9.6839e-07,0.067615,0,87.2566,0.16099,0.81278,478.1175,1379.5343
52.576,11377.6785,39.6624,240.0034,9.1951,-0.0017277,-0.098048,-2.0643,90.0107,-0.1134,4.4326,5.1697,6.3044,-35.3054,-4.2388e-05,1.4833,-0.11047,9.6839e-07,0.067615,0,87.2566,0.16098,0.81801,478.1175,1379.5343
52.5784,11377.6785,39.6624,240.0034,9.1951,-0.0017277,-0.098048,-2.0643,90.0107,-0.1134,4.4326,5.1697,6.3044,-35.3054,-4.2388e-05,1.4833,-0.11047,9.6839e-07,0.067615,0,87.2566,0.16097,0.82676,478.1175,1379.5343
52.5831,11378.009,39.6623,240.0028,9.1951,-0.0018876,-0.11525,-1.3646,90.0097,-0.16683,4.4326,5.0446,6.5753,-35.2336,-8.1941e-05,1.4509,-0.090257,9.6823e-07,0.067626,0,86.9095,0.16079,0.88368,478.1163,1379.5164
52.5915,11378.3396,39.6621,240.0015,9.1951,-0.0020547,-0.12662,-0.67885,90.0083,-0.21048,4.4327,4.9506,7.5446,-35.1554,-4.535e-05,1.4182,-0.064828,9.6808e-07,0.067637,0,86.8949,0.16055,0.95763,478.1151,1379.4986
52.5998,11378.6701,39.6621,240.0009,9.1951,-0.0021683,-0.13228,-0.0067315,90.0066,-0.24184,4.4327,5.0621,8.8361,-35.0789,1.9074e-05,1.3856,-0.037091,9.6794e-07,0.067647,0,87.0394,0.1604,0.94687,478.114,1379.4807
52.6081,11379.0006,39.6621,240.0005,9.1951,-0.0022003,-0.13234,0.65199,90.0045,-0.25978,4.4327,5.1797,10.2736,-35.0026,9.6626e-05,1.3537,-0.0090549,9.6781e-07,0.067658,0,87.1841,0.16034,0.92774,478.1128,1379.4629
52.6165,11379.3311,39.6622,240.0003,9.1951,-0.0021394,-0.1269,1.2976,90.0024,-0.26416,4.4327,5.2986,11.7353,-34.9262,0.00012767,1.3227,0.017596,9.6769e-07,0.067669,0,87.3287,0.16039,0.90479,478.1116,1379.445
52.6248,11379.6616,39.6624,240.0003,9.1951,-0.0020122,-0.11609,1.9305,90.0002,-0.25565,4.4327,5.4147,13.1186,-34.847,0.00011914,1.2928,0.041737,9.6758e-07,0.06768,0,87.4734,0.16051,0.88008,478.1104,1379.4271
52.6331,11379.9921,39.6626,240.0005,9.1951,-0.0018497,-0.1,2.551,89.9981,-0.23546,4.4327,5.5252,14.3552,-34.7657,7.2e-05,1.2641,0.062708,9.6748e-07,0.067691,0,87.6181,0.16069,0.85449,478.1093,1379.4093
52.6415,11380.3227,39.6629,240.0009,9.195,-0.001688,-0.078743,3.1594,89.9961,-0.20514,4.4327,5.6281,15.4048,-34.6824,4.0523e-06,1.2367,0.080197,9.6739e-07,0.067702,0,87.7629,0.16087,0.82842,478.1081,1379.3914
52.6487,11380.3227,39.6629,240.0009,9.195,-0.001688,-0.078743,3.1594,89.9961,-0.20514,4.4327,5.6281,15.4048,-34.6824,4.0523e-06,1.2367,0.080197,9.6739e-07,0.067702,0,87.7629,0.16085,0.84489,478.1081,1379.3914
52.6487,11380.3227,39.6629,240.0009,9.195,-0.001688,-0.078743,3.1594,89.9961,-0.20514,4.4327,5.6281,15.4048,-34.6824,4.0523e-06,1.2367,0.080197,9.6739e-07,0.067702,0,87.7629,0.16085,0.84489,478.1081,1379.3914
52.6498,11380.6532,39.6632,240.0015,9.195,-0.0015579,-0.052415,3.7561,89.9944,-0.16635,4.4327,5.7226,16.2484,-34.5982,-6.0276e-05,1.1979,0.094165,9.6731e-07,0.067713,0,87.9077,0.16105,0.80203,478.1069,1379.3736
52.6508,11380.6532,39.6632,240.0015,9.195,-0.0015579,-0.052415,3.7561,89.9944,-0.16635,4.4327,5.7226,16.2484,-34.5982,-6.0276e-05,1.1979,0.094165,9.6731e-07,0.067713,0,87.9077,0.16104,0.80775,478.1069,1379.3736
52.6529,11380.6532,39.6632,240.0015,9.195,-0.0015579,-0.052415,3.7561,89.9944,-0.16635,4.4327,5.7226,16.2484,-34.5982,-6.0276e-05,1.1979,0.094165,9.6731e-07,0.067713,0,87.9077,0.16103,0.81754,478.1069,1379.3736
52.6571,11380.6532,39.6632,240.0015,9.195,-0.0015579,-0.052415,3.7561,89.9944,-0.16635,4.4327,5.7226,16.2484,-34.5982,-6.0276e-05,1.1979,0.094165,9.6731e-07,0.067713,0,87.9077,0.16102,0.83195,478.1069,1379.3736
52.6581,11380.9837,39.6637,240.0023,9.195,-0.0014804,-0.021115,4.3353,89.993,-0.12081,4.4327,5.8074,16.769,-34.4832,-0.00010181,0.066968,0.10477,9.6723e-07,0.067723,0,87.9896,0.16118,0.77574,478.1057,1379.3557
52.6634,11380.9837,39.6637,240.0023,9.195,-0.0014804,-0.021115,4.3353,89.993,-0.12081,4.4327,5.8074,16.769,-34.4832,-0.00010181,0.066968,0.10477,9.6723e-07,0.067723,0,87.9896,0.16116,0.81013,478.1057,1379.3557
52.6665,11381.3143,39.6642,240.0034,9.195,-0.001467,0.015013,4.3754,89.992,-0.070142,4.4326,5.8828,7.1653,-31.6494,-0.00014296,-1.5697,0.11231,9.6716e-07,0.067734,0,87.642,0.16126,0.74957,478.1045,1379.3379
52.6748,11381.6448,39.6644,240.0034,9.195,-0.0015393,0.051474,3.6346,89.9914,-0.015825,4.4326,5.7515,-7.2246,-27.5679,-0.0001661,-1.5486,0.11715,9.6709e-07,0.067745,0,87.2946,0.16119,0.8124,478.1034,1379.32
52.6761,11381.6448,39.6644,240.0034,9.195,-0.0015393,0.051474,3.6346,89.9914,-0.015825,4.4326,5.7515,-7.2246,-27.5679,-0.0001661,-1.5486,0.11715,9.6709e-07,0.067745,0,87.2946,0.16119,0.81792,478.1034,1379.32
52.6761,11381.6448,39.6644,240.0034,9.195,-0.0015393,0.051474,3.6346,89.9914,-0.015825,4.4326,5.7515,-7.2246,-27.5679,-0.0001661,-1.5486,0.11715,9.6709e-07,0.067745,0,87.2946,0.16119,0.81792,478.1034,1379.32
52.6831,11381.9753,39.6643,240.0027,9.195,-0.0016902,0.081762,2.9042,89.9913,0.04083,4.4326,5.6157,-6.738,-27.6299,-0.0001887,-1.5193,0.11961,9.6702e-07,0.067756,0,86.9475,0.16101,0.88355,478.1022,1379.3022
52.6888,11381.9753,39.6643,240.0027,9.195,-0.0016902,0.081762,2.9042,89.9913,0.04083,4.4326,5.6157,-6.738,-27.6299,-0.0001887,-1.5193,0.11961,9.6702e-07,0.067756,0,86.9475,0.16099,0.87301,478.1022,1379.3022
52.6888,11381.9753,39.6643,240.0027,9.195,-0.0016902,0.081762,2.9042,89.9913,0.04083,4.4326,5.6157,-6.738,-27.6299,-0.0001887,-1.5193,0.11961,9.6702e-07,0.067756,0,86.9475,0.16099,0.87301,478.1022,1379.3022
52.6915,11382.3059,39.6641,240.0015,9.195,-0.0019029,0.10596,2.1881,89.9916,0.098677,4.4327,5.4763,-6.3241,-27.7102,-0.00012018,-1.4891,0.11412,9.6694e-07,0.067767,0,86.868,0.16072,0.95774,478.101,1379.2843
52.6941,11382.3059,39.6641,240.0015,9.195,-0.0019029,0.10596,2.1881,89.9916,0.098677,4.4327,5.4763,-6.3241,-27.7102,-0.00012018,-1.4891,0.11412,9.6694e-07,0.067767,0,86.868,0.16071,0.93502,478.101,1379.2843
52.6998,11382.6364,39.6641,240.0009,9.195,-0.0021094,0.1242,1.4859,89.9924,0.15387,4.4327,5.5093,-6.3962,-27.7965,-1.1367e-05,-1.4569,0.095538,9.6685e-07,0.067778,0,87.0125,0.16048,0.94722,478.0998,1379.2665
52.7081,11382.9669,39.6642,240.0004,9.195,-0.0022564,0.13658,0.79771,89.9937,0.20008,4.4327,5.51,-7.2673,-27.8886,0.00012094,-1.4241,0.070863,9.6675e-07,0.067789,0,87.1572,0.16031,0.92832,478.0987,1379.2486
52.7165,11383.2975,39.6643,240.0002,9.195,-0.0023061,0.14323,0.12321,89.9954,0.23435,4.4327,5.4959,-8.5129,-27.9815,0.00021134,-1.3915,0.043424,9.6665e-07,0.067799,0,87.3018,0.16025,0.90556,478.0975,1379.2308
52.7248,11383.628,39.6644,240.0002,9.195,-0.0022616,0.14425,-0.53784,89.9973,0.25535,4.4327,5.4758,-9.9309,-28.0699,0.00025492,-1.3595,0.015245,9.6653e-07,0.06781,0,87.4465,0.16029,0.88096,478.0963,1379.2129
52.7331,11383.9585,39.6646,240.0004,9.195,-0.0021379,0.13977,-1.1858,89.9995,0.26273,4.4327,5.4548,-11.3984,-28.1522,0.0002419,-1.3283,-0.011859,9.6639e-07,0.067821,0,87.5912,0.16042,0.85545,478.0951,1379.195
52.7415,11384.2891,39.6649,240.0008,9.195,-0.0019648,0.12989,-1.8209,90.0017,0.25699,4.4327,5.4373,-12.8053,-28.2267,0.00018161,-1.2981,-0.036644,9.6625e-07,0.067832,0,87.7359,0.16062,0.82942,478.094,1379.1772
52.7498,11384.6196,39.6652,240.0014,9.195,-0.0017759,0.11472,-2.4435,90.0038,0.23927,4.4327,5.4262,-14.076,-28.2932,8.8227e-05,-1.2692,-0.058365,9.6609e-07,0.067843,0,87.8807,0.16084,0.80305,478.0928,1379.1593
52.7581,11384.9501,39.6657,240.0023,9.195,-0.001604,0.094355,-3.054,90.0058,0.21105,4.4327,5.4233,-15.1652,-28.352,-1.8557e-05,-1.2415,-0.076641,9.6593e-07,0.067854,0,88.0255,0.16107,0.77643,478.0916,1379.1415
52.7631,11384.9501,39.6657,240.0023,9.195,-0.001604,0.094355,-3.054,90.0058,0.21105,4.4327,5.4233,-15.1652,-28.352,-1.8557e-05,-1.2415,-0.076641,9.6593e-07,0.067854,0,88.0255,0.16105,0.80891,478.0916,1379.1415
52.7631,11384.9501,39.6657,240.0023,9.195,-0.001604,0.094355,-3.054,90.0058,0.21105,4.4327,5.4233,-15.1652,-28.352,-1.8557e-05,-1.2415,-0.076641,9.6593e-07,0.067854,0,88.0255,0.16105,0.80891,478.0916,1379.1415
52.7665,11385.2807,39.6661,240.0033,9.195,-0.0014763,0.068905,-3.6527,90.0075,0.17398,4.4326,5.4291,-16.0495,-28.4041,-0.000158,-1.2151,-0.091379,9.6575e-07,0.067865,0,87.6779,0.16126,0.74961,478.0904,1379.1236
52.7698,11385.2807,39.6661,240.0033,9.195,-0.0014763,0.068905,-3.6527,90.0075,0.17398,4.4326,5.4291,-16.0495,-28.4041,-0.000158,-1.2151,-0.091379,9.6575e-07,0.067865,0,87.6779,0.16125,0.78096,478.0904,1379.1236
52.7741,11385.2807,39.6661,240.0033,9.195,-0.0014763,0.068905,-3.6527,90.0075,0.17398,4.4326,5.4291,-16.0495,-28.4041,-0.000158,-1.2151,-0.091379,9.6575e-07,0.067865,0,87.6779,0.16123,0.80818,478.0904,1379.1236
52.7741,11385.2807,39.6661,240.0033,9.195,-0.0014763,0.068905,-3.6527,90.0075,0.17398,4.4326,5.4291,-16.0495,-28.4041,-0.000158,-1.2151,-0.091379,9.6575e-07,0.067865,0,87.6779,0.16123,0.80818,478.0904,1379.1236
52.7748,11385.6112,39.6663,240.0033,9.195,-0.0014312,0.038466,-4.2399,90.009,0.12979,4.4326,5.2446,-16.7233,-28.4482,-0.00027486,-0.35073,-0.1027,9.6557e-07,0.067875,0,87.3306,0.16131,0.81193,478.0892,1379.1058
52.7755,11385.6112,39.6663,240.0033,9.195,-0.0014312,0.038466,-4.2399,90.009,0.12979,4.4326,5.2446,-16.7233,-28.4482,-0.00027486,-0.35073,-0.1027,9.6557e-07,0.067875,0,87.3306,0.16131,0.81495,478.0892,1379.1058
52.7768,11385.6112,39.6663,240.0033,9.195,-0.0014312,0.038466,-4.2399,90.009,0.12979,4.4326,5.2446,-16.7233,-28.4482,-0.00027486,-0.35073,-0.1027,9.6557e-07,0.067875,0,87.3306,0.1613,0.82043,478.0892,1379.1058
52.7794,11385.6112,39.6663,240.0033,9.195,-0.0014312,0.038466,-4.2399,90.009,0.12979,4.4326,5.2446,-16.7233,-28.4482,-0.00027486,-0.35073,-0.1027,9.6557e-07,0.067875,0,87.3306,0.16129,0.82942,478.0892,1379.1058
52.7822,11385.6112,39.6663,240.0033,9.195,-0.0014312,0.038466,-4.2399,90.009,0.12979,4.4326,5.2446,-16.7233,-28.4482,-0.00027486,-0.35073,-0.1027,9.6557e-07,0.067875,0,87.3306,0.16128,0.83652,478.0892,1379.1058
52.7822,11385.6112,39.6663,240.0033,9.195,-0.0014312,0.038466,-4.2399,90.009,0.12979,4.4326,5.2446,-16.7233,-28.4482,-0.00027486,-0.35073,-0.1027,9.6557e-07,0.067875,0,87.3306,0.16128,0.83652,478.0892,1379.1058
52.7831,11385.9418,39.6663,240.0027,9.195,-0.0014807,0.0031336,-4.4153,90.0101,0.080119,4.4326,5.0692,-9.5823,-30.5949,-0.00034323,1.2866,-0.11085,9.6538e-07,0.067886,0,86.9834,0.16123,0.88305,478.0881,1379.0879
52.7841,11385.9418,39.6663,240.0027,9.195,-0.0014807,0.0031336,-4.4153,90.0101,0.080119,4.4326,5.0692,-9.5823,-30.5949,-0.00034323,1.2866,-0.11085,9.6538e-07,0.067886,0,86.9834,0.16123,0.88093,478.0881,1379.0879
52.7859,11385.9418,39.6663,240.0027,9.195,-0.0014807,0.0031336,-4.4153,90.0101,0.080119,4.4326,5.0692,-9.5823,-30.5949,-0.00034323,1.2866,-0.11085,9.6538e-07,0.067886,0,86.9834,0.16122,0.87724,478.0881,1379.0879
52.7897,11385.9418,39.6663,240.0027,9.195,-0.0014807,0.0031336,-4.4153,90.0101,0.080119,4.4326,5.0692,-9.5823,-30.5949,-0.00034323,1.2866,-0.11085,9.6538e-07,0.067886,0,86.9834,0.1612,0.87163,478.0881,1379.0879
52.7915,11386.2723,39.6661,240.0014,9.195,-0.0016249,-0.03366,-3.8096,90.0107,0.026508,4.4327,4.9032,4.7675,-34.6939,-0.00028046,1.5554,-0.11626,9.6519e-07,0.067897,0,86.8352,0.16101,0.95738,478.0869,1379.0701
52.792,11386.2723,39.6661,240.0014,9.195,-0.0016249,-0.03366,-3.8096,90.0107,0.026508,4.4327,4.9032,4.7675,-34.6939,-0.00028046,1.5554,-0.11626,9.6519e-07,0.067897,0,86.8352,0.16101,0.95247,478.0869,1379.0701
52.792,11386.2723,39.6661,240.0014,9.195,-0.0016249,-0.03366,-3.8096,90.0107,0.026508,4.4327,4.9032,4.7675,-34.6939,-0.00028046,1.5554,-0.11626,9.6519e-07,0.067897,0,86.8352,0.16101,0.95247,478.0869,1379.0701
52.7998,11386.6029,39.6661,240.0008,9.195,-0.0018077,-0.065407,-3.0759,90.011,-0.029718,4.4327,4.9358,6.8685,-35.3803,-0.00016268,1.5261,-0.11926,9.65e-07,0.067908,0,86.9798,0.1608,0.94711,478.0857,1379.0522
52.8045,11386.6029,39.6661,240.0008,9.195,-0.0018077,-0.065407,-3.0759,90.011,-0.029718,4.4327,4.9358,6.8685,-35.3803,-0.00016268,1.5261,-0.11926,9.65e-07,0.067908,0,86.9798,0.16078,0.91431,478.0857,1379.0522
52.8045,11386.6029,39.6661,240.0008,9.195,-0.0018077,-0.065407,-3.0759,90.011,-0.029718,4.4327,4.9358,6.8685,-35.3803,-0.00016268,1.5261,-0.11926,9.65e-07,0.067908,0,86.9798,0.16078,0.91431,478.0857,1379.0522
52.8081,11386.9334,39.6661,240.0003,9.195,-0.001989,-0.091039,-2.3564,90.0107,-0.087397,4.4327,4.9745,6.4151,-35.3228,-5.1259e-06,1.4961,-0.11569,9.6481e-07,0.067919,0,87.1244,0.16059,0.92845,478.0845,1379.0344
52.8117,11386.9334,39.6661,240.0003,9.195,-0.001989,-0.091039,-2.3564,90.0107,-0.087397,4.4327,4.9745,6.4151,-35.3228,-5.1259e-06,1.4961,-0.11569,9.6481e-07,0.067919,0,87.1244,0.16058,0.9079,478.0845,1379.0344
52.8165,11387.264,39.6662,240.0001,9.195,-0.0021277,-0.11068,-1.651,90.01,-0.14335,4.4327,5.0299,6.3655,-35.264,0.00012486,1.4643,-0.099658,9.6463e-07,0.06793,0,87.269,0.16044,0.90596,478.0834,1379.0165
52.8248,11387.5945,39.6664,240.0001,9.195,-0.0022054,-0.12443,-0.95956,90.0088,-0.19155,4.4327,5.1173,7.0785,-35.1977,0.00022113,1.4317,-0.076122,9.6446e-07,0.067941,0,87.4137,0.16036,0.88162,478.0822,1378.9987
52.8331,11387.9251,39.6666,240.0003,9.195,-0.0022102,-0.13243,-0.28188,90.0072,-0.22837,4.4326,5.2244,8.2528,-35.1258,0.00026929,1.399,-0.049208,9.6429e-07,0.067951,0,87.5584,0.16037,0.85629,478.081,1378.9808
52.8415,11388.2557,39.6669,240.0007,9.1949,-0.0021461,-0.13478,0.38231,90.0053,-0.25217,4.4326,5.3409,9.6381,-35.0493,0.00026814,1.3668,-0.02113,9.6414e-07,0.067962,0,87.7032,0.16046,0.83039,478.0798,1378.963
52.8498,11388.5862,39.6672,240.0013,9.1949,-0.0020274,-0.13159,1.0333,90.0032,-0.26239,4.4326,5.4612,11.1,-34.9691,0.00022041,1.3354,0.0062437,9.64e-07,0.067973,0,87.8479,0.16061,0.8041,478.0786,1378.9451
52.8581,11388.9168,39.6676,240.0021,9.1949,-0.0018769,-0.12298,1.6714,90.001,-0.25937,4.4326,5.5805,12.525,-34.8858,0.00013618,1.305,0.031543,9.6387e-07,0.067984,0,87.9927,0.16081,0.77752,478.0775,1378.9273
52.8665,11389.2473,39.6681,240.0032,9.1949,-0.0017209,-0.10905,2.2969,89.9988,-0.24412,4.4326,5.6953,13.8297,-34.8005,-1.3623e-05,1.2759,0.053924,9.6375e-07,0.067995,0,87.6451,0.16103,0.75068,478.0763,1378.9094
52.8748,11389.5779,39.6683,240.0032,9.1949,-0.0016065,-0.089914,2.9103,89.9968,-0.21804,4.4326,5.6047,14.9628,-34.7113,-0.00017912,1.2479,0.072929,9.6364e-07,0.068006,0,87.2978,0.16115,0.81278,478.0751,1378.8916
52.877,11389.5779,39.6683,240.0032,9.1949,-0.0016065,-0.089914,2.9103,89.9968,-0.21804,4.4326,5.6047,14.9628,-34.7113,-0.00017912,1.2479,0.072929,9.6364e-07,0.068006,0,87.2978,0.16114,0.82208,478.0751,1378.8916
52.877,11389.5779,39.6683,240.0032,9.1949,-0.0016065,-0.089914,2.9103,89.9968,-0.21804,4.4326,5.6047,14.9628,-34.7113,-0.00017912,1.2479,0.072929,9.6364e-07,0.068006,0,87.2978,0.16114,0.82208,478.0751,1378.8916
52.8831,11389.9085,39.6683,240.0025,9.1949,-0.001561,-0.065662,3.5117,89.995,-0.18277,4.4326,5.5077,15.8962,-34.6212,-0.00033217,1.2212,0.088409,9.6355e-07,0.068017,0,86.9507,0.16116,0.88322,478.0739,1378.8737
52.8878,11389.9085,39.6683,240.0025,9.1949,-0.001561,-0.065662,3.5117,89.995,-0.18277,4.4326,5.5077,15.8962,-34.6212,-0.00033217,1.2212,0.088409,9.6355e-07,0.068017,0,86.9507,0.16114,0.87423,478.0739,1378.8737
52.8878,11389.9085,39.6683,240.0025,9.1949,-0.001561,-0.065662,3.5117,89.995,-0.18277,4.4326,5.5077,15.8962,-34.6212,-0.00033217,1.2212,0.088409,9.6355e-07,0.068017,0,86.9507,0.16114,0.87423,478.0739,1378.8737
52.8915,11390.239,39.6681,240.0013,9.1949,-0.0016007,-0.036397,4.1016,89.9935,-0.14001,4.4327,5.4035,16.6207,-34.5319,-0.00035741,0.74896,0.10044,9.6345e-07,0.068027,0,86.8945,0.16105,0.95687,478.0728,1378.8559
52.8951,11390.239,39.6681,240.0013,9.1949,-0.0016007,-0.036397,4.1016,89.9935,-0.14001,4.4327,5.4035,16.6207,-34.5319,-0.00035741,0.74896,0.10044,9.6345e-07,0.068027,0,86.8945,0.16103,0.92747,478.0728,1378.8559
52.8963,11390.239,39.6681,240.0013,9.1949,-0.0016007,-0.036397,4.1016,89.9935,-0.14001,4.4327,5.4035,16.6207,-34.5319,-0.00035741,0.74896,0.10044,9.6345e-07,0.068027,0,86.8945,0.16103,0.91962,478.0728,1378.8559
52.8963,11390.239,39.6681,240.0013,9.1949,-0.0016007,-0.036397,4.1016,89.9935,-0.14001,4.4327,5.4035,16.6207,-34.5319,-0.00035741,0.74896,0.10044,9.6345e-07,0.068027,0,86.8945,0.16103,0.91962,478.0728,1378.8559
52.8998,11390.5696,39.668,240.0007,9.1949,-0.001687,-0.0022175,4.467,89.9923,-0.091437,4.4327,5.4806,13.086,-33.3384,-0.0002905,-0.88722,0.10925,9.6337e-07,0.068038,0,87.0391,0.16093,0.94657,478.0716,1378.838
52.9033,11390.5696,39.668,240.0007,9.1949,-0.001687,-0.0022175,4.467,89.9923,-0.091437,4.4327,5.4806,13.086,-33.3384,-0.0002905,-0.88722,0.10925,9.6337e-07,0.068038,0,87.0391,0.16091,0.92118,478.0716,1378.838
52.9081,11390.9002,39.6681,240.0002,9.1949,-0.0017989,0.035007,4.0518,89.9915,-0.0386,4.4327,5.5488,-1.2184,-29.2573,-0.00013778,-1.5649,0.11523,9.6328e-07,0.068049,0,87.1837,0.16079,0.92805,478.0704,1378.8202
52.9165,11391.2307,39.6682,240,9.1949,-0.0019083,0.068772,3.3135,89.9912,0.017128,4.4327,5.6096,-7.0028,-27.5834,4.8129e-06,-1.5356,0.11873,9.6319e-07,0.06806,0,87.3283,0.16067,0.90579,478.0692,1378.8023
52.9201,11391.2307,39.6682,240,9.1949,-0.0019083,0.068772,3.3135,89.9912,0.017128,4.4327,5.6096,-7.0028,-27.5834,4.8129e-06,-1.5356,0.11873,9.6319e-07,0.06806,0,87.3283,0.16066,0.89189,478.0692,1378.8023
52.9201,11391.2307,39.6682,240,9.1949,-0.0019083,0.068772,3.3135,89.9912,0.017128,4.4327,5.6096,-7.0028,-27.5834,4.8129e-06,-1.5356,0.11873,9.6319e-07,0.06806,0,87.3283,0.16066,0.89189,478.0692,1378.8023
52.9248,11391.5613,39.6683,240,9.1949,-0.0020095,0.096385,2.5895,89.9914,0.07455,4.4327,5.6647,-6.5245,-27.6744,0.000128,-1.5059,0.11772,9.631e-07,0.068071,0,87.473,0.16057,0.8817,478.068,1378.7845
52.9295,11391.5613,39.6683,240,9.1949,-0.0020095,0.096385,2.5895,89.9914,0.07455,4.4327,5.6647,-6.5245,-27.6744,0.000128,-1.5059,0.11772,9.631e-07,0.068071,0,87.473,0.16055,0.87383,478.068,1378.7845
52.9331,11391.8919,39.6686,240.0002,9.1949,-0.0020918,0.11796,1.8796,89.992,0.13148,4.4326,5.7092,-6.323,-27.7636,0.00021695,-1.4746,0.10514,9.63e-07,0.068082,0,87.6177,0.1605,0.85665,478.0669,1378.7666
52.9415,11392.2224,39.6688,240.0006,9.1949,-0.0021408,0.13363,1.1836,89.9931,0.18233,4.4326,5.7258,-6.8275,-27.8536,0.00026832,-1.442,0.083171,9.629e-07,0.068093,0,87.7624,0.16048,0.831,478.0657,1378.7488
52.9498,11392.553,39.6692,240.0012,9.1949,-0.0021431,0.14349,0.50154,89.9946,0.22256,4.4326,5.7197,-7.9064,-27.9429,0.00028111,-1.4093,0.056958,9.6278e-07,0.068103,0,87.9072,0.16051,0.80491,478.0645,1378.7309
52.9581,11392.8836,39.6696,240.002,9.1949,-0.002095,0.14767,-0.16696,89.9965,0.25011,4.4326,5.704,-9.2476,-28.0287,0.00025564,-1.377,0.029017,9.6265e-07,0.068114,0,88.0519,0.16061,0.77847,478.0633,1378.7131
52.9665,11393.2142,39.6701,240.003,9.1949,-0.0020023,0.14628,-0.82217,89.9985,0.26414,4.4326,5.6848,-10.6982,-28.1094,0.00015086,-1.3453,0.0012853,9.6251e-07,0.068125,0,87.7044,0.16077,0.75173,478.0622,1378.6952
52.9748,11393.5448,39.6702,240.003,9.1949,-0.0019006,0.13943,-1.4644,90.0007,0.26477,4.4326,5.4685,-12.1408,-28.1813,6.468e-06,-1.3146,-0.024703,9.6236e-07,0.068136,0,87.3571,0.16087,0.81386,478.061,1378.6774
52.9831,11393.8753,39.6702,240.0024,9.1949,-0.0018157,0.12722,-2.094,90.0029,0.25282,4.4326,5.259,-13.482,-28.2458,-0.00015732,-1.285,-0.047967,9.6219e-07,0.068147,0,87.01,0.16092,0.88429,478.0598,1378.6595
52.9915,11394.2059,39.67,240.0011,9.1949,-0.0017709,0.10977,-2.7112,90.0051,0.22962,4.4326,5.0586,-14.6623,-28.3034,-0.00023601,-1.2567,-0.06795,9.6201e-07,0.068158,0,86.97,0.16089,0.95788,478.0586,1378.6417
52.9998,11394.5365,39.6699,240.0005,9.1949,-0.0017448,0.087181,-3.3165,90.007,0.19676,4.4327,5.0582,-15.6478,-28.3599,-0.00025836,-1.2296,-0.084426,9.6182e-07,0.068169,0,87.1146,0.16087,0.94694,478.0574,1378.6238
53.0009,11394.5365,39.6699,240.0005,9.1949,-0.0017448,0.087181,-3.3165,90.007,0.19676,4.4327,5.0582,-15.6478,-28.3599,-0.00025836,-1.2296,-0.084426,9.6182e-07,0.068169,0,87.1146,0.16087,0.93772,478.0574,1378.6238
53.0009,11394.5365,39.6699,240.0005,9.1949,-0.0017448,0.087181,-3.3165,90.007,0.19676,4.4327,5.0582,-15.6478,-28.3599,-0.00025836,-1.2296,-0.084426,9.6182e-07,0.068169,0,87.1146,0.16087,0.93772,478.0574,1378.6238
53.0081,11394.8671,39.67,240.0001,9.1949,-0.0017326,0.059544,-3.9101,90.0086,0.15593,4.4327,5.0661,-16.4246,-28.4135,-0.00021116,-1.074,-0.097417,9.6162e-07,0.068179,0,87.2591,0.16086,0.92771,478.0563,1378.606
53.0103,11394.8671,39.67,240.0001,9.1949,-0.0017326,0.059544,-3.9101,90.0086,0.15593,4.4327,5.0661,-16.4246,-28.4135,-0.00021116,-1.074,-0.097417,9.6162e-07,0.068179,0,87.2591,0.16086,0.91463,478.0563,1378.606
53.0103,11394.8671,39.67,240.0001,9.1949,-0.0017326,0.059544,-3.9101,90.0086,0.15593,4.4327,5.0661,-16.4246,-28.4135,-0.00021116,-1.074,-0.097417,9.6162e-07,0.068179,0,87.2591,0.16086,0.91463,478.0563,1378.606
53.0165,11395.1977,39.6701,239.9998,9.1948,-0.001724,0.02696,-4.4304,90.0099,0.10882,4.4327,5.0811,-15.8175,-28.7909,-0.00014625,0.39082,-0.10713,9.6142e-07,0.06819,0,87.4038,0.16086,0.90525,478.0551,1378.5881
53.0226,11395.1977,39.6701,239.9998,9.1948,-0.001724,0.02696,-4.4304,90.0099,0.10882,4.4327,5.0811,-15.8175,-28.7909,-0.00014625,0.39082,-0.10713,9.6142e-07,0.06819,0,87.4038,0.16084,0.88472,478.0551,1378.5881
53.0248,11395.5283,39.6702,239.9998,9.1948,-0.0017335,-0.0099599,-4.2521,90.0108,0.05701,4.4327,5.1036,-3.1285,-32.457,-4.7953e-05,1.5727,-0.11387,9.6121e-07,0.068201,0,87.5484,0.16085,0.88127,478.0539,1378.5703
53.0331,11395.8588,39.6705,240,9.1948,-0.0017647,-0.045394,-3.5099,90.0113,0.0019416,4.4327,5.1334,7.1758,-35.4296,4.305e-05,1.5434,-0.11801,9.61e-07,0.068212,0,87.6931,0.16083,0.85644,478.0527,1378.5524
53.0354,11395.8588,39.6705,240,9.1948,-0.0017647,-0.045394,-3.5099,90.0113,0.0019416,4.4327,5.1334,7.1758,-35.4296,4.305e-05,1.5434,-0.11801,9.61e-07,0.068212,0,87.6931,0.16083,0.85728,478.0527,1378.5524
53.0354,11395.8588,39.6705,240,9.1948,-0.0017647,-0.045394,-3.5099,90.0113,0.0019416,4.4327,5.1334,7.1758,-35.4296,4.305e-05,1.5434,-0.11801,9.61e-07,0.068212,0,87.6931,0.16083,0.85728,478.0527,1378.5524
53.0415,11396.1894,39.6707,240.0004,9.1948,-0.0018166,-0.074643,-2.7821,90.0113,-0.055134,4.4326,5.1701,6.6504,-35.3719,0.00011139,1.5141,-0.11928,9.6079e-07,0.068223,0,87.8378,0.16081,0.83107,478.0516,1378.5346
53.0475,11396.1894,39.6707,240.0004,9.1948,-0.0018166,-0.074643,-2.7821,90.0113,-0.055134,4.4326,5.1701,6.6504,-35.3719,0.00011139,1.5141,-0.11928,9.6079e-07,0.068223,0,87.8378,0.16079,0.84436,478.0516,1378.5346
53.0485,11396.1894,39.6707,240.0004,9.1948,-0.0018166,-0.074643,-2.7821,90.0113,-0.055134,4.4326,5.1701,6.6504,-35.3719,0.00011139,1.5141,-0.11928,9.6079e-07,0.068223,0,87.8378,0.16078,0.84591,478.0516,1378.5346
53.0485,11396.1894,39.6707,240.0004,9.1948,-0.0018166,-0.074643,-2.7821,90.0113,-0.055134,4.4326,5.1701,6.6504,-35.3719,0.00011139,1.5141,-0.11928,9.6079e-07,0.068223,0,87.8378,0.16078,0.84591,478.0516,1378.5346
53.0498,11396.52,39.6711,240.001,9.1948,-0.0018826,-0.097827,-2.0684,90.0108,-0.11282,4.4326,5.2148,6.3044,-35.3109,0.0001578,1.4833,-0.11059,9.6059e-07,0.068234,0,87.9826,0.16078,0.80527,478.0504,1378.5167
53.0511,11396.52,39.6711,240.001,9.1948,-0.0018826,-0.097827,-2.0684,90.0108,-0.11282,4.4326,5.2148,6.3044,-35.3109,0.0001578,1.4833,-0.11059,9.6059e-07,0.068234,0,87.9826,0.16078,0.81178,478.0504,1378.5167
53.0536,11396.52,39.6711,240.001,9.1948,-0.0018826,-0.097827,-2.0684,90.0108,-0.11282,4.4326,5.2148,6.3044,-35.3109,0.0001578,1.4833,-0.11059,9.6059e-07,0.068234,0,87.9826,0.16077,0.82256,478.0504,1378.5167
53.0581,11396.8506,39.6715,240.0018,9.1948,-0.0019468,-0.11506,-1.3687,90.0099,-0.16631,4.4326,5.2851,6.5682,-35.2438,0.0001805,1.451,-0.090433,9.6039e-07,0.068245,0,88.1273,0.16077,0.77911,478.0492,1378.4989
53.0665,11397.1812,39.672,240.0028,9.1948,-0.0019886,-0.12647,-0.68293,90.0085,-0.21005,4.4326,5.3849,7.534,-35.1698,0.00013593,1.4183,-0.065034,9.602e-07,0.068255,0,87.7798,0.1608,0.75258,478.048,1378.481
53.0748,11397.5118,39.6722,240.0028,9.1948,-0.002016,-0.13216,-0.010796,90.0068,-0.2415,4.4326,5.3002,8.8239,-35.0891,5.6371e-05,1.3857,-0.037309,9.6002e-07,0.068266,0,87.4325,0.16077,0.81484,478.0468,1378.4632
53.0831,11397.8424,39.6721,240.0022,9.1948,-0.0020305,-0.13225,0.64796,90.0048,-0.25955,4.4326,5.2241,10.2609,-35.0046,-4.992e-05,1.3538,-0.0092705,9.5985e-07,0.068277,0,87.0854,0.16072,0.88536,478.0457,1378.4453
53.0915,11398.173,39.6719,240.0009,9.1948,-0.00204,-0.12685,1.2936,90.0026,-0.26403,4.4326,5.1513,11.7227,-34.9178,-8.9479e-05,1.3228,0.017391,9.597e-07,0.068288,0,87.039,0.16063,0.95898,478.0445,1378.4275
53.0998,11398.5036,39.6719,240.0003,9.1948,-0.0020169,-0.11607,1.9265,90.0004,-0.25562,4.4326,5.2672,13.1066,-34.8344,-9.9479e-05,1.2929,0.04155,9.5955e-07,0.068299,0,87.1836,0.16062,0.94806,478.0433,1378.4096
53.1081,11398.8342,39.6719,239.9998,9.1948,-0.0019591,-0.10002,2.5471,89.9983,-0.23553,4.4326,5.377,14.3443,-34.7529,-7.9742e-05,1.2642,0.062542,9.5941e-07,0.06831,0,87.3281,0.16065,0.92885,478.0421,1378.3918
53.1165,11399.1648,39.672,239.9996,9.1948,-0.0018699,-0.078792,3.1555,89.9963,-0.20528,4.4327,5.4788,15.3952,-34.6732,-7.7365e-05,1.2367,0.080056,9.5929e-07,0.068321,0,87.4727,0.16072,0.90589,478.041,1378.3739
53.1237,11399.1648,39.672,239.9996,9.1948,-0.0018699,-0.078792,3.1555,89.9963,-0.20528,4.4327,5.4788,15.3952,-34.6732,-7.7365e-05,1.2367,0.080056,9.5929e-07,0.068321,0,87.4727,0.1607,0.88264,478.041,1378.3739
53.1237,11399.1648,39.672,239.9996,9.1948,-0.0018699,-0.078792,3.1555,89.9963,-0.20528,4.4327,5.4788,15.3952,-34.6732,-7.7365e-05,1.2367,0.080056,9.5929e-07,0.068321,0,87.4727,0.1607,0.88264,478.041,1378.3739
53.1248,11399.4954,39.6721,239.9996,9.1948,-0.0017788,-0.052496,3.7522,89.9946,-0.16657,4.4327,5.5721,16.2403,-34.5928,-7.1222e-05,1.1998,0.094049,9.5917e-07,0.068331,0,87.6174,0.16081,0.88118,478.0398,1378.3561
53.1259,11399.4954,39.6721,239.9996,9.1948,-0.0017788,-0.052496,3.7522,89.9946,-0.16657,4.4327,5.5721,16.2403,-34.5928,-7.1222e-05,1.1998,0.094049,9.5917e-07,0.068331,0,87.6174,0.16081,0.87906,478.0398,1378.3561
53.1281,11399.4954,39.6721,239.9996,9.1948,-0.0017788,-0.052496,3.7522,89.9946,-0.16657,4.4327,5.5721,16.2403,-34.5928,-7.1222e-05,1.1998,0.094049,9.5917e-07,0.068331,0,87.6174,0.1608,0.87545,478.0398,1378.3561
53.1325,11399.4954,39.6721,239.9996,9.1948,-0.0017788,-0.052496,3.7522,89.9946,-0.16657,4.4327,5.5721,16.2403,-34.5928,-7.1222e-05,1.1998,0.094049,9.5917e-07,0.068331,0,87.6174,0.16078,0.87022,478.0398,1378.3561
53.1331,11399.826,39.6723,239.9998,9.1948,-0.0017065,-0.021228,4.3323,89.9932,-0.12108,4.4327,5.6557,16.779,-34.4861,-5.7842e-05,0.076178,0.10468,9.5906e-07,0.068342,0,87.7621,0.1609,0.85596,478.0386,1378.3382
53.1364,11399.826,39.6723,239.9998,9.1948,-0.0017065,-0.021228,4.3323,89.9932,-0.12108,4.4327,5.6557,16.779,-34.4861,-5.7842e-05,0.076178,0.10468,9.5906e-07,0.068342,0,87.7621,0.16089,0.85726,478.0386,1378.3382
53.1415,11400.1566,39.6726,240.0002,9.1948,-0.0016718,0.014874,4.3767,89.9922,-0.070456,4.4326,5.73,7.2432,-31.6733,-1.748e-05,-1.56,0.11224,9.5895e-07,0.068353,0,87.9068,0.16096,0.83062,478.0374,1378.3204
53.1498,11400.4872,39.673,240.0008,9.1948,-0.0016838,0.051347,3.6406,89.9916,-0.016174,4.4326,5.7964,-7.1411,-27.5977,3.447e-05,-1.5486,0.1171,9.5884e-07,0.068364,0,88.0515,0.16099,0.805,478.0363,1378.3025
53.151,11400.4872,39.673,240.0008,9.1948,-0.0016838,0.051347,3.6406,89.9916,-0.016174,4.4326,5.7964,-7.1411,-27.5977,3.447e-05,-1.5486,0.1171,9.5884e-07,0.068364,0,88.0515,0.16098,0.81142,478.0363,1378.3025
53.151,11400.4872,39.673,240.0008,9.1948,-0.0016838,0.051347,3.6406,89.9916,-0.016174,4.4326,5.7964,-7.1411,-27.5977,3.447e-05,-1.5486,0.1171,9.5884e-07,0.068364,0,88.0515,0.16098,0.81142,478.0363,1378.3025
53.1581,11400.8178,39.6734,240.0016,9.1948,-0.0017386,0.081685,2.9102,89.9915,0.040458,4.4326,5.8563,-6.7412,-27.64,7.4055e-05,-1.5194,0.11959,9.5873e-07,0.068375,0,88.1436,0.16099,0.77909,478.0351,1378.2847
53.1638,11400.8178,39.6734,240.0016,9.1948,-0.0017386,0.081685,2.9102,89.9915,0.040458,4.4326,5.8563,-6.7412,-27.64,7.4055e-05,-1.5194,0.11959,9.5873e-07,0.068375,0,88.1436,0.16097,0.81395,478.0351,1378.2847
53.1638,11400.8178,39.6734,240.0016,9.1948,-0.0017386,0.081685,2.9102,89.9915,0.040458,4.4326,5.8563,-6.7412,-27.64,7.4055e-05,-1.5194,0.11959,9.5873e-07,0.068375,0,88.1436,0.16097,0.81395,478.0351,1378.2847
53.1665,11401.1484,39.6739,240.0026,9.1948,-0.0018258,0.10594,2.194,89.9918,0.098296,4.4326,5.9109,-6.3258,-27.7242,6.1351e-05,-1.4892,0.11417,9.5862e-07,0.068386,0,87.7961,0.16097,0.75285,478.0339,1378.2669
53.1691,11401.1484,39.6739,240.0026,9.1948,-0.0018258,0.10594,2.194,89.9918,0.098296,4.4326,5.9109,-6.3258,-27.7242,6.1351e-05,-1.4892,0.11417,9.5862e-07,0.068386,0,87.7961,0.16096,0.7778,478.0339,1378.2669
53.1748,11401.479,39.674,240.0026,9.1948,-0.0019456,0.12422,1.4918,89.9926,0.15351,4.4326,5.7481,-6.394,-27.8062,2.6131e-05,-1.457,0.095678,9.5849e-07,0.068397,0,87.4488,0.16085,0.81536,478.0327,1378.249
53.1831,11401.8097,39.674,240.002,9.1948,-0.002075,0.13665,0.80358,89.9939,0.19979,4.4326,5.5552,-7.2598,-27.89,-2.5444e-05,-1.4243,0.071045,9.5836e-07,0.068407,0,87.1018,0.16068,0.88606,478.0315,1378.2312
53.1915,11402.1403,39.6738,240.0007,9.1947,-0.002195,0.14335,0.12902,89.9956,0.23415,4.4326,5.3496,-8.5029,-27.9724,-5.682e-06,-1.3917,0.043627,9.5821e-07,0.068418,0,87.0751,0.16049,0.95983,478.0304,1378.2133
53.1998,11402.4709,39.6737,240,9.1947,-0.0022546,0.14442,-0.53209,89.9975,0.25525,4.4326,5.3294,-9.9195,-28.0567,3.6455e-05,-1.3596,0.015456,9.5806e-07,0.068429,0,87.2196,0.16039,0.94902,478.0292,1378.1955
53.2081,11402.8015,39.6738,239.9996,9.1947,-0.0022357,0.13999,-1.1801,89.9997,0.26273,4.4326,5.3076,-11.3866,-28.1388,9.0365e-05,-1.3284,-0.011652,9.5789e-07,0.06844,0,87.3642,0.16038,0.92988,478.028,1378.1776
53.2165,11403.1321,39.6738,239.9994,9.1947,-0.0021354,0.13016,-1.8152,90.0018,0.25709,4.4326,5.2889,-12.7937,-28.2169,0.00010049,-1.2983,-0.036452,9.5771e-07,0.068451,0,87.5088,0.16046,0.90696,478.0268,1378.1598
53.2248,11403.4627,39.674,239.9994,9.1947,-0.0019855,0.11503,-2.4379,90.004,0.23947,4.4326,5.2765,-14.0653,-28.2872,7.7736e-05,-1.2693,-0.058193,9.5752e-07,0.068462,0,87.6534,0.16061,0.88229,478.0257,1378.1419
53.2331,11403.7933,39.6742,239.9995,9.1947,-0.0018186,0.094714,-3.0485,90.006,0.21132,4.4326,5.2723,-15.1557,-28.3498,2.5965e-05,-1.2416,-0.076492,9.5731e-07,0.068473,0,87.7981,0.16079,0.85675,478.0245,1378.1241
53.238,11403.7933,39.6742,239.9995,9.1947,-0.0018186,0.094714,-3.0485,90.006,0.21132,4.4326,5.2723,-15.1557,-28.3498,2.5965e-05,-1.2416,-0.076492,9.5731e-07,0.068473,0,87.7981,0.16077,0.85829,478.0245,1378.1241
53.238,11403.7933,39.6742,239.9995,9.1947,-0.0018186,0.094714,-3.0485,90.006,0.21132,4.4326,5.2723,-15.1557,-28.3498,2.5965e-05,-1.2416,-0.076492,9.5731e-07,0.068473,0,87.7981,0.16077,0.85829,478.0245,1378.1241
53.2415,11404.124,39.6745,240,9.1947,-0.0016696,0.06931,-3.6472,90.0077,0.17433,4.4326,5.2769,-16.0414,-28.4049,-3.2033e-05,-1.2152,-0.091256,9.571e-07,0.068484,0,87.9428,0.16096,0.83073,478.0233,1378.1062
53.2449,11404.124,39.6745,240,9.1947,-0.0016696,0.06931,-3.6472,90.0077,0.17433,4.4326,5.2769,-16.0414,-28.4049,-3.2033e-05,-1.2152,-0.091256,9.571e-07,0.068484,0,87.9428,0.16095,0.83953,478.0233,1378.1062
53.249,11404.124,39.6745,240,9.1947,-0.0016696,0.06931,-3.6472,90.0077,0.17433,4.4326,5.2769,-16.0414,-28.4049,-3.2033e-05,-1.2152,-0.091256,9.571e-07,0.068484,0,87.9428,0.16093,0.84652,478.0233,1378.1062
53.249,11404.124,39.6745,240,9.1947,-0.0016696,0.06931,-3.6472,90.0077,0.17433,4.4326,5.2769,-16.0414,-28.4049,-3.2033e-05,-1.2152,-0.091256,9.571e-07,0.068484,0,87.9428,0.16093,0.84652,478.0233,1378.1062
53.2498,11404.4546,39.6748,240.0006,9.1947,-0.001564,0.038917,-4.2345,90.0092,0.1302,4.4326,5.2899,-16.7167,-28.4536,-7.4085e-05,-0.36561,-0.10261,9.5688e-07,0.068494,0,88.0875,0.16111,0.80461,478.0221,1378.0884
53.2506,11404.4546,39.6748,240.0006,9.1947,-0.001564,0.038917,-4.2345,90.0092,0.1302,4.4326,5.2899,-16.7167,-28.4536,-7.4085e-05,-0.36561,-0.10261,9.5688e-07,0.068494,0,88.0875,0.1611,0.80888,478.0221,1378.0884
53.2522,11404.4546,39.6748,240.0006,9.1947,-0.001564,0.038917,-4.2345,90.0092,0.1302,4.4326,5.2899,-16.7167,-28.4536,-7.4085e-05,-0.36561,-0.10261,9.5688e-07,0.068494,0,88.0875,0.1611,0.81645,478.0221,1378.0884
53.2554,11404.4546,39.6748,240.0006,9.1947,-0.001564,0.038917,-4.2345,90.0092,0.1302,4.4326,5.2899,-16.7167,-28.4536,-7.4085e-05,-0.36561,-0.10261,9.5688e-07,0.068494,0,88.0875,0.16109,0.82842,478.0221,1378.0884
53.2571,11404.4546,39.6748,240.0006,9.1947,-0.001564,0.038917,-4.2345,90.0092,0.1302,4.4326,5.2899,-16.7167,-28.4536,-7.4085e-05,-0.36561,-0.10261,9.5688e-07,0.068494,0,88.0875,0.16108,0.83342,478.0221,1378.0884
53.2571,11404.4546,39.6748,240.0006,9.1947,-0.001564,0.038917,-4.2345,90.0092,0.1302,4.4326,5.2899,-16.7167,-28.4536,-7.4085e-05,-0.36561,-0.10261,9.5688e-07,0.068494,0,88.0875,0.16108,0.83342,478.0221,1378.0884
53.2581,11404.7852,39.6752,240.0014,9.1947,-0.0015171,0.0036301,-4.4169,90.0103,0.080574,4.4326,5.3102,-9.7112,-30.5679,-8.0849e-05,1.2713,-0.11078,9.5665e-07,0.068505,0,88.151,0.16121,0.77871,478.0209,1378.0705
53.2592,11404.7852,39.6752,240.0014,9.1947,-0.0015171,0.0036301,-4.4169,90.0103,0.080574,4.4326,5.3102,-9.7112,-30.5679,-8.0849e-05,1.2713,-0.11078,9.5665e-07,0.068505,0,88.151,0.1612,0.78673,478.0209,1378.0705
53.2612,11404.7852,39.6752,240.0014,9.1947,-0.0015171,0.0036301,-4.4169,90.0103,0.080574,4.4326,5.3102,-9.7112,-30.5679,-8.0849e-05,1.2713,-0.11078,9.5665e-07,0.068505,0,88.151,0.1612,0.80047,478.0209,1378.0705
53.2654,11404.7852,39.6752,240.0014,9.1947,-0.0015171,0.0036301,-4.4169,90.0103,0.080574,4.4326,5.3102,-9.7112,-30.5679,-8.0849e-05,1.2713,-0.11078,9.5665e-07,0.068505,0,88.151,0.16118,0.82069,478.0209,1378.0705
53.2665,11405.1158,39.6757,240.0024,9.1947,-0.0015352,-0.033178,-3.8185,90.0109,0.026998,4.4326,5.338,4.6327,-34.6696,-9.9557e-05,1.5556,-0.11621,9.5642e-07,0.068516,0,87.8035,0.16126,0.75262,478.0198,1378.0527
53.2669,11405.1158,39.6757,240.0024,9.1947,-0.0015352,-0.033178,-3.8185,90.0109,0.026998,4.4326,5.338,4.6327,-34.6696,-9.9557e-05,1.5556,-0.11621,9.5642e-07,0.068516,0,87.8035,0.16126,0.7576,478.0198,1378.0527
53.2669,11405.1158,39.6757,240.0024,9.1947,-0.0015352,-0.033178,-3.8185,90.0109,0.026998,4.4326,5.338,4.6327,-34.6696,-9.9557e-05,1.5556,-0.11621,9.5642e-07,0.068516,0,87.8035,0.16126,0.7576,478.0198,1378.0527
53.2722,11405.1158,39.6757,240.0024,9.1947,-0.0015352,-0.033178,-3.8185,90.0109,0.026998,4.4326,5.338,4.6327,-34.6696,-9.9557e-05,1.5556,-0.11621,9.5642e-07,0.068516,0,87.8035,0.16124,0.79907,478.0198,1378.0527
53.2748,11405.4465,39.6759,240.0024,9.1947,-0.0016309,-0.064999,-3.0848,90.0112,-0.029203,4.4326,5.1745,6.8733,-35.3905,-0.00012589,1.5263,-0.11923,9.562e-07,0.068527,0,87.4563,0.16116,0.81537,478.0186,1378.0349
53.2795,11405.4465,39.6759,240.0024,9.1947,-0.0016309,-0.064999,-3.0848,90.0112,-0.029203,4.4326,5.1745,6.8733,-35.3905,-0.00012589,1.5263,-0.11923,9.562e-07,0.068527,0,87.4563,0.16115,0.83183,478.0186,1378.0349
53.2795,11405.4465,39.6759,240.0024,9.1947,-0.0016309,-0.064999,-3.0848,90.0112,-0.029203,4.4326,5.1745,6.8733,-35.3905,-0.00012589,1.5263,-0.11923,9.562e-07,0.068527,0,87.4563,0.16115,0.83183,478.0186,1378.0349
53.2831,11405.7771,39.6759,240.0017,9.1947,-0.0017941,-0.090705,-2.3652,90.0109,-0.086867,4.4326,5.0194,6.4189,-35.325,-0.0001523,1.4964,-0.11576,9.5597e-07,0.068538,0,87.1092,0.16097,0.88634,478.0174,1378.017
53.2868,11405.7771,39.6759,240.0017,9.1947,-0.0017941,-0.090705,-2.3652,90.0109,-0.086867,4.4326,5.0194,6.4189,-35.325,-0.0001523,1.4964,-0.11576,9.5597e-07,0.068538,0,87.1092,0.16095,0.87819,478.0174,1378.017
53.2915,11406.1077,39.6756,240.0004,9.1947,-0.0020028,-0.11042,-1.6597,90.0102,-0.14285,4.4326,4.8831,6.3636,-35.2557,-9.3004e-05,1.4646,-0.099846,9.5576e-07,0.068549,0,87.0757,0.16068,0.96034,478.0162,1377.9992
53.2998,11406.4384,39.6756,239.9998,9.1947,-0.0021846,-0.12425,-0.96815,90.009,-0.19114,4.4326,4.9699,7.0689,-35.1853,1.8019e-06,1.4319,-0.076378,9.5555e-07,0.06856,0,87.2202,0.16046,0.94976,478.0151,1377.9813
53.3081,11406.769,39.6756,239.9993,9.1947,-0.0022945,-0.13231,-0.29036,90.0074,-0.22808,4.4326,5.0761,8.2391,-35.1133,0.00011693,1.3993,-0.049498,9.5535e-07,0.06857,0,87.3647,0.16033,0.93081,478.0139,1377.9635
53.3165,11407.0996,39.6757,239.9991,9.1947,-0.0023038,-0.13473,0.37392,90.0055,-0.25202,4.4326,5.1913,9.6223,-35.0404,0.00018634,1.3671,-0.021431,9.5516e-07,0.068581,0,87.5093,0.1603,0.90801,478.0127,1377.9456
53.3248,11407.4302,39.6758,239.9991,9.1947,-0.0022248,-0.13162,1.025,90.0034,-0.26239,4.4326,5.3103,11.0835,-34.964,0.00020952,1.3357,0.005951,9.5498e-07,0.068592,0,87.654,0.16038,0.88341,478.0115,1377.9278
53.3331,11407.7609,39.676,239.9993,9.1947,-0.00208,-0.12308,1.6632,90.0012,-0.25951,4.4326,5.4284,12.5089,-34.8845,0.00018064,1.3053,0.031272,9.5481e-07,0.068603,0,87.7986,0.16053,0.85791,478.0103,1377.9099
53.3415,11408.0915,39.6763,239.9997,9.1947,-0.0019033,-0.10922,2.2888,89.9991,-0.24439,4.4326,5.5421,13.8149,-34.8021,0.00011274,1.2761,0.053682,9.5466e-07,0.068614,0,87.9433,0.16073,0.83191,478.0092,1377.8921
53.3498,11408.4221,39.6766,240.0003,9.1946,-0.0017289,-0.090143,2.9023,89.997,-0.21843,4.4326,5.649,14.9498,-34.7177,2.2385e-05,1.2481,0.072722,9.5451e-07,0.068625,0,88.088,0.16094,0.80559,478.008,1377.8742
53.3519,11408.4221,39.6766,240.0003,9.1946,-0.0017289,-0.090143,2.9023,89.997,-0.21843,4.4326,5.649,14.9498,-34.7177,2.2385e-05,1.2481,0.072722,9.5451e-07,0.068625,0,88.088,0.16093,0.81603,478.008,1377.8742
53.3519,11408.4221,39.6766,240.0003,9.1946,-0.0017289,-0.090143,2.9023,89.997,-0.21843,4.4326,5.649,14.9498,-34.7177,2.2385e-05,1.2481,0.072722,9.5451e-07,0.068625,0,88.088,0.16093,0.81603,478.008,1377.8742
53.3581,11408.7528,39.677,240.0011,9.1946,-0.0015872,-0.065957,3.5038,89.9952,-0.18326,4.4326,5.7478,15.8854,-34.6322,-6.8846e-05,1.2214,0.088239,9.5438e-07,0.068636,0,88.2328,0.16114,0.77902,478.0068,1377.8564
53.3627,11408.7528,39.677,240.0011,9.1946,-0.0015872,-0.065957,3.5038,89.9952,-0.18326,4.4326,5.7478,15.8854,-34.6322,-6.8846e-05,1.2214,0.088239,9.5438e-07,0.068636,0,88.2328,0.16112,0.80877,478.0068,1377.8564
53.3627,11408.7528,39.677,240.0011,9.1946,-0.0015872,-0.065957,3.5038,89.9952,-0.18326,4.4326,5.7478,15.8854,-34.6322,-6.8846e-05,1.2214,0.088239,9.5438e-07,0.068636,0,88.2328,0.16112,0.80877,478.0068,1377.8564
53.3665,11409.0834,39.6775,240.0021,9.1946,-0.0015009,-0.036759,4.0938,89.9937,-0.14059,4.4326,5.8376,16.6123,-34.547,-0.00017565,0.76791,0.10031,9.5425e-07,0.068646,0,87.8853,0.16129,0.75227,478.0056,1377.8386
53.3702,11409.0834,39.6775,240.0021,9.1946,-0.0015009,-0.036759,4.0938,89.9937,-0.14059,4.4326,5.8376,16.6123,-34.547,-0.00017565,0.76791,0.10031,9.5425e-07,0.068646,0,87.8853,0.16128,0.78582,478.0056,1377.8386
53.3712,11409.0834,39.6775,240.0021,9.1946,-0.0015009,-0.036759,4.0938,89.9937,-0.14059,4.4326,5.8376,16.6123,-34.547,-0.00017565,0.76791,0.10031,9.5425e-07,0.068646,0,87.8853,0.16127,0.79272,478.0056,1377.8386
53.3712,11409.0834,39.6775,240.0021,9.1946,-0.0015009,-0.036759,4.0938,89.9937,-0.14059,4.4326,5.8376,16.6123,-34.547,-0.00017565,0.76791,0.10031,9.5425e-07,0.068646,0,87.8853,0.16127,0.79272,478.0056,1377.8386
53.3748,11409.4141,39.6777,240.0021,9.1946,-0.0014999,-0.0026443,4.4682,89.9925,-0.092074,4.4326,5.7188,13.2498,-33.3958,-0.00025348,-0.86776,0.10916,9.5412e-07,0.068657,0,87.5381,0.16129,0.81496,478.0045,1377.8207
53.3784,11409.4141,39.6777,240.0021,9.1946,-0.0014999,-0.0026443,4.4682,89.9925,-0.092074,4.4326,5.7188,13.2498,-33.3958,-0.00025348,-0.86776,0.10916,9.5412e-07,0.068657,0,87.5381,0.16128,0.82841,478.0045,1377.8207
53.3831,11409.7447,39.6777,240.0014,9.1946,-0.0015933,0.034591,4.0623,89.9918,-0.039283,4.4326,5.5935,-1.0477,-29.3076,-0.00028497,-1.5652,0.11516,9.54e-07,0.068668,0,87.1911,0.16116,0.88602,478.0033,1377.8029
53.3915,11410.0754,39.6774,240.0002,9.1946,-0.0017721,0.068443,3.3239,89.9914,0.016412,4.4326,5.4628,-7.0092,-27.5738,-0.00021312,-1.5358,0.11869,9.5388e-07,0.068679,0,87.0474,0.16091,0.96024,478.0021,1377.785
53.3951,11410.0754,39.6774,240.0002,9.1946,-0.0017721,0.068443,3.3239,89.9914,0.016412,4.4326,5.4628,-7.0092,-27.5738,-0.00021312,-1.5358,0.11869,9.5388e-07,0.068679,0,87.0474,0.1609,0.92991,478.0021,1377.785
53.3951,11410.0754,39.6774,240.0002,9.1946,-0.0017721,0.068443,3.3239,89.9914,0.016412,4.4326,5.4628,-7.0092,-27.5738,-0.00021312,-1.5358,0.11869,9.5388e-07,0.068679,0,87.0474,0.1609,0.92991,478.0021,1377.785
53.3998,11410.406,39.6774,239.9995,9.1946,-0.0019768,0.096142,2.5998,89.9916,0.073812,4.4326,5.5177,-6.5294,-27.6608,-9.1513e-05,-1.5062,0.1178,9.5375e-07,0.06869,0,87.1919,0.16067,0.9499,478.0009,1377.7672
53.4045,11410.406,39.6774,239.9995,9.1946,-0.0019768,0.096142,2.5998,89.9916,0.073812,4.4326,5.5177,-6.5294,-27.6608,-9.1513e-05,-1.5062,0.1178,9.5375e-07,0.06869,0,87.1919,0.16066,0.91638,478.0009,1377.7672
53.4081,11410.7366,39.6774,239.9991,9.1946,-0.0021637,0.11781,1.8897,89.9922,0.13078,4.4326,5.5618,-6.3203,-27.7498,6.4321e-05,-1.4749,0.10539,9.5361e-07,0.068701,0,87.3364,0.16046,0.93122,477.9997,1377.7493
53.4165,11411.0673,39.6775,239.9988,9.1946,-0.0022858,0.13355,1.1937,89.9933,0.18176,4.4326,5.5776,-6.8144,-27.8433,0.00018619,-1.4424,0.083503,9.5347e-07,0.068712,0,87.481,0.16032,0.90869,477.9986,1377.7315
53.4248,11411.3979,39.6777,239.9988,9.1946,-0.0023279,0.1435,0.51145,89.9948,0.22214,4.4326,5.5705,-7.8884,-27.9363,0.00026986,-1.4097,0.057328,9.5332e-07,0.068722,0,87.6256,0.16028,0.8843,477.9974,1377.7137
53.4331,11411.7286,39.6779,239.9989,9.1946,-0.0022859,0.14776,-0.15718,89.9966,0.24987,4.4326,5.5536,-9.2272,-28.0259,0.00029987,-1.3773,0.0294,9.5315e-07,0.068733,0,87.7703,0.16033,0.85895,477.9962,1377.6958
53.4415,11412.0592,39.6781,239.9993,9.1946,-0.002173,0.14645,-0.8125,89.9987,0.26409,4.4326,5.5333,-10.6771,-28.1096,0.00027721,-1.3456,0.0016568,9.5297e-07,0.068744,0,87.915,0.16046,0.83304,477.995,1377.678
53.4498,11412.3899,39.6784,239.9999,9.1946,-0.0020117,0.13968,-1.4548,90.0009,0.26489,4.4326,5.5144,-12.1203,-28.1863,0.00020825,-1.3149,-0.02436,9.5278e-07,0.068755,0,88.0597,0.16066,0.80677,477.9939,1377.6601
53.4581,11412.7205,39.6788,240.0007,9.1946,-0.0018311,0.12756,-2.0845,90.0031,0.25311,4.4326,5.5004,-13.4634,-28.2554,0.00010675,-1.2853,-0.047663,9.5258e-07,0.068766,0,88.2044,0.16089,0.78022,477.9927,1377.6423
53.4665,11413.0512,39.6793,240.0018,9.1946,-0.0016606,0.11019,-2.7019,90.0052,0.23006,4.4326,5.4938,-14.6462,-28.3171,-5.3184e-05,-1.257,-0.067694,9.5236e-07,0.068777,0,87.857,0.16112,0.75343,477.9915,1377.6244
53.4748,11413.3819,39.6795,240.0017,9.1946,-0.0015473,0.087673,-3.3073,90.0071,0.19733,4.4326,5.2973,-15.6348,-28.3692,-0.00021981,-1.2299,-0.084217,9.5214e-07,0.068788,0,87.5098,0.16124,0.81544,477.9903,1377.6066
53.4758,11413.3819,39.6795,240.0017,9.1946,-0.0015473,0.087673,-3.3073,90.0071,0.19733,4.4326,5.2973,-15.6348,-28.3692,-0.00021981,-1.2299,-0.084217,9.5214e-07,0.068788,0,87.5098,0.16124,0.81951,477.9903,1377.6066
53.4758,11413.3819,39.6795,240.0017,9.1946,-0.0015473,0.087673,-3.3073,90.0071,0.19733,4.4326,5.2973,-15.6348,-28.3692,-0.00021981,-1.2299,-0.084217,9.5214e-07,0.068788,0,87.5098,0.16124,0.81951,477.9903,1377.6066
53.4831,11413.7125,39.6794,240.0011,9.1946,-0.0015163,0.060112,-3.901,90.0088,0.1566,4.4326,5.1115,-16.4146,-28.4148,-0.00035712,-1.0792,-0.097254,9.519e-07,0.068799,0,87.1628,0.16123,0.88579,477.9891,1377.5888
53.4852,11413.7125,39.6794,240.0011,9.1946,-0.0015163,0.060112,-3.901,90.0088,0.1566,4.4326,5.1115,-16.4146,-28.4148,-0.00035712,-1.0792,-0.097254,9.519e-07,0.068799,0,87.1628,0.16123,0.88102,477.9891,1377.5888
53.4852,11413.7125,39.6794,240.0011,9.1946,-0.0015163,0.060112,-3.901,90.0088,0.1566,4.4326,5.1115,-16.4146,-28.4148,-0.00035712,-1.0792,-0.097254,9.519e-07,0.068799,0,87.1628,0.16123,0.88102,477.9891,1377.5888
53.4915,11414.0432,39.6792,239.9998,9.1946,-0.0015768,0.027603,-4.4238,90.0101,0.10956,4.4326,4.9349,-15.8548,-28.7694,-0.00036365,0.36557,-0.10701,9.5166e-07,0.068809,0,87.0811,0.1611,0.95979,477.988,1377.5709
53.4977,11414.0432,39.6792,239.9998,9.1946,-0.0015768,0.027603,-4.4238,90.0101,0.10956,4.4326,4.9349,-15.8548,-28.7694,-0.00036365,0.36557,-0.10701,9.5166e-07,0.068809,0,87.0811,0.16108,0.91345,477.988,1377.5709
53.4998,11414.3738,39.6792,239.9992,9.1946,-0.0016891,-0.0092618,-4.2576,90.011,0.057813,4.4326,4.9571,-3.35,-32.3809,-0.00026772,1.5728,-0.11378,9.5141e-07,0.06882,0,87.2256,0.16095,0.94956,477.9868,1377.5531
53.5081,11414.7045,39.6792,239.9987,9.1946,-0.001824,-0.044741,-3.5154,90.0115,0.0027862,4.4326,4.986,7.1812,-35.4165,-0.00011017,1.5435,-0.11796,9.5116e-07,0.068831,0,87.3701,0.16079,0.93111,477.9856,1377.5352
53.5103,11414.7045,39.6792,239.9987,9.1946,-0.001824,-0.044741,-3.5154,90.0115,0.0027862,4.4326,4.986,7.1812,-35.4165,-0.00011017,1.5435,-0.11796,9.5116e-07,0.068831,0,87.3701,0.16079,0.91717,477.9856,1377.5352
53.5103,11414.7045,39.6792,239.9987,9.1946,-0.001824,-0.044741,-3.5154,90.0115,0.0027862,4.4326,4.986,7.1812,-35.4165,-0.00011017,1.5435,-0.11796,9.5116e-07,0.068831,0,87.3701,0.16079,0.91717,477.9856,1377.5352
53.5165,11415.0352,39.6793,239.9985,9.1946,-0.001948,-0.074036,-2.7876,90.0115,-0.054263,4.4326,5.0214,6.654,-35.3623,2.8264e-05,1.5141,-0.11928,9.5092e-07,0.068842,0,87.5147,0.16066,0.90882,477.9844,1377.5174
53.5226,11415.0352,39.6793,239.9985,9.1946,-0.001948,-0.074036,-2.7876,90.0115,-0.054263,4.4326,5.0214,6.654,-35.3623,2.8264e-05,1.5141,-0.11928,9.5092e-07,0.068842,0,87.5147,0.16064,0.88707,477.9844,1377.5174
53.5234,11415.0352,39.6793,239.9985,9.1946,-0.001948,-0.074036,-2.7876,90.0115,-0.054263,4.4326,5.0214,6.654,-35.3623,2.8264e-05,1.5141,-0.11928,9.5092e-07,0.068842,0,87.5147,0.16063,0.88494,477.9844,1377.5174
53.5234,11415.0352,39.6793,239.9985,9.1946,-0.001948,-0.074036,-2.7876,90.0115,-0.054263,4.4326,5.0214,6.654,-35.3623,2.8264e-05,1.5141,-0.11928,9.5092e-07,0.068842,0,87.5147,0.16063,0.88494,477.9844,1377.5174
53.5248,11415.3658,39.6794,239.9984,9.1946,-0.0020529,-0.097266,-2.0739,90.0111,-0.11195,4.4326,5.0647,6.3047,-35.3051,0.00014519,1.4834,-0.11076,9.5068e-07,0.068853,0,87.6593,0.16055,0.88472,477.9832,1377.4995
53.5261,11415.3658,39.6794,239.9984,9.1946,-0.0020529,-0.097266,-2.0739,90.0111,-0.11195,4.4326,5.0647,6.3047,-35.3051,0.00014519,1.4834,-0.11076,9.5068e-07,0.068853,0,87.6593,0.16055,0.88175,477.9832,1377.4995
53.5289,11415.3658,39.6794,239.9984,9.1946,-0.0020529,-0.097266,-2.0739,90.0111,-0.11195,4.4326,5.0647,6.3047,-35.3051,0.00014519,1.4834,-0.11076,9.5068e-07,0.068853,0,87.6593,0.16054,0.87689,477.9832,1377.4995
53.5331,11415.6965,39.6796,239.9986,9.1946,-0.0021226,-0.11455,-1.3742,90.0101,-0.16552,4.4326,5.1334,6.5581,-35.2418,0.00022303,1.4511,-0.090688,9.5044e-07,0.068864,0,87.804,0.16049,0.85964,477.9821,1377.4817
53.5415,11416.0271,39.6799,239.999,9.1945,-0.002144,-0.126,-0.68833,90.0088,-0.20938,4.4326,5.2319,7.5188,-35.1708,0.00026032,1.4184,-0.065331,9.5022e-07,0.068875,0,87.9486,0.16049,0.83396,477.9809,1377.4639
53.5498,11416.3578,39.6802,239.9996,9.1945,-0.0021121,-0.13174,-0.01617,90.007,-0.24098,4.4326,5.3445,8.8062,-35.0948,0.00025614,1.3858,-0.037627,9.5e-07,0.068885,0,88.0933,0.16056,0.80785,477.9797,1377.446
53.5581,11416.6885,39.6806,240.0004,9.1945,-0.0020317,-0.13187,0.64261,90.005,-0.25918,4.4326,5.4639,10.2421,-35.0151,0.0002123,1.3539,-0.009586,9.4979e-07,0.068896,0,88.238,0.16069,0.78141,477.9785,1377.4282
53.5665,11417.0191,39.6811,240.0014,9.1945,-0.0019165,-0.12652,1.2883,90.0028,-0.26382,4.4326,5.5849,11.7042,-34.9324,9.3319e-05,1.3229,0.017096,9.496e-07,0.068907,0,87.8906,0.16087,0.75468,477.9774,1377.4103
53.5748,11417.3498,39.6813,240.0014,9.1945,-0.0018067,-0.11578,1.9213,90.0006,-0.25555,4.4326,5.5114,13.0896,-34.8449,-6.0026e-05,1.293,0.041285,9.4942e-07,0.068918,0,87.5434,0.16098,0.8138,477.9762,1377.3925
53.5831,11417.6805,39.6812,240.0008,9.1945,-0.0017305,-0.099768,2.5419,89.9985,-0.23559,4.4326,5.4275,14.3293,-34.7553,-0.0002239,1.2643,0.062314,9.4924e-07,0.068929,0,87.1965,0.16102,0.88387,477.975,1377.3747
53.5915,11418.0112,39.681,239.9995,9.1945,-0.0017107,-0.078586,3.1504,89.9965,-0.20545,4.4326,5.3379,15.3824,-34.6651,-0.00029373,1.2369,0.079863,9.4908e-07,0.06894,0,86.9663,0.16097,0.95725,477.9738,1377.3568
53.5986,11418.0112,39.681,239.9995,9.1945,-0.0017107,-0.078586,3.1504,89.9965,-0.20545,4.4326,5.3379,15.3824,-34.6651,-0.00029373,1.2369,0.079863,9.4908e-07,0.06894,0,86.9663,0.16094,0.90792,477.9738,1377.3568
53.5986,11418.0112,39.681,239.9995,9.1945,-0.0017107,-0.078586,3.1504,89.9965,-0.20545,4.4326,5.3379,15.3824,-34.6651,-0.00029373,1.2369,0.079863,9.4908e-07,0.06894,0,86.9663,0.16094,0.90792,477.9738,1377.3568
53.5998,11418.3418,39.681,239.9989,9.1945,-0.0017231,-0.052333,3.7471,89.9948,-0.16683,4.4327,5.4311,16.2296,-34.5805,-0.00029055,1.203,0.093892,9.4892e-07,0.068951,0,87.1107,0.16092,0.94624,477.9726,1377.339
53.601,11418.3418,39.681,239.9989,9.1945,-0.0017231,-0.052333,3.7471,89.9948,-0.16683,4.4327,5.4311,16.2296,-34.5805,-0.00029055,1.203,0.093892,9.4892e-07,0.068951,0,87.1107,0.16091,0.93681,477.9726,1377.339
53.6033,11418.3418,39.681,239.9989,9.1945,-0.0017231,-0.052333,3.7471,89.9948,-0.16683,4.4327,5.4311,16.2296,-34.5805,-0.00029055,1.203,0.093892,9.4892e-07,0.068951,0,87.1107,0.16091,0.92097,477.9726,1377.339
53.6081,11418.6725,39.681,239.9985,9.1945,-0.0017556,-0.021108,4.3287,89.9934,-0.12142,4.4327,5.5141,16.7983,-34.4812,-0.00021188,0.089094,0.10456,9.4878e-07,0.068961,0,87.2553,0.16086,0.92734,477.9715,1377.3211
53.6165,11419.0032,39.6811,239.9983,9.1945,-0.0017943,0.014965,4.3794,89.9924,-0.070853,4.4327,5.5873,7.3528,-31.696,-0.00010242,-1.5467,0.11215,9.4863e-07,0.068972,0,87.3998,0.16081,0.90507,477.9703,1377.3033
53.6248,11419.3339,39.6812,239.9983,9.1945,-0.0018468,0.051459,3.6495,89.9918,-0.016615,4.4327,5.6526,-7.0258,-27.625,1.9487e-05,-1.5487,0.11703,9.4848e-07,0.068983,0,87.5444,0.16076,0.8811,477.9691,1377.2855
53.626,11419.3339,39.6812,239.9983,9.1945,-0.0018468,0.051459,3.6495,89.9918,-0.016615,4.4327,5.6526,-7.0258,-27.625,1.9487e-05,-1.5487,0.11703,9.4848e-07,0.068983,0,87.5444,0.16076,0.87886,477.9691,1377.2855
53.626,11419.3339,39.6812,239.9983,9.1945,-0.0018468,0.051459,3.6495,89.9918,-0.016615,4.4327,5.6526,-7.0258,-27.625,1.9487e-05,-1.5487,0.11703,9.4848e-07,0.068983,0,87.5444,0.16076,0.87886,477.9691,1377.2855
53.6331,11419.6645,39.6815,239.9985,9.1945,-0.0019086,0.081872,2.9191,89.9917,0.039986,4.4326,5.7113,-6.7464,-27.6373,0.00011396,-1.5195,0.11958,9.4834e-07,0.068994,0,87.689,0.16072,0.85624,477.9679,1377.2676
53.6387,11419.6645,39.6815,239.9985,9.1945,-0.0019086,0.081872,2.9191,89.9917,0.039986,4.4326,5.7113,-6.7464,-27.6373,0.00011396,-1.5195,0.11958,9.4834e-07,0.068994,0,87.689,0.1607,0.85841,477.9679,1377.2676
53.6387,11419.6645,39.6815,239.9985,9.1945,-0.0019086,0.081872,2.9191,89.9917,0.039986,4.4326,5.7113,-6.7464,-27.6373,0.00011396,-1.5195,0.11958,9.4834e-07,0.068994,0,87.689,0.1607,0.85841,477.9679,1377.2676
53.6415,11419.9952,39.6817,239.9989,9.1945,-0.0019768,0.1062,2.2029,89.992,0.09782,4.4326,5.765,-6.3276,-27.7245,0.000183,-1.4893,0.11425,9.4818e-07,0.069005,0,87.8337,0.16067,0.8308,477.9668,1377.2498
53.6442,11419.9952,39.6817,239.9989,9.1945,-0.0019768,0.1062,2.2029,89.992,0.09782,4.4326,5.765,-6.3276,-27.7245,0.000183,-1.4893,0.11425,9.4818e-07,0.069005,0,87.8337,0.16066,0.838,477.9668,1377.2498
53.6498,11420.3259,39.6821,239.9995,9.1945,-0.0020389,0.12456,1.5006,89.9929,0.15308,4.4326,5.7998,-6.3904,-27.8111,0.00022308,-1.4572,0.095882,9.4802e-07,0.069016,0,87.9784,0.16065,0.80493,477.9656,1377.2319
53.6581,11420.6566,39.6825,240.0003,9.1945,-0.0020749,0.13706,0.81223,89.9941,0.19945,4.4326,5.8028,-7.2489,-27.8995,0.00023393,-1.4245,0.071309,9.4785e-07,0.069027,0,88.1231,0.16067,0.77868,477.9644,1377.2141
53.6665,11420.9873,39.683,240.0013,9.1945,-0.002072,0.14383,0.13758,89.9958,0.23394,4.4326,5.7912,-8.4886,-27.986,0.00017285,-1.392,0.043918,9.4767e-07,0.069037,0,87.7757,0.16074,0.75209,477.9632,1377.1963
53.6748,11421.318,39.6831,240.0013,9.1945,-0.0020471,0.14498,-0.52363,89.9977,0.25518,4.4326,5.575,-9.9039,-28.0659,7.1334e-05,-1.3599,0.015752,9.4747e-07,0.069048,0,87.4286,0.16076,0.81423,477.962,1377.1784
53.6831,11421.6487,39.6831,240.0007,9.1945,-0.0020123,0.14061,-1.1717,89.9999,0.2628,4.4326,5.3596,-11.3707,-28.1399,-5.8357e-05,-1.3287,-0.01137,9.4727e-07,0.069059,0,87.0816,0.16076,0.88463,477.9609,1377.1606
53.6915,11421.9793,39.6829,239.9995,9.1945,-0.0019836,0.13085,-1.807,90.0021,0.2573,4.4326,5.1493,-12.7787,-28.2075,-0.00011886,-1.2985,-0.036192,9.4705e-07,0.06907,0,86.9959,0.16071,0.95816,477.9597,1377.1427
53.6998,11422.31,39.6828,239.9988,9.1944,-0.0019386,0.11579,-2.4298,90.0042,0.2398,4.4326,5.1367,-14.0516,-28.2738,-0.00014332,-1.2696,-0.057963,9.4682e-07,0.069081,0,87.1404,0.16072,0.94724,477.9585,1377.1249
53.7081,11422.6407,39.6828,239.9984,9.1944,-0.0018773,0.095541,-3.0404,90.0062,0.21177,4.4327,5.1317,-15.1437,-28.3363,-0.00012869,-1.2419,-0.076295,9.4657e-07,0.069092,0,87.2849,0.16075,0.92805,477.9573,1377.1071
53.7128,11422.6407,39.6828,239.9984,9.1944,-0.0018773,0.095541,-3.0404,90.0062,0.21177,4.4327,5.1317,-15.1437,-28.3363,-0.00012869,-1.2419,-0.076295,9.4657e-07,0.069092,0,87.2849,0.16074,0.90315,477.9573,1377.1071
53.7128,11422.6407,39.6828,239.9984,9.1944,-0.0018773,0.095541,-3.0404,90.0062,0.21177,4.4327,5.1317,-15.1437,-28.3363,-0.00012869,-1.2419,-0.076295,9.4657e-07,0.069092,0,87.2849,0.16074,0.90315,477.9573,1377.1071
53.7165,11422.9714,39.6829,239.9982,9.1944,-0.0018016,0.070204,-3.6393,90.008,0.17487,4.4327,5.135,-16.0315,-28.3949,-0.00011711,-1.2154,-0.091094,9.4632e-07,0.069103,0,87.4295,0.16082,0.90508,477.9562,1377.0892
53.7201,11422.9714,39.6829,239.9982,9.1944,-0.0018016,0.070204,-3.6393,90.008,0.17487,4.4327,5.135,-16.0315,-28.3949,-0.00011711,-1.2154,-0.091094,9.4632e-07,0.069103,0,87.4295,0.1608,0.89168,477.9562,1377.0892
53.7238,11422.9714,39.6829,239.9982,9.1944,-0.0018016,0.070204,-3.6393,90.008,0.17487,4.4327,5.135,-16.0315,-28.3949,-0.00011711,-1.2154,-0.091094,9.4632e-07,0.069103,0,87.4295,0.16079,0.88239,477.9562,1377.0892
53.7238,11422.9714,39.6829,239.9982,9.1944,-0.0018016,0.070204,-3.6393,90.008,0.17487,4.4327,5.135,-16.0315,-28.3949,-0.00011711,-1.2154,-0.091094,9.4632e-07,0.069103,0,87.4295,0.16079,0.88239,477.9562,1377.0892
53.7248,11423.3021,39.6831,239.9982,9.1944,-0.0017359,0.039877,-4.2266,90.0094,0.13082,4.4327,5.1468,-16.7089,-28.4475,-8.9295e-05,-0.3885,-0.10248,9.4606e-07,0.069114,0,87.574,0.16088,0.88062,477.955,1377.0714
53.7258,11423.3021,39.6831,239.9982,9.1944,-0.0017359,0.039877,-4.2266,90.0094,0.13082,4.4327,5.1468,-16.7089,-28.4475,-8.9295e-05,-0.3885,-0.10248,9.4606e-07,0.069114,0,87.574,0.16088,0.87881,477.955,1377.0714
53.7278,11423.3021,39.6831,239.9982,9.1944,-0.0017359,0.039877,-4.2266,90.0094,0.13082,4.4327,5.1468,-16.7089,-28.4475,-8.9295e-05,-0.3885,-0.10248,9.4606e-07,0.069114,0,87.574,0.16087,0.87568,477.955,1377.0714
53.7317,11423.3021,39.6831,239.9982,9.1944,-0.0017359,0.039877,-4.2266,90.0094,0.13082,4.4327,5.1468,-16.7089,-28.4475,-8.9295e-05,-0.3885,-0.10248,9.4606e-07,0.069114,0,87.574,0.16086,0.87102,477.955,1377.0714
53.7319,11423.3021,39.6831,239.9982,9.1944,-0.0017359,0.039877,-4.2266,90.0094,0.13082,4.4327,5.1468,-16.7089,-28.4475,-8.9295e-05,-0.3885,-0.10248,9.4606e-07,0.069114,0,87.574,0.16086,0.87084,477.955,1377.0714
53.7319,11423.3021,39.6831,239.9982,9.1944,-0.0017359,0.039877,-4.2266,90.0094,0.13082,4.4327,5.1468,-16.7089,-28.4475,-8.9295e-05,-0.3885,-0.10248,9.4606e-07,0.069114,0,87.574,0.16086,0.87084,477.955,1377.0714
53.7331,11423.6328,39.6833,239.9984,9.1944,-0.0016952,0.0046548,-4.4201,90.0105,0.081257,4.4327,5.1658,-9.911,-30.5086,-4.1972e-05,1.2479,-0.11068,9.458e-07,0.069124,0,87.7187,0.16094,0.85577,477.9538,1377.0535
53.7343,11423.6328,39.6833,239.9984,9.1944,-0.0016952,0.0046548,-4.4201,90.0105,0.081257,4.4327,5.1658,-9.911,-30.5086,-4.1972e-05,1.2479,-0.11068,9.458e-07,0.069124,0,87.7187,0.16093,0.85641,477.9538,1377.0535
53.7367,11423.6328,39.6833,239.9984,9.1944,-0.0016952,0.0046548,-4.4201,90.0105,0.081257,4.4327,5.1658,-9.911,-30.5086,-4.1972e-05,1.2479,-0.11068,9.458e-07,0.069124,0,87.7187,0.16092,0.85746,477.9538,1377.0535
53.7415,11423.9635,39.6836,239.9988,9.1944,-0.0016933,-0.032179,-3.8328,90.0112,0.027728,4.4326,5.1925,4.4271,-34.6118,2.0549e-05,1.5559,-0.11614,9.4553e-07,0.069135,0,87.8633,0.16097,0.8305,477.9526,1377.0357
53.7419,11423.9635,39.6836,239.9988,9.1944,-0.0016933,-0.032179,-3.8328,90.0112,0.027728,4.4326,5.1925,4.4271,-34.6118,2.0549e-05,1.5559,-0.11614,9.4553e-07,0.069135,0,87.8633,0.16096,0.83177,477.9526,1377.0357
53.7419,11423.9635,39.6836,239.9988,9.1944,-0.0016933,-0.032179,-3.8328,90.0112,0.027728,4.4326,5.1925,4.4271,-34.6118,2.0549e-05,1.5559,-0.11614,9.4553e-07,0.069135,0,87.8633,0.16096,0.83177,477.9526,1377.0357
53.7498,11424.2942,39.6839,239.9994,9.1944,-0.0017303,-0.064118,-3.0988,90.0114,-0.02844,4.4326,5.2262,6.8806,-35.3966,6.917e-05,1.5267,-0.11919,9.4527e-07,0.069146,0,88.008,0.16097,0.80487,477.9514,1377.0179
53.7544,11424.2942,39.6839,239.9994,9.1944,-0.0017303,-0.064118,-3.0988,90.0114,-0.02844,4.4326,5.2262,6.8806,-35.3966,6.917e-05,1.5267,-0.11919,9.4527e-07,0.069146,0,88.008,0.16095,0.82558,477.9514,1377.0179
53.7544,11424.2942,39.6839,239.9994,9.1944,-0.0017303,-0.064118,-3.0988,90.0114,-0.02844,4.4326,5.2262,6.8806,-35.3966,6.917e-05,1.5267,-0.11919,9.4527e-07,0.069146,0,88.008,0.16095,0.82558,477.9514,1377.0179
53.7581,11424.6249,39.6843,240.0002,9.1944,-0.0017993,-0.089942,-2.3791,90.0112,-0.086085,4.4326,5.2666,6.4247,-35.3357,0.00010479,1.4968,-0.11586,9.4501e-07,0.069157,0,88.1347,0.16096,0.77893,477.9503,1377
53.7618,11424.6249,39.6843,240.0002,9.1944,-0.0017993,-0.089942,-2.3791,90.0112,-0.086085,4.4326,5.2666,6.4247,-35.3357,0.00010479,1.4968,-0.11586,9.4501e-07,0.069157,0,88.1347,0.16094,0.80424,477.9503,1377
53.7665,11424.9556,39.6848,240.0012,9.1944,-0.0018846,-0.10977,-1.6734,90.0105,-0.14212,4.4326,5.3236,6.3605,-35.2707,8.3007e-05,1.465,-0.10016,9.4475e-07,0.069168,0,87.7873,0.16094,0.75261,477.9491,1376.9822
53.7748,11425.2863,39.685,240.0012,9.1944,-0.0019824,-0.12371,-0.98166,90.0093,-0.19057,4.4326,5.214,7.0533,-35.1962,3.407e-05,1.4324,-0.076783,9.445e-07,0.069179,0,87.4402,0.16084,0.81496,477.9479,1376.9643
53.7831,11425.617,39.6849,240.0006,9.1944,-0.0020774,-0.13189,-0.30367,90.0077,-0.2277,4.4326,5.1263,8.2183,-35.1161,-3.4279e-05,1.3998,-0.049942,9.4426e-07,0.06919,0,87.0933,0.16071,0.88552,477.9467,1376.9465
53.7915,11425.9477,39.6847,239.9993,9.1944,-0.0021596,-0.13442,0.36081,90.0058,-0.25186,4.4326,5.05,9.5991,-35.0328,-3.5099e-05,1.3676,-0.021886,9.4403e-07,0.0692,0,87.0469,0.16055,0.95915,477.9456,1376.9287
53.7998,11426.2784,39.6847,239.9987,9.1944,-0.0021873,-0.13142,1.0121,90.0037,-0.26245,4.4326,5.1688,11.0595,-34.9523,-1.3033e-05,1.3361,0.005512,9.4382e-07,0.069211,0,87.1913,0.16049,0.9483,477.9444,1376.9108
53.8081,11426.6091,39.6847,239.9983,9.1944,-0.0021498,-0.12298,1.6505,90.0015,-0.25978,4.4326,5.2862,12.4858,-34.8727,2.5243e-05,1.3057,0.030868,9.4361e-07,0.069222,0,87.3358,0.1605,0.92915,477.9432,1376.893
53.8165,11426.9398,39.6847,239.9981,9.1944,-0.002048,-0.10923,2.2763,89.9993,-0.24485,4.4327,5.3988,13.7939,-34.7939,2.7865e-05,1.2765,0.053327,9.4342e-07,0.069233,0,87.4804,0.16058,0.90622,477.942,1376.8752
53.8248,11427.2705,39.6849,239.9981,9.1944,-0.0019146,-0.09026,2.8899,89.9973,-0.21906,4.4327,5.5046,14.9316,-34.7132,8.1253e-06,1.2486,0.072421,9.4323e-07,0.069244,0,87.6249,0.16072,0.88155,477.9408,1376.8573
53.8267,11427.2705,39.6849,239.9981,9.1944,-0.0019146,-0.09026,2.8899,89.9973,-0.21906,4.4327,5.5046,14.9316,-34.7132,8.1253e-06,1.2486,0.072421,9.4323e-07,0.069244,0,87.6249,0.16071,0.87808,477.9408,1376.8573
53.8267,11427.2705,39.6849,239.9981,9.1944,-0.0019146,-0.09026,2.8899,89.9973,-0.21906,4.4327,5.5046,14.9316,-34.7132,8.1253e-06,1.2486,0.072421,9.4323e-07,0.069244,0,87.6249,0.16071,0.87808,477.9408,1376.8573
53.8331,11427.6012,39.6851,239.9983,9.1944,-0.0017799,-0.066178,3.4916,89.9955,-0.18404,4.4327,5.6023,15.8705,-34.6316,-2.8443e-05,1.2218,0.087994,9.4306e-07,0.069255,0,87.7696,0.16086,0.85602,477.9397,1376.8395
53.8375,11427.6012,39.6851,239.9983,9.1944,-0.0017799,-0.066178,3.4916,89.9955,-0.18404,4.4327,5.6023,15.8705,-34.6316,-2.8443e-05,1.2218,0.087994,9.4306e-07,0.069255,0,87.7696,0.16085,0.85793,477.9397,1376.8395
53.8375,11427.6012,39.6851,239.9983,9.1944,-0.0017799,-0.066178,3.4916,89.9955,-0.18404,4.4327,5.6023,15.8705,-34.6316,-2.8443e-05,1.2218,0.087994,9.4306e-07,0.069255,0,87.7696,0.16085,0.85793,477.9397,1376.8395
53.8415,11427.9319,39.6854,239.9987,9.1944,-0.001674,-0.037081,4.0818,89.9939,-0.14148,4.4327,5.6912,16.6007,-34.5492,-5.3981e-05,0.79614,0.10012,9.4289e-07,0.069266,0,87.9142,0.161,0.83007,477.9385,1376.8216
53.8454,11427.9319,39.6854,239.9987,9.1944,-0.001674,-0.037081,4.0818,89.9939,-0.14148,4.4327,5.6912,16.6007,-34.5492,-5.3981e-05,0.79614,0.10012,9.4289e-07,0.069266,0,87.9142,0.16098,0.84027,477.9385,1376.8216
53.846,11427.9319,39.6854,239.9987,9.1944,-0.001674,-0.037081,4.0818,89.9939,-0.14148,4.4327,5.6912,16.6007,-34.5492,-5.3981e-05,0.79614,0.10012,9.4289e-07,0.069266,0,87.9142,0.16098,0.8415,477.9385,1376.8216
53.846,11427.9319,39.6854,239.9987,9.1944,-0.001674,-0.037081,4.0818,89.9939,-0.14148,4.4327,5.6912,16.6007,-34.5492,-5.3981e-05,0.79614,0.10012,9.4289e-07,0.069266,0,87.9142,0.16098,0.8415,477.9385,1376.8216
53.8498,11428.2627,39.6857,239.9993,9.1944,-0.0016143,-0.0030658,4.4697,89.9928,-0.093064,4.4326,5.7699,13.4942,-33.472,-5.7686e-05,-0.83899,0.10902,9.4273e-07,0.069276,0,88.0589,0.1611,0.80441,477.9373,1376.8038
53.8535,11428.2627,39.6857,239.9993,9.1944,-0.0016143,-0.0030658,4.4697,89.9928,-0.093064,4.4326,5.7699,13.4942,-33.472,-5.7686e-05,-0.83899,0.10902,9.4273e-07,0.069276,0,88.0589,0.16108,0.82213,477.9373,1376.8038
53.8581,11428.5934,39.6861,240.0001,9.1944,-0.0016132,0.034181,4.0775,89.992,-0.04034,4.4326,5.8402,-0.79502,-29.3894,-2.7464e-05,-1.5656,0.11507,9.4257e-07,0.069287,0,88.1046,0.16115,0.77857,477.9361,1376.786
53.8665,11428.9241,39.6866,240.0011,9.1944,-0.001668,0.068161,3.3389,89.9917,0.01531,4.4326,5.9033,-7.0185,-27.5868,-3.6677e-05,-1.5363,0.11863,9.424e-07,0.069298,0,87.7573,0.16117,0.75247,477.935,1376.7681
53.87,11428.9241,39.6866,240.0011,9.1944,-0.001668,0.068161,3.3389,89.9917,0.01531,4.4326,5.9033,-7.0185,-27.5868,-3.6677e-05,-1.5363,0.11863,9.424e-07,0.069298,0,87.7573,0.16115,0.78454,477.935,1376.7681
53.87,11428.9241,39.6866,240.0011,9.1944,-0.001668,0.068161,3.3389,89.9917,0.01531,4.4326,5.9033,-7.0185,-27.5868,-3.6677e-05,-1.5363,0.11863,9.424e-07,0.069298,0,87.7573,0.16115,0.78454,477.935,1376.7681
53.8748,11429.2548,39.6868,240.0011,9.1944,-0.0017878,0.095985,2.6146,89.9918,0.072686,4.4326,5.7624,-6.5364,-27.6694,-5.8878e-05,-1.5067,0.11793,9.4224e-07,0.069309,0,87.4102,0.16105,0.81512,477.9338,1376.7503
53.8796,11429.2548,39.6868,240.0011,9.1944,-0.0017878,0.095985,2.6146,89.9918,0.072686,4.4326,5.7624,-6.5364,-27.6694,-5.8878e-05,-1.5067,0.11793,9.4224e-07,0.069309,0,87.4102,0.16103,0.83223,477.9338,1376.7503
53.8831,11429.5855,39.6867,240.0005,9.1944,-0.0019589,0.11777,1.9043,89.9924,0.12972,4.4326,5.6135,-6.3162,-27.7502,-8.6544e-05,-1.4754,0.10577,9.4206e-07,0.06932,0,87.0633,0.16084,0.88593,477.9326,1376.7325
53.8915,11429.9163,39.6865,239.9992,9.1943,-0.0021535,0.13364,1.208,89.9935,0.18088,4.4326,5.4384,-6.7953,-27.8331,-3.4978e-05,-1.4429,0.084002,9.4188e-07,0.069331,0,87.0587,0.16057,0.95977,477.9314,1376.7146
53.8998,11430.247,39.6865,239.9986,9.1943,-0.0023022,0.14371,0.52559,89.995,0.22151,4.4326,5.4314,-7.862,-27.922,4.7551e-05,-1.4102,0.057883,9.4169e-07,0.069342,0,87.2032,0.16039,0.94911,477.9302,1376.6968
53.9081,11430.5777,39.6865,239.9981,9.1943,-0.0023676,0.14809,-0.14325,89.9968,0.2495,4.4326,5.4139,-9.1974,-28.0115,0.00014481,-1.3778,0.029971,9.4148e-07,0.069353,0,87.3477,0.1603,0.9301,477.9291,1376.679
53.9165,11430.9084,39.6866,239.9979,9.1943,-0.00233,0.14689,-0.79878,89.9989,0.264,4.4326,5.3924,-10.6462,-28.0988,0.00019288,-1.3461,0.0022069,9.4126e-07,0.069363,0,87.4922,0.16032,0.90726,477.9279,1376.6611
53.9248,11431.2391,39.6867,239.9979,9.1943,-0.0022102,0.14024,-1.4413,90.0011,0.26507,4.4326,5.3722,-12.0907,-28.1794,0.00019483,-1.3154,-0.023855,9.4103e-07,0.069374,0,87.6368,0.16043,0.88265,477.9267,1376.6433
53.9331,11431.5699,39.6869,239.9981,9.1943,-0.0020369,0.12823,-2.0712,90.0033,0.25353,4.4327,5.357,-13.4365,-28.2524,0.00014852,-1.2858,-0.047218,9.4079e-07,0.069385,0,87.7814,0.16062,0.85716,477.9255,1376.6254
53.9415,11431.9006,39.6871,239.9985,9.1943,-0.0018469,0.11097,-2.6888,90.0054,0.2307,4.4327,5.3491,-14.6229,-28.3171,7.0092e-05,-1.2574,-0.067316,9.4054e-07,0.069396,0,87.926,0.16083,0.83117,477.9243,1376.6076
53.9498,11432.2313,39.6875,239.9991,9.1943,-0.0016747,0.088561,-3.2944,90.0073,0.19814,4.4326,5.3497,-15.6155,-28.3741,-2.1965e-05,-1.2303,-0.08391,9.4027e-07,0.069407,0,88.0707,0.16104,0.80487,477.9232,1376.5898
53.9505,11432.2313,39.6875,239.9991,9.1943,-0.0016747,0.088561,-3.2944,90.0073,0.19814,4.4326,5.3497,-15.6155,-28.3741,-2.1965e-05,-1.2303,-0.08391,9.4027e-07,0.069407,0,88.0707,0.16104,0.80886,477.9232,1376.5898
53.9505,11432.2313,39.6875,239.9991,9.1943,-0.0016747,0.088561,-3.2944,90.0073,0.19814,4.4326,5.3497,-15.6155,-28.3741,-2.1965e-05,-1.2303,-0.08391,9.4027e-07,0.069407,0,88.0707,0.16104,0.80886,477.9232,1376.5898
53.9581,11432.562,39.6879,239.9999,9.1943,-0.0015487,0.061108,-3.8883,90.009,0.15756,4.4326,5.3592,-16.3997,-28.4243,-9.8232e-05,-1.0878,-0.097015,9.4e-07,0.069418,0,88.182,0.16122,0.77832,477.922,1376.5719
53.96,11432.562,39.6879,239.9999,9.1943,-0.0015487,0.061108,-3.8883,90.009,0.15756,4.4326,5.3592,-16.3997,-28.4243,-9.8232e-05,-1.0878,-0.097015,9.4e-07,0.069418,0,88.182,0.16121,0.79223,477.922,1376.5719
53.96,11432.562,39.6879,239.9999,9.1943,-0.0015487,0.061108,-3.8883,90.009,0.15756,4.4326,5.3592,-16.3997,-28.4243,-9.8232e-05,-1.0878,-0.097015,9.4e-07,0.069418,0,88.182,0.16121,0.79223,477.922,1376.5719
53.9665,11432.8928,39.6884,240.001,9.1943,-0.0014845,0.028706,-4.4152,90.0103,0.11064,4.4326,5.3761,-15.9178,-28.7625,-0.00018704,0.32807,-0.10683,9.3972e-07,0.069429,0,87.8347,0.16135,0.75204,477.9208,1376.5541
53.9729,11432.8928,39.6884,240.001,9.1943,-0.0014845,0.028706,-4.4152,90.0103,0.11064,4.4326,5.3761,-15.9178,-28.7625,-0.00018704,0.32807,-0.10683,9.3972e-07,0.069429,0,87.8347,0.16133,0.80359,477.9208,1376.5541
53.9748,11433.2235,39.6885,240.0009,9.1943,-0.0015108,-0.0080872,-4.2668,90.0112,0.058978,4.4326,5.2023,-3.6796,-32.297,-0.00023615,1.573,-0.11367,9.3943e-07,0.069439,0,87.4876,0.16133,0.81471,477.9196,1376.5363
53.9831,11433.5542,39.6885,240.0003,9.1943,-0.0016288,-0.043644,-3.5245,90.0117,0.0040056,4.4326,5.0376,7.19,-35.4186,-0.00026261,1.5437,-0.11789,9.3914e-07,0.06945,0,87.1408,0.16118,0.88572,477.9185,1376.5184
53.9852,11433.5542,39.6885,240.0003,9.1943,-0.0016288,-0.043644,-3.5245,90.0117,0.0040056,4.4326,5.0376,7.19,-35.4186,-0.00026261,1.5437,-0.11789,9.3914e-07,0.06945,0,87.1408,0.16117,0.88087,477.9185,1376.5184
53.9852,11433.5542,39.6885,240.0003,9.1943,-0.0016288,-0.043644,-3.5245,90.0117,0.0040056,4.4326,5.0376,7.19,-35.4186,-0.00026261,1.5437,-0.11789,9.3914e-07,0.06945,0,87.1408,0.16117,0.88087,477.9185,1376.5184
53.9915,11433.885,39.6883,239.999,9.1943,-0.0018239,-0.073015,-2.7966,90.0118,-0.053009,4.4326,4.8815,6.6602,-35.354,-0.00019508,1.5143,-0.11929,9.3886e-07,0.069461,0,87.03,0.16091,0.95982,477.9173,1376.5006
53.9977,11433.885,39.6883,239.999,9.1943,-0.0018239,-0.073015,-2.7966,90.0118,-0.053009,4.4326,4.8815,6.6602,-35.354,-0.00019508,1.5143,-0.11929,9.3886e-07,0.069461,0,87.03,0.16089,0.91415,477.9173,1376.5006
53.9983,11433.885,39.6883,239.999,9.1943,-0.0018239,-0.073015,-2.7966,90.0118,-0.053009,4.4326,4.8815,6.6602,-35.354,-0.00019508,1.5143,-0.11929,9.3886e-07,0.069461,0,87.03,0.16089,0.91087,477.9173,1376.5006
53.9983,11433.885,39.6883,239.999,9.1943,-0.0018239,-0.073015,-2.7966,90.0118,-0.053009,4.4326,4.8815,6.6602,-35.354,-0.00019508,1.5143,-0.11929,9.3886e-07,0.069461,0,87.03,0.16089,0.91087,477.9173,1376.5006
53.9998,11434.2157,39.6883,239.9984,9.1943,-0.0020341,-0.09632,-2.0828,90.0113,-0.1107,4.4326,4.9244,6.3058,-35.2927,-7.9842e-05,1.4837,-0.11103,9.3858e-07,0.069472,0,87.1745,0.16067,0.94945,477.9161,1376.4828
54.0013,11434.2157,39.6883,239.9984,9.1943,-0.0020341,-0.09632,-2.0828,90.0113,-0.1107,4.4326,4.9244,6.3058,-35.2927,-7.9842e-05,1.4837,-0.11103,9.3858e-07,0.069472,0,87.1745,0.16066,0.93727,477.9161,1376.4828
54.0042,11434.2157,39.6883,239.9984,9.1943,-0.0020341,-0.09632,-2.0828,90.0113,-0.1107,4.4326,4.9244,6.3058,-35.2927,-7.9842e-05,1.4837,-0.11103,9.3858e-07,0.069472,0,87.1745,0.16065,0.91774,477.9161,1376.4828
54.0081,11434.5464,39.6883,239.9979,9.1943,-0.0022105,-0.11368,-1.383,90.0104,-0.1644,4.4326,4.9917,6.5437,-35.2293,6.4778e-05,1.4513,-0.091081,9.383e-07,0.069483,0,87.3189,0.16047,0.93069,477.9149,1376.4649
54.0165,11434.8772,39.6884,239.9977,9.1943,-0.0023072,-0.1252,-0.69705,90.009,-0.20846,4.4326,5.0886,7.4968,-35.1619,0.00017249,1.4186,-0.065783,9.3804e-07,0.069494,0,87.4635,0.16036,0.90809,477.9137,1376.4471
54.0248,11435.2079,39.6885,239.9977,9.1943,-0.0023175,-0.13101,-0.024784,90.0073,-0.24027,4.4326,5.1999,8.7806,-35.0897,0.00023921,1.3861,-0.038104,9.3778e-07,0.069505,0,87.608,0.16034,0.88365,477.9126,1376.4293
54.0331,11435.5386,39.6887,239.9979,9.1942,-0.0022458,-0.13122,0.6341,90.0053,-0.2587,4.4326,5.318,10.2149,-35.0138,0.00025091,1.3542,-0.010056,9.3753e-07,0.069516,0,87.7526,0.16042,0.85826,477.9114,1376.4114
54.0415,11435.8694,39.6889,239.9983,9.1942,-0.002113,-0.12593,1.2799,90.0031,-0.26357,4.4326,5.438,11.6774,-34.934,0.00021274,1.3232,0.016656,9.373e-07,0.069526,0,87.8972,0.16058,0.83233,477.9102,1376.3936
54.0498,11436.2001,39.6893,239.9989,9.1942,-0.001947,-0.11527,1.913,90.0009,-0.25551,4.4326,5.5553,13.0646,-34.8512,0.00013464,1.2933,0.04089,9.3708e-07,0.069537,0,88.0419,0.16078,0.80606,477.909,1376.3758
54.0581,11436.5309,39.6897,239.9997,9.1942,-0.0017787,-0.099325,2.5337,89.9988,-0.23574,4.4326,5.6671,14.3071,-34.7662,3.3233e-05,1.2646,0.061974,9.3686e-07,0.069548,0,88.1866,0.161,0.77951,477.9079,1376.3579
54.0665,11436.8616,39.6901,240.0007,9.1942,-0.0016367,-0.078211,3.1423,89.9968,-0.20577,4.4326,5.7713,15.3637,-34.6802,-0.00011591,1.2372,0.079583,9.3666e-07,0.069559,0,87.8393,0.16121,0.75273,477.9067,1376.3401
54.0735,11436.8616,39.6901,240.0007,9.1942,-0.0016367,-0.078211,3.1423,89.9968,-0.20577,4.4326,5.7713,15.3637,-34.6802,-0.00011591,1.2372,0.079583,9.3666e-07,0.069559,0,87.8393,0.16119,0.80699,477.9067,1376.3401
54.0735,11436.8616,39.6901,240.0007,9.1942,-0.0016367,-0.078211,3.1423,89.9968,-0.20577,4.4326,5.7713,15.3637,-34.6802,-0.00011591,1.2372,0.079583,9.3666e-07,0.069559,0,87.8393,0.16119,0.80699,477.9067,1376.3401
54.0748,11437.1924,39.6903,240.0007,9.1942,-0.0015647,-0.052026,3.7391,89.9951,-0.16728,4.4326,5.6688,16.2148,-34.5914,-0.0002555,1.2069,0.093671,9.3646e-07,0.06957,0,87.4922,0.16128,0.81469,477.9055,1376.3223
54.0761,11437.1924,39.6903,240.0007,9.1942,-0.0015647,-0.052026,3.7391,89.9951,-0.16728,4.4326,5.6688,16.2148,-34.5914,-0.0002555,1.2069,0.093671,9.3646e-07,0.06957,0,87.4922,0.16128,0.82027,477.9055,1376.3223
54.0787,11437.1924,39.6903,240.0007,9.1942,-0.0015647,-0.052026,3.7391,89.9951,-0.16728,4.4326,5.6688,16.2148,-34.5914,-0.0002555,1.2069,0.093671,9.3646e-07,0.06957,0,87.4922,0.16127,0.82947,477.9055,1376.3223
54.0831,11437.5231,39.6903,240.0001,9.1942,-0.0015806,-0.020867,4.3226,89.9937,-0.12198,4.4326,5.5585,16.82,-34.493,-0.00035954,0.10886,0.10439,9.3627e-07,0.069581,0,87.1454,0.16123,0.88528,477.9043,1376.3044
54.0915,11437.8539,39.69,239.9988,9.1942,-0.0016897,0.015155,4.3826,89.9927,-0.071493,4.4327,5.4404,7.5217,-31.7369,-0.00032029,-1.5266,0.11203,9.3609e-07,0.069592,0,87.0285,0.16105,0.95939,477.9031,1376.2866
54.0998,11438.1846,39.69,239.9982,9.1942,-0.0018459,0.051677,3.6624,89.9921,-0.017315,4.4327,5.5056,-6.8514,-27.6623,-0.00019942,-1.549,0.11695,9.359e-07,0.069602,0,87.1729,0.16086,0.94919,477.902,1376.2687
54.1009,11438.1846,39.69,239.9982,9.1942,-0.0018459,0.051677,3.6624,89.9921,-0.017315,4.4327,5.5056,-6.8514,-27.6623,-0.00019942,-1.549,0.11695,9.359e-07,0.069602,0,87.1729,0.16086,0.93959,477.902,1376.2687
54.1009,11438.1846,39.69,239.9982,9.1942,-0.0018459,0.051677,3.6624,89.9921,-0.017315,4.4327,5.5056,-6.8514,-27.6623,-0.00019942,-1.549,0.11695,9.359e-07,0.069602,0,87.1729,0.16086,0.93959,477.902,1376.2687
54.1081,11438.5154,39.69,239.9977,9.1942,-0.0020121,0.082197,2.9318,89.992,0.039247,4.4327,5.5637,-6.7543,-27.6236,-3.7809e-05,-1.5199,0.11956,9.3571e-07,0.069613,0,87.3174,0.16067,0.93068,477.9008,1376.2509
54.1137,11438.5154,39.69,239.9977,9.1942,-0.0020121,0.082197,2.9318,89.992,0.039247,4.4327,5.5637,-6.7543,-27.6236,-3.7809e-05,-1.5199,0.11956,9.3571e-07,0.069613,0,87.3174,0.16065,0.90127,477.9008,1376.2509
54.1137,11438.5154,39.69,239.9977,9.1942,-0.0020121,0.082197,2.9318,89.992,0.039247,4.4327,5.5637,-6.7543,-27.6236,-3.7809e-05,-1.5199,0.11956,9.3571e-07,0.069613,0,87.3174,0.16065,0.90127,477.9008,1376.2509
54.1165,11438.8461,39.6901,239.9975,9.1942,-0.002153,0.10663,2.2154,89.9923,0.097068,4.4327,5.6163,-6.3321,-27.7143,0.00010172,-1.4897,0.11437,9.3552e-07,0.069624,0,87.4619,0.16052,0.90833,477.8996,1376.2331
54.1192,11438.8461,39.6901,239.9975,9.1942,-0.002153,0.10663,2.2154,89.9923,0.097068,4.4327,5.6163,-6.3321,-27.7143,0.00010172,-1.4897,0.11437,9.3552e-07,0.069624,0,87.4619,0.16051,0.89708,477.8996,1376.2331
54.1248,11439.1769,39.6902,239.9975,9.1942,-0.0022545,0.12509,1.513,89.9931,0.15238,4.4327,5.6501,-6.3861,-27.8047,0.00021256,-1.4576,0.096187,9.3532e-07,0.069635,0,87.6064,0.16042,0.88415,477.8984,1376.2153
54.1331,11439.5076,39.6904,239.9977,9.1942,-0.0022965,0.1377,0.82444,89.9944,0.1989,4.4326,5.6524,-7.2333,-27.8967,0.00027868,-1.4249,0.071701,9.351e-07,0.069646,0,87.751,0.16038,0.85899,477.8972,1376.1974
54.1415,11439.8384,39.6907,239.998,9.1942,-0.0022733,0.14457,0.14963,89.996,0.23358,4.4326,5.6398,-8.4677,-27.9861,0.00029952,-1.3924,0.044351,9.3488e-07,0.069657,0,87.8956,0.16043,0.83324,477.8961,1376.1796
54.1498,11440.1691,39.691,239.9986,9.1942,-0.0021892,0.14581,-0.51175,89.998,0.25503,4.4326,5.6211,-9.8805,-28.0708,0.00027332,-1.3603,0.016195,9.3465e-07,0.069668,0,88.0403,0.16055,0.80709,477.8949,1376.1618
54.1581,11440.4999,39.6914,239.9994,9.1942,-0.0020591,0.14155,-1.16,90.0001,0.26287,4.4326,5.6012,-11.3468,-28.1494,0.00020588,-1.3291,-0.010944,9.344e-07,0.069679,0,88.1849,0.16073,0.78061,477.8937,1376.1439
54.1664,11440.8306,39.6919,240.0005,9.1942,-0.001905,0.13188,-1.7954,90.0023,0.25758,4.4326,5.5845,-12.756,-28.2212,6.4247e-05,-1.299,-0.035804,9.3414e-07,0.069689,0,87.8377,0.16095,0.75388,477.8925,1376.1261
54.1748,11441.1614,39.692,240.0004,9.1942,-0.001773,0.11692,-2.4184,90.0044,0.24026,4.4326,5.376,-14.0314,-28.2831,-0.00010433,-1.27,-0.057624,9.3387e-07,0.0697,0,87.4906,0.16108,0.81583,477.8914,1376.1083
54.1831,11441.4922,39.692,239.9998,9.1942,-0.0016929,0.096769,-3.0292,90.0064,0.21239,4.4326,5.1774,-15.1266,-28.3375,-0.0002739,-1.2423,-0.07601,9.3358e-07,0.069711,0,87.1438,0.16112,0.8861,477.8902,1376.0904
54.1875,11441.4922,39.692,239.9998,9.1942,-0.0016929,0.096769,-3.0292,90.0064,0.21239,4.4326,5.1774,-15.1266,-28.3375,-0.0002739,-1.2423,-0.07601,9.3358e-07,0.069711,0,87.1438,0.16111,0.87701,477.8902,1376.0904
54.1875,11441.4922,39.692,239.9998,9.1942,-0.0016929,0.096769,-3.0292,90.0064,0.21239,4.4326,5.1774,-15.1266,-28.3375,-0.0002739,-1.2423,-0.07601,9.3358e-07,0.069711,0,87.1438,0.16111,0.87701,477.8902,1376.0904
54.1914,11441.8229,39.6917,239.9986,9.1942,-0.001686,0.071525,-3.6283,90.0082,0.17563,4.4327,4.9893,-16.0176,-28.3857,-0.00033394,-1.2158,-0.090861,9.3329e-07,0.069722,0,87.1082,0.16106,0.95951,477.889,1376.0726
54.1954,11441.8229,39.6917,239.9986,9.1942,-0.001686,0.071525,-3.6283,90.0082,0.17563,4.4327,4.9893,-16.0176,-28.3857,-0.00033394,-1.2158,-0.090861,9.3329e-07,0.069722,0,87.1082,0.16104,0.92774,477.889,1376.0726
54.1985,11441.8229,39.6917,239.9986,9.1942,-0.001686,0.071525,-3.6283,90.0082,0.17563,4.4327,4.9893,-16.0176,-28.3857,-0.00033394,-1.2158,-0.090861,9.3329e-07,0.069722,0,87.1082,0.16103,0.90974,477.889,1376.0726
54.1985,11441.8229,39.6917,239.9986,9.1942,-0.001686,0.071525,-3.6283,90.0082,0.17563,4.4327,4.9893,-16.0176,-28.3857,-0.00033394,-1.2158,-0.090861,9.3329e-07,0.069722,0,87.1082,0.16103,0.90974,477.889,1376.0726
54.1998,11442.1537,39.6917,239.9979,9.1941,-0.0017227,0.04129,-4.2158,90.0097,0.13169,4.4327,5.0007,-16.6981,-28.4342,-0.00030872,-0.42048,-0.1023,9.3299e-07,0.069733,0,87.2526,0.16098,0.94878,477.8878,1376.0548
54.201,11442.1537,39.6917,239.9979,9.1941,-0.0017227,0.04129,-4.2158,90.0097,0.13169,4.4327,5.0007,-16.6981,-28.4342,-0.00030872,-0.42048,-0.1023,9.3299e-07,0.069733,0,87.2526,0.16098,0.93846,477.8878,1376.0548
54.2036,11442.1537,39.6917,239.9979,9.1941,-0.0017227,0.04129,-4.2158,90.0097,0.13169,4.4327,5.0007,-16.6981,-28.4342,-0.00030872,-0.42048,-0.1023,9.3299e-07,0.069733,0,87.2526,0.16097,0.92134,477.8878,1376.0548
54.2067,11442.1537,39.6917,239.9979,9.1941,-0.0017227,0.04129,-4.2158,90.0097,0.13169,4.4327,5.0007,-16.6981,-28.4342,-0.00030872,-0.42048,-0.1023,9.3299e-07,0.069733,0,87.2526,0.16096,0.90531,477.8878,1376.0548
54.2067,11442.1537,39.6917,239.9979,9.1941,-0.0017227,0.04129,-4.2158,90.0097,0.13169,4.4327,5.0007,-16.6981,-28.4342,-0.00030872,-0.42048,-0.1023,9.3299e-07,0.069733,0,87.2526,0.16096,0.90531,477.8878,1376.0548
54.2081,11442.4845,39.6917,239.9975,9.1941,-0.0017852,0.0061583,-4.4245,90.0108,0.08222,4.4327,5.0188,-10.1899,-30.4157,-0.00019613,1.2156,-0.11055,9.3269e-07,0.069744,0,87.3971,0.1609,0.93029,477.8866,1376.0369
54.2095,11442.4845,39.6917,239.9975,9.1941,-0.0017852,0.0061583,-4.4245,90.0108,0.08222,4.4327,5.0188,-10.1899,-30.4157,-0.00019613,1.2156,-0.11055,9.3269e-07,0.069744,0,87.3971,0.16089,0.92121,477.8866,1376.0369
54.2124,11442.4845,39.6917,239.9975,9.1941,-0.0017852,0.0061583,-4.4245,90.0108,0.08222,4.4327,5.0188,-10.1899,-30.4157,-0.00019613,1.2156,-0.11055,9.3269e-07,0.069744,0,87.3971,0.16088,0.90652,477.8866,1376.0369
54.2164,11442.8152,39.6918,239.9973,9.1941,-0.0018549,-0.030712,-3.8526,90.0115,0.028756,4.4327,5.0442,4.1423,-34.5213,-6.4088e-05,1.5565,-0.11605,9.3238e-07,0.069755,0,87.5416,0.16082,0.9081,477.8855,1376.0191
54.2168,11442.8152,39.6918,239.9973,9.1941,-0.0018549,-0.030712,-3.8526,90.0115,0.028756,4.4327,5.0442,4.1423,-34.5213,-6.4088e-05,1.5565,-0.11605,9.3238e-07,0.069755,0,87.5416,0.16082,0.90653,477.8855,1376.0191
54.2168,11442.8152,39.6918,239.9973,9.1941,-0.0018549,-0.030712,-3.8526,90.0115,0.028756,4.4327,5.0442,4.1423,-34.5213,-6.4088e-05,1.5565,-0.11605,9.3238e-07,0.069755,0,87.5416,0.16082,0.90653,477.8855,1376.0191
54.2248,11443.146,39.692,239.9972,9.1941,-0.0019303,-0.062817,-3.1184,90.0117,-0.027368,4.4327,5.0766,6.8917,-35.3921,5.4873e-05,1.5273,-0.11913,9.3207e-07,0.069765,0,87.6861,0.16074,0.88418,477.8843,1376.0013
54.2293,11443.146,39.692,239.9972,9.1941,-0.0019303,-0.062817,-3.1184,90.0117,-0.027368,4.4327,5.0766,6.8917,-35.3921,5.4873e-05,1.5273,-0.11913,9.3207e-07,0.069765,0,87.6861,0.16073,0.87612,477.8843,1376.0013
54.2293,11443.146,39.692,239.9972,9.1941,-0.0019303,-0.062817,-3.1184,90.0117,-0.027368,4.4327,5.0766,6.8917,-35.3921,5.4873e-05,1.5273,-0.11913,9.3207e-07,0.069765,0,87.6861,0.16073,0.87612,477.8843,1376.0013
54.2331,11443.4768,39.6922,239.9974,9.1941,-0.0020045,-0.088803,-2.3984,90.0115,-0.084986,4.4327,5.1156,6.4334,-35.335,0.00014548,1.4974,-0.11601,9.3176e-07,0.069776,0,87.8307,0.16068,0.85929,477.8831,1375.9834
54.2369,11443.4768,39.6922,239.9974,9.1941,-0.0020045,-0.088803,-2.3984,90.0115,-0.084986,4.4327,5.1156,6.4334,-35.335,0.00014548,1.4974,-0.11601,9.3176e-07,0.069776,0,87.8307,0.16067,0.86013,477.8831,1375.9834
54.2414,11443.8075,39.6924,239.9978,9.1941,-0.0020695,-0.10879,-1.6924,90.0108,-0.1411,4.4327,5.171,6.3568,-35.273,0.00020554,1.4657,-0.1006,9.3147e-07,0.069787,0,87.9753,0.16064,0.83382,477.8819,1375.9656
54.2498,11444.1383,39.6928,239.9984,9.1941,-0.0021087,-0.12289,-1.0003,90.0096,-0.18975,4.4326,5.2579,7.0324,-35.2034,0.00023199,1.4331,-0.077344,9.3118e-07,0.069798,0,88.1199,0.16064,0.8079,477.8808,1375.9478
54.2581,11444.4691,39.6932,239.9992,9.1941,-0.0021097,-0.13123,-0.32207,90.008,-0.22716,4.4326,5.3654,8.1895,-35.128,0.00022621,1.4005,-0.050565,9.309e-07,0.069809,0,88.2646,0.16069,0.78162,477.8796,1375.9299
54.2664,11444.7998,39.6936,240.0002,9.1941,-0.0020687,-0.13391,0.34271,90.0061,-0.25161,4.4326,5.4825,9.5666,-35.049,0.00014542,1.3683,-0.022523,9.3063e-07,0.06982,0,87.9173,0.1608,0.75502,477.8784,1375.9121
54.2748,11445.1306,39.6938,240.0002,9.1941,-0.0020114,-0.13106,0.99428,90.004,-0.26251,4.4326,5.4076,11.0263,-34.9643,2.4474e-05,1.3369,0.0049025,9.3037e-07,0.069831,0,87.5703,0.16085,0.81605,477.8772,1375.8943
54.2831,11445.4614,39.6937,239.9995,9.1941,-0.0019573,-0.12277,1.633,90.0018,-0.26014,4.4326,5.3317,12.4543,-34.8766,-0.00012027,1.3065,0.030313,9.3012e-07,0.069842,0,87.2235,0.16087,0.88624,477.876,1375.8764
54.2914,11445.7922,39.6935,239.9983,9.1941,-0.0019261,-0.10916,2.2591,89.9997,-0.24548,4.4327,5.253,13.7656,-34.7874,-0.00018839,1.2772,0.052838,9.2988e-07,0.069852,0,87.1235,0.16082,0.95962,477.8749,1375.8586
54.2998,11446.123,39.6934,239.9977,9.1941,-0.0018967,-0.090337,2.873,89.9976,-0.21993,4.4327,5.3588,14.9072,-34.7026,-0.00021001,1.2492,0.072008,9.2965e-07,0.069863,0,87.2679,0.16082,0.94869,477.8737,1375.8408
54.3014,11446.123,39.6934,239.9977,9.1941,-0.0018967,-0.090337,2.873,89.9976,-0.21993,4.4327,5.3588,14.9072,-34.7026,-0.00021001,1.2492,0.072008,9.2965e-07,0.069863,0,87.2679,0.16081,0.93569,477.8737,1375.8408
54.3014,11446.123,39.6934,239.9977,9.1941,-0.0018967,-0.090337,2.873,89.9976,-0.21993,4.4327,5.3588,14.9072,-34.7026,-0.00021001,1.2492,0.072008,9.2965e-07,0.069863,0,87.2679,0.16081,0.93569,477.8737,1375.8408
54.3081,11446.4537,39.6934,239.9972,9.1941,-0.0018664,-0.066396,3.475,89.9958,-0.1851,4.4327,5.4559,15.8506,-34.6208,-0.00018084,1.2224,0.087659,9.2944e-07,0.069874,0,87.4124,0.16082,0.92949,477.8725,1375.823
54.3122,11446.4537,39.6934,239.9972,9.1941,-0.0018664,-0.066396,3.475,89.9958,-0.1851,4.4327,5.4559,15.8506,-34.6208,-0.00018084,1.2224,0.087659,9.2944e-07,0.069874,0,87.4124,0.16081,0.90693,477.8725,1375.823
54.3122,11446.4537,39.6934,239.9972,9.1941,-0.0018664,-0.066396,3.475,89.9958,-0.1851,4.4327,5.4559,15.8506,-34.6208,-0.00018084,1.2224,0.087659,9.2944e-07,0.069874,0,87.4124,0.16081,0.90693,477.8725,1375.823
54.3164,11446.7845,39.6935,239.997,9.1941,-0.001833,-0.037438,4.0654,89.9942,-0.14271,4.4327,5.5439,16.5854,-34.5419,-0.00013702,0.83548,0.099862,9.2923e-07,0.069885,0,87.5568,0.16084,0.9066,477.8713,1375.8051
54.3207,11446.7845,39.6935,239.997,9.1941,-0.001833,-0.037438,4.0654,89.9942,-0.14271,4.4327,5.5439,16.5854,-34.5419,-0.00013702,0.83548,0.099862,9.2923e-07,0.069885,0,87.5568,0.16083,0.89118,477.8713,1375.8051
54.3208,11446.7845,39.6935,239.997,9.1941,-0.001833,-0.037438,4.0654,89.9942,-0.14271,4.4327,5.5439,16.5854,-34.5419,-0.00013702,0.83548,0.099862,9.2923e-07,0.069885,0,87.5568,0.16083,0.89094,477.8713,1375.8051
54.3208,11446.7845,39.6935,239.997,9.1941,-0.001833,-0.037438,4.0654,89.9942,-0.14271,4.4327,5.5439,16.5854,-34.5419,-0.00013702,0.83548,0.099862,9.2923e-07,0.069885,0,87.5568,0.16083,0.89094,477.8713,1375.8051
54.3248,11447.1153,39.6937,239.997,9.1941,-0.0018122,-0.0035591,4.4721,89.9931,-0.094414,4.4327,5.6215,13.8351,-33.5648,-7.1677e-05,-0.79906,0.10883,9.2902e-07,0.069896,0,87.7014,0.16086,0.88262,477.8701,1375.7873
54.3288,11447.1153,39.6937,239.997,9.1941,-0.0018122,-0.0035591,4.4721,89.9931,-0.094414,4.4327,5.6215,13.8351,-33.5648,-7.1677e-05,-0.79906,0.10883,9.2902e-07,0.069896,0,87.7014,0.16085,0.87589,477.8701,1375.7873
54.3331,11447.4461,39.6939,239.9972,9.1941,-0.0018164,0.033708,4.099,89.9923,-0.04178,4.4327,5.6908,-0.44407,-29.4869,1.3026e-05,-1.5662,0.11494,9.2882e-07,0.069907,0,87.8459,0.16087,0.85785,477.869,1375.7695
54.3414,11447.7769,39.6941,239.9976,9.1941,-0.0018505,0.067866,3.36,89.9919,0.013807,4.4327,5.753,-7.032,-27.5859,8.5645e-05,-1.5369,0.11856,9.2861e-07,0.069918,0,87.9905,0.16087,0.83259,477.8678,1375.7516
54.3449,11447.7769,39.6941,239.9976,9.1941,-0.0018505,0.067866,3.36,89.9919,0.013807,4.4327,5.753,-7.032,-27.5859,8.5645e-05,-1.5369,0.11856,9.2861e-07,0.069918,0,87.9905,0.16086,0.8411,477.8678,1375.7516
54.3449,11447.7769,39.6941,239.9976,9.1941,-0.0018505,0.067866,3.36,89.9919,0.013807,4.4327,5.753,-7.032,-27.5859,8.5645e-05,-1.5369,0.11856,9.2861e-07,0.069918,0,87.9905,0.16086,0.8411,477.8678,1375.7516
54.3498,11448.1076,39.6945,239.9982,9.1941,-0.001911,0.095866,2.6354,89.992,0.071147,4.4327,5.8095,-6.5466,-27.6732,0.00013873,-1.5074,0.11812,9.284e-07,0.069928,0,88.1351,0.16085,0.80695,477.8666,1375.7338
54.3547,11448.1076,39.6945,239.9982,9.1941,-0.001911,0.095866,2.6354,89.992,0.071147,4.4327,5.8095,-6.5466,-27.6732,0.00013873,-1.5074,0.11812,9.284e-07,0.069928,0,88.1351,0.16083,0.82814,477.8666,1375.7338
54.3581,11448.4384,39.6949,239.999,9.1941,-0.0019877,0.11783,1.9248,89.9926,0.12827,4.4326,5.8565,-6.3108,-27.7585,0.00017358,-1.4762,0.10631,9.2819e-07,0.069939,0,88.2798,0.16082,0.78093,477.8654,1375.716
54.3664,11448.7692,39.6954,240,9.194,-0.0020589,0.13387,1.2282,89.9937,0.17969,4.4326,5.8759,-6.7687,-27.8454,0.00014464,-1.4437,0.084701,9.2796e-07,0.06995,0,87.9326,0.16082,0.75456,477.8643,1375.6981
54.3748,11449.1,39.6955,240,9.194,-0.0021232,0.1441,0.54545,89.9952,0.22065,4.4326,5.6735,-7.8257,-27.93,8.405e-05,-1.411,0.058656,9.2772e-07,0.069961,0,87.5856,0.16076,0.81676,477.8631,1375.6803
54.3831,11449.4308,39.6955,239.9993,9.194,-0.002173,0.14865,-0.12373,89.997,0.24902,4.4326,5.4628,-9.1566,-28.0113,-1.5143e-06,-1.3786,0.030761,9.2748e-07,0.069972,0,87.2388,0.16067,0.88717,477.8619,1375.6625
54.3914,11449.7616,39.6952,239.9981,9.194,-0.0022071,0.14762,-0.77959,89.9991,0.2639,4.4327,5.2501,-10.6044,-28.0883,-2.333e-05,-1.3469,0.0029668,9.2722e-07,0.069983,0,87.1731,0.16056,0.96067,477.8607,1375.6447
54.3998,11450.0924,39.6952,239.9974,9.194,-0.0021922,0.14112,-1.4225,90.0013,0.26534,4.4327,5.2296,-12.0506,-28.1649,-2.2474e-05,-1.3161,-0.023158,9.2695e-07,0.069994,0,87.3175,0.16053,0.9498,477.8595,1375.6268
54.4081,11450.4232,39.6952,239.997,9.194,-0.0021238,0.12927,-2.0527,90.0035,0.25414,4.4327,5.2134,-13.4,-28.2379,-1.9854e-06,-1.2865,-0.046604,9.2666e-07,0.070005,0,87.462,0.16057,0.93066,477.8584,1375.609
54.4164,11450.754,39.6952,239.9968,9.194,-0.0020063,0.11216,-2.6705,90.0056,0.2316,4.4327,5.2041,-14.5914,-28.3063,-1.0521e-05,-1.2582,-0.066797,9.2636e-07,0.070015,0,87.6064,0.16068,0.90777,477.8572,1375.5912
54.4248,11451.0848,39.6954,239.9968,9.194,-0.0018725,0.089907,-3.2764,90.0076,0.1993,4.4327,5.2032,-15.5897,-28.3672,-3.2816e-05,-1.231,-0.083488,9.2606e-07,0.070026,0,87.751,0.16081,0.88314,477.856,1375.5733
54.4252,11451.0848,39.6954,239.9968,9.194,-0.0018725,0.089907,-3.2764,90.0076,0.1993,4.4327,5.2032,-15.5897,-28.3672,-3.2816e-05,-1.231,-0.083488,9.2606e-07,0.070026,0,87.751,0.16081,0.88229,477.856,1375.5733
54.4252,11451.0848,39.6954,239.9968,9.194,-0.0018725,0.089907,-3.2764,90.0076,0.1993,4.4327,5.2032,-15.5897,-28.3672,-3.2816e-05,-1.231,-0.083488,9.2606e-07,0.070026,0,87.751,0.16081,0.88229,477.856,1375.5733
54.4331,11451.4156,39.6956,239.997,9.194,-0.0017509,0.062604,-3.8706,90.0092,0.15892,4.4327,5.2113,-16.3797,-28.4213,-5.5537e-05,-1.0993,-0.096688,9.2574e-07,0.070037,0,87.8955,0.16094,0.85766,477.8548,1375.5555
54.4347,11451.4156,39.6956,239.997,9.194,-0.0017509,0.062604,-3.8706,90.0092,0.15892,4.4327,5.2113,-16.3797,-28.4213,-5.5537e-05,-1.0993,-0.096688,9.2574e-07,0.070037,0,87.8955,0.16094,0.85833,477.8548,1375.5555
54.4347,11451.4156,39.6956,239.997,9.194,-0.0017509,0.062604,-3.8706,90.0092,0.15892,4.4327,5.2113,-16.3797,-28.4213,-5.5537e-05,-1.0993,-0.096688,9.2574e-07,0.070037,0,87.8955,0.16094,0.85833,477.8548,1375.5555
54.4414,11451.7464,39.6958,239.9974,9.194,-0.0016646,0.030348,-4.403,90.0105,0.11216,4.4327,5.227,-16.002,-28.7353,-6.4292e-05,0.2765,-0.10659,9.2541e-07,0.070048,0,88.0401,0.16105,0.83217,477.8537,1375.5377
54.4482,11451.7464,39.6958,239.9974,9.194,-0.0016646,0.030348,-4.403,90.0105,0.11216,4.4327,5.227,-16.002,-28.7353,-6.4292e-05,0.2765,-0.10659,9.2541e-07,0.070048,0,88.0401,0.16103,0.84681,477.8537,1375.5377
54.4498,11452.0772,39.6962,239.998,9.194,-0.00163,-0.0063429,-4.2792,90.0115,0.060612,4.4327,5.2501,-4.1326,-32.1736,-4.0017e-05,1.5732,-0.11351,9.2508e-07,0.070059,0,88.1847,0.16113,0.8066,477.8525,1375.5199
54.4581,11452.408,39.6966,239.9988,9.194,-0.0016516,-0.042003,-3.5368,90.012,0.0057159,4.4327,5.2806,7.2021,-35.4293,-4.8567e-06,1.544,-0.1178,9.2475e-07,0.07007,0,88.2517,0.16116,0.7808,477.8513,1375.502
54.4601,11452.408,39.6966,239.9988,9.194,-0.0016516,-0.042003,-3.5368,90.012,0.0057159,4.4327,5.2806,7.2021,-35.4293,-4.8567e-06,1.544,-0.1178,9.2475e-07,0.07007,0,88.2517,0.16116,0.7954,477.8513,1375.502
54.4601,11452.408,39.6966,239.9988,9.194,-0.0016516,-0.042003,-3.5368,90.012,0.0057159,4.4327,5.2806,7.2021,-35.4293,-4.8567e-06,1.544,-0.1178,9.2475e-07,0.07007,0,88.2517,0.16116,0.7954,477.8513,1375.502
54.4664,11452.7388,39.6971,239.9998,9.194,-0.0017212,-0.071476,-2.8087,90.012,-0.051257,4.4326,5.3179,6.6683,-35.3688,-1.8778e-05,1.5147,-0.11932,9.2442e-07,0.070081,0,87.9045,0.16116,0.75473,477.8501,1375.4842
54.4728,11452.7388,39.6971,239.9998,9.194,-0.0017212,-0.071476,-2.8087,90.012,-0.051257,4.4326,5.3179,6.6683,-35.3688,-1.8778e-05,1.5147,-0.11932,9.2442e-07,0.070081,0,87.9045,0.16114,0.80453,477.8501,1375.4842
54.4731,11452.7388,39.6971,239.9998,9.194,-0.0017212,-0.071476,-2.8087,90.012,-0.051257,4.4326,5.3179,6.6683,-35.3688,-1.8778e-05,1.5147,-0.11932,9.2442e-07,0.070081,0,87.9045,0.16114,0.80636,477.8501,1375.4842
54.4731,11452.7388,39.6971,239.9998,9.194,-0.0017212,-0.071476,-2.8087,90.012,-0.051257,4.4326,5.3179,6.6683,-35.3688,-1.8778e-05,1.5147,-0.11932,9.2442e-07,0.070081,0,87.9045,0.16114,0.80636,477.8501,1375.4842
54.4748,11453.0696,39.6972,239.9997,9.194,-0.0018452,-0.094882,-2.0948,90.0116,-0.10897,4.4326,5.1648,6.3072,-35.3034,-4.7468e-05,1.4841,-0.1114,9.241e-07,0.070091,0,87.5575,0.16104,0.8172,477.8489,1375.4664
54.4764,11453.0696,39.6972,239.9997,9.194,-0.0018452,-0.094882,-2.0948,90.0116,-0.10897,4.4326,5.1648,6.3072,-35.3034,-4.7468e-05,1.4841,-0.1114,9.241e-07,0.070091,0,87.5575,0.16104,0.8239,477.8489,1375.4664
54.4798,11453.0696,39.6972,239.9997,9.194,-0.0018452,-0.094882,-2.0948,90.0116,-0.10897,4.4326,5.1648,6.3072,-35.3034,-4.7468e-05,1.4841,-0.1114,9.241e-07,0.070091,0,87.5575,0.16103,0.83437,477.8489,1375.4664
54.4831,11453.4004,39.6972,239.9991,9.194,-0.0020049,-0.11234,-1.3948,90.0107,-0.16285,4.4326,5.0378,6.5241,-35.232,-8.6319e-05,1.4518,-0.091622,9.2378e-07,0.070102,0,87.2108,0.16085,0.88785,477.8478,1375.4485
54.4914,11453.7312,39.6969,239.9978,9.194,-0.0021734,-0.12396,-0.70866,90.0093,-0.20716,4.4327,4.9431,7.4671,-35.1542,-4.893e-05,1.4191,-0.066402,9.2347e-07,0.070113,0,87.204,0.1606,0.96154,477.8466,1375.4307
54.4998,11454.062,39.6969,239.9972,9.194,-0.0022897,-0.12987,-0.036228,90.0076,-0.23927,4.4327,5.0539,8.746,-35.078,1.6716e-05,1.3866,-0.038757,9.2317e-07,0.070124,0,87.3484,0.16045,0.95083,477.8454,1375.4129
54.5081,11454.3928,39.6969,239.9967,9.194,-0.002325,-0.13017,0.62282,90.0056,-0.25802,4.4327,5.1712,10.1782,-35.0019,9.576e-05,1.3547,-0.010699,9.2288e-07,0.070135,0,87.4928,0.16039,0.9318,477.8442,1375.3951
54.5164,11454.7236,39.697,239.9965,9.1939,-0.0022673,-0.12498,1.2688,90.0035,-0.2632,4.4327,5.2899,11.6413,-34.9257,0.00012853,1.3236,0.016057,9.226e-07,0.070146,0,87.6373,0.16043,0.90896,477.843,1375.3772
54.5248,11455.0544,39.6971,239.9965,9.1939,-0.0021427,-0.11441,1.902,90.0013,-0.25543,4.4327,5.4062,13.0311,-34.8467,0.00012165,1.2937,0.040354,9.2233e-07,0.070157,0,87.7818,0.16055,0.88436,477.8419,1375.3594
54.5331,11455.3852,39.6973,239.9967,9.1939,-0.0019817,-0.098555,2.5229,89.9992,-0.23592,4.4327,5.5169,14.2773,-34.7655,7.586e-05,1.265,0.061513,9.2208e-07,0.070168,0,87.9263,0.16072,0.85888,477.8407,1375.3416
54.5414,11455.716,39.6975,239.9971,9.1939,-0.0018203,-0.077531,3.1316,89.9972,-0.20617,4.4327,5.6201,15.3384,-34.6824,8.7305e-06,1.2376,0.079201,9.2183e-07,0.070178,0,88.0709,0.16091,0.83293,477.8395,1375.3237
54.5483,11455.716,39.6975,239.9971,9.1939,-0.0018203,-0.077531,3.1316,89.9972,-0.20617,4.4327,5.6201,15.3384,-34.6824,8.7305e-06,1.2376,0.079201,9.2183e-07,0.070178,0,88.0709,0.16088,0.84746,477.8395,1375.3237
54.5483,11455.716,39.6975,239.9971,9.1939,-0.0018203,-0.077531,3.1316,89.9972,-0.20617,4.4327,5.6201,15.3384,-34.6824,8.7305e-06,1.2376,0.079201,9.2183e-07,0.070178,0,88.0709,0.16088,0.84746,477.8395,1375.3237
54.5498,11456.0469,39.6979,239.9977,9.1939,-0.0016895,-0.051435,3.7286,89.9955,-0.16787,4.4327,5.715,16.1942,-34.5984,-5.5933e-05,1.2113,0.093367,9.2159e-07,0.070189,0,88.2155,0.16108,0.80666,477.8383,1375.3059
54.5513,11456.0469,39.6979,239.9977,9.1939,-0.0016895,-0.051435,3.7286,89.9955,-0.16787,4.4327,5.715,16.1942,-34.5984,-5.5933e-05,1.2113,0.093367,9.2159e-07,0.070189,0,88.2155,0.16107,0.81428,477.8383,1375.3059
54.5542,11456.0469,39.6979,239.9977,9.1939,-0.0016895,-0.051435,3.7286,89.9955,-0.16787,4.4327,5.715,16.1942,-34.5984,-5.5933e-05,1.2113,0.093367,9.2159e-07,0.070189,0,88.2155,0.16106,0.82652,477.8383,1375.3059
54.5581,11456.3777,39.6983,239.9985,9.1939,-0.0016105,-0.020363,4.3142,89.9941,-0.12271,4.4327,5.8002,16.8412,-34.5147,-9.8161e-05,0.13555,0.10416,9.2135e-07,0.0702,0,88.305,0.16121,0.78045,477.8372,1375.2881
54.5664,11456.7085,39.6987,239.9995,9.1939,-0.0015949,0.015588,4.3869,89.993,-0.072338,4.4327,5.8759,7.7497,-31.818,-0.00014046,-1.5001,0.11186,9.2112e-07,0.070211,0,87.9578,0.16129,0.75438,477.836,1375.2703
54.5748,11457.0393,39.6989,239.9995,9.1939,-0.001665,0.052146,3.6793,89.9924,-0.018238,4.4327,5.7455,-6.6209,-27.7383,-0.00016329,-1.5495,0.11685,9.2089e-07,0.070222,0,87.6108,0.16123,0.81699,477.8348,1375.2524
54.5759,11457.0393,39.6989,239.9995,9.1939,-0.001665,0.052146,3.6793,89.9924,-0.018238,4.4327,5.7455,-6.6209,-27.7383,-0.00016329,-1.5495,0.11685,9.2089e-07,0.070222,0,87.6108,0.16122,0.82155,477.8348,1375.2524
54.5759,11457.0393,39.6989,239.9995,9.1939,-0.001665,0.052146,3.6793,89.9924,-0.018238,4.4327,5.7455,-6.6209,-27.7383,-0.00016329,-1.5495,0.11685,9.2089e-07,0.070222,0,87.6108,0.16122,0.82155,477.8348,1375.2524
54.5831,11457.3701,39.6989,239.9988,9.1939,-0.0018139,0.082807,2.9485,89.9923,0.038274,4.4327,5.6104,-6.7652,-27.624,-0.00018491,-1.5204,0.11952,9.2066e-07,0.070233,0,87.2641,0.16104,0.88788,477.8336,1375.2346
54.5886,11457.3701,39.6989,239.9988,9.1939,-0.0018139,0.082807,2.9485,89.9923,0.038274,4.4327,5.6104,-6.7652,-27.624,-0.00018491,-1.5204,0.11952,9.2066e-07,0.070233,0,87.2641,0.16103,0.87669,477.8336,1375.2346
54.5886,11457.3701,39.6989,239.9988,9.1939,-0.0018139,0.082807,2.9485,89.9923,0.038274,4.4327,5.6104,-6.7652,-27.624,-0.00018491,-1.5204,0.11952,9.2066e-07,0.070233,0,87.2641,0.16103,0.87669,477.8336,1375.2346
54.5914,11457.701,39.6986,239.9976,9.1939,-0.0020254,0.10738,2.2318,89.9926,0.096079,4.4327,5.472,-6.3387,-27.7043,-0.00011566,-1.4902,0.11453,9.2042e-07,0.070244,0,87.189,0.16076,0.96181,477.8324,1375.2168
54.5943,11457.701,39.6986,239.9976,9.1939,-0.0020254,0.10738,2.2318,89.9926,0.096079,4.4327,5.472,-6.3387,-27.7043,-0.00011566,-1.4902,0.11453,9.2042e-07,0.070244,0,87.189,0.16075,0.93703,477.8324,1375.2168
54.5998,11458.0318,39.6986,239.9969,9.1939,-0.0022316,0.12598,1.5292,89.9934,0.15147,4.4327,5.5061,-6.3809,-27.7906,-6.0174e-06,-1.4582,0.096593,9.2017e-07,0.070255,0,87.3334,0.16052,0.95135,477.8313,1375.199
54.6081,11458.3626,39.6986,239.9965,9.1939,-0.0023794,0.13872,0.8404,89.9947,0.19819,4.4327,5.5082,-7.2132,-27.8824,0.00012716,-1.4255,0.072221,9.1991e-07,0.070265,0,87.4778,0.16034,0.93255,477.8301,1375.1811
54.6164,11458.6934,39.6986,239.9962,9.1939,-0.0024303,0.14572,0.16535,89.9963,0.23312,4.4327,5.4947,-8.4406,-27.9754,0.00021862,-1.393,0.044924,9.1964e-07,0.070276,0,87.6222,0.16027,0.90989,477.8289,1375.1633
54.6248,11459.0242,39.6988,239.9962,9.1939,-0.0023865,0.1471,-0.49626,89.9983,0.25485,4.4327,5.4748,-9.8501,-28.0639,0.00026332,-1.3609,0.01678,9.1936e-07,0.070287,0,87.7667,0.16031,0.88541,477.8277,1375.1455
54.6331,11459.3551,39.699,239.9964,9.1939,-0.0022626,0.14297,-1.1447,90.0004,0.26296,4.4327,5.4537,-11.3156,-28.1463,0.00025115,-1.3297,-0.010383,9.1907e-07,0.070298,0,87.9113,0.16045,0.86001,477.8265,1375.1277
54.6414,11459.6859,39.6992,239.9968,9.1939,-0.002088,0.13343,-1.7804,90.0026,0.25794,4.4327,5.4359,-12.7262,-28.2211,0.00019114,-1.2995,-0.035291,9.1877e-07,0.070309,0,88.0558,0.16064,0.8341,477.8254,1375.1098
54.6498,11460.0167,39.6995,239.9974,9.1939,-0.0018959,0.11859,-2.4036,90.0047,0.24088,4.4327,5.4244,-14.0044,-28.2878,9.72e-05,-1.2705,-0.057174,9.1845e-07,0.07032,0,88.2004,0.16087,0.80785,477.8242,1375.092
54.6581,11460.3475,39.6999,239.9982,9.1938,-0.0017194,0.098559,-3.0147,90.0067,0.21323,4.4327,5.4209,-15.1035,-28.3469,-1.1078e-05,-1.2428,-0.075632,9.1812e-07,0.070331,0,88.345,0.1611,0.78135,477.823,1375.0742
54.6622,11460.3475,39.6999,239.9982,9.1938,-0.0017194,0.098559,-3.0147,90.0067,0.21323,4.4327,5.4209,-15.1035,-28.3469,-1.1078e-05,-1.2428,-0.075632,9.1812e-07,0.070331,0,88.345,0.16109,0.80845,477.823,1375.0742
54.6622,11460.3475,39.6999,239.9982,9.1938,-0.0017194,0.098559,-3.0147,90.0067,0.21323,4.4327,5.4209,-15.1035,-28.3469,-1.1078e-05,-1.2428,-0.075632,9.1812e-07,0.070331,0,88.345,0.16109,0.80845,477.823,1375.0742
54.6664,11460.6784,39.7004,239.9992,9.1938,-0.0015861,0.073437,-3.6139,90.0085,0.17665,4.4327,5.4261,-15.999,-28.3992,-0.00015351,-1.2164,-0.090557,9.1778e-07,0.070341,0,87.9979,0.1613,0.75465,477.8218,1375.0564
54.6707,11460.6784,39.7004,239.9992,9.1938,-0.0015861,0.073437,-3.6139,90.0085,0.17665,4.4327,5.4261,-15.999,-28.3992,-0.00015351,-1.2164,-0.090557,9.1778e-07,0.070341,0,87.9979,0.16129,0.79139,477.8218,1375.0564
54.6732,11460.6784,39.7004,239.9992,9.1938,-0.0015861,0.073437,-3.6139,90.0085,0.17665,4.4327,5.4261,-15.999,-28.3992,-0.00015351,-1.2164,-0.090557,9.1778e-07,0.070341,0,87.9979,0.16128,0.80682,477.8218,1375.0564
54.6732,11460.6784,39.7004,239.9992,9.1938,-0.0015861,0.073437,-3.6139,90.0085,0.17665,4.4327,5.4261,-15.999,-28.3992,-0.00015351,-1.2164,-0.090557,9.1778e-07,0.070341,0,87.9979,0.16128,0.80682,477.8218,1375.0564
54.6748,11461.0092,39.7005,239.9992,9.1938,-0.0015351,0.043321,-4.2017,90.01,0.13286,4.4327,5.2419,-16.6842,-28.4434,-0.00027339,-0.46292,-0.10206,9.1743e-07,0.070352,0,87.651,0.16135,0.81663,477.8207,1375.0385
54.6764,11461.0092,39.7005,239.9992,9.1938,-0.0015351,0.043321,-4.2017,90.01,0.13286,4.4327,5.2419,-16.6842,-28.4434,-0.00027339,-0.46292,-0.10206,9.1743e-07,0.070352,0,87.651,0.16135,0.82326,477.8207,1375.0385
54.6796,11461.0092,39.7005,239.9992,9.1938,-0.0015351,0.043321,-4.2017,90.01,0.13286,4.4327,5.2419,-16.6842,-28.4434,-0.00027339,-0.46292,-0.10206,9.1743e-07,0.070352,0,87.651,0.16134,0.8337,477.8207,1375.0385
54.6814,11461.0092,39.7005,239.9992,9.1938,-0.0015351,0.043321,-4.2017,90.01,0.13286,4.4327,5.2419,-16.6842,-28.4434,-0.00027339,-0.46292,-0.10206,9.1743e-07,0.070352,0,87.651,0.16133,0.83824,477.8207,1375.0385
54.6814,11461.0092,39.7005,239.9992,9.1938,-0.0015351,0.043321,-4.2017,90.01,0.13286,4.4327,5.2419,-16.6842,-28.4434,-0.00027339,-0.46292,-0.10206,9.1743e-07,0.070352,0,87.651,0.16133,0.83824,477.8207,1375.0385
54.6831,11461.34,39.7005,239.9985,9.1938,-0.0015784,0.0083074,-4.4306,90.0111,0.083495,4.4327,5.0666,-10.5605,-30.3115,-0.00034622,1.1728,-0.11038,9.1708e-07,0.070363,0,87.3043,0.16128,0.88749,477.8195,1375.0207
54.6848,11461.34,39.7005,239.9985,9.1938,-0.0015784,0.0083074,-4.4306,90.0111,0.083495,4.4327,5.0666,-10.5605,-30.3115,-0.00034622,1.1728,-0.11038,9.1708e-07,0.070363,0,87.3043,0.16127,0.88341,477.8195,1375.0207
54.6882,11461.34,39.7005,239.9985,9.1938,-0.0015784,0.0083074,-4.4306,90.0111,0.083495,4.4327,5.0666,-10.5605,-30.3115,-0.00034622,1.1728,-0.11038,9.1708e-07,0.070363,0,87.3043,0.16126,0.87708,477.8195,1375.0207
54.6914,11461.6709,39.7003,239.9973,9.1938,-0.0017169,-0.028614,-3.8791,90.0118,0.030114,4.4327,4.9006,3.7643,-34.4051,-0.00028574,1.5574,-0.11594,9.1673e-07,0.070374,0,87.1644,0.16106,0.96154,477.8183,1375.0029
54.6917,11461.6709,39.7003,239.9973,9.1938,-0.0017169,-0.028614,-3.8791,90.0118,0.030114,4.4327,4.9006,3.7643,-34.4051,-0.00028574,1.5574,-0.11594,9.1673e-07,0.070374,0,87.1644,0.16106,0.95911,477.8183,1375.0029
54.6917,11461.6709,39.7003,239.9973,9.1938,-0.0017169,-0.028614,-3.8791,90.0118,0.030114,4.4327,4.9006,3.7643,-34.4051,-0.00028574,1.5574,-0.11594,9.1673e-07,0.070374,0,87.1644,0.16106,0.95911,477.8183,1375.0029
54.6998,11462.0017,39.7002,239.9966,9.1938,-0.0018954,-0.06094,-3.1445,90.012,-0.025955,4.4327,4.9326,6.9067,-35.381,-0.00016869,1.5282,-0.11907,9.1637e-07,0.070385,0,87.3088,0.16085,0.95134,477.8171,1374.9851
54.7042,11462.0017,39.7002,239.9966,9.1938,-0.0018954,-0.06094,-3.1445,90.012,-0.025955,4.4327,4.9326,6.9067,-35.381,-0.00016869,1.5282,-0.11907,9.1637e-07,0.070385,0,87.3088,0.16084,0.91976,477.8171,1374.9851
54.7042,11462.0017,39.7002,239.9966,9.1938,-0.0018954,-0.06094,-3.1445,90.012,-0.025955,4.4327,4.9326,6.9067,-35.381,-0.00016869,1.5282,-0.11907,9.1637e-07,0.070385,0,87.3088,0.16084,0.91976,477.8171,1374.9851
54.7081,11462.3325,39.7002,239.9962,9.1938,-0.0020741,-0.087144,-2.4241,90.0118,-0.083542,4.4327,4.9708,6.4454,-35.3238,-1.1633e-05,1.4983,-0.11622,9.1602e-07,0.070396,0,87.4532,0.16065,0.93277,477.8159,1374.9672
54.7121,11462.3325,39.7002,239.9962,9.1938,-0.0020741,-0.087144,-2.4241,90.0118,-0.083542,4.4327,4.9708,6.4454,-35.3238,-1.1633e-05,1.4983,-0.11622,9.1602e-07,0.070396,0,87.4532,0.16064,0.90995,477.8159,1374.9672
54.7164,11462.6634,39.7003,239.9959,9.1938,-0.0022127,-0.10734,-1.7177,90.0111,-0.13975,4.4327,5.0243,6.3521,-35.2655,0.00011872,1.4666,-0.10117,9.1567e-07,0.070407,0,87.5977,0.1605,0.91039,477.8148,1374.9494
54.7248,11462.9942,39.7004,239.9959,9.1938,-0.0022931,-0.12166,-1.0252,90.01,-0.18868,4.4327,5.1091,7.0051,-35.1998,0.00021601,1.4341,-0.078089,9.1534e-07,0.070418,0,87.7422,0.16042,0.88617,477.8136,1374.9316
54.7331,11463.3251,39.7006,239.9961,9.1938,-0.0023025,-0.1302,-0.34655,90.0084,-0.22645,4.4327,5.2148,8.1518,-35.1283,0.00026583,1.4015,-0.051388,9.1501e-07,0.070428,0,87.8867,0.16042,0.86097,477.8124,1374.9138
54.7414,11463.6559,39.7009,239.9964,9.1938,-0.0022438,-0.13309,0.31862,90.0065,-0.25131,4.4327,5.3306,9.524,-35.0523,0.00026703,1.3693,-0.023365,9.1469e-07,0.070439,0,88.0312,0.1605,0.83519,477.8112,1374.8959
54.7498,11463.9867,39.7012,239.997,9.1938,-0.0021302,-0.13044,0.97059,90.0044,-0.26261,4.4327,5.4506,10.9825,-34.9724,0.00022192,1.3378,0.0040944,9.1438e-07,0.07045,0,88.1758,0.16065,0.80902,477.81,1374.8781
54.7581,11464.3176,39.7016,239.9978,9.1938,-0.0019835,-0.12235,1.6097,90.0022,-0.26063,4.4327,5.57,12.4125,-34.8894,0.00014009,1.3074,0.029575,9.1409e-07,0.070461,0,88.3204,0.16084,0.78256,477.8089,1374.8603
54.7664,11464.6484,39.702,239.9989,9.1938,-0.0018295,-0.10893,2.2362,90.0001,-0.24633,4.4327,5.6851,13.7281,-34.8044,-4.3901e-06,1.2781,0.052194,9.138e-07,0.070472,0,87.9733,0.16106,0.75584,477.8077,1374.8425
54.7748,11464.9793,39.7022,239.9989,9.1938,-0.0017132,-0.090299,2.8505,89.998,-0.22109,4.4327,5.6115,14.8755,-34.7157,-0.00016824,1.2501,0.071468,9.1353e-07,0.070483,0,87.6264,0.16119,0.8105,477.8065,1374.8246
54.776,11464.9793,39.7022,239.9989,9.1938,-0.0017132,-0.090299,2.8505,89.998,-0.22109,4.4327,5.6115,14.8755,-34.7157,-0.00016824,1.2501,0.071468,9.1353e-07,0.070483,0,87.6264,0.16118,0.81642,477.8065,1374.8246
54.776,11464.9793,39.7022,239.9989,9.1938,-0.0017132,-0.090299,2.8505,89.998,-0.22109,4.4327,5.6115,14.8755,-34.7157,-0.00016824,1.2501,0.071468,9.1353e-07,0.070483,0,87.6264,0.16118,0.81642,477.8065,1374.8246
54.7831,11465.3101,39.7022,239.9983,9.1938,-0.0016634,-0.066545,3.4529,89.9962,-0.18652,4.4327,5.5154,15.8251,-34.6258,-0.00032273,1.2233,0.087225,9.1326e-07,0.070494,0,87.2797,0.1612,0.88002,477.8053,1374.8068
54.7868,11465.3101,39.7022,239.9983,9.1938,-0.0016634,-0.066545,3.4529,89.9962,-0.18652,4.4327,5.5154,15.8251,-34.6258,-0.00032273,1.2233,0.087225,9.1326e-07,0.070494,0,87.2797,0.16119,0.87437,477.8053,1374.8068
54.7868,11465.3101,39.7022,239.9983,9.1938,-0.0016634,-0.066545,3.4529,89.9962,-0.18652,4.4327,5.5154,15.8251,-34.6258,-0.00032273,1.2233,0.087225,9.1326e-07,0.070494,0,87.2797,0.16119,0.87437,477.8053,1374.8068
54.7914,11465.641,39.702,239.9972,9.1938,-0.0016976,-0.037771,4.0437,89.9946,-0.14434,4.4327,5.4122,16.5662,-34.5365,-0.00035381,0.88781,0.099527,9.13e-07,0.070505,0,86.9333,0.1611,0.95311,477.8042,1374.789
54.7955,11465.641,39.702,239.9972,9.1938,-0.0016976,-0.037771,4.0437,89.9946,-0.14434,4.4327,5.4122,16.5662,-34.5365,-0.00035381,0.88781,0.099527,9.13e-07,0.070505,0,86.9333,0.16109,0.9229,477.8042,1374.789
54.7955,11465.641,39.702,239.9972,9.1938,-0.0016976,-0.037771,4.0437,89.9946,-0.14434,4.4327,5.4122,16.5662,-34.5365,-0.00035381,0.88781,0.099527,9.13e-07,0.070505,0,86.9333,0.16109,0.9229,477.8042,1374.789
54.7998,11465.9718,39.7019,239.9966,9.1938,-0.0017794,-0.0040734,4.4753,89.9934,-0.096206,4.4327,5.4901,14.2892,-33.6832,-0.00029453,-0.74624,0.1086,9.1275e-07,0.070515,0,87.0776,0.16099,0.94267,477.803,1374.7712
54.8041,11465.9718,39.7019,239.9966,9.1938,-0.0017794,-0.0040734,4.4753,89.9934,-0.096206,4.4327,5.4901,14.2892,-33.6832,-0.00029453,-0.74624,0.1086,9.1275e-07,0.070515,0,87.0776,0.16097,0.91475,477.803,1374.7712
54.8081,11466.3027,39.702,239.9962,9.1938,-0.0018882,0.033221,4.1274,89.9926,-0.043688,4.4327,5.5589,0.020686,-29.6055,-0.00014671,-1.5671,0.11478,9.125e-07,0.070526,0,87.2221,0.16086,0.92412,477.8018,1374.7534
54.8164,11466.6335,39.7021,239.996,9.1938,-0.0019971,0.067615,3.388,89.9922,0.011821,4.4327,5.6202,-7.0502,-27.5736,-5.7391e-06,-1.5378,0.11847,9.1224e-07,0.070537,0,87.3665,0.16074,0.90188,477.8006,1374.7355
54.8197,11466.6335,39.7021,239.996,9.1938,-0.0019971,0.067615,3.388,89.9922,0.011821,4.4327,5.6202,-7.0502,-27.5736,-5.7391e-06,-1.5378,0.11847,9.1224e-07,0.070537,0,87.3665,0.16073,0.89095,477.8006,1374.7355
54.8197,11466.6335,39.7021,239.996,9.1938,-0.0019971,0.067615,3.388,89.9922,0.011821,4.4327,5.6202,-7.0502,-27.5736,-5.7391e-06,-1.5378,0.11847,9.1224e-07,0.070537,0,87.3665,0.16073,0.89095,477.8006,1374.7355
54.8248,11466.9644,39.7022,239.9961,9.1938,-0.0021002,0.095849,2.6629,89.9923,0.069118,4.4327,5.6757,-6.5604,-27.6647,0.00011669,-1.5083,0.11837,9.1199e-07,0.070548,0,87.511,0.16064,0.87782,477.7994,1374.7177
54.8298,11466.9644,39.7022,239.9961,9.1938,-0.0021002,0.095849,2.6629,89.9923,0.069118,4.4327,5.6757,-6.5604,-27.6647,0.00011669,-1.5083,0.11837,9.1199e-07,0.070548,0,87.511,0.16063,0.8719,477.7994,1374.7177
54.8331,11467.2952,39.7024,239.9963,9.1937,-0.0021873,0.11804,1.9519,89.9929,0.12637,4.4327,5.7224,-6.3038,-27.7536,0.00020633,-1.4772,0.10702,9.1172e-07,0.070559,0,87.6555,0.16057,0.85282,477.7983,1374.6999
54.8414,11467.6261,39.7027,239.9967,9.1937,-0.002244,0.13431,1.2548,89.994,0.17812,4.4327,5.7419,-6.7337,-27.8432,0.00025944,-1.4448,0.085628,9.1145e-07,0.07057,0,87.8001,0.16054,0.82722,477.7971,1374.6821
54.8498,11467.9569,39.7031,239.9974,9.1937,-0.0022555,0.14476,0.57163,89.9954,0.21954,4.4327,5.7372,-7.7776,-27.9325,0.00027475,-1.4121,0.059682,9.1116e-07,0.070581,0,87.9447,0.16057,0.80119,477.7959,1374.6642
54.8581,11468.2878,39.7035,239.9982,9.1937,-0.0022167,0.14953,-0.097985,89.9973,0.24841,4.4327,5.722,-9.1024,-28.0186,0.00025241,-1.3797,0.031812,9.1087e-07,0.070592,0,87.9057,0.16067,0.7748,477.7947,1374.6464
54.8664,11468.6187,39.7039,239.9993,9.1937,-0.0021321,0.14871,-0.75429,89.9993,0.26379,4.4327,5.7029,-10.5488,-28.0998,0.00015069,-1.348,0.0039741,9.1056e-07,0.070602,0,87.5586,0.16082,0.74811,477.7935,1374.6286
54.8748,11468.9495,39.7041,239.9994,9.1937,-0.0020363,0.14242,-1.3976,90.0015,0.26572,4.4327,5.4864,-11.9977,-28.1723,8.6595e-06,-1.3172,-0.022239,9.1024e-07,0.070613,0,87.2117,0.16092,0.81008,477.7924,1374.6108
54.8831,11469.2804,39.7041,239.9988,9.1937,-0.0019546,0.13078,-2.0282,90.0038,0.25496,4.4327,5.2766,-13.3525,-28.2373,-0.00015404,-1.2876,-0.045801,9.0991e-07,0.070624,0,86.865,0.16097,0.88033,477.7912,1374.593
54.8914,11469.6112,39.7038,239.9976,9.1937,-0.0019105,0.11387,-2.6465,90.0059,0.23281,4.4327,5.0756,-14.5508,-28.2955,-0.00023338,-1.2591,-0.066119,9.0956e-07,0.070635,0,86.7053,0.16094,0.95374,477.79,1374.5751
54.8998,11469.9421,39.7038,239.997,9.1937,-0.0018828,0.09182,-3.2529,90.0078,0.20084,4.4327,5.0743,-15.5565,-28.3525,-0.00025814,-1.232,-0.08294,9.092e-07,0.070646,0,86.8496,0.16093,0.9428,477.7888,1374.5573
54.8998,11469.9421,39.7038,239.997,9.1937,-0.0018828,0.09182,-3.2529,90.0078,0.20084,4.4327,5.0743,-15.5565,-28.3525,-0.00025814,-1.232,-0.08294,9.092e-07,0.070646,0,86.8496,0.16093,0.94274,477.7888,1374.5573
54.8998,11469.9421,39.7038,239.997,9.1937,-0.0018828,0.09182,-3.2529,90.0078,0.20084,4.4327,5.0743,-15.5565,-28.3525,-0.00025814,-1.232,-0.08294,9.092e-07,0.070646,0,86.8496,0.16093,0.94274,477.7888,1374.5573
54.9081,11470.273,39.7038,239.9966,9.1937,-0.0018676,0.064713,-3.8475,90.0095,0.16072,4.4327,5.0814,-16.3542,-28.4066,-0.00021614,-1.1146,-0.096264,9.0884e-07,0.070657,0,86.9941,0.16093,0.92361,477.7877,1374.5395
54.9094,11470.273,39.7038,239.9966,9.1937,-0.0018676,0.064713,-3.8475,90.0095,0.16072,4.4327,5.0814,-16.3542,-28.4066,-0.00021614,-1.1146,-0.096264,9.0884e-07,0.070657,0,86.9941,0.16092,0.91636,477.7877,1374.5395
54.9094,11470.273,39.7038,239.9966,9.1937,-0.0018676,0.064713,-3.8475,90.0095,0.16072,4.4327,5.0814,-16.3542,-28.4066,-0.00021614,-1.1146,-0.096264,9.0884e-07,0.070657,0,86.9941,0.16092,0.91636,477.7877,1374.5395
54.9164,11470.6038,39.7039,239.9965,9.1937,-0.0018558,0.032651,-4.3871,90.0108,0.11417,4.4327,5.0957,-16.1146,-28.688,-0.00015689,0.20849,-0.10628,9.0846e-07,0.070668,0,87.1385,0.16093,0.90111,477.7865,1374.5217
54.9235,11470.6038,39.7039,239.9965,9.1937,-0.0018558,0.032651,-4.3871,90.0108,0.11417,4.4327,5.0957,-16.1146,-28.688,-0.00015689,0.20849,-0.10628,9.0846e-07,0.070668,0,87.1385,0.16091,0.88166,477.7865,1374.5217
54.9248,11470.9347,39.7041,239.9965,9.1937,-0.0018622,-0.0039079,-4.2958,90.0118,0.062769,4.4327,5.1174,-4.7304,-31.9975,-6.4429e-05,1.5736,-0.11331,9.0809e-07,0.070678,0,87.283,0.16093,0.87715,477.7853,1374.5038
54.9311,11470.9347,39.7041,239.9965,9.1937,-0.0018622,-0.0039079,-4.2958,90.0118,0.062769,4.4327,5.1174,-4.7304,-31.9975,-6.4429e-05,1.5736,-0.11331,9.0809e-07,0.070678,0,87.283,0.16091,0.87039,477.7853,1374.5038
54.9331,11471.2656,39.7043,239.9967,9.1937,-0.0018918,-0.039706,-3.5532,90.0123,0.0079714,4.4327,5.1464,7.2186,-35.4279,2.5067e-05,1.5444,-0.11769,9.0771e-07,0.070689,0,87.4275,0.16092,0.85236,477.7841,1374.486
54.9349,11471.2656,39.7043,239.9967,9.1937,-0.0018918,-0.039706,-3.5532,90.0123,0.0079714,4.4327,5.1464,7.2186,-35.4279,2.5067e-05,1.5444,-0.11769,9.0771e-07,0.070689,0,87.4275,0.16091,0.85408,477.7841,1374.486
54.9349,11471.2656,39.7043,239.9967,9.1937,-0.0018918,-0.039706,-3.5532,90.0123,0.0079714,4.4327,5.1464,7.2186,-35.4279,2.5067e-05,1.5444,-0.11769,9.0771e-07,0.070689,0,87.4275,0.16091,0.85408,477.7841,1374.486
54.9414,11471.5964,39.7046,239.9972,9.1937,-0.0019437,-0.069315,-2.8249,90.0124,-0.048947,4.4327,5.1825,6.6794,-35.3704,9.2149e-05,1.5152,-0.11936,9.0733e-07,0.0707,0,87.572,0.1609,0.82704,477.7829,1374.4682
54.9479,11471.5964,39.7046,239.9972,9.1937,-0.0019437,-0.069315,-2.8249,90.0124,-0.048947,4.4327,5.1825,6.6794,-35.3704,9.2149e-05,1.5152,-0.11936,9.0733e-07,0.0707,0,87.572,0.16088,0.84382,477.7829,1374.4682
54.9479,11471.5964,39.7046,239.9972,9.1937,-0.0019437,-0.069315,-2.8249,90.0124,-0.048947,4.4327,5.1825,6.6794,-35.3704,9.2149e-05,1.5152,-0.11936,9.0733e-07,0.0707,0,87.572,0.16088,0.84382,477.7829,1374.4682
54.9498,11471.9273,39.7049,239.9978,9.1937,-0.0020119,-0.092856,-2.1106,90.012,-0.10667,4.4327,5.2261,6.3091,-35.3097,0.00013813,1.4847,-0.11189,9.0695e-07,0.070711,0,87.7166,0.16087,0.8013,477.7818,1374.4504
54.9517,11471.9273,39.7049,239.9978,9.1937,-0.0020119,-0.092856,-2.1106,90.012,-0.10667,4.4327,5.2261,6.3091,-35.3097,0.00013813,1.4847,-0.11189,9.0695e-07,0.070711,0,87.7166,0.16087,0.8118,477.7818,1374.4504
54.9555,11471.9273,39.7049,239.9978,9.1937,-0.0020119,-0.092856,-2.1106,90.012,-0.10667,4.4327,5.2261,6.3091,-35.3097,0.00013813,1.4847,-0.11189,9.0695e-07,0.070711,0,87.7166,0.16086,0.82768,477.7818,1374.4504
54.9581,11472.2582,39.7054,239.9987,9.1937,-0.0020813,-0.11044,-1.4104,90.0111,-0.16079,4.4327,5.2933,6.499,-35.2432,0.00016134,1.4524,-0.092335,9.0658e-07,0.070722,0,87.8612,0.16086,0.77519,477.7806,1374.4326
54.9664,11472.5891,39.7059,239.9997,9.1937,-0.0021308,-0.1222,-0.72408,90.0097,-0.20545,4.4327,5.3914,7.4282,-35.1696,0.00011795,1.4198,-0.067222,9.0622e-07,0.070733,0,87.5141,0.16088,0.74871,477.7794,1374.4147
54.9748,11472.9199,39.706,239.9998,9.1936,-0.0021677,-0.12823,-0.051386,90.008,-0.23796,4.4327,5.3062,8.7008,-35.0893,4.051e-05,1.3873,-0.039618,9.0587e-07,0.070744,0,87.1672,0.16085,0.81082,477.7782,1374.3969
54.9831,11473.2508,39.706,239.9992,9.1936,-0.0021926,-0.12866,0.60792,90.006,-0.25712,4.4327,5.2299,10.1305,-35.0052,-6.3035e-05,1.3553,-0.011542,9.0553e-07,0.070755,0,86.8206,0.16079,0.88116,477.777,1374.3791
54.9914,11473.5817,39.7057,239.998,9.1936,-0.0022121,-0.12359,1.2542,90.0039,-0.2627,4.4327,5.1574,11.5946,-34.9186,-9.9715e-05,1.3243,0.015271,9.052e-07,0.070765,0,86.7574,0.1607,0.9546,477.7759,1374.3613
54.9998,11473.9126,39.7057,239.9974,9.1936,-0.0021981,-0.11314,1.8876,90.0017,-0.25532,4.4327,5.2736,12.9878,-34.8355,-0.00010709,1.2943,0.039652,9.0488e-07,0.070776,0,86.9018,0.16068,0.94369,477.7747,1374.3435
55.0081,11474.2435,39.7057,239.997,9.1936,-0.0021478,-0.097413,2.5087,89.9996,-0.23614,4.4327,5.3838,14.239,-34.7542,-8.5339e-05,1.2656,0.060908,9.0457e-07,0.070787,0,87.0462,0.16071,0.9245,477.7735,1374.3256
55.0164,11474.5743,39.7058,239.9968,9.1936,-0.0020647,-0.076507,3.1177,89.9976,-0.20669,4.4327,5.4862,15.306,-34.6747,-8.1733e-05,1.2381,0.078702,9.0428e-07,0.070798,0,87.1906,0.16078,0.90157,477.7723,1374.3078
55.0231,11474.5743,39.7058,239.9968,9.1936,-0.0020647,-0.076507,3.1177,89.9976,-0.20669,4.4327,5.4862,15.306,-34.6747,-8.1733e-05,1.2381,0.078702,9.0428e-07,0.070798,0,87.1906,0.16076,0.8827,477.7723,1374.3078
55.0231,11474.5743,39.7058,239.9968,9.1936,-0.0020647,-0.076507,3.1177,89.9976,-0.20669,4.4327,5.4862,15.306,-34.6747,-8.1733e-05,1.2381,0.078702,9.0428e-07,0.070798,0,87.1906,0.16076,0.8827,477.7723,1374.3078
55.0248,11474.9052,39.706,239.9969,9.1936,-0.001978,-0.050526,3.7149,89.9959,-0.16863,4.4327,5.5801,16.168,-34.5944,-7.5977e-05,1.2118,0.092971,9.0398e-07,0.070809,0,87.3351,0.16087,0.87689,477.7712,1374.29
55.0265,11474.9052,39.706,239.9969,9.1936,-0.001978,-0.050526,3.7149,89.9959,-0.16863,4.4327,5.5801,16.168,-34.5944,-7.5977e-05,1.2118,0.092971,9.0398e-07,0.070809,0,87.3351,0.16086,0.87463,477.7712,1374.29
55.0299,11474.9052,39.706,239.9969,9.1936,-0.001978,-0.050526,3.7149,89.9959,-0.16863,4.4327,5.5801,16.168,-34.5944,-7.5977e-05,1.2118,0.092971,9.0398e-07,0.070809,0,87.3351,0.16085,0.87113,477.7712,1374.29
55.0331,11475.2361,39.7062,239.9971,9.1936,-0.0019092,-0.019569,4.3007,89.9945,-0.12366,4.4327,5.6645,16.8212,-34.5145,-6.3362e-05,0.17039,0.10386,9.037e-07,0.07082,0,87.4796,0.16096,0.85167,477.77,1374.2722
55.0414,11475.567,39.7065,239.9976,9.1936,-0.0018772,0.01627,4.3901,89.9935,-0.073435,4.4327,5.7394,8.0473,-31.9061,-2.4736e-05,-1.4648,0.11165,9.0341e-07,0.070831,0,87.6241,0.16102,0.82636,477.7688,1374.2544
55.0498,11475.8979,39.7068,239.9982,9.1936,-0.0018919,0.052854,3.6993,89.9928,-0.019439,4.4327,5.8063,-6.3138,-27.8319,2.7411e-05,-1.5501,0.11671,9.0313e-07,0.070842,0,87.7687,0.16105,0.80078,477.7676,1374.2365
55.0508,11475.8979,39.7068,239.9982,9.1936,-0.0018919,0.052854,3.6993,89.9928,-0.019439,4.4327,5.8063,-6.3138,-27.8319,2.7411e-05,-1.5501,0.11671,9.0313e-07,0.070842,0,87.7687,0.16104,0.80666,477.7676,1374.2365
55.0508,11475.8979,39.7068,239.9982,9.1936,-0.0018919,0.052854,3.6993,89.9928,-0.019439,4.4327,5.8063,-6.3138,-27.8319,2.7411e-05,-1.5501,0.11671,9.0313e-07,0.070842,0,87.7687,0.16104,0.80666,477.7676,1374.2365
55.0581,11476.2288,39.7072,239.9991,9.1936,-0.0019498,0.083681,2.9682,89.9927,0.037006,4.4327,5.8667,-6.7789,-27.6326,6.8118e-05,-1.521,0.11945,9.0285e-07,0.070852,0,87.8455,0.16105,0.77491,477.7664,1374.2187
55.0635,11476.2288,39.7072,239.9991,9.1936,-0.0019498,0.083681,2.9682,89.9927,0.037006,4.4327,5.8667,-6.7789,-27.6326,6.8118e-05,-1.521,0.11945,9.0285e-07,0.070852,0,87.8455,0.16103,0.81091,477.7664,1374.2187
55.0635,11476.2288,39.7072,239.9991,9.1936,-0.0019498,0.083681,2.9682,89.9927,0.037006,4.4327,5.8667,-6.7789,-27.6326,6.8118e-05,-1.521,0.11945,9.0285e-07,0.070852,0,87.8455,0.16103,0.81091,477.7664,1374.2187
55.0664,11476.5597,39.7077,240.0001,9.1936,-0.002041,0.10842,2.2512,89.993,0.094778,4.4326,5.9218,-6.3486,-27.7169,5.6647e-05,-1.4909,0.1147,9.0255e-07,0.070863,0,87.4984,0.16103,0.74873,477.7653,1374.2009
55.0694,11476.5597,39.7077,240.0001,9.1936,-0.002041,0.10842,2.2512,89.993,0.094778,4.4326,5.9218,-6.3486,-27.7169,5.6647e-05,-1.4909,0.1147,9.0255e-07,0.070863,0,87.4984,0.16102,0.77747,477.7653,1374.2009
55.0748,11476.8906,39.7079,240.0001,9.1936,-0.0021662,0.12718,1.5482,89.9938,0.15025,4.4326,5.7608,-6.3763,-27.7987,2.3044e-05,-1.4589,0.097082,9.0225e-07,0.070874,0,87.1516,0.16091,0.81107,477.7641,1374.1831
55.0831,11477.2215,39.7079,239.9995,9.1936,-0.0023019,0.14008,0.85914,89.995,0.19721,4.4327,5.5703,-7.1894,-27.8823,-2.6711e-05,-1.4263,0.072854,9.0195e-07,0.070885,0,86.8049,0.16074,0.8816,477.7629,1374.1653
55.0914,11477.5524,39.7076,239.9983,9.1936,-0.0024283,0.14724,0.18377,89.9967,0.23244,4.4327,5.3659,-8.408,-27.9649,-5.1757e-06,-1.3937,0.045627,9.0162e-07,0.070896,0,86.7751,0.16054,0.95519,477.7617,1374.1474
55.0998,11477.8833,39.7076,239.9977,9.1935,-0.0024935,0.14877,-0.47815,89.9986,0.25451,4.4327,5.346,-9.8131,-28.0494,3.8552e-05,-1.3616,0.017502,9.0129e-07,0.070907,0,86.9195,0.16044,0.94439,477.7605,1374.1296
55.1081,11478.2142,39.7076,239.9973,9.1935,-0.0024787,0.14478,-1.1269,90.0007,0.26298,4.4327,5.3243,-11.2774,-28.1318,9.3393e-05,-1.3304,-0.0096877,9.0095e-07,0.070918,0,87.0639,0.16043,0.92527,477.7594,1374.1118
55.1164,11478.545,39.7077,239.9972,9.1935,-0.0023807,0.13539,-1.7629,90.0029,0.25829,4.4327,5.3052,-12.6895,-28.2102,0.00010352,-1.3002,-0.034655,9.0059e-07,0.070929,0,87.2083,0.16052,0.90238,477.7582,1374.094
55.1248,11478.8759,39.7078,239.9972,9.1935,-0.002231,0.1207,-2.3864,90.0051,0.24154,4.4327,5.2924,-13.9713,-28.2808,7.9571e-05,-1.2712,-0.056615,9.0022e-07,0.070939,0,87.3528,0.16067,0.87775,477.757,1374.0762
55.1331,11479.2068,39.708,239.9974,9.1935,-0.0020627,0.10082,-2.9977,90.0071,0.21416,4.4327,5.2875,-15.0749,-28.3438,2.5333e-05,-1.2435,-0.075159,8.9984e-07,0.07095,0,87.4973,0.16085,0.85225,477.7558,1374.0583
55.1368,11479.2068,39.708,239.9974,9.1935,-0.0020627,0.10082,-2.9977,90.0071,0.21416,4.4327,5.2875,-15.0749,-28.3438,2.5333e-05,-1.2435,-0.075159,8.9984e-07,0.07095,0,87.4973,0.16084,0.85539,477.7558,1374.0583
55.1368,11479.2068,39.708,239.9974,9.1935,-0.0020627,0.10082,-2.9977,90.0071,0.21416,4.4327,5.2875,-15.0749,-28.3438,2.5333e-05,-1.2435,-0.075159,8.9984e-07,0.07095,0,87.4973,0.16084,0.85539,477.7558,1374.0583
55.1414,11479.5377,39.7083,239.9979,9.1935,-0.0019109,0.075835,-3.5973,90.0089,0.17781,4.4327,5.2915,-15.9756,-28.3991,-3.7279e-05,-1.217,-0.090174,8.9944e-07,0.070961,0,87.6418,0.16103,0.82628,477.7547,1374.0405
55.146,11479.5377,39.7083,239.9979,9.1935,-0.0019109,0.075835,-3.5973,90.0089,0.17781,4.4327,5.2915,-15.9756,-28.3991,-3.7279e-05,-1.217,-0.090174,8.9944e-07,0.070961,0,87.6418,0.16102,0.83948,477.7547,1374.0405
55.1478,11479.5377,39.7083,239.9979,9.1935,-0.0019109,0.075835,-3.5973,90.0089,0.17781,4.4327,5.2915,-15.9756,-28.3991,-3.7279e-05,-1.217,-0.090174,8.9944e-07,0.070961,0,87.6418,0.16101,0.84307,477.7547,1374.0405
55.1478,11479.5377,39.7083,239.9979,9.1935,-0.0019109,0.075835,-3.5973,90.0089,0.17781,4.4327,5.2915,-15.9756,-28.3991,-3.7279e-05,-1.217,-0.090174,8.9944e-07,0.070961,0,87.6418,0.16101,0.84307,477.7547,1374.0405
55.1498,11479.8686,39.7086,239.9985,9.1935,-0.0018024,0.045858,-4.1853,90.0104,0.1342,4.4327,5.304,-16.6662,-28.448,-8.3982e-05,-0.51254,-0.10177,8.9904e-07,0.070972,0,87.7863,0.16118,0.80014,477.7535,1374.0227
55.1518,11479.8686,39.7086,239.9985,9.1935,-0.0018024,0.045858,-4.1853,90.0104,0.1342,4.4327,5.304,-16.6662,-28.448,-8.3982e-05,-0.51254,-0.10177,8.9904e-07,0.070972,0,87.7863,0.16118,0.81135,477.7535,1374.0227
55.1558,11479.8686,39.7086,239.9985,9.1935,-0.0018024,0.045858,-4.1853,90.0104,0.1342,4.4327,5.304,-16.6662,-28.448,-8.3982e-05,-0.51254,-0.10177,8.9904e-07,0.070972,0,87.7863,0.16117,0.82802,477.7535,1374.0227
55.1561,11479.8686,39.7086,239.9985,9.1935,-0.0018024,0.045858,-4.1853,90.0104,0.1342,4.4327,5.304,-16.6662,-28.448,-8.3982e-05,-0.51254,-0.10177,8.9904e-07,0.070972,0,87.7863,0.16117,0.82894,477.7535,1374.0227
55.1561,11479.8686,39.7086,239.9985,9.1935,-0.0018024,0.045858,-4.1853,90.0104,0.1342,4.4327,5.304,-16.6662,-28.448,-8.3982e-05,-0.51254,-0.10177,8.9904e-07,0.070972,0,87.7863,0.16117,0.82894,477.7535,1374.0227
55.1581,11480.1996,39.7091,239.9994,9.1935,-0.0017526,0.010981,-4.4379,90.0115,0.084982,4.4327,5.3237,-10.9924,-30.1977,-9.7258e-05,1.1226,-0.11017,8.9864e-07,0.070983,0,87.8393,0.16129,0.77428,477.7523,1374.0049
55.1602,11480.1996,39.7091,239.9994,9.1935,-0.0017526,0.010981,-4.4379,90.0115,0.084982,4.4327,5.3237,-10.9924,-30.1977,-9.7258e-05,1.1226,-0.11017,8.9864e-07,0.070983,0,87.8393,0.16129,0.79033,477.7523,1374.0049
55.1642,11480.1996,39.7091,239.9994,9.1935,-0.0017526,0.010981,-4.4379,90.0115,0.084982,4.4327,5.3237,-10.9924,-30.1977,-9.7258e-05,1.1226,-0.11017,8.9864e-07,0.070983,0,87.8393,0.16127,0.8141,477.7523,1374.0049
55.1664,11480.5305,39.7096,240.0005,9.1935,-0.0017687,-0.026001,-3.9104,90.0122,0.031704,4.4327,5.351,3.3221,-34.2932,-0.00011905,1.5585,-0.1158,8.9823e-07,0.070994,0,87.4922,0.16135,0.74824,477.7511,1373.9871
55.1666,11480.5305,39.7096,240.0005,9.1935,-0.0017687,-0.026001,-3.9104,90.0122,0.031704,4.4327,5.351,3.3221,-34.2932,-0.00011905,1.5585,-0.1158,8.9823e-07,0.070994,0,87.4922,0.16135,0.74969,477.7511,1373.9871
55.1666,11480.5305,39.7096,240.0005,9.1935,-0.0017687,-0.026001,-3.9104,90.0122,0.031704,4.4327,5.351,3.3221,-34.2932,-0.00011905,1.5585,-0.1158,8.9823e-07,0.070994,0,87.4922,0.16135,0.74969,477.7511,1373.9871
55.1748,11480.8614,39.7097,240.0005,9.1935,-0.0018643,-0.058588,-3.1752,90.0124,-0.024297,4.4326,5.1871,6.9254,-35.3931,-0.00014606,1.5292,-0.11899,8.9782e-07,0.071005,0,87.1454,0.16126,0.81081,477.7499,1373.9693
55.179,11480.8614,39.7097,240.0005,9.1935,-0.0018643,-0.058588,-3.1752,90.0124,-0.024297,4.4326,5.1871,6.9254,-35.3931,-0.00014606,1.5292,-0.11899,8.9782e-07,0.071005,0,87.1454,0.16125,0.8281,477.7499,1373.9693
55.179,11480.8614,39.7097,240.0005,9.1935,-0.0018643,-0.058588,-3.1752,90.0124,-0.024297,4.4326,5.1871,6.9254,-35.3931,-0.00014606,1.5292,-0.11899,8.9782e-07,0.071005,0,87.1454,0.16125,0.8281,477.7499,1373.9693
55.1831,11481.1923,39.7097,239.9999,9.1935,-0.0020295,-0.085048,-2.4543,90.0122,-0.081846,4.4326,5.0318,6.4602,-35.3278,-0.00017261,1.4994,-0.11646,8.9741e-07,0.071016,0,86.7988,0.16107,0.88162,477.7488,1373.9514
55.1872,11481.1923,39.7097,239.9999,9.1935,-0.0020295,-0.085048,-2.4543,90.0122,-0.081846,4.4326,5.0318,6.4602,-35.3278,-0.00017261,1.4994,-0.11646,8.9741e-07,0.071016,0,86.7988,0.16105,0.87473,477.7488,1373.9514
55.1914,11481.5232,39.7095,239.9987,9.1935,-0.0022431,-0.1055,-1.7473,90.0116,-0.13817,4.4327,4.8932,6.3476,-35.2592,-0.00011253,1.4678,-0.10185,8.9701e-07,0.071026,0,86.7564,0.16078,0.95545,477.7476,1373.9336
55.1998,11481.8541,39.7094,239.9981,9.1935,-0.0024334,-0.12006,-1.0544,90.0104,-0.18743,4.4327,4.9767,6.974,-35.1896,-1.6271e-05,1.4353,-0.078962,8.9662e-07,0.071037,0,86.9007,0.16056,0.94488,477.7464,1373.9158
55.2081,11482.185,39.7095,239.9977,9.1935,-0.0025543,-0.12885,-0.37517,90.0089,-0.22562,4.4327,5.0813,8.1084,-35.1182,0.00010095,1.4027,-0.052353,8.9624e-07,0.071048,0,87.0451,0.16042,0.92596,477.7452,1373.898
55.2164,11482.5159,39.7095,239.9975,9.1935,-0.0025759,-0.13197,0.29052,90.007,-0.25094,4.4327,5.1957,9.4749,-35.0458,0.00017332,1.3705,-0.02435,8.9586e-07,0.071059,0,87.1895,0.16038,0.9032,477.744,1373.8802
55.2248,11482.8468,39.7097,239.9975,9.1934,-0.0025089,-0.12955,0.94298,90.0049,-0.26272,4.4327,5.3145,10.9318,-34.9697,0.00019978,1.339,0.0031509,8.955e-07,0.07107,0,87.334,0.16045,0.87865,477.7429,1373.8624
55.2331,11483.1778,39.7099,239.9977,9.1934,-0.0023748,-0.12169,1.5825,90.0027,-0.2612,4.4327,5.4328,12.3641,-34.8906,0.00017398,1.3085,0.028714,8.9515e-07,0.071081,0,87.4784,0.1606,0.85318,477.7417,1373.8445
55.2414,11483.5087,39.7102,239.9982,9.1934,-0.0022064,-0.10851,2.2095,90.0005,-0.24731,4.4327,5.547,13.6846,-34.8085,0.00010835,1.2792,0.051441,8.9481e-07,0.071092,0,87.6229,0.16079,0.82722,477.7405,1373.8267
55.2498,11483.8396,39.7105,239.9988,9.1934,-0.0020376,-0.090094,2.8243,89.9985,-0.22243,4.4327,5.6546,14.8383,-34.7244,1.9009e-05,1.2512,0.070837,8.9448e-07,0.071103,0,87.7675,0.161,0.80093,477.7393,1373.8089
55.2506,11483.8396,39.7105,239.9988,9.1934,-0.0020376,-0.090094,2.8243,89.9985,-0.22243,4.4327,5.6546,14.8383,-34.7244,1.9009e-05,1.2512,0.070837,8.9448e-07,0.071103,0,87.7675,0.161,0.80554,477.7393,1373.8089
55.2506,11483.8396,39.7105,239.9988,9.1934,-0.0020376,-0.090094,2.8243,89.9985,-0.22243,4.4327,5.6546,14.8383,-34.7244,1.9009e-05,1.2512,0.070837,8.9448e-07,0.071103,0,87.7675,0.161,0.80554,477.7393,1373.8089
55.2581,11484.1705,39.7109,239.9997,9.1934,-0.001899,-0.066559,3.4271,89.9966,-0.18817,4.4327,5.7542,15.7952,-34.6391,-7.3819e-05,1.2243,0.086717,8.9416e-07,0.071113,0,87.9055,0.1612,0.7744,477.7381,1373.7911
55.2614,11484.1705,39.7109,239.9997,9.1934,-0.001899,-0.066559,3.4271,89.9966,-0.18817,4.4327,5.7542,15.7952,-34.6391,-7.3819e-05,1.2243,0.086717,8.9416e-07,0.071113,0,87.9055,0.16119,0.79848,477.7381,1373.7911
55.2614,11484.1705,39.7109,239.9997,9.1934,-0.001899,-0.066559,3.4271,89.9966,-0.18817,4.4327,5.7542,15.7952,-34.6391,-7.3819e-05,1.2243,0.086717,8.9416e-07,0.071113,0,87.9055,0.16119,0.79848,477.7381,1373.7911
55.2664,11484.5014,39.7114,240.0008,9.1934,-0.0018142,-0.037999,4.0184,89.995,-0.14624,4.4326,5.845,16.5439,-34.5539,-0.00018283,0.94904,0.099141,8.9384e-07,0.071124,0,87.5585,0.16136,0.74764,477.737,1373.7733
55.2701,11484.5014,39.7114,240.0008,9.1934,-0.0018142,-0.037999,4.0184,89.995,-0.14624,4.4326,5.845,16.5439,-34.5539,-0.00018283,0.94904,0.099141,8.9384e-07,0.071124,0,87.5585,0.16134,0.78263,477.737,1373.7733
55.2701,11484.5014,39.7114,240.0008,9.1934,-0.0018142,-0.037999,4.0184,89.995,-0.14624,4.4326,5.845,16.5439,-34.5539,-0.00018283,0.94904,0.099141,8.9384e-07,0.071124,0,87.5585,0.16134,0.78263,477.737,1373.7733
55.2748,11484.8324,39.7115,240.0008,9.1934,-0.0018134,-0.0045125,4.4792,89.9938,-0.098291,4.4326,5.7274,14.8209,-33.8463,-0.00026596,-0.68445,0.10833,8.9353e-07,0.071135,0,87.2117,0.16136,0.81013,477.7358,1373.7555
55.2794,11484.8324,39.7115,240.0008,9.1934,-0.0018134,-0.0045125,4.4792,89.9938,-0.098291,4.4326,5.7274,14.8209,-33.8463,-0.00026596,-0.68445,0.10833,8.9353e-07,0.071135,0,87.2117,0.16135,0.82887,477.7358,1373.7555
55.2831,11485.1633,39.7115,240.0002,9.1934,-0.0019068,0.032814,4.1608,89.993,-0.045903,4.4326,5.6032,0.56487,-29.7613,-0.00029917,-1.5683,0.1146,8.9322e-07,0.071146,0,86.8651,0.16124,0.881,477.7346,1373.7376
55.2914,11485.4942,39.7113,239.999,9.1934,-0.0020867,0.067487,3.4208,89.9926,0.0095182,4.4327,5.4734,-7.0719,-27.5617,-0.00022609,-1.539,0.11837,8.9291e-07,0.071157,0,86.7094,0.16099,0.95503,477.7334,1373.7198
55.2946,11485.4942,39.7113,239.999,9.1934,-0.0020867,0.067487,3.4208,89.9926,0.0095182,4.4327,5.4734,-7.0719,-27.5617,-0.00022609,-1.539,0.11837,8.9291e-07,0.071157,0,86.7094,0.16098,0.92996,477.7334,1373.7198
55.2946,11485.4942,39.7113,239.999,9.1934,-0.0020867,0.067487,3.4208,89.9926,0.0095182,4.4327,5.4734,-7.0719,-27.5617,-0.00022609,-1.539,0.11837,8.9291e-07,0.071157,0,86.7094,0.16098,0.92996,477.7334,1373.7198
55.2998,11485.8251,39.7113,239.9984,9.1934,-0.002294,0.095994,2.6952,89.9927,0.066767,4.4327,5.5288,-6.5769,-27.6489,-0.00010331,-1.5096,0.11867,8.926e-07,0.071168,0,86.8537,0.16075,0.9447,477.7323,1373.702
55.305,11485.8251,39.7113,239.9984,9.1934,-0.002294,0.095994,2.6952,89.9927,0.066767,4.4327,5.5288,-6.5769,-27.6489,-0.00010331,-1.5096,0.11867,8.926e-07,0.071168,0,86.8537,0.16074,0.91105,477.7323,1373.702
55.3081,11485.8251,39.7113,239.9984,9.1934,-0.002294,0.095994,2.6952,89.9927,0.066767,4.4327,5.5288,-6.5769,-27.6489,-0.00010331,-1.5096,0.11867,8.926e-07,0.071168,0,86.8537,0.16073,0.89806,477.7323,1373.702
55.3081,11485.8251,39.7113,239.9984,9.1934,-0.002294,0.095994,2.6952,89.9927,0.066767,4.4327,5.5288,-6.5769,-27.6489,-0.00010331,-1.5096,0.11867,8.926e-07,0.071168,0,86.8537,0.16073,0.89806,477.7323,1373.702
55.3081,11486.1561,39.7113,239.998,9.1934,-0.0024863,0.11845,1.9836,89.9932,0.12416,4.4327,5.5758,-6.296,-27.7376,5.4441e-05,-1.4785,0.10786,8.9228e-07,0.071179,0,86.9981,0.16054,0.92606,477.7311,1373.6842
55.3082,11486.1561,39.7113,239.998,9.1934,-0.0024863,0.11845,1.9836,89.9932,0.12416,4.4327,5.5758,-6.296,-27.7376,5.4441e-05,-1.4785,0.10786,8.9228e-07,0.071179,0,86.9981,0.16054,0.92575,477.7311,1373.6842
55.3083,11486.1561,39.7113,239.998,9.1934,-0.0024863,0.11845,1.9836,89.9932,0.12416,4.4327,5.5758,-6.296,-27.7376,5.4441e-05,-1.4785,0.10786,8.9228e-07,0.071179,0,86.9981,0.16054,0.92513,477.7311,1373.6842
55.3085,11486.1561,39.7113,239.998,9.1934,-0.0024863,0.11845,1.9836,89.9932,0.12416,4.4327,5.5758,-6.296,-27.7376,5.4441e-05,-1.4785,0.10786,8.9228e-07,0.071179,0,86.9981,0.16054,0.9239,477.7311,1373.6842
55.3088,11486.1561,39.7113,239.998,9.1934,-0.0024863,0.11845,1.9836,89.9932,0.12416,4.4327,5.5758,-6.296,-27.7376,5.4441e-05,-1.4785,0.10786,8.9228e-07,0.071179,0,86.9981,0.16054,0.92152,477.7311,1373.6842
55.3096,11486.1561,39.7113,239.998,9.1934,-0.0024863,0.11845,1.9836,89.9932,0.12416,4.4327,5.5758,-6.296,-27.7376,5.4441e-05,-1.4785,0.10786,8.9228e-07,0.071179,0,86.9981,0.16053,0.91703,477.7311,1373.6842
55.3112,11486.1561,39.7113,239.998,9.1934,-0.0024863,0.11845,1.9836,89.9932,0.12416,4.4327,5.5758,-6.296,-27.7376,5.4441e-05,-1.4785,0.10786,8.9228e-07,0.071179,0,86.9981,0.16053,0.90904,477.7311,1373.6842
55.3143,11486.1561,39.7113,239.998,9.1934,-0.0024863,0.11845,1.9836,89.9932,0.12416,4.4327,5.5758,-6.296,-27.7376,5.4441e-05,-1.4785,0.10786,8.9228e-07,0.071179,0,86.9981,0.16052,0.89638,477.7311,1373.6842
55.3164,11486.487,39.7114,239.9978,9.1934,-0.002617,0.13498,1.286,89.9943,0.17632,4.4327,5.5953,-6.6932,-27.8307,0.00017885,-1.4461,0.086714,8.9195e-07,0.071189,0,87.1425,0.1604,0.90356,477.7299,1373.6664
55.3248,11486.8179,39.7115,239.9978,9.1934,-0.0026694,0.1457,0.60222,89.9958,0.21826,4.4327,5.59,-7.7218,-27.9239,0.00026559,-1.4134,0.060882,8.9161e-07,0.0712,0,87.2869,0.16035,0.87922,477.7287,1373.6486
55.3331,11487.1489,39.7117,239.998,9.1933,-0.0026379,0.15072,-0.067937,89.9976,0.24771,4.4326,5.5738,-9.0396,-28.0138,0.0002992,-1.381,0.033029,8.9126e-07,0.071211,0,87.4314,0.16039,0.85392,477.7275,1373.6307
55.3414,11487.4798,39.712,239.9985,9.1933,-0.002534,0.15015,-0.72477,89.9996,0.26368,4.4326,5.5536,-10.4847,-28.0981,0.00027988,-1.3493,0.0051459,8.909e-07,0.071222,0,87.5759,0.16052,0.82806,477.7264,1373.6129
55.3498,11487.8107,39.7123,239.9991,9.1933,-0.0023791,0.14411,-1.3686,90.0018,0.26617,4.4326,5.5342,-11.9362,-28.1755,0.00021331,-1.3185,-0.021168,8.9052e-07,0.071233,0,87.7204,0.16071,0.80183,477.7252,1373.5951
55.3581,11488.1417,39.7127,239.9999,9.1933,-0.0022015,0.13271,-1.9998,90.004,0.25594,4.4326,5.5194,-13.2971,-28.2454,0.0001126,-1.2888,-0.044862,8.9013e-07,0.071244,0,87.865,0.16095,0.77532,477.724,1373.5773
55.3664,11488.4726,39.7132,240.001,9.1933,-0.0020309,0.11604,-2.6186,90.0062,0.23424,4.4326,5.5117,-14.5034,-28.3078,-4.8446e-05,-1.2603,-0.065331,8.8973e-07,0.071255,0,87.518,0.16119,0.74857,477.7228,1373.5595
55.3748,11488.8035,39.7133,240.001,9.1933,-0.0019147,0.094222,-3.2254,90.0081,0.20265,4.4326,5.3143,-15.5184,-28.3606,-0.00021821,-1.2331,-0.082305,8.8931e-07,0.071266,0,87.1712,0.16131,0.81042,477.7216,1373.5417
55.3831,11489.1345,39.7133,240.0004,9.1933,-0.0018788,0.067344,-3.8205,90.0098,0.16284,4.4326,5.1277,-16.3253,-28.4067,-0.00036212,-1.132,-0.095776,8.8889e-07,0.071276,0,86.8246,0.16131,0.88058,477.7205,1373.5238
55.384,11489.1345,39.7133,240.0004,9.1933,-0.0018788,0.067344,-3.8205,90.0098,0.16284,4.4326,5.1277,-16.3253,-28.4067,-0.00036212,-1.132,-0.095776,8.8889e-07,0.071276,0,86.8246,0.16131,0.87891,477.7205,1373.5238
55.384,11489.1345,39.7133,240.0004,9.1933,-0.0018788,0.067344,-3.8205,90.0098,0.16284,4.4326,5.1277,-16.3253,-28.4067,-0.00036212,-1.132,-0.095776,8.8889e-07,0.071276,0,86.8246,0.16131,0.87891,477.7205,1373.5238
55.3914,11489.4654,39.7131,239.9992,9.1933,-0.0019341,0.035507,-4.3684,90.0112,0.11652,4.4327,4.9505,-16.2428,-28.6368,-0.00037599,0.12918,-0.10593,8.8846e-07,0.071287,0,86.7294,0.16119,0.9543,477.7193,1373.506
55.3989,11489.4654,39.7131,239.9992,9.1933,-0.0019341,0.035507,-4.3684,90.0112,0.11652,4.4327,4.9505,-16.2428,-28.6368,-0.00037599,0.12918,-0.10593,8.8846e-07,0.071287,0,86.7294,0.16116,0.90555,477.7193,1373.506
55.3998,11489.7964,39.7131,239.9986,9.1933,-0.0020413,-0.00089679,-4.3149,90.0122,0.065297,4.4327,4.9717,-5.428,-31.7865,-0.00028782,1.5742,-0.11307,8.8802e-07,0.071298,0,86.8737,0.16105,0.94407,477.7181,1373.4882
55.4042,11489.7964,39.7131,239.9986,9.1933,-0.0020413,-0.00089679,-4.3149,90.0122,0.065297,4.4327,4.9717,-5.428,-31.7865,-0.00028782,1.5742,-0.11307,8.8802e-07,0.071298,0,86.8737,0.16103,0.91467,477.7181,1373.4882
55.4081,11490.1273,39.7131,239.9982,9.1933,-0.002173,-0.036854,-3.572,90.0127,0.010613,4.4327,4.9997,7.2386,-35.4163,-0.00013244,1.545,-0.11756,8.8758e-07,0.071309,0,87.0181,0.1609,0.92562,477.7169,1373.4704
55.4097,11490.1273,39.7131,239.9982,9.1933,-0.002173,-0.036854,-3.572,90.0127,0.010613,4.4327,4.9997,7.2386,-35.4163,-0.00013244,1.545,-0.11756,8.8758e-07,0.071309,0,87.0181,0.16089,0.916,477.7169,1373.4704
55.4097,11490.1273,39.7131,239.9982,9.1933,-0.002173,-0.036854,-3.572,90.0127,0.010613,4.4327,4.9997,7.2386,-35.4163,-0.00013244,1.545,-0.11756,8.8758e-07,0.071309,0,87.0181,0.16089,0.916,477.7169,1373.4704
55.4164,11490.4582,39.7132,239.998,9.1933,-0.002296,-0.066621,-2.8434,90.0128,-0.046242,4.4326,5.0343,6.6927,-35.3624,4.1528e-06,1.5158,-0.1194,8.8715e-07,0.07132,0,87.1625,0.16077,0.90339,477.7158,1373.4526
55.4226,11490.4582,39.7132,239.998,9.1933,-0.002296,-0.066621,-2.8434,90.0128,-0.046242,4.4326,5.0343,6.6927,-35.3624,4.1528e-06,1.5158,-0.1194,8.8715e-07,0.07132,0,87.1625,0.16075,0.88437,477.7158,1373.4526
55.4226,11490.4582,39.7132,239.998,9.1933,-0.002296,-0.066621,-2.8434,90.0128,-0.046242,4.4326,5.0343,6.6927,-35.3624,4.1528e-06,1.5158,-0.1194,8.8715e-07,0.07132,0,87.1625,0.16075,0.88437,477.7158,1373.4526
55.4248,11490.7892,39.7133,239.9981,9.1933,-0.0024028,-0.090316,-2.1289,90.0124,-0.10399,4.4326,5.0762,6.312,-35.3055,0.00012032,1.4854,-0.11246,8.8672e-07,0.071331,0,87.3069,0.16066,0.87934,477.7146,1373.4348
55.4269,11490.7892,39.7133,239.9981,9.1933,-0.0024028,-0.090316,-2.1289,90.0124,-0.10399,4.4326,5.0762,6.312,-35.3055,0.00012032,1.4854,-0.11246,8.8672e-07,0.071331,0,87.3069,0.16066,0.87598,477.7146,1373.4348
55.4313,11490.7892,39.7133,239.9981,9.1933,-0.0024028,-0.090316,-2.1289,90.0124,-0.10399,4.4326,5.0762,6.312,-35.3055,0.00012032,1.4854,-0.11246,8.8672e-07,0.071331,0,87.3069,0.16064,0.8711,477.7146,1373.4348
55.4331,11491.1201,39.7135,239.9983,9.1933,-0.0024784,-0.10806,-1.4284,90.0115,-0.15838,4.4326,5.1408,6.4695,-35.2429,0.00019868,1.4532,-0.093167,8.8629e-07,0.071342,0,87.4514,0.1606,0.8543,477.7134,1373.417
55.4414,11491.4511,39.7138,239.9987,9.1932,-0.0025092,-0.11996,-0.74177,90.0102,-0.20344,4.4326,5.2372,7.3829,-35.1724,0.00023734,1.4205,-0.068173,8.8587e-07,0.071353,0,87.5959,0.1606,0.82867,477.7122,1373.3991
55.4498,11491.782,39.7141,239.9993,9.1932,-0.0024892,-0.12614,-0.068796,90.0085,-0.23641,4.4326,5.3488,8.6482,-35.0968,0.00023573,1.388,-0.04062,8.8546e-07,0.071363,0,87.7404,0.16066,0.80261,477.711,1373.3813
55.4581,11492.113,39.7145,240.0002,9.1932,-0.0024219,-0.12672,0.5908,90.0065,-0.25606,4.4326,5.4677,10.0748,-35.0174,0.00019538,1.3561,-0.012524,8.8506e-07,0.071374,0,87.8849,0.16078,0.77622,477.7099,1373.3635
55.4664,11492.4439,39.715,240.0012,9.1932,-0.0023196,-0.12179,1.2373,90.0044,-0.26212,4.4326,5.5887,11.5402,-34.935,7.8995e-05,1.3251,0.01436,8.8467e-07,0.071385,0,87.538,0.16095,0.74953,477.7087,1373.3457
55.4748,11492.7749,39.7152,240.0013,9.1932,-0.0022219,-0.11148,1.8711,90.0022,-0.25518,4.4326,5.5094,12.9378,-34.8478,-7.0746e-05,1.2951,0.038842,8.8429e-07,0.071396,0,87.1912,0.16105,0.81138,477.7075,1373.3279
55.4831,11493.1058,39.7151,240.0007,9.1932,-0.0021561,-0.095889,2.4924,90.0001,-0.23639,4.4326,5.4266,14.1952,-34.7584,-0.00023133,1.2663,0.060217,8.8392e-07,0.071407,0,86.8447,0.16108,0.88152,477.7063,1373.3101
55.4914,11493.4368,39.7149,239.9994,9.1932,-0.0021443,-0.075118,3.1017,89.9981,-0.20727,4.4326,5.338,15.2692,-34.6684,-0.00029747,1.2388,0.078131,8.8356e-07,0.071418,0,86.7966,0.16103,0.95481,477.7051,1373.2923
55.4978,11493.4368,39.7149,239.9994,9.1932,-0.0021443,-0.075118,3.1017,89.9981,-0.20727,4.4326,5.338,15.2692,-34.6684,-0.00029747,1.2388,0.078131,8.8356e-07,0.071418,0,86.7966,0.16101,0.91088,477.7051,1373.2923
55.4978,11493.4368,39.7149,239.9994,9.1932,-0.0021443,-0.075118,3.1017,89.9981,-0.20727,4.4326,5.338,15.2692,-34.6684,-0.00029747,1.2388,0.078131,8.8356e-07,0.071418,0,86.7966,0.16101,0.91088,477.7051,1373.2923
55.4998,11493.7678,39.7148,239.9989,9.1932,-0.0021619,-0.049271,3.6992,89.9964,-0.16949,4.4326,5.432,16.1384,-34.584,-0.0002932,1.2125,0.092519,8.8321e-07,0.071429,0,86.9409,0.16097,0.94386,477.704,1373.2745
55.5018,11493.7678,39.7148,239.9989,9.1932,-0.0021619,-0.049271,3.6992,89.9964,-0.16949,4.4326,5.432,16.1384,-34.584,-0.0002932,1.2125,0.092519,8.8321e-07,0.071429,0,86.9409,0.16097,0.92908,477.704,1373.2745
55.5057,11493.7678,39.7148,239.9989,9.1932,-0.0021619,-0.049271,3.6992,89.9964,-0.16949,4.4326,5.432,16.1384,-34.584,-0.0002932,1.2125,0.092519,8.8321e-07,0.071429,0,86.9409,0.16096,0.90701,477.704,1373.2745
55.5081,11494.0987,39.7149,239.9985,9.1932,-0.0021977,-0.018444,4.2853,89.995,-0.12474,4.4326,5.516,16.7987,-34.5039,-0.00021402,0.21043,0.10352,8.8286e-07,0.07144,0,87.0852,0.16092,0.92497,477.7028,1373.2566
55.5164,11494.4297,39.715,239.9983,9.1932,-0.002238,0.017267,4.3938,89.994,-0.074678,4.4326,5.59,8.3895,-31.9972,-0.0001059,-1.4244,0.1114,8.8252e-07,0.07145,0,87.2296,0.16087,0.90276,477.7016,1373.2388
55.5248,11494.7606,39.7151,239.9983,9.1932,-0.0022915,0.053881,3.7223,89.9933,-0.020801,4.4326,5.6559,-5.9624,-27.9272,1.6837e-05,-1.5508,0.11656,8.8218e-07,0.071461,0,87.374,0.16082,0.87885,477.7004,1373.221
55.5257,11494.7606,39.7151,239.9983,9.1932,-0.0022915,0.053881,3.7223,89.9933,-0.020801,4.4326,5.6559,-5.9624,-27.9272,1.6837e-05,-1.5508,0.11656,8.8218e-07,0.071461,0,87.374,0.16082,0.87737,477.7004,1373.221
55.5257,11494.7606,39.7151,239.9983,9.1932,-0.0022915,0.053881,3.7223,89.9933,-0.020801,4.4326,5.6559,-5.9624,-27.9272,1.6837e-05,-1.5508,0.11656,8.8218e-07,0.071461,0,87.374,0.16082,0.87737,477.7004,1373.221
55.5331,11495.0916,39.7153,239.9985,9.1932,-0.0023548,0.0849,2.9908,89.9932,0.035569,4.4326,5.7152,-6.7949,-27.6288,0.00011306,-1.5217,0.11937,8.8183e-07,0.071472,0,87.5185,0.16077,0.85406,477.6992,1373.2032
55.5384,11495.0916,39.7153,239.9985,9.1932,-0.0023548,0.0849,2.9908,89.9932,0.035569,4.4326,5.7152,-6.7949,-27.6288,0.00011306,-1.5217,0.11937,8.8183e-07,0.071472,0,87.5185,0.16076,0.85725,477.6992,1373.2032
55.5384,11495.0916,39.7153,239.9985,9.1932,-0.0023548,0.0849,2.9908,89.9932,0.035569,4.4326,5.7152,-6.7949,-27.6288,0.00011306,-1.5217,0.11937,8.8183e-07,0.071472,0,87.5185,0.16076,0.85725,477.6992,1373.2032
55.5414,11495.4225,39.7156,239.9989,9.1931,-0.0024253,0.10982,2.2735,89.9935,0.093302,4.4326,5.7694,-6.36,-27.7161,0.00018371,-1.4917,0.1149,8.8148e-07,0.071483,0,87.663,0.16073,0.82869,477.6981,1373.1854
55.5445,11495.4225,39.7156,239.9989,9.1931,-0.0024253,0.10982,2.2735,89.9935,0.093302,4.4326,5.7694,-6.36,-27.7161,0.00018371,-1.4917,0.1149,8.8148e-07,0.071483,0,87.663,0.16072,0.83742,477.6981,1373.1854
55.5498,11495.7535,39.7159,239.9995,9.1931,-0.0024914,0.12877,1.5701,89.9942,0.14887,4.4326,5.8062,-6.3709,-27.8026,0.00022573,-1.4598,0.097642,8.8112e-07,0.071494,0,87.8075,0.16071,0.80289,477.6969,1373.1676
55.5581,11496.0845,39.7163,240.0004,9.1931,-0.0025326,0.14185,0.88068,89.9955,0.1961,4.4326,5.8118,-7.162,-27.8907,0.00023871,-1.4272,0.073584,8.8075e-07,0.071505,0,87.952,0.16072,0.77671,477.6957,1373.1498
55.5664,11496.4154,39.7168,240.0014,9.1931,-0.0025349,0.14919,0.20495,89.9971,0.23169,4.4325,5.8013,-8.3703,-27.9773,0.00017996,-1.3946,0.046437,8.8037e-07,0.071516,0,87.6051,0.16079,0.7502,477.6945,1373.132
55.5748,11496.7464,39.7169,240.0014,9.1931,-0.0025142,0.1509,-0.45734,89.999,0.25415,4.4325,5.586,-9.7708,-28.0575,8.0722e-05,-1.3626,0.01833,8.7997e-07,0.071527,0,87.2583,0.16081,0.81215,477.6934,1373.1141
55.5831,11497.0774,39.7169,240.0008,9.1931,-0.0024814,0.14709,-1.1065,90.0012,0.26301,4.4326,5.371,-11.234,-28.1319,-4.745e-05,-1.3313,-0.0088945,8.7956e-07,0.071537,0,86.9118,0.16081,0.88234,477.6922,1373.0963
55.5914,11497.4084,39.7166,239.9996,9.1931,-0.002452,0.13787,-1.7428,90.0033,0.25871,4.4326,5.1607,-12.6481,-28.2,-0.00010787,-1.3011,-0.033928,8.7914e-07,0.071548,0,86.8505,0.16076,0.95565,477.691,1373.0785
55.5998,11497.7393,39.7166,239.999,9.1931,-0.0024039,0.12334,-2.3667,90.0055,0.2423,4.4326,5.1475,-13.9337,-28.2666,-0.00013399,-1.2721,-0.055976,8.7871e-07,0.071559,0,86.9948,0.16077,0.94475,477.6898,1373.0607
55.6081,11498.0703,39.7166,239.9986,9.1931,-0.0023372,0.10362,-2.9783,90.0075,0.21523,4.4326,5.1417,-15.0426,-28.3295,-0.0001228,-1.2443,-0.074619,8.7827e-07,0.07157,0,87.1391,0.16082,0.92561,477.6886,1373.0429
55.6114,11498.0703,39.7166,239.9986,9.1931,-0.0023372,0.10362,-2.9783,90.0075,0.21523,4.4326,5.1417,-15.0426,-28.3295,-0.0001228,-1.2443,-0.074619,8.7827e-07,0.07157,0,87.1391,0.16081,0.90761,477.6886,1373.0429
55.6114,11498.0703,39.7166,239.9986,9.1931,-0.0023372,0.10362,-2.9783,90.0075,0.21523,4.4326,5.1417,-15.0426,-28.3295,-0.0001228,-1.2443,-0.074619,8.7827e-07,0.07157,0,87.1391,0.16081,0.90761,477.6886,1373.0429
55.6164,11498.4013,39.7167,239.9984,9.1931,-0.0022548,0.078803,-3.5782,90.0093,0.17915,4.4326,5.1442,-15.9491,-28.3885,-0.00011735,-1.2177,-0.089736,8.7781e-07,0.071581,0,87.2835,0.16089,0.9027,477.6875,1373.0251
55.6215,11498.4013,39.7167,239.9984,9.1931,-0.0022548,0.078803,-3.5782,90.0093,0.17915,4.4326,5.1442,-15.9491,-28.3885,-0.00011735,-1.2177,-0.089736,8.7781e-07,0.071581,0,87.2835,0.16088,0.88658,477.6875,1373.0251
55.6223,11498.4013,39.7167,239.9984,9.1931,-0.0022548,0.078803,-3.5782,90.0093,0.17915,4.4326,5.1442,-15.9491,-28.3885,-0.00011735,-1.2177,-0.089736,8.7781e-07,0.071581,0,87.2835,0.16087,0.88457,477.6875,1373.0251
55.6223,11498.4013,39.7167,239.9984,9.1931,-0.0022548,0.078803,-3.5782,90.0093,0.17915,4.4326,5.1442,-15.9491,-28.3885,-0.00011735,-1.2177,-0.089736,8.7781e-07,0.071581,0,87.2835,0.16087,0.88457,477.6875,1373.0251
55.6248,11498.7322,39.7168,239.9985,9.1931,-0.0021822,0.048984,-4.1666,90.0108,0.13575,4.4326,5.1553,-16.6458,-28.4412,-9.5719e-05,-0.56933,-0.10143,8.7735e-07,0.071592,0,87.4279,0.16097,0.87823,477.6863,1373.0073
55.6272,11498.7322,39.7168,239.9985,9.1931,-0.0021822,0.048984,-4.1666,90.0108,0.13575,4.4326,5.1553,-16.6458,-28.4412,-9.5719e-05,-0.56933,-0.10143,8.7735e-07,0.071592,0,87.4279,0.16096,0.87467,477.6863,1373.0073
55.6307,11498.7322,39.7168,239.9985,9.1931,-0.0021822,0.048984,-4.1666,90.0108,0.13575,4.4326,5.1553,-16.6458,-28.4412,-9.5719e-05,-0.56933,-0.10143,8.7735e-07,0.071592,0,87.4279,0.16095,0.87092,477.6863,1373.0073
55.6307,11498.7322,39.7168,239.9985,9.1931,-0.0021822,0.048984,-4.1666,90.0108,0.13575,4.4326,5.1553,-16.6458,-28.4412,-9.5719e-05,-0.56933,-0.10143,8.7735e-07,0.071592,0,87.4279,0.16095,0.87092,477.6863,1373.0073
55.6331,11499.0632,39.717,239.9987,9.193,-0.0021346,0.014263,-4.4462,90.0119,0.086697,4.4326,5.1735,-11.4866,-30.0538,-5.6862e-05,1.0652,-0.10992,8.7688e-07,0.071603,0,87.5723,0.16103,0.85344,477.6851,1372.9895
55.6355,11499.0632,39.717,239.9987,9.193,-0.0021346,0.014263,-4.4462,90.0119,0.086697,4.4326,5.1735,-11.4866,-30.0538,-5.6862e-05,1.0652,-0.10992,8.7688e-07,0.071603,0,87.5723,0.16102,0.85523,477.6851,1372.9895
55.6403,11499.0632,39.717,239.9987,9.193,-0.0021346,0.014263,-4.4462,90.0119,0.086697,4.4326,5.1735,-11.4866,-30.0538,-5.6862e-05,1.0652,-0.10992,8.7688e-07,0.071603,0,87.5723,0.16101,0.85773,477.6851,1372.9895
55.6414,11499.3942,39.7173,239.9991,9.193,-0.0021273,-0.022789,-3.9462,90.0127,0.033539,4.4326,5.1995,2.8164,-34.1499,1.4157e-06,1.5597,-0.11563,8.764e-07,0.071614,0,87.7168,0.16107,0.82823,477.6839,1372.9716
55.647,11499.3942,39.7173,239.9991,9.193,-0.0021273,-0.022789,-3.9462,90.0127,0.033539,4.4326,5.1995,2.8164,-34.1499,1.4157e-06,1.5597,-0.11563,8.764e-07,0.071614,0,87.7168,0.16105,0.84251,477.6839,1372.9716
55.6498,11499.7252,39.7176,239.9997,9.193,-0.0021613,-0.055673,-3.2104,90.0129,-0.022382,4.4326,5.2325,6.9468,-35.4011,4.8875e-05,1.5305,-0.1189,8.7593e-07,0.071624,0,87.8613,0.16108,0.80268,477.6827,1372.9538
55.6538,11499.7252,39.7176,239.9997,9.193,-0.0021613,-0.055673,-3.2104,90.0129,-0.022382,4.4326,5.2325,6.9468,-35.4011,4.8875e-05,1.5305,-0.1189,8.7593e-07,0.071624,0,87.8613,0.16106,0.82227,477.6827,1372.9538
55.6538,11499.7252,39.7176,239.9997,9.193,-0.0021613,-0.055673,-3.2104,90.0129,-0.022382,4.4326,5.2325,6.9468,-35.4011,4.8875e-05,1.5305,-0.1189,8.7593e-07,0.071624,0,87.8613,0.16106,0.82227,477.6827,1372.9538
55.6581,11500.0562,39.7181,240.0006,9.193,-0.0022299,-0.082426,-2.4888,90.0128,-0.079884,4.4325,5.2722,6.4773,-35.3405,8.4093e-05,1.5007,-0.11673,8.7546e-07,0.071635,0,87.976,0.16106,0.77682,477.6816,1372.936
55.6624,11500.0562,39.7181,240.0006,9.193,-0.0022299,-0.082426,-2.4888,90.0128,-0.079884,4.4325,5.2722,6.4773,-35.3405,8.4093e-05,1.5007,-0.11673,8.7546e-07,0.071635,0,87.976,0.16105,0.80601,477.6816,1372.936
55.6664,11500.3871,39.7185,240.0016,9.193,-0.0023187,-0.10317,-1.7813,90.0121,-0.13634,4.4325,5.3261,6.3424,-35.2762,6.3386e-05,1.4692,-0.1026,8.75e-07,0.071646,0,87.6291,0.16105,0.75058,477.6804,1372.9182
55.6748,11500.7181,39.7187,240.0016,9.193,-0.0024242,-0.11801,-1.0877,90.011,-0.18596,4.4325,5.2129,6.9394,-35.2027,1.659e-05,1.4367,-0.079955,8.7454e-07,0.071657,0,87.2824,0.16095,0.81275,477.6792,1372.9004
55.6831,11501.0491,39.7186,240.001,9.193,-0.00253,-0.12708,-0.40794,90.0094,-0.22463,4.4325,5.1236,8.0594,-35.1233,-4.8703e-05,1.4041,-0.053451,8.7409e-07,0.071668,0,86.9359,0.16081,0.88311,477.678,1372.8826
55.6914,11501.3801,39.7184,239.9998,9.193,-0.0026245,-0.13048,0.25834,90.0075,-0.25049,4.4325,5.0465,9.4192,-35.0405,-4.5623e-05,1.3719,-0.025474,8.7365e-07,0.071679,0,86.8923,0.16064,0.95653,477.6768,1372.8648
55.6998,11501.7111,39.7184,239.9992,9.193,-0.0026642,-0.12832,0.91139,90.0054,-0.26281,4.4326,5.165,10.8743,-34.9605,-1.939e-05,1.3404,0.0020709,8.7322e-07,0.07169,0,87.0365,0.16056,0.9457,477.6757,1372.847
55.7081,11502.0421,39.7184,239.9988,9.193,-0.002637,-0.12073,1.5515,90.0033,-0.26181,4.4326,5.2827,12.3091,-34.8813,2.2676e-05,1.3098,0.027727,8.7281e-07,0.071701,0,87.1809,0.16056,0.92659,477.6745,1372.8292
55.7164,11502.3731,39.7184,239.9986,9.193,-0.002543,-0.1078,2.1791,90.0011,-0.2484,4.4326,5.3959,13.6349,-34.8028,2.8145e-05,1.2805,0.050576,8.724e-07,0.071712,0,87.3252,0.16065,0.90372,477.6733,1372.8114
55.7248,11502.704,39.7186,239.9986,9.1929,-0.002414,-0.089639,2.7944,89.999,-0.22394,4.4326,5.5026,14.7958,-34.7225,9.7657e-06,1.2524,0.070109,8.72e-07,0.071722,0,87.4696,0.16078,0.87911,477.6721,1372.7935
55.7251,11502.704,39.7186,239.9986,9.1929,-0.002414,-0.089639,2.7944,89.999,-0.22394,4.4326,5.5026,14.7958,-34.7225,9.7657e-06,1.2524,0.070109,8.72e-07,0.071722,0,87.4696,0.16077,0.87863,477.6721,1372.7935
55.7251,11502.704,39.7186,239.9986,9.1929,-0.002414,-0.089639,2.7944,89.999,-0.22394,4.4326,5.5026,14.7958,-34.7225,9.7657e-06,1.2524,0.070109,8.72e-07,0.071722,0,87.4696,0.16077,0.87863,477.6721,1372.7935
55.7331,11503.035,39.7187,239.9988,9.1929,-0.0022808,-0.066353,3.3977,89.9971,-0.19004,4.4326,5.6013,15.7608,-34.641,-2.8102e-05,1.2255,0.08613,8.7162e-07,0.071733,0,87.6141,0.16092,0.85364,477.6709,1372.7757
55.7359,11503.035,39.7187,239.9988,9.1929,-0.0022808,-0.066353,3.3977,89.9971,-0.19004,4.4326,5.6013,15.7608,-34.641,-2.8102e-05,1.2255,0.08613,8.7162e-07,0.071733,0,87.6141,0.16091,0.85559,477.6709,1372.7757
55.7359,11503.035,39.7187,239.9988,9.1929,-0.0022808,-0.066353,3.3977,89.9971,-0.19004,4.4326,5.6013,15.7608,-34.641,-2.8102e-05,1.2255,0.08613,8.7162e-07,0.071733,0,87.6141,0.16091,0.85559,477.6709,1372.7757
55.7414,11503.366,39.719,239.9992,9.1929,-0.0021742,-0.038039,3.9895,89.9956,-0.14838,4.4326,5.6913,16.5178,-34.5587,-5.6643e-05,1.0187,0.098689,8.7124e-07,0.071744,0,87.7585,0.16106,0.82769,477.6698,1372.7579
55.7448,11503.366,39.719,239.9992,9.1929,-0.0021742,-0.038039,3.9895,89.9956,-0.14838,4.4326,5.6913,16.5178,-34.5587,-5.6643e-05,1.0187,0.098689,8.7124e-07,0.071744,0,87.7585,0.16105,0.83725,477.6698,1372.7579
55.7448,11503.366,39.719,239.9992,9.1929,-0.0021742,-0.038039,3.9895,89.9956,-0.14838,4.4326,5.6913,16.5178,-34.5587,-5.6643e-05,1.0187,0.098689,8.7124e-07,0.071744,0,87.7585,0.16105,0.83725,477.6698,1372.7579
55.7498,11503.697,39.7194,239.9999,9.1929,-0.0021123,-0.0047927,4.4836,89.9943,-0.10066,4.4326,5.7712,15.4254,-34.0264,-6.6788e-05,-0.61398,0.10801,8.7086e-07,0.071755,0,87.903,0.16116,0.80205,477.6686,1372.7401
55.7548,11503.697,39.7194,239.9999,9.1929,-0.0021123,-0.0047927,4.4836,89.9943,-0.10066,4.4326,5.7712,15.4254,-34.0264,-6.6788e-05,-0.61398,0.10801,8.7086e-07,0.071755,0,87.903,0.16115,0.82537,477.6686,1372.7401
55.7581,11504.028,39.7198,240.0007,9.1929,-0.0021087,0.03257,4.1988,89.9935,-0.048423,4.4325,5.8425,1.1848,-29.9471,-3.8707e-05,-1.5696,0.11438,8.7049e-07,0.071766,0,87.9385,0.16122,0.77626,477.6674,1372.7223
55.7664,11504.359,39.7202,240.0018,9.1929,-0.0021624,0.06756,3.4582,89.9931,0.0068942,4.4325,5.9064,-7.097,-27.5721,-4.5977e-05,-1.5404,0.11826,8.7011e-07,0.071777,0,87.5916,0.16124,0.75024,477.6662,1372.7045
55.7694,11504.359,39.7202,240.0018,9.1929,-0.0021624,0.06756,3.4582,89.9931,0.0068942,4.4325,5.9064,-7.097,-27.5721,-4.5977e-05,-1.5404,0.11826,8.7011e-07,0.071777,0,87.5916,0.16123,0.77824,477.6662,1372.7045
55.7694,11504.359,39.7202,240.0018,9.1929,-0.0021624,0.06756,3.4582,89.9931,0.0068942,4.4325,5.9064,-7.097,-27.5721,-4.5977e-05,-1.5404,0.11826,8.7011e-07,0.071777,0,87.5916,0.16123,0.77824,477.6662,1372.7045
55.7748,11504.69,39.7204,240.0018,9.1929,-0.0022827,0.096378,2.7319,89.9931,0.064086,4.4325,5.7665,-6.5962,-27.655,-6.6142e-05,-1.511,0.11901,8.6973e-07,0.071788,0,87.2449,0.16113,0.8127,477.6651,1372.6867
55.7802,11504.69,39.7204,240.0018,9.1929,-0.0022827,0.096378,2.7319,89.9931,0.064086,4.4325,5.7665,-6.5962,-27.655,-6.6142e-05,-1.511,0.11901,8.6973e-07,0.071788,0,87.2449,0.16111,0.83254,477.6651,1372.6867
55.7828,11504.69,39.7204,240.0018,9.1929,-0.0022827,0.096378,2.7319,89.9931,0.064086,4.4325,5.7665,-6.5962,-27.655,-6.6142e-05,-1.511,0.11901,8.6973e-07,0.071788,0,87.2449,0.1611,0.83891,477.6651,1372.6867
55.7828,11504.69,39.7204,240.0018,9.1929,-0.0022827,0.096378,2.7319,89.9931,0.064086,4.4325,5.7665,-6.5962,-27.655,-6.6142e-05,-1.511,0.11901,8.6973e-07,0.071788,0,87.2449,0.1611,0.83891,477.6651,1372.6867
55.7831,11505.021,39.7204,240.0011,9.1929,-0.0024576,0.11914,2.0196,89.9937,0.12164,4.4325,5.6214,-6.2876,-27.7355,-9.0792e-05,-1.48,0.10881,8.6935e-07,0.071799,0,86.8985,0.16092,0.8833,477.6639,1372.6689
55.7834,11505.021,39.7204,240.0011,9.1929,-0.0024576,0.11914,2.0196,89.9937,0.12164,4.4325,5.6214,-6.2876,-27.7355,-9.0792e-05,-1.48,0.10881,8.6935e-07,0.071799,0,86.8985,0.16092,0.88258,477.6639,1372.6689
55.7841,11505.021,39.7204,240.0011,9.1929,-0.0024576,0.11914,2.0196,89.9937,0.12164,4.4325,5.6214,-6.2876,-27.7355,-9.0792e-05,-1.48,0.10881,8.6935e-07,0.071799,0,86.8985,0.16091,0.88122,477.6639,1372.6689
55.7853,11505.021,39.7204,240.0011,9.1929,-0.0024576,0.11914,2.0196,89.9937,0.12164,4.4325,5.6214,-6.2876,-27.7355,-9.0792e-05,-1.48,0.10881,8.6935e-07,0.071799,0,86.8985,0.16091,0.87875,477.6639,1372.6689
55.7879,11505.021,39.7204,240.0011,9.1929,-0.0024576,0.11914,2.0196,89.9937,0.12164,4.4325,5.6214,-6.2876,-27.7355,-9.0792e-05,-1.48,0.10881,8.6935e-07,0.071799,0,86.8985,0.1609,0.87465,477.6639,1372.6689
55.7914,11505.352,39.7201,239.9999,9.1929,-0.0026595,0.13597,1.3214,89.9947,0.17426,4.4325,5.4514,-6.6475,-27.818,-3.5734e-05,-1.4477,0.08795,8.6895e-07,0.071809,0,86.8889,0.16064,0.95693,477.6627,1372.6511
55.7998,11505.683,39.7201,239.9993,9.1929,-0.0028173,0.14698,0.63695,89.9961,0.2168,4.4325,5.4465,-7.6585,-27.9072,5.0694e-05,-1.415,0.062248,8.6854e-07,0.07182,0,87.0331,0.16045,0.94631,477.6615,1372.6333
55.8081,11506.014,39.7201,239.9989,9.1929,-0.002892,0.15229,-0.033834,89.9979,0.24691,4.4325,5.4299,-8.9682,-27.9971,0.00015225,-1.3825,0.034427,8.6813e-07,0.071831,0,87.1774,0.16035,0.92735,477.6603,1372.6155
55.8164,11506.345,39.7201,239.9987,9.1928,-0.0028617,0.15201,-0.69129,90,0.26356,4.4325,5.4085,-10.4112,-28.0852,0.00020421,-1.3507,0.0064863,8.677e-07,0.071842,0,87.3218,0.16037,0.90458,477.6592,1372.5976
55.8248,11506.676,39.7203,239.9987,9.1928,-0.0027459,0.14625,-1.3357,90.0022,0.2667,4.4325,5.3876,-11.866,-28.1666,0.0002088,-1.3199,-0.019943,8.6725e-07,0.071853,0,87.4662,0.16048,0.88003,477.658,1372.5798
55.8331,11507.007,39.7204,239.9989,9.1928,-0.0025726,0.13512,-1.9675,90.0044,0.25706,4.4325,5.3713,-13.2337,-28.2405,0.00016316,-1.2902,-0.043789,8.668e-07,0.071864,0,87.6106,0.16067,0.8546,477.6568,1372.562
55.8414,11507.338,39.7207,239.9993,9.1928,-0.0023788,0.11872,-2.5868,90.0066,0.23588,4.4325,5.3621,-14.4491,-28.3061,8.2982e-05,-1.2616,-0.064428,8.6633e-07,0.071875,0,87.7551,0.16088,0.82868,477.6556,1372.5442
55.8498,11507.669,39.721,240,9.1928,-0.0021994,0.097167,-3.1942,90.0085,0.20472,4.4325,5.3613,-15.4742,-28.3639,-1.3328e-05,-1.2344,-0.081576,8.6585e-07,0.071886,0,87.8995,0.1611,0.80244,477.6544,1372.5264
55.8575,11507.669,39.721,240,9.1928,-0.0021994,0.097167,-3.1942,90.0085,0.20472,4.4325,5.3613,-15.4742,-28.3639,-1.3328e-05,-1.2344,-0.081576,8.6585e-07,0.071886,0,87.8995,0.16108,0.83392,477.6544,1372.5264
55.8575,11507.669,39.721,240,9.1928,-0.0021994,0.097167,-3.1942,90.0085,0.20472,4.4325,5.3613,-15.4742,-28.3639,-1.3328e-05,-1.2344,-0.081576,8.6585e-07,0.071886,0,87.8995,0.16108,0.83392,477.6544,1372.5264
55.8581,11508,39.7214,240.0008,9.1928,-0.0020639,0.070548,-3.7899,90.0102,0.16527,4.4325,5.3694,-16.2916,-28.4148,-9.806e-05,-1.1514,-0.095216,8.6535e-07,0.071896,0,88.0076,0.16129,0.77596,477.6533,1372.5086
55.8586,11508,39.7214,240.0008,9.1928,-0.0020639,0.070548,-3.7899,90.0102,0.16527,4.4325,5.3694,-16.2916,-28.4148,-9.806e-05,-1.1514,-0.095216,8.6535e-07,0.071896,0,88.0076,0.16129,0.77974,477.6533,1372.5086
55.8586,11508,39.7214,240.0008,9.1928,-0.0020639,0.070548,-3.7899,90.0102,0.16527,4.4325,5.3694,-16.2916,-28.4148,-9.806e-05,-1.1514,-0.095216,8.6535e-07,0.071896,0,88.0076,0.16129,0.77974,477.6533,1372.5086
55.8592,11508,39.7214,240.0008,9.1928,-0.0020639,0.070548,-3.7899,90.0102,0.16527,4.4325,5.3694,-16.2916,-28.4148,-9.806e-05,-1.1514,-0.095216,8.6535e-07,0.071896,0,88.0076,0.16129,0.78484,477.6533,1372.5086
55.8599,11508,39.7214,240.0008,9.1928,-0.0020639,0.070548,-3.7899,90.0102,0.16527,4.4325,5.3694,-16.2916,-28.4148,-9.806e-05,-1.1514,-0.095216,8.6535e-07,0.071896,0,88.0076,0.16129,0.78962,477.6533,1372.5086
55.8612,11508,39.7214,240.0008,9.1928,-0.0020639,0.070548,-3.7899,90.0102,0.16527,4.4325,5.3694,-16.2916,-28.4148,-9.806e-05,-1.1514,-0.095216,8.6535e-07,0.071896,0,88.0076,0.16129,0.7983,477.6533,1372.5086
55.8638,11508,39.7214,240.0008,9.1928,-0.0020639,0.070548,-3.7899,90.0102,0.16527,4.4325,5.3694,-16.2916,-28.4148,-9.806e-05,-1.1514,-0.095216,8.6535e-07,0.071896,0,88.0076,0.16128,0.8126,477.6533,1372.5086
55.8664,11508.331,39.7219,240.0019,9.1928,-0.0019899,0.038966,-4.347,90.0116,0.11922,4.4325,5.3853,-16.3839,-28.6034,-0.00019592,0.038776,-0.10552,8.6486e-07,0.071907,0,87.6607,0.16144,0.74963,477.6521,1372.4908
55.8748,11508.6621,39.722,240.0019,9.1928,-0.0020066,0.0027414,-4.3366,90.0126,0.068189,4.4325,5.2107,-6.2233,-31.5701,-0.00025456,1.5749,-0.1128,8.6435e-07,0.071918,0,87.3141,0.16143,0.81209,477.6509,1372.473
55.8831,11508.9931,39.722,240.0012,9.1928,-0.0021171,-0.033397,-3.5934,90.0132,0.013637,4.4325,5.0452,7.2616,-35.4193,-0.00028341,1.5457,-0.1174,8.6384e-07,0.071929,0,86.9676,0.16129,0.88289,477.6497,1372.4552
55.8845,11508.9931,39.722,240.0012,9.1928,-0.0021171,-0.033397,-3.5934,90.0132,0.013637,4.4325,5.0452,7.2616,-35.4193,-0.00028341,1.5457,-0.1174,8.6384e-07,0.071929,0,86.9676,0.16128,0.87992,477.6497,1372.4552
55.8845,11508.9931,39.722,240.0012,9.1928,-0.0021171,-0.033397,-3.5934,90.0132,0.013637,4.4325,5.0452,7.2616,-35.4193,-0.00028341,1.5457,-0.1174,8.6384e-07,0.071929,0,86.9676,0.16128,0.87992,477.6497,1372.4552
55.8914,11509.3241,39.7218,240,9.1928,-0.0023073,-0.063342,-2.8644,90.0133,-0.043143,4.4325,4.8885,6.7088,-35.3549,-0.00021809,1.5165,-0.11945,8.6334e-07,0.07194,0,86.8465,0.16103,0.95679,477.6485,1372.4374
55.8973,11509.3241,39.7218,240,9.1928,-0.0023073,-0.063342,-2.8644,90.0133,-0.043143,4.4325,4.8885,6.7088,-35.3549,-0.00021809,1.5165,-0.11945,8.6334e-07,0.07194,0,86.8465,0.16101,0.91429,477.6485,1372.4374
55.8973,11509.3241,39.7218,240,9.1928,-0.0023073,-0.063342,-2.8644,90.0133,-0.043143,4.4325,4.8885,6.7088,-35.3549,-0.00021809,1.5165,-0.11945,8.6334e-07,0.07194,0,86.8465,0.16101,0.91429,477.6485,1372.4374
55.8998,11509.6551,39.7217,239.9994,9.1928,-0.002516,-0.087212,-2.1496,90.0129,-0.10091,4.4325,4.9296,6.3154,-35.294,-0.0001039,1.4862,-0.11313,8.6284e-07,0.071951,0,86.9907,0.16078,0.94645,477.6474,1372.4196
55.9022,11509.6551,39.7217,239.9994,9.1928,-0.002516,-0.087212,-2.1496,90.0129,-0.10091,4.4325,4.9296,6.3154,-35.294,-0.0001039,1.4862,-0.11313,8.6284e-07,0.071951,0,86.9907,0.16078,0.92791,477.6474,1372.4196
55.9072,11509.6551,39.7217,239.9994,9.1928,-0.002516,-0.087212,-2.1496,90.0129,-0.10091,4.4325,4.9296,6.3154,-35.294,-0.0001039,1.4862,-0.11313,8.6284e-07,0.071951,0,86.9907,0.16076,0.90208,477.6474,1372.4196
55.9081,11509.9861,39.7218,239.999,9.1928,-0.0026959,-0.10513,-1.4487,90.0121,-0.15563,4.4325,4.9919,6.4351,-35.2315,4.1075e-05,1.4541,-0.094122,8.6234e-07,0.071962,0,87.135,0.16058,0.92776,477.6462,1372.4018
55.9129,11509.9861,39.7218,239.999,9.1928,-0.0026959,-0.10513,-1.4487,90.0121,-0.15563,4.4325,4.9919,6.4351,-35.2315,4.1075e-05,1.4541,-0.094122,8.6234e-07,0.071962,0,87.135,0.16057,0.90267,477.6462,1372.4018
55.9164,11510.3171,39.7218,239.9988,9.1927,-0.0028006,-0.1172,-0.76175,90.0108,-0.20115,4.4325,5.0863,7.3312,-35.1647,0.00015019,1.4214,-0.069257,8.6185e-07,0.071973,0,87.2794,0.16047,0.90521,477.645,1372.384
55.9248,11510.6481,39.7219,239.9988,9.1927,-0.0028221,-0.12355,-0.088431,90.0091,-0.23465,4.4325,5.1964,8.5885,-35.0929,0.00021983,1.3889,-0.041758,8.6137e-07,0.071983,0,87.4238,0.16044,0.88085,477.6438,1372.3661
55.9331,11510.9792,39.7221,239.999,9.1927,-0.0027634,-0.12428,0.5715,90.0072,-0.25485,4.4325,5.3139,10.0116,-35.0173,0.00023568,1.357,-0.013633,8.609e-07,0.071994,0,87.5682,0.16052,0.85553,477.6427,1372.3483
55.9414,11511.3102,39.7224,239.9994,9.1927,-0.0026436,-0.11952,1.2183,90.005,-0.26144,4.4325,5.4338,11.4787,-34.9379,0.00020232,1.3259,0.013327,8.6044e-07,0.072005,0,87.7126,0.16066,0.82968,477.6415,1372.3305
55.9498,11511.6412,39.7227,240,9.1927,-0.0024891,-0.10937,1.8524,90.0028,-0.255,4.4325,5.5517,12.8808,-34.8554,0.00012904,1.2959,0.037922,8.5999e-07,0.072016,0,87.8571,0.16085,0.80346,477.6403,1372.3127
55.9581,11511.9722,39.7231,240.0008,9.1927,-0.00233,-0.093931,2.4741,90.0007,-0.23666,4.4325,5.6642,14.1449,-34.7707,3.1782e-05,1.2671,0.059428,8.5955e-07,0.072027,0,88.0016,0.16106,0.77698,477.6391,1372.2949
55.9664,11512.3032,39.7236,240.0019,9.1927,-0.0021944,-0.073313,3.0837,89.9988,-0.20792,4.4325,5.7693,15.227,-34.6849,-0.00011428,1.2395,0.077483,8.5912e-07,0.072038,0,87.6547,0.16127,0.75027,477.6379,1372.2771
55.9725,11512.3032,39.7236,240.0019,9.1927,-0.0021944,-0.073313,3.0837,89.9988,-0.20792,4.4325,5.7693,15.227,-34.6849,-0.00011428,1.2395,0.077483,8.5912e-07,0.072038,0,87.6547,0.16125,0.80019,477.6379,1372.2771
55.9725,11512.3032,39.7236,240.0019,9.1927,-0.0021944,-0.073313,3.0837,89.9988,-0.20792,4.4325,5.7693,15.227,-34.6849,-0.00011428,1.2395,0.077483,8.5912e-07,0.072038,0,87.6547,0.16125,0.80019,477.6379,1372.2771
55.9748,11512.6343,39.7237,240.0019,9.1927,-0.0021262,-0.047616,3.6815,89.997,-0.17045,4.4325,5.6682,16.1049,-34.5964,-0.00025329,1.2132,0.092009,8.587e-07,0.072049,0,87.3081,0.16134,0.81204,477.6368,1372.2593
55.9771,11512.6343,39.7237,240.0019,9.1927,-0.0021262,-0.047616,3.6815,89.997,-0.17045,4.4325,5.6682,16.1049,-34.5964,-0.00025329,1.2132,0.092009,8.587e-07,0.072049,0,87.3081,0.16133,0.82186,477.6368,1372.2593
55.9816,11512.6343,39.7237,240.0019,9.1927,-0.0021262,-0.047616,3.6815,89.997,-0.17045,4.4325,5.6682,16.1049,-34.5964,-0.00025329,1.2132,0.092009,8.587e-07,0.072049,0,87.3081,0.16132,0.83589,477.6368,1372.2593
55.9831,11512.9653,39.7237,240.0013,9.1927,-0.002144,-0.016937,4.2679,89.9956,-0.12595,4.4325,5.5595,16.7735,-34.5081,-0.00035723,0.25647,0.10314,8.5828e-07,0.07206,0,86.9617,0.16129,0.88234,477.6356,1372.2415
55.9906,11512.9653,39.7237,240.0013,9.1927,-0.002144,-0.016937,4.2679,89.9956,-0.12595,4.4325,5.5595,16.7735,-34.5081,-0.00035723,0.25647,0.10314,8.5828e-07,0.07206,0,86.9617,0.16127,0.87085,477.6356,1372.2415
55.9912,11512.9653,39.7237,240.0013,9.1927,-0.002144,-0.016937,4.2679,89.9956,-0.12595,4.4325,5.5595,16.7735,-34.5081,-0.00035723,0.25647,0.10314,8.5828e-07,0.07206,0,86.9617,0.16127,0.87024,477.6356,1372.2415
55.9912,11512.9653,39.7237,240.0013,9.1927,-0.002144,-0.016937,4.2679,89.9956,-0.12595,4.4325,5.5595,16.7735,-34.5081,-0.00035723,0.25647,0.10314,8.5828e-07,0.07206,0,86.9617,0.16127,0.87024,477.6356,1372.2415
55.9914,11513.2963,39.7234,240.0001,9.1927,-0.0022534,0.018628,4.3983,89.9945,-0.076071,4.4325,5.4427,8.7835,-32.1037,-0.00032013,-1.3781,0.11113,8.5786e-07,0.07207,0,86.8429,0.16111,0.9562,477.6344,1372.2237
55.9917,11513.2963,39.7234,240.0001,9.1927,-0.0022534,0.018628,4.3983,89.9945,-0.076071,4.4325,5.4427,8.7835,-32.1037,-0.00032013,-1.3781,0.11113,8.5786e-07,0.07207,0,86.8429,0.16111,0.95363,477.6344,1372.2237
55.9923,11513.2963,39.7234,240.0001,9.1927,-0.0022534,0.018628,4.3983,89.9945,-0.076071,4.4325,5.4427,8.7835,-32.1037,-0.00032013,-1.3781,0.11113,8.5786e-07,0.07207,0,86.8429,0.16111,0.94869,477.6344,1372.2237
55.9934,11513.2963,39.7234,240.0001,9.1927,-0.0022534,0.018628,4.3983,89.9945,-0.076071,4.4325,5.4427,8.7835,-32.1037,-0.00032013,-1.3781,0.11113,8.5786e-07,0.07207,0,86.8429,0.1611,0.93959,477.6344,1372.2237
55.9956,11513.2963,39.7234,240.0001,9.1927,-0.0022534,0.018628,4.3983,89.9945,-0.076071,4.4325,5.4427,8.7835,-32.1037,-0.00032013,-1.3781,0.11113,8.5786e-07,0.07207,0,86.8429,0.1611,0.92412,477.6344,1372.2237
55.9998,11513.6274,39.7234,239.9994,9.1927,-0.0024094,0.055281,3.7489,89.9939,-0.022327,4.4325,5.5087,-5.5588,-28.0298,-0.00019872,-1.5517,0.11638,8.5745e-07,0.072081,0,86.9871,0.16092,0.946,477.6332,1372.2059
56.0006,11513.6274,39.7234,239.9994,9.1927,-0.0024094,0.055281,3.7489,89.9939,-0.022327,4.4325,5.5087,-5.5588,-28.0298,-0.00019872,-1.5517,0.11638,8.5745e-07,0.072081,0,86.9871,0.16092,0.93941,477.6332,1372.2059
56.0006,11513.6274,39.7234,239.9994,9.1927,-0.0024094,0.055281,3.7489,89.9939,-0.022327,4.4325,5.5087,-5.5588,-28.0298,-0.00019872,-1.5517,0.11638,8.5745e-07,0.072081,0,86.9871,0.16092,0.93941,477.6332,1372.2059
56.0081,11513.9584,39.7234,239.999,9.1926,-0.0025762,0.086522,3.017,89.9937,0.033959,4.4325,5.5675,-6.8134,-27.6134,-3.5299e-05,-1.5226,0.11927,8.5703e-07,0.072092,0,87.1314,0.16073,0.92754,477.632,1372.1881
56.0132,11513.9584,39.7234,239.999,9.1926,-0.0025762,0.086522,3.017,89.9937,0.033959,4.4325,5.5675,-6.8134,-27.6134,-3.5299e-05,-1.5226,0.11927,8.5703e-07,0.072092,0,87.1314,0.16072,0.90109,477.632,1372.1881
56.0132,11513.9584,39.7234,239.999,9.1926,-0.0025762,0.086522,3.017,89.9937,0.033959,4.4325,5.5675,-6.8134,-27.6134,-3.5299e-05,-1.5226,0.11927,8.5703e-07,0.072092,0,87.1314,0.16072,0.90109,477.632,1372.1881
56.0164,11514.2894,39.7235,239.9988,9.1926,-0.0027188,0.11166,2.2992,89.994,0.091643,4.4325,5.6207,-6.374,-27.7043,0.000106,-1.4926,0.1151,8.566e-07,0.072103,0,87.2757,0.16058,0.90525,477.6309,1372.1703
56.0196,11514.2894,39.7235,239.9988,9.1926,-0.0027188,0.11166,2.2992,89.994,0.091643,4.4325,5.6207,-6.374,-27.7043,0.000106,-1.4926,0.1151,8.566e-07,0.072103,0,87.2757,0.16057,0.89331,477.6309,1372.1703
56.0248,11514.6204,39.7236,239.9988,9.1926,-0.0028239,0.13082,1.5955,89.9948,0.14731,4.4325,5.6569,-6.3664,-27.7945,0.00021911,-1.4607,0.098276,8.5617e-07,0.072114,0,87.4201,0.16047,0.88114,477.6297,1372.1525
56.0331,11514.9515,39.7238,239.999,9.1926,-0.002871,0.14412,0.90562,89.996,0.19484,4.4325,5.6624,-7.1312,-27.8863,0.00028781,-1.4282,0.074416,8.5573e-07,0.072125,0,87.5645,0.16044,0.85605,477.6285,1372.1347
56.0414,11515.2825,39.724,239.9994,9.1926,-0.002853,0.15167,0.22947,89.9976,0.23083,4.4325,5.6513,-8.3275,-27.9758,0.00031139,-1.3956,0.047363,8.5527e-07,0.072136,0,87.7089,0.16048,0.83037,477.6273,1372.1169
56.0498,11515.6135,39.7243,240,9.1926,-0.0027726,0.15358,-0.43323,89.9996,0.25374,4.4324,5.6331,-9.7221,-28.0608,0.00028781,-1.3636,0.019283,8.548e-07,0.072147,0,87.8534,0.1606,0.80429,477.6261,1372.0991
56.0581,11515.9446,39.7247,240.0009,9.1926,-0.0026435,0.14997,-1.0828,90.0017,0.26307,4.4324,5.6132,-11.1837,-28.1399,0.00022203,-1.3323,-0.0079766,8.5432e-07,0.072157,0,87.9979,0.16078,0.77788,477.625,1372.0813
56.0664,11516.2756,39.7252,240.0019,9.1926,-0.0024872,0.14094,-1.7195,90.0039,0.25922,4.4324,5.5961,-12.6,-28.2122,8.0588e-05,-1.3021,-0.033089,8.5383e-07,0.072168,0,87.6511,0.161,0.75122,477.6238,1372.0634
56.0748,11516.6067,39.7253,240.0019,9.1925,-0.0023498,0.12662,-2.3438,90.006,0.24321,4.4324,5.3873,-13.8906,-28.2747,-8.9732e-05,-1.273,-0.05524,8.5332e-07,0.072179,0,87.3044,0.16114,0.81298,477.6226,1372.0456
56.0831,11516.9377,39.7252,240.0013,9.1925,-0.0022615,0.10708,-2.9559,90.008,0.2165,4.4324,5.1881,-15.0057,-28.3295,-0.00026314,-1.2452,-0.073999,8.528e-07,0.07219,0,86.9581,0.16119,0.88303,477.6214,1372.0278
56.0859,11516.9377,39.7252,240.0013,9.1925,-0.0022615,0.10708,-2.9559,90.008,0.2165,4.4324,5.1881,-15.0057,-28.3295,-0.00026314,-1.2452,-0.073999,8.528e-07,0.07219,0,86.9581,0.16118,0.87749,477.6214,1372.0278
56.0859,11516.9377,39.7252,240.0013,9.1925,-0.0022615,0.10708,-2.9559,90.008,0.2165,4.4324,5.1881,-15.0057,-28.3295,-0.00026314,-1.2452,-0.073999,8.528e-07,0.07219,0,86.9581,0.16118,0.87749,477.6214,1372.0278
56.0914,11517.2687,39.725,240.0001,9.1925,-0.0022444,0.082452,-3.5561,90.0098,0.18071,4.4325,4.9994,-15.9191,-28.3781,-0.00033057,-1.2186,-0.089233,8.5227e-07,0.072201,0,86.9084,0.16114,0.95622,477.6202,1372.01
56.0968,11517.2687,39.725,240.0001,9.1925,-0.0022444,0.082452,-3.5561,90.0098,0.18071,4.4325,4.9994,-15.9191,-28.3781,-0.00033057,-1.2186,-0.089233,8.5227e-07,0.072201,0,86.9084,0.16112,0.91672,477.6202,1372.01
56.0968,11517.2687,39.725,240.0001,9.1925,-0.0022444,0.082452,-3.5561,90.0098,0.18071,4.4325,4.9994,-15.9191,-28.3781,-0.00033057,-1.2186,-0.089233,8.5227e-07,0.072201,0,86.9084,0.16112,0.91672,477.6202,1372.01
56.0998,11517.5998,39.725,239.9995,9.1925,-0.0022707,0.052817,-4.1449,90.0114,0.13756,4.4325,5.0101,-16.6227,-28.4268,-0.00031302,-0.63441,-0.10104,8.5173e-07,0.072212,0,87.0526,0.16108,0.94543,477.6191,1371.9922
56.1027,11517.5998,39.725,239.9995,9.1925,-0.0022707,0.052817,-4.1449,90.0114,0.13756,4.4325,5.0101,-16.6227,-28.4268,-0.00031302,-0.63441,-0.10104,8.5173e-07,0.072212,0,87.0526,0.16107,0.92384,477.6191,1371.9922
56.1053,11517.5998,39.725,239.9995,9.1925,-0.0022707,0.052817,-4.1449,90.0114,0.13756,4.4325,5.0101,-16.6227,-28.4268,-0.00031302,-0.63441,-0.10104,8.5173e-07,0.072212,0,87.0526,0.16106,0.90978,477.6191,1371.9922
56.1053,11517.5998,39.725,239.9995,9.1925,-0.0022707,0.052817,-4.1449,90.0114,0.13756,4.4325,5.0101,-16.6227,-28.4268,-0.00031302,-0.63441,-0.10104,8.5173e-07,0.072212,0,87.0526,0.16106,0.90978,477.6191,1371.9922
56.1081,11517.9308,39.725,239.9991,9.1925,-0.0023229,0.018277,-4.4556,90.0125,0.088695,4.4325,5.0273,-12.0529,-29.878,-0.00021109,0.99948,-0.10964,8.5119e-07,0.072223,0,87.1969,0.161,0.92697,477.6179,1371.9744
56.1109,11517.9308,39.725,239.9991,9.1925,-0.0023229,0.018277,-4.4556,90.0125,0.088695,4.4325,5.0273,-12.0529,-29.878,-0.00021109,0.99948,-0.10964,8.5119e-07,0.072223,0,87.1969,0.16099,0.91093,477.6179,1371.9744
56.1164,11518.2619,39.725,239.9988,9.1925,-0.0023842,-0.018853,-3.9868,90.0132,0.035674,4.4325,5.0518,2.2382,-33.9752,-8.4711e-05,1.5611,-0.11544,8.5064e-07,0.072234,0,87.3412,0.16093,0.90484,477.6167,1371.9566
56.1248,11518.5929,39.7252,239.9988,9.1925,-0.0024543,-0.052076,-3.2504,90.0135,-0.020155,4.4325,5.0833,6.9716,-35.3979,3.2361e-05,1.5319,-0.11879,8.5009e-07,0.072245,0,87.4856,0.16086,0.88099,477.6155,1371.9388
56.1286,11518.5929,39.7252,239.9988,9.1925,-0.0024543,-0.052076,-3.2504,90.0135,-0.020155,4.4325,5.0833,6.9716,-35.3979,3.2361e-05,1.5319,-0.11879,8.5009e-07,0.072245,0,87.4856,0.16085,0.87479,477.6155,1371.9388
56.1286,11518.5929,39.7252,239.9988,9.1925,-0.0024543,-0.052076,-3.2504,90.0135,-0.020155,4.4325,5.0833,6.9716,-35.3979,3.2361e-05,1.5319,-0.11879,8.5009e-07,0.072245,0,87.4856,0.16085,0.87479,477.6155,1371.9388
56.1331,11518.9239,39.7254,239.999,9.1925,-0.0025266,-0.079163,-2.5282,90.0134,-0.077603,4.4324,5.1216,6.4972,-35.3411,0.00012208,1.5022,-0.11704,8.4954e-07,0.072255,0,87.63,0.16081,0.85617,477.6144,1371.921
56.1376,11518.9239,39.7254,239.999,9.1925,-0.0025266,-0.079163,-2.5282,90.0134,-0.077603,4.4324,5.1216,6.4972,-35.3411,0.00012208,1.5022,-0.11704,8.4954e-07,0.072255,0,87.63,0.16079,0.85813,477.6144,1371.921
56.1414,11519.255,39.7256,239.9994,9.1925,-0.0025942,-0.10023,-1.82,90.0127,-0.13421,4.4324,5.1734,6.3365,-35.28,0.00018301,1.4708,-0.10349,8.49e-07,0.072266,0,87.7744,0.16076,0.83078,477.6132,1371.9032
56.1498,11519.586,39.7259,240,9.1925,-0.0026415,-0.1154,-1.1257,90.0116,-0.18426,4.4324,5.2555,6.8978,-35.2114,0.00021168,1.4383,-0.081102,8.4847e-07,0.072277,0,87.9188,0.16076,0.80495,477.612,1371.8854
56.1581,11519.9171,39.7263,240.0009,9.1925,-0.0026545,-0.12478,-0.44523,90.0101,-0.22349,4.4324,5.3606,8.0021,-35.1368,0.00020929,1.4057,-0.054716,8.4794e-07,0.072288,0,88.0633,0.1608,0.77875,477.6108,1371.8676
56.1664,11520.2481,39.7268,240.0019,9.1924,-0.0026274,-0.12849,0.22172,90.0082,-0.24995,4.4324,5.4765,9.3547,-35.0583,0.00013285,1.3735,-0.026765,8.4742e-07,0.072299,0,87.7165,0.16089,0.75222,477.6096,1371.8498
56.1748,11520.5792,39.7269,240.0019,9.1924,-0.0025843,-0.12664,0.87543,90.0061,-0.2629,4.4324,5.3995,10.8083,-34.9742,1.7243e-05,1.3419,0.00083733,8.4692e-07,0.07231,0,87.3699,0.16093,0.81404,477.6085,1371.832
56.1831,11520.9102,39.7269,240.0013,9.1924,-0.0025422,-0.11935,1.5162,90.0039,-0.2625,4.4324,5.3242,12.2464,-34.887,-0.00012227,1.3114,0.026605,8.4642e-07,0.072321,0,87.0235,0.16094,0.8841,477.6073,1371.8142
56.1914,11521.2413,39.7266,240,9.1924,-0.0025198,-0.10671,2.1444,90.0017,-0.24963,4.4324,5.2467,13.5787,-34.7982,-0.00018592,1.282,0.049595,8.4594e-07,0.072332,0,86.9826,0.16089,0.95729,477.6061,1371.7964
56.1998,11521.5724,39.7265,239.9994,9.1924,-0.002495,-0.088841,2.7603,89.9997,-0.22565,4.4324,5.3535,14.7479,-34.7138,-0.00020511,1.2538,0.069284,8.4546e-07,0.072342,0,87.1268,0.16087,0.94639,477.6049,1371.7786
56.2081,11521.9034,39.7265,239.999,9.1924,-0.0024655,-0.065838,3.3643,89.9978,-0.19214,4.4324,5.4519,15.7221,-34.6322,-0.00017635,1.2269,0.085465,8.45e-07,0.072353,0,87.2711,0.16088,0.92727,477.6037,1371.7608
56.2103,11521.9034,39.7265,239.999,9.1924,-0.0024655,-0.065838,3.3643,89.9978,-0.19214,4.4324,5.4519,15.7221,-34.6322,-0.00017635,1.2269,0.085465,8.45e-07,0.072353,0,87.2711,0.16087,0.9142,477.6037,1371.7608
56.2103,11521.9034,39.7265,239.999,9.1924,-0.0024655,-0.065838,3.3643,89.9978,-0.19214,4.4324,5.4519,15.7221,-34.6322,-0.00017635,1.2269,0.085465,8.45e-07,0.072353,0,87.2711,0.16087,0.9142,477.6037,1371.7608
56.2164,11522.2345,39.7266,239.9988,9.1924,-0.0024299,-0.037802,3.9567,89.9962,-0.15081,4.4324,5.5412,16.4885,-34.5534,-0.00013603,1.0679,0.098179,8.4454e-07,0.072364,0,87.4154,0.1609,0.90438,477.6026,1371.743
56.2193,11522.2345,39.7266,239.9988,9.1924,-0.0024299,-0.037802,3.9567,89.9962,-0.15081,4.4324,5.5412,16.4885,-34.5534,-0.00013603,1.0679,0.098179,8.4454e-07,0.072364,0,87.4154,0.1609,0.89365,477.6026,1371.743
56.2193,11522.2345,39.7266,239.9988,9.1924,-0.0024299,-0.037802,3.9567,89.9962,-0.15081,4.4324,5.5412,16.4885,-34.5534,-0.00013603,1.0679,0.098179,8.4454e-07,0.072364,0,87.4154,0.1609,0.89365,477.6026,1371.743
56.2248,11522.5655,39.7267,239.9988,9.1924,-0.0024052,-0.0048295,4.4742,89.9949,-0.10333,4.4324,5.6203,15.8401,-34.144,-7.7607e-05,-0.53416,0.10764,8.4408e-07,0.072375,0,87.5597,0.16093,0.88038,477.6014,1371.7252
56.2302,11522.5655,39.7267,239.9988,9.1924,-0.0024052,-0.0048295,4.4742,89.9949,-0.10333,4.4324,5.6203,15.8401,-34.144,-7.7607e-05,-0.53416,0.10764,8.4408e-07,0.072375,0,87.5597,0.16092,0.87256,477.6014,1371.7252
56.2331,11522.8966,39.7269,239.999,9.1924,-0.002405,0.032455,4.2275,89.9941,-0.051271,4.4324,5.6908,1.8867,-30.144,4.334e-06,-1.5705,0.11415,8.4363e-07,0.072386,0,87.7041,0.16094,0.85566,477.6002,1371.7074
56.2414,11523.2276,39.7272,239.9994,9.1924,-0.0024362,0.067684,3.4864,89.9936,0.0039319,4.4324,5.7538,-7.1196,-27.5701,7.908e-05,-1.5413,0.11812,8.4317e-07,0.072397,0,87.8485,0.16094,0.83048,477.599,1371.6896
56.2442,11523.2276,39.7272,239.9994,9.1924,-0.0024362,0.067684,3.4864,89.9936,0.0039319,4.4324,5.7538,-7.1196,-27.5701,7.908e-05,-1.5413,0.11812,8.4317e-07,0.072397,0,87.8485,0.16093,0.83788,477.599,1371.6896
56.2442,11523.2276,39.7272,239.9994,9.1924,-0.0024362,0.067684,3.4864,89.9936,0.0039319,4.4324,5.7538,-7.1196,-27.5701,7.908e-05,-1.5413,0.11812,8.4317e-07,0.072397,0,87.8485,0.16093,0.83788,477.599,1371.6896
56.2498,11523.5587,39.7275,240,9.1924,-0.0024957,0.096738,2.7597,89.9937,0.06106,4.4324,5.811,-6.6126,-27.6578,0.00013426,-1.512,0.11923,8.4272e-07,0.072408,0,87.993,0.16092,0.80492,477.5978,1371.6718
56.2554,11523.5587,39.7275,240,9.1924,-0.0024957,0.096738,2.7597,89.9937,0.06106,4.4324,5.811,-6.6126,-27.6578,0.00013426,-1.512,0.11923,8.4272e-07,0.072408,0,87.993,0.16091,0.82903,477.5978,1371.6718
56.2575,11523.5587,39.7275,240,9.1924,-0.0024957,0.096738,2.7597,89.9937,0.06106,4.4324,5.811,-6.6126,-27.6578,0.00013426,-1.512,0.11923,8.4272e-07,0.072408,0,87.993,0.1609,0.83514,477.5978,1371.6718
56.2575,11523.5587,39.7275,240,9.1924,-0.0024957,0.096738,2.7597,89.9937,0.06106,4.4324,5.811,-6.6126,-27.6578,0.00013426,-1.512,0.11923,8.4272e-07,0.072408,0,87.993,0.1609,0.83514,477.5978,1371.6718
56.2581,11523.8897,39.7279,240.0008,9.1923,-0.0025747,0.11973,2.047,89.9942,0.11872,4.4324,5.8618,-6.2826,-27.7428,0.00017226,-1.4812,0.10965,8.4225e-07,0.072419,0,88.1335,0.1609,0.779,477.5967,1371.654
56.2587,11523.8897,39.7279,240.0008,9.1923,-0.0025747,0.11973,2.047,89.9942,0.11872,4.4324,5.8618,-6.2826,-27.7428,0.00017226,-1.4812,0.10965,8.4225e-07,0.072419,0,88.1335,0.1609,0.78388,477.5967,1371.654
56.26,11523.8897,39.7279,240.0008,9.1923,-0.0025747,0.11973,2.047,89.9942,0.11872,4.4324,5.8618,-6.2826,-27.7428,0.00017226,-1.4812,0.10965,8.4225e-07,0.072419,0,88.1335,0.16089,0.79277,477.5967,1371.654
56.2624,11523.8897,39.7279,240.0008,9.1923,-0.0025747,0.11973,2.047,89.9942,0.11872,4.4324,5.8618,-6.2826,-27.7428,0.00017226,-1.4812,0.10965,8.4225e-07,0.072419,0,88.1335,0.16089,0.80759,477.5967,1371.654
56.2664,11524.2208,39.7284,240.0019,9.1923,-0.0026523,0.13679,1.3482,89.9952,0.17175,4.4323,5.8865,-6.6049,-27.8291,0.00014736,-1.4488,0.089084,8.4178e-07,0.072429,0,87.7867,0.16089,0.75273,477.5955,1371.6362
56.2748,11524.5519,39.7285,240.0019,9.1923,-0.0027251,0.14803,0.66334,89.9966,0.21484,4.4323,5.687,-7.5983,-27.9139,9.1451e-05,-1.4162,0.063516,8.4129e-07,0.07244,0,87.4401,0.16082,0.81473,477.5943,1371.6184
56.2831,11524.883,39.7284,240.0012,9.1923,-0.0027832,0.15356,-0.0079188,89.9984,0.24556,4.4324,5.4777,-8.8999,-27.9958,1.1147e-05,-1.3837,0.035734,8.4079e-07,0.072451,0,87.0938,0.16072,0.88493,477.5931,1371.6006
56.2914,11525.214,39.7282,240,9.1923,-0.0028233,0.15349,-0.66584,90.0004,0.26284,4.4324,5.2654,-10.3404,-28.0736,-6.1378e-06,-1.3519,0.0077517,8.4028e-07,0.072462,0,87.0313,0.1606,0.95819,477.5919,1371.5828
56.2998,11525.5451,39.7281,239.9994,9.1923,-0.0028107,0.14794,-1.3107,90.0026,0.26659,4.4324,5.2443,-11.7976,-28.1512,-2.3421e-06,-1.321,-0.018778,8.3976e-07,0.072473,0,87.1755,0.16058,0.94736,477.5908,1371.565
56.3081,11525.8762,39.7281,239.9989,9.1923,-0.0027402,0.13702,-1.9429,90.0048,0.25751,4.4324,5.227,-13.1712,-28.2251,1.8712e-05,-1.2912,-0.04276,8.3922e-07,0.072484,0,87.3197,0.16062,0.92827,477.5896,1371.5472
56.3164,11526.2072,39.7281,239.9987,9.1923,-0.0026163,0.12083,-2.5627,90.007,0.23683,4.4324,5.2162,-14.3946,-28.2945,8.0585e-06,-1.2627,-0.063554,8.3868e-07,0.072495,0,87.464,0.16073,0.90543,477.5884,1371.5294
56.3248,11526.5383,39.7282,239.9987,9.1922,-0.0024727,0.099472,-3.1705,90.009,0.2061,4.4324,5.2138,-15.429,-28.3562,-1.9117e-05,-1.2353,-0.080863,8.3811e-07,0.072506,0,87.6084,0.16087,0.88088,477.5872,1371.5116
56.3319,11526.5383,39.7282,239.9987,9.1922,-0.0024727,0.099472,-3.1705,90.009,0.2061,4.4324,5.2138,-15.429,-28.3562,-1.9117e-05,-1.2353,-0.080863,8.3811e-07,0.072506,0,87.6084,0.16085,0.87115,477.5872,1371.5116
56.3319,11526.5383,39.7282,239.9987,9.1922,-0.0024727,0.099472,-3.1705,90.009,0.2061,4.4324,5.2138,-15.429,-28.3562,-1.9117e-05,-1.2353,-0.080863,8.3811e-07,0.072506,0,87.6084,0.16085,0.87115,477.5872,1371.5116
56.3331,11526.8694,39.7284,239.9989,9.1922,-0.0023388,0.073051,-3.7666,90.0107,0.16699,4.4324,5.2203,-16.256,-28.411,-5.1239e-05,-1.1666,-0.094658,8.3754e-07,0.072517,0,87.7528,0.16102,0.85546,477.586,1371.4938
56.3332,11526.8694,39.7284,239.9989,9.1922,-0.0023388,0.073051,-3.7666,90.0107,0.16699,4.4324,5.2203,-16.256,-28.411,-5.1239e-05,-1.1666,-0.094658,8.3754e-07,0.072517,0,87.7528,0.16102,0.85553,477.586,1371.4938
56.3332,11526.8694,39.7284,239.9989,9.1922,-0.0023388,0.073051,-3.7666,90.0107,0.16699,4.4324,5.2203,-16.256,-28.411,-5.1239e-05,-1.1666,-0.094658,8.3754e-07,0.072517,0,87.7528,0.16102,0.85553,477.586,1371.4938
56.3344,11526.8694,39.7284,239.9989,9.1922,-0.0023388,0.073051,-3.7666,90.0107,0.16699,4.4324,5.2203,-16.256,-28.411,-5.1239e-05,-1.1666,-0.094658,8.3754e-07,0.072517,0,87.7528,0.16101,0.85624,477.586,1371.4938
56.3357,11526.8694,39.7284,239.9989,9.1922,-0.0023388,0.073051,-3.7666,90.0107,0.16699,4.4324,5.2203,-16.256,-28.411,-5.1239e-05,-1.1666,-0.094658,8.3754e-07,0.072517,0,87.7528,0.16101,0.85686,477.586,1371.4938
56.3381,11526.8694,39.7284,239.9989,9.1922,-0.0023388,0.073051,-3.7666,90.0107,0.16699,4.4324,5.2203,-16.256,-28.411,-5.1239e-05,-1.1666,-0.094658,8.3754e-07,0.072517,0,87.7528,0.161,0.8579,477.586,1371.4938
56.3414,11527.2004,39.7287,239.9994,9.1922,-0.00224,0.041663,-4.3309,90.0121,0.12121,4.4324,5.2347,-16.4872,-28.5668,-7.0134e-05,-0.034736,-0.10511,8.3696e-07,0.072527,0,87.8972,0.16114,0.82993,477.5849,1371.476
56.3498,11527.5315,39.729,240,9.1922,-0.0021933,0.0055721,-4.3556,90.0131,0.070382,4.4324,5.2566,-6.8646,-31.3914,-5.6698e-05,1.5754,-0.11251,8.3638e-07,0.072538,0,88.0416,0.16123,0.80442,477.5837,1371.4582
56.3581,11527.8626,39.7294,240.0008,9.1922,-0.0022051,-0.030725,-3.6121,90.0137,0.01597,4.4324,5.2858,7.2843,-35.4302,-2.4511e-05,1.5463,-0.11723,8.3579e-07,0.072549,0,88.0949,0.16127,0.77869,477.5825,1371.4404
56.3593,11527.8626,39.7294,240.0008,9.1922,-0.0022051,-0.030725,-3.6121,90.0137,0.01597,4.4324,5.2858,7.2843,-35.4302,-2.4511e-05,1.5463,-0.11723,8.3579e-07,0.072549,0,88.0949,0.16127,0.78828,477.5825,1371.4404
56.3593,11527.8626,39.7294,240.0008,9.1922,-0.0022051,-0.030725,-3.6121,90.0137,0.01597,4.4324,5.2858,7.2843,-35.4302,-2.4511e-05,1.5463,-0.11723,8.3579e-07,0.072549,0,88.0949,0.16127,0.78828,477.5825,1371.4404
56.3664,11528.1937,39.7299,240.0018,9.1922,-0.002268,-0.060825,-2.8829,90.0138,-0.040726,4.4323,5.3219,6.7245,-35.37,-4.0811e-05,1.5171,-0.11945,8.352e-07,0.07256,0,87.7481,0.16128,0.75271,477.5813,1371.4226
56.3721,11528.1937,39.7299,240.0018,9.1922,-0.002268,-0.060825,-2.8829,90.0138,-0.040726,4.4323,5.3219,6.7245,-35.37,-4.0811e-05,1.5171,-0.11945,8.352e-07,0.07256,0,87.7481,0.16127,0.79903,477.5813,1371.4226
56.3721,11528.1937,39.7299,240.0018,9.1922,-0.002268,-0.060825,-2.8829,90.0138,-0.040726,4.4323,5.3219,6.7245,-35.37,-4.0811e-05,1.5171,-0.11945,8.352e-07,0.07256,0,87.7481,0.16127,0.79903,477.5813,1371.4226
56.3748,11528.5247,39.73,240.0018,9.1922,-0.0023888,-0.084849,-2.1677,90.0135,-0.098498,4.4323,5.1673,6.3208,-35.3049,-7.038e-05,1.4869,-0.11364,8.3462e-07,0.072571,0,87.4016,0.16116,0.815,477.5801,1371.4048
56.3775,11528.5247,39.73,240.0018,9.1922,-0.0023888,-0.084849,-2.1677,90.0135,-0.098498,4.4323,5.1673,6.3208,-35.3049,-7.038e-05,1.4869,-0.11364,8.3462e-07,0.072571,0,87.4016,0.16116,0.82569,477.5801,1371.4048
56.3831,11528.8558,39.7299,240.0012,9.1922,-0.0025505,-0.10291,-1.4666,90.0126,-0.15346,4.4323,5.0353,6.4097,-35.2345,-0.00010844,1.4548,-0.094877,8.3404e-07,0.072582,0,87.0552,0.16097,0.88544,477.579,1371.387
56.3914,11529.1869,39.7297,239.9999,9.1922,-0.0027256,-0.11514,-0.7793,90.0114,-0.19935,4.4324,4.9383,7.2907,-35.1573,-6.9381e-05,1.4222,-0.070129,8.3347e-07,0.072593,0,87.0501,0.16072,0.95891,477.5778,1371.3692
56.3998,11529.518,39.7296,239.9993,9.1922,-0.0028521,-0.12163,-0.10569,90.0097,-0.23326,4.4324,5.0478,8.5409,-35.0815,-6.3382e-07,1.3897,-0.042684,8.3291e-07,0.072604,0,87.1943,0.16055,0.94824,477.5766,1371.3514
56.4081,11529.8491,39.7296,239.9989,9.1922,-0.0028995,-0.12251,0.55453,90.0078,-0.25391,4.4324,5.1644,9.9606,-35.0058,8.2644e-05,1.3577,-0.014552,8.3236e-07,0.072614,0,87.3385,0.16048,0.92926,477.5754,1371.3336
56.4164,11530.1801,39.7297,239.9986,9.1921,-0.0028542,-0.11789,1.2017,90.0056,-0.26095,4.4324,5.2831,11.4279,-34.93,0.00012039,1.3266,0.012471,8.3181e-07,0.072625,0,87.4828,0.16051,0.90649,477.5743,1371.3158
56.4248,11530.5112,39.7298,239.9986,9.1921,-0.0027404,-0.10788,1.836,90.0035,-0.25492,4.4324,5.3999,12.8337,-34.8513,0.00011853,1.2966,0.037156,8.3128e-07,0.072636,0,87.6272,0.16062,0.88196,477.5731,1371.298
56.4331,11530.8423,39.73,239.9988,9.1921,-0.002588,-0.092575,2.4579,90.0013,-0.23695,4.4324,5.5114,14.1033,-34.7705,7.7123e-05,1.2677,0.058769,8.3076e-07,0.072647,0,87.7715,0.16078,0.85655,477.5719,1371.2802
56.4414,11531.1734,39.7302,239.9992,9.1921,-0.0024322,-0.072092,3.0678,89.9994,-0.20853,4.4324,5.6157,15.1917,-34.6876,1.32e-05,1.2402,0.076938,8.3024e-07,0.072658,0,87.9159,0.16096,0.83066,477.5707,1371.2624
56.4472,11531.1734,39.7302,239.9992,9.1921,-0.0024322,-0.072092,3.0678,89.9994,-0.20853,4.4324,5.6157,15.1917,-34.6876,1.32e-05,1.2402,0.076938,8.3024e-07,0.072658,0,87.9159,0.16095,0.84423,477.5707,1371.2624
56.4472,11531.1734,39.7302,239.9992,9.1921,-0.0024322,-0.072092,3.0678,89.9994,-0.20853,4.4324,5.6157,15.1917,-34.6876,1.32e-05,1.2402,0.076938,8.3024e-07,0.072658,0,87.9159,0.16095,0.84423,477.5707,1371.2624
56.4498,11531.5045,39.7305,239.9999,9.1921,-0.0023043,-0.046528,3.6659,89.9976,-0.17132,4.4324,5.7116,16.0764,-34.6037,-5.0909e-05,1.2138,0.091576,8.2974e-07,0.072669,0,88.0603,0.16113,0.80446,477.5695,1371.2446
56.4523,11531.5045,39.7305,239.9999,9.1921,-0.0023043,-0.046528,3.6659,89.9976,-0.17132,4.4324,5.7116,16.0764,-34.6037,-5.0909e-05,1.2138,0.091576,8.2974e-07,0.072669,0,88.0603,0.16112,0.81719,477.5695,1371.2446
56.4574,11531.5045,39.7305,239.9999,9.1921,-0.0023043,-0.046528,3.6659,89.9976,-0.17132,4.4324,5.7116,16.0764,-34.6037,-5.0909e-05,1.2138,0.091576,8.2974e-07,0.072669,0,88.0603,0.16111,0.83473,477.5695,1371.2446
56.4581,11531.8355,39.7309,240.0007,9.1921,-0.0022262,-0.015979,4.2525,89.9962,-0.12703,4.4324,5.7981,16.7519,-34.5201,-9.2989e-05,0.29483,0.10281,8.2923e-07,0.07268,0,88.1462,0.16126,0.77825,477.5684,1371.2268
56.4617,11531.8355,39.7309,240.0007,9.1921,-0.0022262,-0.015979,4.2525,89.9962,-0.12703,4.4324,5.7981,16.7519,-34.5201,-9.2989e-05,0.29483,0.10281,8.2923e-07,0.07268,0,88.1462,0.16125,0.80294,477.5684,1371.2268
56.4659,11531.8355,39.7309,240.0007,9.1921,-0.0022262,-0.015979,4.2525,89.9962,-0.12703,4.4324,5.7981,16.7519,-34.5201,-9.2989e-05,0.29483,0.10281,8.2923e-07,0.07268,0,88.1462,0.16124,0.82295,477.5684,1371.2268
56.4659,11531.8355,39.7309,240.0007,9.1921,-0.0022262,-0.015979,4.2525,89.9962,-0.12703,4.4324,5.7981,16.7519,-34.5201,-9.2989e-05,0.29483,0.10281,8.2923e-07,0.07268,0,88.1462,0.16124,0.82295,477.5684,1371.2268
56.4664,11532.1666,39.7314,240.0017,9.1921,-0.0022097,0.019458,4.4012,89.9951,-0.077313,4.4323,5.8748,9.1113,-32.2137,-0.00013738,-1.3393,0.1109,8.2874e-07,0.072691,0,87.7994,0.16135,0.75225,477.5672,1371.209
56.467,11532.1666,39.7314,240.0017,9.1921,-0.0022097,0.019458,4.4012,89.9951,-0.077313,4.4323,5.8748,9.1113,-32.2137,-0.00013738,-1.3393,0.1109,8.2874e-07,0.072691,0,87.7994,0.16135,0.75785,477.5672,1371.209
56.468,11532.1666,39.7314,240.0017,9.1921,-0.0022097,0.019458,4.4012,89.9951,-0.077313,4.4323,5.8748,9.1113,-32.2137,-0.00013738,-1.3393,0.1109,8.2874e-07,0.072691,0,87.7994,0.16134,0.76821,477.5672,1371.209
56.4702,11532.1666,39.7314,240.0017,9.1921,-0.0022097,0.019458,4.4012,89.9951,-0.077313,4.4323,5.8748,9.1113,-32.2137,-0.00013738,-1.3393,0.1109,8.2874e-07,0.072691,0,87.7994,0.16134,0.78588,477.5672,1371.209
56.4748,11532.4977,39.7315,240.0017,9.1921,-0.0022783,0.056135,3.7703,89.9945,-0.023682,4.4323,5.7457,-5.2207,-28.1363,-0.0001592,-1.5524,0.11624,8.2824e-07,0.072702,0,87.4529,0.16128,0.81465,477.566,1371.1912
56.4755,11532.4977,39.7315,240.0017,9.1921,-0.0022783,0.056135,3.7703,89.9945,-0.023682,4.4323,5.7457,-5.2207,-28.1363,-0.0001592,-1.5524,0.11624,8.2824e-07,0.072702,0,87.4529,0.16128,0.81782,477.566,1371.1912
56.4755,11532.4977,39.7315,240.0017,9.1921,-0.0022783,0.056135,3.7703,89.9945,-0.023682,4.4323,5.7457,-5.2207,-28.1363,-0.0001592,-1.5524,0.11624,8.2824e-07,0.072702,0,87.4529,0.16128,0.81782,477.566,1371.1912
56.4831,11532.8288,39.7314,240.0011,9.1921,-0.0024263,0.087554,3.0381,89.9943,0.032533,4.4323,5.6118,-6.8286,-27.613,-0.00017832,-1.5233,0.11919,8.2773e-07,0.072712,0,87.1066,0.1611,0.8853,477.5648,1371.1734
56.4881,11532.8288,39.7314,240.0011,9.1921,-0.0024263,0.087554,3.0381,89.9943,0.032533,4.4323,5.6118,-6.8286,-27.613,-0.00017832,-1.5233,0.11919,8.2773e-07,0.072712,0,87.1066,0.16109,0.87555,477.5648,1371.1734
56.4881,11532.8288,39.7314,240.0011,9.1921,-0.0024263,0.087554,3.0381,89.9943,0.032533,4.4323,5.6118,-6.8286,-27.613,-0.00017832,-1.5233,0.11919,8.2773e-07,0.072712,0,87.1066,0.16109,0.87555,477.5648,1371.1734
56.4914,11533.1599,39.7312,239.9998,9.1921,-0.0026378,0.11287,2.32,89.9946,0.090176,4.4323,5.4743,-6.3854,-27.6936,-0.00010692,-1.4933,0.11528,8.2722e-07,0.072723,0,87.0255,0.16082,0.95899,477.5636,1371.1556
56.4948,11533.1599,39.7312,239.9998,9.1921,-0.0026378,0.11287,2.32,89.9946,0.090176,4.4323,5.4743,-6.3854,-27.6936,-0.00010692,-1.4933,0.11528,8.2722e-07,0.072723,0,87.0255,0.16081,0.93137,477.5636,1371.1556
56.4998,11533.491,39.7311,239.9992,9.192,-0.0028458,0.1322,1.6159,89.9953,0.14593,4.4323,5.511,-6.3615,-27.7796,5.1607e-06,-1.4615,0.098808,8.2671e-07,0.072734,0,87.1697,0.16057,0.94857,477.5625,1371.1378
56.5081,11533.8221,39.7311,239.9987,9.192,-0.0029972,0.14567,0.9257,89.9965,0.19372,4.4323,5.5166,-7.105,-27.8712,0.0001409,-1.429,0.075101,8.2618e-07,0.072745,0,87.3139,0.16039,0.92982,477.5613,1371.12
56.5164,11534.1532,39.7312,239.9985,9.192,-0.0030517,0.15338,0.24923,89.9982,0.23004,4.4323,5.5046,-8.2919,-27.9643,0.00023506,-1.3964,0.048133,8.2564e-07,0.072756,0,87.4582,0.16032,0.90723,477.5601,1371.1022
56.5248,11534.4843,39.7313,239.9985,9.192,-0.00301,0.15546,-0.4138,90.0001,0.25332,4.4323,5.4853,-9.6813,-28.0531,0.00028235,-1.3643,0.020076,8.2509e-07,0.072767,0,87.6025,0.16036,0.88282,477.5589,1371.0844
56.5331,11534.8154,39.7314,239.9987,9.192,-0.0028856,0.15201,-1.0637,90.0022,0.26304,4.4323,5.4643,-11.1413,-28.1361,0.0002718,-1.3331,-0.0072112,8.2452e-07,0.072778,0,87.7469,0.16049,0.8575,477.5577,1371.0666
56.5414,11535.1465,39.7317,239.9991,9.192,-0.002707,0.14315,-1.7007,90.0044,0.25955,4.4323,5.4461,-12.5593,-28.2114,0.00021181,-1.3028,-0.032385,8.2394e-07,0.072789,0,87.8913,0.16069,0.83166,477.5566,1371.0488
56.5498,11535.4776,39.732,239.9997,9.192,-0.0025077,0.12898,-2.3253,90.0065,0.24389,4.4323,5.4338,-13.8535,-28.2787,0.00011585,-1.2738,-0.05462,8.2335e-07,0.072799,0,88.0357,0.16093,0.80549,477.5554,1371.031
56.5581,11535.8087,39.7323,240.0005,9.192,-0.0023211,0.1096,-2.9377,90.0086,0.21747,4.4323,5.4293,-14.9737,-28.3383,3.3666e-06,-1.2459,-0.073474,8.2275e-07,0.07281,0,88.1801,0.16117,0.77906,477.5542,1371.0132
56.5605,11535.8087,39.7323,240.0005,9.192,-0.0023211,0.1096,-2.9377,90.0086,0.21747,4.4323,5.4293,-14.9737,-28.3383,3.3666e-06,-1.2459,-0.073474,8.2275e-07,0.07281,0,88.1801,0.16116,0.79661,477.5542,1371.0132
56.5605,11535.8087,39.7323,240.0005,9.192,-0.0023211,0.1096,-2.9377,90.0086,0.21747,4.4323,5.4293,-14.9737,-28.3383,3.3666e-06,-1.2459,-0.073474,8.2275e-07,0.07281,0,88.1801,0.16116,0.79661,477.5542,1371.0132
56.5664,11536.1398,39.7328,240.0016,9.1919,-0.0021756,0.085119,-3.5382,90.0104,0.18194,4.4323,5.4335,-15.8931,-28.391,-0.00014673,-1.2193,-0.088808,8.2213e-07,0.072821,0,87.8334,0.16138,0.75243,477.553,1370.9954
56.5714,11536.1398,39.7328,240.0016,9.1919,-0.0021756,0.085119,-3.5382,90.0104,0.18194,4.4323,5.4335,-15.8931,-28.391,-0.00014673,-1.2193,-0.088808,8.2213e-07,0.072821,0,87.8334,0.16137,0.79462,477.553,1370.9954
56.5714,11536.1398,39.7328,240.0016,9.1919,-0.0021756,0.085119,-3.5382,90.0104,0.18194,4.4323,5.4335,-15.8931,-28.391,-0.00014673,-1.2193,-0.088808,8.2213e-07,0.072821,0,87.8334,0.16137,0.79462,477.553,1370.9954
56.5748,11536.4709,39.7329,240.0016,9.1919,-0.0021121,0.055634,-4.1273,90.0119,0.13899,4.4323,5.2487,-16.6029,-28.4353,-0.00027436,-0.68804,-0.10071,8.2151e-07,0.072832,0,87.4869,0.16144,0.8142,477.5518,1370.9776
56.5781,11536.4709,39.7329,240.0016,9.1919,-0.0021121,0.055634,-4.1273,90.0119,0.13899,4.4323,5.2487,-16.6029,-28.4353,-0.00027436,-0.68804,-0.10071,8.2151e-07,0.072832,0,87.4869,0.16144,0.82743,477.5518,1370.9776
56.58,11536.4709,39.7329,240.0016,9.1919,-0.0021121,0.055634,-4.1273,90.0119,0.13899,4.4323,5.2487,-16.6029,-28.4353,-0.00027436,-0.68804,-0.10071,8.2151e-07,0.072832,0,87.4869,0.16143,0.83289,477.5518,1370.9776
56.58,11536.4709,39.7329,240.0016,9.1919,-0.0021121,0.055634,-4.1273,90.0119,0.13899,4.4323,5.2487,-16.6029,-28.4353,-0.00027436,-0.68804,-0.10071,8.2151e-07,0.072832,0,87.4869,0.16143,0.83289,477.5518,1370.9776
56.5831,11536.802,39.7328,240.0009,9.1919,-0.0021429,0.02124,-4.4636,90.0131,0.090288,4.4323,5.0728,-12.5191,-29.7455,-0.00035809,0.9452,-0.1094,8.2088e-07,0.072843,0,87.1406,0.16138,0.88483,477.5507,1370.9598
56.5863,11536.802,39.7328,240.0009,9.1919,-0.0021429,0.02124,-4.4636,90.0131,0.090288,4.4323,5.0728,-12.5191,-29.7455,-0.00035809,0.9452,-0.1094,8.2088e-07,0.072843,0,87.1406,0.16137,0.87831,477.5507,1370.9598
56.5914,11537.1331,39.7326,239.9997,9.1919,-0.0022706,-0.015956,-4.0207,90.0138,0.037382,4.4323,4.9063,1.7605,-33.8299,-0.00030353,1.5622,-0.11528,8.2024e-07,0.072854,0,86.9942,0.16118,0.95865,477.5495,1370.942
56.5998,11537.4642,39.7325,239.999,9.1919,-0.0024414,-0.049462,-3.2837,90.0141,-0.018368,4.4323,4.9374,6.9924,-35.3871,-0.00018855,1.533,-0.11869,8.196e-07,0.072865,0,87.1384,0.16097,0.94848,477.5483,1370.9242
56.6035,11537.4642,39.7325,239.999,9.1919,-0.0024414,-0.049462,-3.2837,90.0141,-0.018368,4.4323,4.9374,6.9924,-35.3871,-0.00018855,1.533,-0.11869,8.196e-07,0.072865,0,87.1384,0.16096,0.92153,477.5483,1370.9242
56.6035,11537.4642,39.7325,239.999,9.1919,-0.0024414,-0.049462,-3.2837,90.0141,-0.018368,4.4323,4.9374,6.9924,-35.3871,-0.00018855,1.533,-0.11869,8.196e-07,0.072865,0,87.1384,0.16096,0.92153,477.5483,1370.9242
56.6081,11537.7953,39.7325,239.9986,9.1919,-0.0026161,-0.076826,-2.5609,90.014,-0.075769,4.4323,4.9748,6.5137,-35.3302,-3.2703e-05,1.5034,-0.11729,8.1897e-07,0.072876,0,87.2826,0.16078,0.92998,477.5471,1370.9064
56.6127,11537.7953,39.7325,239.9986,9.1919,-0.0026161,-0.076826,-2.5609,90.014,-0.075769,4.4323,4.9748,6.5137,-35.3302,-3.2703e-05,1.5034,-0.11729,8.1897e-07,0.072876,0,87.2826,0.16076,0.90475,477.5471,1370.9064
56.6164,11538.1264,39.7326,239.9984,9.1919,-0.0027555,-0.098167,-1.8522,90.0133,-0.1325,4.4323,5.0244,6.3318,-35.2728,9.8288e-05,1.4721,-0.10422,8.1834e-07,0.072887,0,87.4269,0.16062,0.90768,477.5459,1370.8886
56.6248,11538.4575,39.7327,239.9984,9.1919,-0.0028425,-0.1136,-1.1574,90.0122,-0.1829,4.4323,5.1041,6.8644,-35.2082,0.00019766,1.4396,-0.082041,8.1772e-07,0.072897,0,87.5712,0.16054,0.88354,477.5448,1370.8708
56.6331,11538.7886,39.7329,239.9985,9.1919,-0.0028627,-0.12325,-0.47633,90.0107,-0.22258,4.4323,5.2074,7.9552,-35.1375,0.00025085,1.407,-0.055756,8.1711e-07,0.072908,0,87.7156,0.16053,0.85843,477.5436,1370.853
56.6414,11539.1197,39.7331,239.9989,9.1919,-0.0028173,-0.12722,0.19115,90.0089,-0.24954,4.4323,5.322,9.3015,-35.062,0.00025689,1.3747,-0.027829,8.165e-07,0.072919,0,87.8599,0.16059,0.83273,477.5424,1370.8352
56.6498,11539.4508,39.7334,239.9995,9.1918,-0.0027169,-0.12562,0.84538,90.0068,-0.26301,4.4323,5.4416,10.7533,-34.9827,0.00021732,1.3432,-0.00018445,8.1591e-07,0.07293,0,88.0043,0.16073,0.80664,477.5412,1370.8174
56.6581,11539.7819,39.7338,240.0003,9.1918,-0.0025814,-0.11858,1.4867,90.0046,-0.2631,4.4323,5.5612,12.1939,-34.9003,0.00014088,1.3126,0.025671,8.1532e-07,0.072941,0,88.1488,0.16091,0.78026,477.54,1370.7996
56.6664,11540.1131,39.7342,240.0014,9.1918,-0.0024353,-0.10619,2.1154,90.0024,-0.25068,4.4323,5.6771,13.5315,-34.8156,-2.6787e-06,1.2832,0.048779,8.1475e-07,0.072952,0,87.8021,0.16112,0.75361,477.5389,1370.7819
56.6748,11540.4442,39.7343,240.0014,9.1918,-0.0023244,-0.088561,2.7318,90.0003,-0.22709,4.4323,5.589,14.7079,-34.7271,-0.00016466,1.255,0.068599,8.1419e-07,0.072963,0,87.4556,0.16124,0.81527,477.5377,1370.7641
56.6831,11540.7753,39.7343,240.0007,9.1918,-0.0022764,-0.065796,3.3363,89.9984,-0.19392,4.4323,5.4948,15.69,-34.6374,-0.00031891,1.228,0.084914,8.1363e-07,0.072974,0,87.1094,0.16125,0.88521,477.5365,1370.7463
56.6849,11540.7753,39.7343,240.0007,9.1918,-0.0022764,-0.065796,3.3363,89.9984,-0.19392,4.4323,5.4948,15.69,-34.6374,-0.00031891,1.228,0.084914,8.1363e-07,0.072974,0,87.1094,0.16124,0.88123,477.5365,1370.7463
56.6849,11540.7753,39.7343,240.0007,9.1918,-0.0022764,-0.065796,3.3363,89.9984,-0.19392,4.4323,5.4948,15.69,-34.6374,-0.00031891,1.228,0.084914,8.1363e-07,0.072974,0,87.1094,0.16124,0.88123,477.5365,1370.7463
56.6914,11541.1064,39.734,239.9995,9.1918,-0.0023089,-0.037993,3.9292,89.9968,-0.15285,4.4323,5.3936,16.4644,-34.5482,-0.00035001,1.0844,0.097755,8.1308e-07,0.072984,0,87.069,0.16114,0.95828,477.5353,1370.7285
56.694,11541.1064,39.734,239.9995,9.1918,-0.0023089,-0.037993,3.9292,89.9968,-0.15285,4.4323,5.3936,16.4644,-34.5482,-0.00035001,1.0844,0.097755,8.1308e-07,0.072984,0,87.069,0.16113,0.93648,477.5353,1370.7285
56.694,11541.1064,39.734,239.9995,9.1918,-0.0023089,-0.037993,3.9292,89.9968,-0.15285,4.4323,5.3936,16.4644,-34.5482,-0.00035001,1.0844,0.097755,8.1308e-07,0.072984,0,87.069,0.16113,0.93648,477.5353,1370.7285
56.6998,11541.4375,39.734,239.9989,9.1918,-0.0023855,-0.0052494,4.4545,89.9955,-0.10558,4.4323,5.4729,15.9629,-34.1729,-0.00029447,-0.46657,0.10733,8.1254e-07,0.072995,0,87.2132,0.16103,0.94793,477.5342,1370.7107
56.7056,11541.4375,39.734,239.9989,9.1918,-0.0023855,-0.0052494,4.4545,89.9955,-0.10558,4.4323,5.4729,15.9629,-34.1729,-0.00029447,-0.46657,0.10733,8.1254e-07,0.072995,0,87.2132,0.16101,0.91005,477.5342,1370.7107
56.7081,11541.7686,39.734,239.9984,9.1918,-0.002487,0.031871,4.2401,89.9946,-0.05367,4.4323,5.543,2.4812,-30.2998,-0.00014742,-1.5708,0.11395,8.12e-07,0.073006,0,87.3574,0.1609,0.92954,477.533,1370.6929
56.7164,11542.0998,39.734,239.9982,9.1918,-0.0025886,0.067205,3.4989,89.9942,0.0014366,4.4323,5.6051,-7.1344,-27.5596,-2.6868e-06,-1.5416,0.11801,8.1146e-07,0.073017,0,87.5017,0.16079,0.90744,477.5318,1370.6751
56.719,11542.0998,39.734,239.9982,9.1918,-0.0025886,0.067205,3.4989,89.9942,0.0014366,4.4323,5.6051,-7.1344,-27.5596,-2.6868e-06,-1.5416,0.11801,8.1146e-07,0.073017,0,87.5017,0.16078,0.89717,477.5318,1370.6751
56.719,11542.0998,39.734,239.9982,9.1918,-0.0025886,0.067205,3.4989,89.9942,0.0014366,4.4323,5.6051,-7.1344,-27.5596,-2.6868e-06,-1.5416,0.11801,8.1146e-07,0.073017,0,87.5017,0.16078,0.89717,477.5318,1370.6751
56.7248,11542.4309,39.7341,239.9982,9.1918,-0.0026853,0.096362,2.7719,89.9942,0.058509,4.4323,5.6613,-6.6223,-27.651,0.00012272,-1.5123,0.11927,8.1091e-07,0.073028,0,87.646,0.16069,0.88355,477.5306,1370.6573
56.7305,11542.4309,39.7341,239.9982,9.1918,-0.0026853,0.096362,2.7719,89.9942,0.058509,4.4323,5.6613,-6.6223,-27.651,0.00012272,-1.5123,0.11927,8.1091e-07,0.073028,0,87.646,0.16068,0.87413,477.5306,1370.6573
56.7322,11542.4309,39.7341,239.9982,9.1918,-0.0026853,0.096362,2.7719,89.9942,0.058509,4.4323,5.6613,-6.6223,-27.651,0.00012272,-1.5123,0.11927,8.1091e-07,0.073028,0,87.646,0.16067,0.87224,477.5306,1370.6573
56.7322,11542.4309,39.7341,239.9982,9.1918,-0.0026853,0.096362,2.7719,89.9942,0.058509,4.4323,5.6613,-6.6223,-27.651,0.00012272,-1.5123,0.11927,8.1091e-07,0.073028,0,87.646,0.16067,0.87224,477.5306,1370.6573
56.7331,11542.762,39.7343,239.9984,9.1918,-0.0027688,0.11946,2.0591,89.9947,0.11619,4.4323,5.7112,-6.2828,-27.7397,0.00021571,-1.4816,0.11015,8.1036e-07,0.073039,0,87.7903,0.16062,0.85871,477.5294,1370.6395
56.734,11542.762,39.7343,239.9984,9.1918,-0.0027688,0.11946,2.0591,89.9947,0.11619,4.4323,5.7112,-6.2828,-27.7397,0.00021571,-1.4816,0.11015,8.1036e-07,0.073039,0,87.7903,0.16062,0.85897,477.5294,1370.6395
56.7357,11542.762,39.7343,239.9984,9.1918,-0.0027688,0.11946,2.0591,89.9947,0.11619,4.4323,5.7112,-6.2828,-27.7397,0.00021571,-1.4816,0.11015,8.1036e-07,0.073039,0,87.7903,0.16061,0.85945,477.5294,1370.6395
56.7391,11542.762,39.7343,239.9984,9.1918,-0.0027688,0.11946,2.0591,89.9947,0.11619,4.4323,5.7112,-6.2828,-27.7397,0.00021571,-1.4816,0.11015,8.1036e-07,0.073039,0,87.7903,0.1606,0.86018,477.5294,1370.6395
56.7414,11543.0931,39.7345,239.9987,9.1917,-0.0028255,0.13662,1.3602,89.9957,0.16947,4.4323,5.736,-6.577,-27.8287,0.00027258,-1.4493,0.089812,8.0979e-07,0.07305,0,87.9347,0.16059,0.83327,477.5283,1370.6217
56.7498,11543.4242,39.7348,239.9993,9.1917,-0.0028392,0.14796,0.67514,89.9971,0.2129,4.4323,5.7336,-7.5569,-27.9181,0.00029196,-1.4167,0.064349,8.0922e-07,0.073061,0,88.0791,0.16061,0.8074,477.5271,1370.6039
56.7581,11543.7553,39.7352,240.0001,9.1917,-0.0028028,0.15358,0.0037081,89.9989,0.24403,4.4323,5.7193,-8.8522,-28.0046,0.00027428,-1.3842,0.036612,8.0864e-07,0.073072,0,88.2235,0.16069,0.78117,477.5259,1370.5861
56.7664,11544.0865,39.7356,240.0012,9.1917,-0.0027188,0.15361,-0.65438,90.0009,0.26174,4.4323,5.7003,-10.2901,-28.0864,0.00017701,-1.3524,0.0086115,8.0804e-07,0.073082,0,87.8768,0.16084,0.75464,477.5247,1370.5683
56.7748,11544.4176,39.7357,240.0011,9.1917,-0.0026204,0.14816,-1.2995,90.0031,0.2659,4.4323,5.4839,-11.7486,-28.1597,3.831e-05,-1.3215,-0.017979,8.0743e-07,0.073093,0,87.5303,0.16094,0.81634,477.5235,1370.5505
56.7831,11544.7487,39.7357,240.0005,9.1917,-0.0025319,0.13733,-1.9318,90.0053,0.25721,4.4323,5.2736,-13.126,-28.2257,-0.00012302,-1.2917,-0.042048,8.068e-07,0.073104,0,87.1841,0.16098,0.88629,477.5224,1370.5327
56.7914,11545.0799,39.7354,239.9993,9.1917,-0.0024768,0.12123,-2.5518,90.0074,0.23687,4.4323,5.0719,-14.3547,-28.2848,-0.0002038,-1.2631,-0.06294,8.0616e-07,0.073115,0,87.1435,0.16096,0.95938,477.5212,1370.5149
56.7998,11545.411,39.7353,239.9986,9.1917,-0.0024349,0.099967,-3.1598,90.0094,0.20644,4.4323,5.069,-15.3949,-28.3425,-0.00023277,-1.2358,-0.080353,8.0551e-07,0.073126,0,87.2877,0.16097,0.94852,477.52,1370.4971
56.8066,11545.411,39.7353,239.9986,9.1917,-0.0024349,0.099967,-3.1598,90.0094,0.20644,4.4323,5.069,-15.3949,-28.3425,-0.00023277,-1.2358,-0.080353,8.0551e-07,0.073126,0,87.2877,0.16095,0.90553,477.52,1370.4971
56.8066,11545.411,39.7353,239.9986,9.1917,-0.0024349,0.099967,-3.1598,90.0094,0.20644,4.4323,5.069,-15.3949,-28.3425,-0.00023277,-1.2358,-0.080353,8.0551e-07,0.073126,0,87.2877,0.16095,0.90553,477.52,1370.4971
56.8081,11545.7421,39.7353,239.9982,9.1917,-0.0024031,0.073636,-3.756,90.0111,0.16758,4.4323,5.0745,-16.2282,-28.3973,-0.00019934,-1.1733,-0.094252,8.0485e-07,0.073137,0,87.4319,0.16097,0.92943,477.5188,1370.4794
56.8096,11545.7421,39.7353,239.9982,9.1917,-0.0024031,0.073636,-3.756,90.0111,0.16758,4.4323,5.0745,-16.2282,-28.3973,-0.00019934,-1.1733,-0.094252,8.0485e-07,0.073137,0,87.4319,0.16097,0.92015,477.5188,1370.4794
56.8126,11545.7421,39.7353,239.9982,9.1917,-0.0024031,0.073636,-3.756,90.0111,0.16758,4.4323,5.0745,-16.2282,-28.3973,-0.00019934,-1.1733,-0.094252,8.0485e-07,0.073137,0,87.4319,0.16096,0.90525,477.5188,1370.4794
56.8164,11546.0732,39.7354,239.998,9.1916,-0.0023746,0.042336,-4.3235,90.0125,0.12199,4.4323,5.0875,-16.5228,-28.5408,-0.00014938,-0.071915,-0.1048,8.0419e-07,0.073148,0,87.5762,0.16099,0.90696,477.5176,1370.4616
56.8248,11546.4044,39.7355,239.998,9.1916,-0.0023647,0.0063066,-4.3659,90.0135,0.071312,4.4323,5.1079,-7.1827,-31.2925,-6.7056e-05,1.5618,-0.11228,8.0351e-07,0.073159,0,87.7205,0.161,0.88314,477.5165,1370.4438
56.8331,11546.7355,39.7356,239.9981,9.1916,-0.0023802,-0.030076,-3.6289,90.0141,0.01701,4.4323,5.1357,7.1749,-35.3938,1.9493e-05,1.5467,-0.11708,8.0284e-07,0.073169,0,87.8648,0.161,0.85849,477.5153,1370.426
56.8343,11546.7355,39.7356,239.9981,9.1916,-0.0023802,-0.030076,-3.6289,90.0141,0.01701,4.4323,5.1357,7.1749,-35.3938,1.9493e-05,1.5467,-0.11708,8.0284e-07,0.073169,0,87.8648,0.16099,0.85888,477.5153,1370.426
56.8343,11546.7355,39.7356,239.9981,9.1916,-0.0023802,-0.030076,-3.6289,90.0141,0.01701,4.4323,5.1357,7.1749,-35.3938,1.9493e-05,1.5467,-0.11708,8.0284e-07,0.073169,0,87.8648,0.16099,0.85888,477.5153,1370.426
56.8414,11547.0666,39.7359,239.9985,9.1916,-0.0024208,-0.060317,-2.8995,90.0143,-0.039615,4.4323,5.1705,6.7378,-35.3716,8.4332e-05,1.5176,-0.11941,8.0216e-07,0.07318,0,88.0092,0.16098,0.83333,477.5141,1370.4082
56.847,11547.0666,39.7359,239.9985,9.1916,-0.0024208,-0.060317,-2.8995,90.0143,-0.039615,4.4323,5.1705,6.7378,-35.3716,8.4332e-05,1.5176,-0.11941,8.0216e-07,0.07318,0,88.0092,0.16097,0.84545,477.5141,1370.4082
56.847,11547.0666,39.7359,239.9985,9.1916,-0.0024208,-0.060317,-2.8995,90.0143,-0.039615,4.4323,5.1705,6.7378,-35.3716,8.4332e-05,1.5176,-0.11941,8.0216e-07,0.07318,0,88.0092,0.16097,0.84545,477.5141,1370.4082
56.8498,11547.3978,39.7362,239.9991,9.1916,-0.0024811,-0.084479,-2.1841,90.0139,-0.097364,4.4323,5.2122,6.328,-35.3112,0.00012946,1.4874,-0.11386,8.0149e-07,0.073191,0,88.1535,0.16096,0.80775,477.5129,1370.3904
56.8526,11547.3978,39.7362,239.9991,9.1916,-0.0024811,-0.084479,-2.1841,90.0139,-0.097364,4.4323,5.2122,6.328,-35.3112,0.00012946,1.4874,-0.11386,8.0149e-07,0.073191,0,88.1535,0.16095,0.82097,477.5129,1370.3904
56.8581,11547.7289,39.7366,239.9999,9.1916,-0.0025473,-0.10268,-1.4827,90.0131,-0.15243,4.4323,5.2743,6.4005,-35.2457,0.00015342,1.4554,-0.095315,8.0082e-07,0.073202,0,88.2979,0.16094,0.7818,477.5117,1370.3726
56.8664,11548.06,39.737,240.0009,9.1916,-0.0025979,-0.11504,-0.7952,90.0119,-0.19853,4.4323,5.3698,7.2685,-35.1727,0.00011199,1.4228,-0.07067,8.0016e-07,0.073213,0,87.9513,0.16096,0.75549,477.5106,1370.3548
56.8748,11548.3912,39.7371,240.0009,9.1916,-0.0026387,-0.12166,-0.12133,90.0102,-0.23271,4.4323,5.2839,8.5126,-35.0928,3.7978e-05,1.3903,-0.043273,7.9951e-07,0.073224,0,87.6049,0.16092,0.81734,477.5094,1370.337
56.8831,11548.7223,39.7371,240.0002,9.1916,-0.0026689,-0.12267,0.53914,90.0083,-0.25364,4.4323,5.2075,9.9295,-35.0091,-6.1075e-05,1.3583,-0.015144,7.9887e-07,0.073235,0,87.2587,0.16085,0.88738,477.5082,1370.3192
56.8914,11549.0535,39.7368,239.999,9.1916,-0.0026933,-0.11818,1.1865,90.0061,-0.26097,4.4323,5.1356,11.3965,-34.9229,-9.3126e-05,1.3272,0.011907,7.9824e-07,0.073246,0,87.2139,0.16075,0.96051,477.507,1370.3014
56.8998,11549.3846,39.7367,239.9984,9.1915,-0.0026826,-0.10829,1.8211,90.004,-0.25521,4.4323,5.2522,12.8039,-34.8401,-9.6265e-05,1.2971,0.036643,7.9762e-07,0.073257,0,87.3581,0.16072,0.94967,477.5058,1370.2836
56.9081,11549.7157,39.7367,239.9979,9.1915,-0.0026334,-0.093117,2.4433,90.0018,-0.23749,4.4323,5.3631,14.0764,-34.7591,-7.1255e-05,1.2683,0.058319,7.9701e-07,0.073267,0,87.5023,0.16074,0.9306,477.5047,1370.2658
56.9164,11550.0469,39.7367,239.9977,9.1915,-0.0025487,-0.072757,3.0534,89.9999,-0.20929,4.4323,5.4663,15.1687,-34.6798,-6.5578e-05,1.2407,0.07656,7.964e-07,0.073278,0,87.6465,0.16081,0.90779,477.5035,1370.2481
56.922,11550.0469,39.7367,239.9977,9.1915,-0.0025487,-0.072757,3.0534,89.9999,-0.20929,4.4323,5.4663,15.1687,-34.6798,-6.5578e-05,1.2407,0.07656,7.964e-07,0.073278,0,87.6465,0.16079,0.88845,477.5035,1370.2481
56.922,11550.0469,39.7367,239.9977,9.1915,-0.0025487,-0.072757,3.0534,89.9999,-0.20929,4.4323,5.4663,15.1687,-34.6798,-6.5578e-05,1.2407,0.07656,7.964e-07,0.073278,0,87.6465,0.16079,0.88845,477.5035,1370.2481
56.9248,11550.378,39.7368,239.9977,9.1915,-0.0024581,-0.047312,3.6517,89.9981,-0.17226,4.4323,5.5612,16.0576,-34.5996,-6.0344e-05,1.2143,0.091271,7.9581e-07,0.073289,0,87.7908,0.1609,0.88325,477.5023,1370.2303
56.9276,11550.378,39.7368,239.9977,9.1915,-0.0024581,-0.047312,3.6517,89.9981,-0.17226,4.4323,5.5612,16.0576,-34.5996,-6.0344e-05,1.2143,0.091271,7.9581e-07,0.073289,0,87.7908,0.16089,0.87815,477.5023,1370.2303
56.9329,11550.378,39.7368,239.9977,9.1915,-0.0024581,-0.047312,3.6517,89.9981,-0.17226,4.4323,5.5612,16.0576,-34.5996,-6.0344e-05,1.2143,0.091271,7.9581e-07,0.073289,0,87.7908,0.16088,0.87159,477.5023,1370.2303
56.9329,11550.378,39.7368,239.9977,9.1915,-0.0024581,-0.047312,3.6517,89.9981,-0.17226,4.4323,5.5612,16.0576,-34.5996,-6.0344e-05,1.2143,0.091271,7.9581e-07,0.073289,0,87.7908,0.16088,0.87159,477.5023,1370.2303
56.9331,11550.7091,39.737,239.9979,9.1915,-0.0023837,-0.016882,4.2385,89.9967,-0.12812,4.4323,5.6467,16.7374,-34.5197,-4.8493e-05,0.32944,0.10258,7.9522e-07,0.0733,0,87.9351,0.16098,0.8581,477.5011,1370.2125
56.9333,11550.7091,39.737,239.9979,9.1915,-0.0023837,-0.016882,4.2385,89.9967,-0.12812,4.4323,5.6467,16.7374,-34.5197,-4.8493e-05,0.32944,0.10258,7.9522e-07,0.0733,0,87.9351,0.16098,0.85817,477.5011,1370.2125
56.9336,11550.7091,39.737,239.9979,9.1915,-0.0023837,-0.016882,4.2385,89.9967,-0.12812,4.4323,5.6467,16.7374,-34.5197,-4.8493e-05,0.32944,0.10258,7.9522e-07,0.0733,0,87.9351,0.16098,0.85832,477.5011,1370.2125
56.9344,11550.7091,39.737,239.9979,9.1915,-0.0023837,-0.016882,4.2385,89.9967,-0.12812,4.4323,5.6467,16.7374,-34.5197,-4.8493e-05,0.32944,0.10258,7.9522e-07,0.0733,0,87.9351,0.16098,0.85859,477.5011,1370.2125
56.9358,11550.7091,39.737,239.9979,9.1915,-0.0023837,-0.016882,4.2385,89.9967,-0.12812,4.4323,5.6467,16.7374,-34.5197,-4.8493e-05,0.32944,0.10258,7.9522e-07,0.0733,0,87.9351,0.16097,0.85908,477.5011,1370.2125
56.9387,11550.7091,39.737,239.9979,9.1915,-0.0023837,-0.016882,4.2385,89.9967,-0.12812,4.4323,5.6467,16.7374,-34.5197,-4.8493e-05,0.32944,0.10258,7.9522e-07,0.0733,0,87.9351,0.16097,0.85987,477.5011,1370.2125
56.9407,11550.7091,39.737,239.9979,9.1915,-0.0023837,-0.016882,4.2385,89.9967,-0.12812,4.4323,5.6467,16.7374,-34.5197,-4.8493e-05,0.32944,0.10258,7.9522e-07,0.0733,0,87.9351,0.16096,0.8603,477.5011,1370.2125
56.9407,11550.7091,39.737,239.9979,9.1915,-0.0023837,-0.016882,4.2385,89.9967,-0.12812,4.4323,5.6467,16.7374,-34.5197,-4.8493e-05,0.32944,0.10258,7.9522e-07,0.0733,0,87.9351,0.16096,0.8603,477.5011,1370.2125
56.9414,11551.0403,39.7372,239.9983,9.1915,-0.0023447,0.018439,4.4037,89.9956,-0.078515,4.4323,5.7225,9.4108,-32.3011,-1.282e-05,-1.3041,0.11072,7.9463e-07,0.073311,0,88.0794,0.16105,0.83293,477.4999,1370.1947
56.9422,11551.0403,39.7372,239.9983,9.1915,-0.0023447,0.018439,4.4037,89.9956,-0.078515,4.4323,5.7225,9.4108,-32.3011,-1.282e-05,-1.3041,0.11072,7.9463e-07,0.073311,0,88.0794,0.16104,0.83512,477.4999,1370.1947
56.9438,11551.0403,39.7372,239.9983,9.1915,-0.0023447,0.018439,4.4037,89.9956,-0.078515,4.4323,5.7225,9.4108,-32.3011,-1.282e-05,-1.3041,0.11072,7.9463e-07,0.073311,0,88.0794,0.16104,0.83902,477.4999,1370.1947
56.9469,11551.0403,39.7372,239.9983,9.1915,-0.0023447,0.018439,4.4037,89.9956,-0.078515,4.4323,5.7225,9.4108,-32.3011,-1.282e-05,-1.3041,0.11072,7.9463e-07,0.073311,0,88.0794,0.16103,0.84522,477.4999,1370.1947
56.9498,11551.3714,39.7375,239.9989,9.1915,-0.002352,0.055136,3.7896,89.995,-0.024968,4.4323,5.7901,-4.9119,-28.2294,3.9617e-05,-1.5529,0.11612,7.9404e-07,0.073322,0,88.2238,0.16108,0.80748,477.4988,1370.1769
56.9504,11551.3714,39.7375,239.9989,9.1915,-0.002352,0.055136,3.7896,89.995,-0.024968,4.4323,5.7901,-4.9119,-28.2294,3.9617e-05,-1.5529,0.11612,7.9404e-07,0.073322,0,88.2238,0.16108,0.81084,477.4988,1370.1769
56.9504,11551.3714,39.7375,239.9989,9.1915,-0.002352,0.055136,3.7896,89.995,-0.024968,4.4323,5.7901,-4.9119,-28.2294,3.9617e-05,-1.5529,0.11612,7.9404e-07,0.073322,0,88.2238,0.16108,0.81084,477.4988,1370.1769
56.9581,11551.7026,39.7379,239.9997,9.1915,-0.0024034,0.086717,3.0571,89.9948,0.031191,4.4323,5.8511,-6.8406,-27.6214,8.2323e-05,-1.5238,0.11913,7.9345e-07,0.073333,0,88.3048,0.16108,0.78176,477.4976,1370.1591
56.963,11551.7026,39.7379,239.9997,9.1915,-0.0024034,0.086717,3.0571,89.9948,0.031191,4.4323,5.8511,-6.8406,-27.6214,8.2323e-05,-1.5238,0.11913,7.9345e-07,0.073333,0,88.3048,0.16107,0.81266,477.4976,1370.1591
56.963,11551.7026,39.7379,239.9997,9.1915,-0.0024034,0.086717,3.0571,89.9948,0.031191,4.4323,5.8511,-6.8406,-27.6214,8.2323e-05,-1.5238,0.11913,7.9345e-07,0.073333,0,88.3048,0.16107,0.81266,477.4976,1370.1591
56.9664,11552.0337,39.7384,240.0007,9.1915,-0.0024892,0.11219,2.3388,89.995,0.088804,4.4323,5.9067,-6.3945,-27.7059,7.2995e-05,-1.494,0.11545,7.9285e-07,0.073344,0,87.9582,0.16106,0.75575,477.4964,1370.1413
56.9699,11552.0337,39.7384,240.0007,9.1915,-0.0024892,0.11219,2.3388,89.995,0.088804,4.4323,5.9067,-6.3945,-27.7059,7.2995e-05,-1.494,0.11545,7.9285e-07,0.073344,0,87.9582,0.16105,0.78624,477.4964,1370.1413
56.9748,11552.3649,39.7385,240.0006,9.1915,-0.0026109,0.13168,1.6344,89.9958,0.14464,4.4322,5.7488,-6.3569,-27.7876,4.2159e-05,-1.4622,0.099282,7.9225e-07,0.073355,0,87.6118,0.16094,0.81783,477.4952,1370.1235
56.9831,11552.696,39.7384,240,9.1914,-0.0027449,0.1453,0.94388,89.997,0.19266,4.4323,5.5624,-7.0817,-27.8709,-4.5294e-06,-1.4297,0.075716,7.9163e-07,0.073365,0,87.2656,0.16076,0.88806,477.494,1370.1057
56.9914,11553.0272,39.7381,239.9987,9.1914,-0.0028698,0.15317,0.2671,89.9986,0.22928,4.4323,5.3601,-8.2601,-27.9536,1.9903e-05,-1.3972,0.048815,7.9101e-07,0.073376,0,87.2482,0.16056,0.96134,477.4929,1370.0879
56.9998,11553.3583,39.738,239.9981,9.1914,-0.0029323,0.15539,-0.39621,90.0005,0.25289,4.4323,5.3408,-9.6452,-28.0384,6.629e-05,-1.3651,0.020777,7.9037e-07,0.073387,0,87.3924,0.16046,0.95062,477.4917,1370.0702
57.0081,11553.6895,39.738,239.9976,9.1914,-0.0029126,0.15209,-1.0464,90.0026,0.26294,4.4323,5.3191,-11.104,-28.1213,0.00012277,-1.3338,-0.0065354,7.8971e-07,0.073398,0,87.5366,0.16045,0.93163,477.4905,1370.0524
57.0164,11554.0206,39.738,239.9974,9.1914,-0.0028067,0.14337,-1.6837,90.0048,0.25978,4.4323,5.2995,-12.5235,-28.2003,0.00013317,-1.3035,-0.031766,7.8905e-07,0.073409,0,87.6808,0.16053,0.90887,477.4893,1370.0346
57.0248,11554.3518,39.7381,239.9974,9.1914,-0.002646,0.12934,-2.3085,90.0069,0.24442,4.4323,5.2859,-13.821,-28.2715,0.00010765,-1.2744,-0.054075,7.8837e-07,0.07342,0,87.8251,0.16069,0.88438,477.4881,1370.0168
57.0331,11554.6829,39.7383,239.9976,9.1914,-0.002464,0.1101,-2.9212,90.009,0.21827,4.4323,5.28,-14.9456,-28.335,4.9878e-05,-1.2465,-0.073012,7.8767e-07,0.073431,0,87.9694,0.16088,0.85902,477.487,1369.999
57.0352,11554.6829,39.7383,239.9976,9.1914,-0.002464,0.1101,-2.9212,90.009,0.21827,4.4323,5.28,-14.9456,-28.335,4.9878e-05,-1.2465,-0.073012,7.8767e-07,0.073431,0,87.9694,0.16088,0.85967,477.487,1369.999
57.0352,11554.6829,39.7383,239.9976,9.1914,-0.002464,0.1101,-2.9212,90.009,0.21827,4.4323,5.28,-14.9456,-28.335,4.9878e-05,-1.2465,-0.073012,7.8767e-07,0.073431,0,87.9694,0.16088,0.85967,477.487,1369.999
57.0414,11555.0141,39.7385,239.998,9.1914,-0.0022965,0.08576,-3.522,90.0108,0.18296,4.4323,5.2828,-15.87,-28.3907,-1.9622e-05,-1.2199,-0.088432,7.8697e-07,0.073442,0,88.1137,0.16107,0.8332,477.4858,1369.9812
57.0461,11555.0141,39.7385,239.998,9.1914,-0.0022965,0.08576,-3.522,90.0108,0.18296,4.4323,5.2828,-15.87,-28.3907,-1.9622e-05,-1.2199,-0.088432,7.8697e-07,0.073442,0,88.1137,0.16106,0.84394,477.4858,1369.9812
57.0461,11555.0141,39.7385,239.998,9.1914,-0.0022965,0.08576,-3.522,90.0108,0.18296,4.4323,5.2828,-15.87,-28.3907,-1.9622e-05,-1.2199,-0.088432,7.8697e-07,0.073442,0,88.1137,0.16106,0.84394,477.4858,1369.9812
57.0498,11555.3452,39.7388,239.9986,9.1914,-0.0021718,0.056411,-4.1113,90.0123,0.14019,4.4323,5.2944,-16.585,-28.4398,-7.3312e-05,-0.73216,-0.10042,7.8626e-07,0.073452,0,88.258,0.16123,0.80713,477.4846,1369.9634
57.0535,11555.3452,39.7388,239.9986,9.1914,-0.0021718,0.056411,-4.1113,90.0123,0.14019,4.4323,5.2944,-16.585,-28.4398,-7.3312e-05,-0.73216,-0.10042,7.8626e-07,0.073452,0,88.258,0.16122,0.82413,477.4846,1369.9634
57.0547,11555.3452,39.7388,239.9986,9.1914,-0.0021718,0.056411,-4.1113,90.0123,0.14019,4.4323,5.2944,-16.585,-28.4398,-7.3312e-05,-0.73216,-0.10042,7.8626e-07,0.073452,0,88.258,0.16122,0.82844,477.4846,1369.9634
57.0547,11555.3452,39.7388,239.9986,9.1914,-0.0021718,0.056411,-4.1113,90.0123,0.14019,4.4323,5.2944,-16.585,-28.4398,-7.3312e-05,-0.73216,-0.10042,7.8626e-07,0.073452,0,88.258,0.16122,0.82844,477.4846,1369.9634
57.0581,11555.6764,39.7392,239.9994,9.1913,-0.0021055,0.02215,-4.4686,90.0135,0.091628,4.4323,5.313,-12.9013,-29.6453,-9.6758e-05,0.90038,-0.10919,7.8554e-07,0.073463,0,88.3239,0.16135,0.78141,477.4834,1369.9456
57.0615,11555.6764,39.7392,239.9994,9.1913,-0.0021055,0.02215,-4.4686,90.0135,0.091628,4.4323,5.313,-12.9013,-29.6453,-9.6758e-05,0.90038,-0.10919,7.8554e-07,0.073463,0,88.3239,0.16134,0.80456,477.4834,1369.9456
57.0664,11556.0076,39.7396,240.0004,9.1913,-0.0021066,-0.015088,-4.0472,90.0143,0.038823,4.4323,5.3393,1.367,-33.7315,-0.0001236,1.5631,-0.11513,7.8481e-07,0.073474,0,87.9773,0.16142,0.75552,477.4823,1369.9278
57.0748,11556.3387,39.7397,240.0003,9.1913,-0.0021899,-0.048815,-3.3097,90.0146,-0.016859,4.4323,5.1752,7.0091,-35.3986,-0.00015169,1.5339,-0.11861,7.8409e-07,0.073485,0,87.6309,0.16134,0.81783,477.4811,1369.9101
57.0784,11556.3387,39.7397,240.0003,9.1913,-0.0021899,-0.048815,-3.3097,90.0146,-0.016859,4.4323,5.1752,7.0091,-35.3986,-0.00015169,1.5339,-0.11861,7.8409e-07,0.073485,0,87.6309,0.16133,0.83085,477.4811,1369.9101
57.0784,11556.3387,39.7397,240.0003,9.1913,-0.0021899,-0.048815,-3.3097,90.0146,-0.016859,4.4323,5.1752,7.0091,-35.3986,-0.00015169,1.5339,-0.11861,7.8409e-07,0.073485,0,87.6309,0.16133,0.83085,477.4811,1369.9101
57.0831,11556.6699,39.7397,239.9997,9.1913,-0.0023458,-0.076396,-2.5865,90.0144,-0.074221,4.4323,5.0197,6.5267,-35.3337,-0.00017849,1.5043,-0.1175,7.8337e-07,0.073496,0,87.2847,0.16114,0.88836,477.4799,1369.8923
57.0879,11556.6699,39.7397,239.9997,9.1913,-0.0023458,-0.076396,-2.5865,90.0144,-0.074221,4.4323,5.0197,6.5267,-35.3337,-0.00017849,1.5043,-0.1175,7.8337e-07,0.073496,0,87.2847,0.16113,0.87815,477.4799,1369.8923
57.0914,11557.001,39.7394,239.9984,9.1913,-0.0025545,-0.09795,-1.8773,90.0138,-0.13105,4.4323,4.878,6.3274,-35.266,-0.00011738,1.473,-0.10481,7.8265e-07,0.073507,0,87.2482,0.16086,0.96189,477.4787,1369.8745
57.0998,11557.3322,39.7393,239.9978,9.1913,-0.0027451,-0.11359,-1.1821,90.0127,-0.18174,4.4323,4.9565,6.8361,-35.1976,-1.9066e-05,1.4406,-0.082818,7.8194e-07,0.073518,0,87.3924,0.16063,0.95142,477.4775,1369.8567
57.1081,11557.6634,39.7393,239.9973,9.1913,-0.0028703,-0.12344,-0.50067,90.0112,-0.22179,4.4323,5.0586,7.9157,-35.1268,0.0001011,1.408,-0.056618,7.8124e-07,0.073529,0,87.5365,0.16048,0.93263,477.4764,1369.8389
57.1164,11557.9945,39.7394,239.9971,9.1913,-0.0028981,-0.12762,0.16722,90.0094,-0.24918,4.4323,5.1717,9.2567,-35.055,0.00017773,1.3757,-0.028713,7.8054e-07,0.07354,0,87.6808,0.16043,0.91002,477.4752,1369.8211
57.1248,11558.3257,39.7394,239.9971,9.1913,-0.0028375,-0.12622,0.82186,90.0073,-0.26306,4.4323,5.2899,10.707,-34.9795,0.00020902,1.3441,-0.0010337,7.7986e-07,0.07355,0,87.825,0.16049,0.88561,477.474,1369.8033
57.1331,11558.6568,39.7396,239.9972,9.1913,-0.0027077,-0.11937,1.4636,90.0051,-0.26357,4.4323,5.4085,12.1495,-34.9008,0.00018784,1.3135,0.024893,7.7919e-07,0.073561,0,87.9693,0.16063,0.8603,477.4728,1369.7855
57.1414,11558.988,39.7398,239.9976,9.1912,-0.0025404,-0.10718,2.0926,90.0029,-0.25153,4.4323,5.5234,13.4913,-34.8192,0.00012576,1.2841,0.048096,7.7853e-07,0.073572,0,88.1136,0.16082,0.83448,477.4716,1369.7678
57.1498,11559.3192,39.7401,239.9982,9.1912,-0.0023688,-0.08974,2.7094,90.0008,-0.22827,4.4323,5.632,14.6733,-34.7353,3.8219e-05,1.2558,0.068023,7.7788e-07,0.073583,0,88.258,0.16102,0.80834,477.4705,1369.75
57.1581,11559.6503,39.7405,239.999,9.1912,-0.0022237,-0.067161,3.3143,89.9989,-0.19537,4.4323,5.7327,15.6619,-34.6503,-5.4967e-05,1.2289,0.084449,7.7723e-07,0.073594,0,88.4024,0.16122,0.78195,477.4693,1369.7322
57.1595,11559.6503,39.7405,239.999,9.1912,-0.0022237,-0.067161,3.3143,89.9989,-0.19537,4.4323,5.7327,15.6619,-34.6503,-5.4967e-05,1.2289,0.084449,7.7723e-07,0.073594,0,88.4024,0.16121,0.79246,477.4693,1369.7322
57.1595,11559.6503,39.7405,239.999,9.1912,-0.0022237,-0.067161,3.3143,89.9989,-0.19537,4.4323,5.7327,15.6619,-34.6503,-5.4967e-05,1.2289,0.084449,7.7723e-07,0.073594,0,88.4024,0.16121,0.79246,477.4693,1369.7322
57.1664,11559.9815,39.7409,240,9.1912,-0.0021291,-0.039542,3.9076,89.9973,-0.15453,4.4323,5.8248,16.443,-34.5651,-0.00016842,1.0984,0.097398,7.766e-07,0.073605,0,88.0558,0.16138,0.75533,477.4681,1369.7144
57.1687,11559.9815,39.7409,240,9.1912,-0.0021291,-0.039542,3.9076,89.9973,-0.15453,4.4323,5.8248,16.443,-34.5651,-0.00016842,1.0984,0.097398,7.766e-07,0.073605,0,88.0558,0.16137,0.77674,477.4681,1369.7144
57.1687,11559.9815,39.7409,240,9.1912,-0.0021291,-0.039542,3.9076,89.9973,-0.15453,4.4323,5.8248,16.443,-34.5651,-0.00016842,1.0984,0.097398,7.766e-07,0.073605,0,88.0558,0.16137,0.77674,477.4681,1369.7144
57.1748,11560.3127,39.741,240,9.1912,-0.0021172,-0.0069793,4.4395,89.996,-0.10743,4.4323,5.7095,16.0676,-34.2183,-0.00025772,-0.40946,0.10707,7.7597e-07,0.073616,0,87.7094,0.16139,0.81745,477.4669,1369.6966
57.1808,11560.3127,39.741,240,9.1912,-0.0021172,-0.0069793,4.4395,89.996,-0.10743,4.4323,5.7095,16.0676,-34.2183,-0.00025772,-0.40946,0.10707,7.7597e-07,0.073616,0,87.7094,0.16137,0.83739,477.4669,1369.6966
57.1831,11560.6439,39.7409,239.9994,9.1912,-0.0021985,0.030017,4.2523,89.9951,-0.055647,4.4323,5.5871,2.9835,-30.4441,-0.00029508,-1.5711,0.11378,7.7534e-07,0.073627,0,87.3633,0.16127,0.888,477.4657,1369.6788
57.1914,11560.975,39.7407,239.9981,9.1912,-0.0023675,0.065452,3.511,89.9946,-0.00062144,4.4323,5.4589,-7.1474,-27.5499,-0.00022097,-1.5419,0.11791,7.7471e-07,0.073638,0,87.2213,0.16103,0.96171,477.4646,1369.661
57.1939,11560.975,39.7407,239.9981,9.1912,-0.0023675,0.065452,3.511,89.9946,-0.00062144,4.4323,5.4589,-7.1474,-27.5499,-0.00022097,-1.5419,0.11791,7.7471e-07,0.073638,0,87.2213,0.16102,0.9403,477.4646,1369.661
57.1939,11560.975,39.7407,239.9981,9.1912,-0.0023675,0.065452,3.511,89.9946,-0.00062144,4.4323,5.4589,-7.1474,-27.5499,-0.00022097,-1.5419,0.11791,7.7471e-07,0.073638,0,87.2213,0.16102,0.9403,477.4646,1369.661
57.1998,11561.3062,39.7406,239.9974,9.1912,-0.0025658,0.09471,2.7839,89.9946,0.056403,4.4323,5.515,-6.631,-27.6372,-9.7518e-05,-1.5126,0.11931,7.7408e-07,0.073648,0,87.3655,0.16079,0.95148,477.4634,1369.6432
57.2057,11561.3062,39.7406,239.9974,9.1912,-0.0025658,0.09471,2.7839,89.9946,0.056403,4.4323,5.515,-6.631,-27.6372,-9.7518e-05,-1.5126,0.11931,7.7408e-07,0.073648,0,87.3655,0.16078,0.91177,477.4634,1369.6432
57.207,11561.3062,39.7406,239.9974,9.1912,-0.0025658,0.09471,2.7839,89.9946,0.056403,4.4323,5.515,-6.631,-27.6372,-9.7518e-05,-1.5126,0.11931,7.7408e-07,0.073648,0,87.3655,0.16077,0.90552,477.4634,1369.6432
57.207,11561.3062,39.7406,239.9974,9.1912,-0.0025658,0.09471,2.7839,89.9946,0.056403,4.4323,5.515,-6.631,-27.6372,-9.7518e-05,-1.5126,0.11931,7.7408e-07,0.073648,0,87.3655,0.16077,0.90552,477.4634,1369.6432
57.2081,11561.6374,39.7406,239.997,9.1912,-0.0027521,0.11791,2.0709,89.9951,0.1141,4.4323,5.5645,-6.2834,-27.7256,6.1653e-05,-1.482,0.11058,7.7343e-07,0.073659,0,87.5097,0.16058,0.93296,477.4622,1369.6255
57.2092,11561.6374,39.7406,239.997,9.1912,-0.0027521,0.11791,2.0709,89.9951,0.1141,4.4323,5.5645,-6.2834,-27.7256,6.1653e-05,-1.482,0.11058,7.7343e-07,0.073659,0,87.5097,0.16058,0.92591,477.4622,1369.6255
57.2113,11561.6374,39.7406,239.997,9.1912,-0.0027521,0.11791,2.0709,89.9951,0.1141,4.4323,5.5645,-6.2834,-27.7256,6.1653e-05,-1.482,0.11058,7.7343e-07,0.073659,0,87.5097,0.16057,0.91385,477.4622,1369.6255
57.2155,11561.6374,39.7406,239.997,9.1912,-0.0027521,0.11791,2.0709,89.9951,0.1141,4.4323,5.5645,-6.2834,-27.7256,6.1653e-05,-1.482,0.11058,7.7343e-07,0.073659,0,87.5097,0.16056,0.8962,477.4622,1369.6255
57.2164,11561.9685,39.7406,239.9967,9.1912,-0.0028811,0.13517,1.3718,89.996,0.16758,4.4323,5.589,-6.554,-27.818,0.00018845,-1.4497,0.090424,7.7278e-07,0.07367,0,87.6539,0.16044,0.91061,477.461,1369.6077
57.221,11561.9685,39.7406,239.9967,9.1912,-0.0028811,0.13517,1.3718,89.996,0.16758,4.4323,5.589,-6.554,-27.818,0.00018845,-1.4497,0.090424,7.7278e-07,0.07367,0,87.6539,0.16042,0.8931,477.461,1369.6077
57.2248,11562.2997,39.7407,239.9967,9.1912,-0.0029346,0.1466,0.68661,89.9974,0.21132,4.4323,5.5858,-7.5225,-27.911,0.00027827,-1.4171,0.06505,7.7212e-07,0.073681,0,87.7981,0.16038,0.88642,477.4598,1369.5899
57.2331,11562.6309,39.7409,239.9969,9.1911,-0.0029052,0.15232,0.01503,89.9992,0.24278,4.4323,5.5706,-8.8124,-28.0012,0.00031596,-1.3847,0.03735,7.7145e-07,0.073692,0,87.9424,0.16041,0.86128,477.4587,1369.5721
57.2414,11562.9621,39.7411,239.9972,9.1911,-0.0028023,0.15245,-0.64322,90.0012,0.26084,4.4323,5.5505,-10.248,-28.086,0.00030083,-1.3529,0.0093318,7.7077e-07,0.073703,0,88.0867,0.16054,0.83558,477.4575,1369.5543
57.2498,11563.2932,39.7414,239.9978,9.1911,-0.002646,0.14708,-1.2884,90.0034,0.26536,4.4323,5.5305,-11.7075,-28.1642,0.00023778,-1.3219,-0.017305,7.7007e-07,0.073714,0,88.2311,0.16072,0.8095,477.4563,1369.5365
57.2581,11563.6244,39.7417,239.9986,9.1911,-0.0024637,0.13635,-1.9209,90.0056,0.25699,4.4323,5.5147,-13.0878,-28.2348,0.00013917,-1.2921,-0.041444,7.6936e-07,0.073725,0,88.3754,0.16095,0.78315,477.4551,1369.5187
57.2664,11563.9556,39.7421,239.9996,9.1911,-0.0022848,0.12034,-2.5411,90.0078,0.23695,4.4323,5.5056,-14.3209,-28.298,-1.9055e-05,-1.2635,-0.062423,7.6863e-07,0.073736,0,88.0289,0.16119,0.75656,477.4539,1369.501
57.2748,11564.2868,39.7423,239.9997,9.1911,-0.0021559,0.099165,-3.1492,90.0097,0.20676,4.4323,5.3193,-15.3666,-28.3518,-0.00019009,-1.2362,-0.079926,7.679e-07,0.073746,0,87.6825,0.16133,0.81288,477.4528,1369.4832
57.2814,11564.2868,39.7423,239.9997,9.1911,-0.0021559,0.099165,-3.1492,90.0097,0.20676,4.4323,5.3193,-15.3666,-28.3518,-0.00019009,-1.2362,-0.079926,7.679e-07,0.073746,0,87.6825,0.16131,0.83643,477.4528,1369.4832
57.2814,11564.2868,39.7423,239.9997,9.1911,-0.0021559,0.099165,-3.1492,90.0097,0.20676,4.4323,5.3193,-15.3666,-28.3518,-0.00019009,-1.2362,-0.079926,7.679e-07,0.073746,0,87.6825,0.16131,0.83643,477.4528,1369.4832
57.2831,11564.618,39.7422,239.9991,9.1911,-0.0021046,0.072921,-3.7456,90.0114,0.16811,4.4323,5.1317,-16.2055,-28.3985,-0.00033944,-1.1788,-0.093913,7.6715e-07,0.073757,0,87.3364,0.16134,0.88226,477.4516,1369.4654
57.2848,11564.618,39.7422,239.9991,9.1911,-0.0021046,0.072921,-3.7456,90.0114,0.16811,4.4323,5.1317,-16.2055,-28.3985,-0.00033944,-1.1788,-0.093913,7.6715e-07,0.073757,0,87.3364,0.16134,0.87905,477.4516,1369.4654
57.2882,11564.618,39.7422,239.9991,9.1911,-0.0021046,0.072921,-3.7456,90.0114,0.16811,4.4323,5.1317,-16.2055,-28.3985,-0.00033944,-1.1788,-0.093913,7.6715e-07,0.073757,0,87.3364,0.16133,0.87406,477.4516,1369.4654
57.2914,11564.9491,39.7419,239.9979,9.1911,-0.0021436,0.041708,-4.3157,90.0128,0.12269,4.4323,4.9539,-16.5511,-28.519,-0.00036289,-0.10307,-0.10454,7.664e-07,0.073768,0,86.9906,0.16123,0.9554,477.4504,1369.4476
57.2998,11565.2803,39.7419,239.9973,9.1911,-0.0022358,0.0057438,-4.373,90.0139,0.072133,4.4323,4.9739,-7.4493,-31.2019,-0.00028497,1.5303,-0.1121,7.6564e-07,0.073779,0,87.1347,0.16111,0.94512,477.4492,1369.4298
57.3081,11565.6115,39.7419,239.9969,9.1911,-0.0023553,-0.030698,-3.651,90.0145,0.017922,4.4323,5.0009,6.9008,-35.3017,-0.00013432,1.5474,-0.11696,7.6488e-07,0.07379,0,87.2789,0.16097,0.92671,477.448,1369.412
57.3092,11565.6115,39.7419,239.9969,9.1911,-0.0023553,-0.030698,-3.651,90.0145,0.017922,4.4323,5.0009,6.9008,-35.3017,-0.00013432,1.5474,-0.11696,7.6488e-07,0.07379,0,87.2789,0.16096,0.92023,477.448,1369.412
57.3092,11565.6115,39.7419,239.9969,9.1911,-0.0023553,-0.030698,-3.651,90.0145,0.017922,4.4323,5.0009,6.9008,-35.3017,-0.00013432,1.5474,-0.11696,7.6488e-07,0.07379,0,87.2789,0.16096,0.92023,477.448,1369.412
57.3164,11565.9427,39.7419,239.9967,9.1911,-0.0024696,-0.061122,-2.9212,90.0146,-0.038643,4.4323,5.0344,6.7516,-35.3634,-9.4542e-07,1.5182,-0.11937,7.6412e-07,0.073801,0,87.4231,0.16084,0.90455,477.4469,1369.3942
57.3219,11565.9427,39.7419,239.9967,9.1911,-0.0024696,-0.061122,-2.9212,90.0146,-0.038643,4.4323,5.0344,6.7516,-35.3634,-9.4542e-07,1.5182,-0.11937,7.6412e-07,0.073801,0,87.4231,0.16083,0.88716,477.4469,1369.3942
57.3219,11565.9427,39.7419,239.9967,9.1911,-0.0024696,-0.061122,-2.9212,90.0146,-0.038643,4.4323,5.0344,6.7516,-35.3634,-9.4542e-07,1.5182,-0.11937,7.6412e-07,0.073801,0,87.4231,0.16083,0.88716,477.4469,1369.3942
57.3248,11566.2739,39.7421,239.9967,9.191,-0.0025713,-0.085466,-2.2055,90.0143,-0.096372,4.4323,5.0747,6.3367,-35.3068,0.00011358,1.4881,-0.11405,7.6336e-07,0.073812,0,87.5674,0.16074,0.88058,477.4457,1369.3765
57.3277,11566.2739,39.7421,239.9967,9.191,-0.0025713,-0.085466,-2.2055,90.0143,-0.096372,4.4323,5.0747,6.3367,-35.3068,0.00011358,1.4881,-0.11405,7.6336e-07,0.073812,0,87.5674,0.16073,0.87613,477.4457,1369.3765
57.3331,11566.6051,39.7422,239.9969,9.191,-0.0026463,-0.10385,-1.5038,90.0135,-0.15153,4.4323,5.1351,6.3953,-35.2451,0.00019218,1.4561,-0.095791,7.6261e-07,0.073823,0,87.7116,0.16068,0.85565,477.4445,1369.3587
57.3414,11566.9362,39.7425,239.9973,9.191,-0.0026801,-0.11638,-0.81596,90.0122,-0.19786,4.4323,5.2288,7.2457,-35.1752,0.00023236,1.4235,-0.071279,7.6186e-07,0.073833,0,87.8559,0.16067,0.83013,477.4433,1369.3409
57.3498,11567.2674,39.7428,239.998,9.191,-0.0026655,-0.12318,-0.14178,90.0106,-0.23233,4.4323,5.339,8.4816,-35.1,0.00023362,1.3911,-0.043945,7.6113e-07,0.073844,0,88.0003,0.16072,0.80418,477.4421,1369.3231
57.3581,11567.5986,39.7432,239.9988,9.191,-0.0026042,-0.12436,0.51902,90.0086,-0.25359,4.4323,5.4571,9.8946,-35.0211,0.00019698,1.3591,-0.015831,7.604e-07,0.073855,0,88.1091,0.16083,0.77789,477.441,1369.3053
57.3664,11567.9298,39.7436,239.9998,9.191,-0.0025071,-0.12003,1.1667,90.0065,-0.26125,4.4323,5.578,11.3609,-34.9391,8.4601e-05,1.328,0.011251,7.5968e-07,0.073866,0,87.7626,0.161,0.75131,477.4398,1369.2875
57.3748,11568.261,39.7437,239.9999,9.191,-0.0024126,-0.11031,1.8017,90.0044,-0.25581,4.4323,5.4996,12.7703,-34.8522,-6.16e-05,1.2979,0.036046,7.5898e-07,0.073877,0,87.4162,0.16109,0.81294,477.4386,1369.2698
57.3831,11568.5922,39.7436,239.9993,9.191,-0.0023472,-0.095296,2.4242,90.0022,-0.23838,4.4323,5.4178,14.0464,-34.7631,-0.00021975,1.2691,0.057799,7.5828e-07,0.073888,0,87.0701,0.16112,0.88284,477.4374,1369.252
57.3914,11568.9234,39.7434,239.9981,9.191,-0.002333,-0.075095,3.0345,90.0002,-0.21042,4.4323,5.3306,15.1432,-34.6734,-0.00028521,1.2414,0.076121,7.5759e-07,0.073899,0,86.9059,0.16106,0.95587,477.4362,1369.2342
57.3966,11568.9234,39.7434,239.9981,9.191,-0.002333,-0.075095,3.0345,90.0002,-0.21042,4.4323,5.3306,15.1432,-34.6734,-0.00028521,1.2414,0.076121,7.5759e-07,0.073899,0,86.9059,0.16105,0.91811,477.4362,1369.2342
57.3966,11568.9234,39.7434,239.9981,9.191,-0.002333,-0.075095,3.0345,90.0002,-0.21042,4.4323,5.3306,15.1432,-34.6734,-0.00028521,1.2414,0.076121,7.5759e-07,0.073899,0,86.9059,0.16105,0.91811,477.4362,1369.2342
57.3998,11569.2546,39.7433,239.9975,9.1909,-0.0023459,-0.049807,3.6332,89.9985,-0.17361,4.4323,5.4255,16.0369,-34.5891,-0.00028328,1.215,0.090916,7.5691e-07,0.07391,0,87.05,0.16101,0.94495,477.4351,1369.2164
57.4029,11569.2546,39.7433,239.9975,9.1909,-0.0023459,-0.049807,3.6332,89.9985,-0.17361,4.4323,5.4255,16.0369,-34.5891,-0.00028328,1.215,0.090916,7.5691e-07,0.07391,0,87.05,0.161,0.92258,477.4351,1369.2164
57.4075,11569.2546,39.7433,239.9975,9.1909,-0.0023459,-0.049807,3.6332,89.9985,-0.17361,4.4323,5.4255,16.0369,-34.5891,-0.00028328,1.215,0.090916,7.5691e-07,0.07391,0,87.05,0.16099,0.90066,477.4351,1369.2164
57.4075,11569.2546,39.7433,239.9975,9.1909,-0.0023459,-0.049807,3.6332,89.9985,-0.17361,4.4323,5.4255,16.0369,-34.5891,-0.00028328,1.215,0.090916,7.5691e-07,0.07391,0,87.05,0.16099,0.90066,477.4351,1369.2164
57.4081,11569.5858,39.7433,239.9971,9.1909,-0.0023758,-0.019531,4.2203,89.997,-0.12964,4.4323,5.5106,16.7216,-34.5089,-0.00020685,0.37787,0.1023,7.5624e-07,0.073921,0,87.1942,0.16096,0.92606,477.4339,1369.1986
57.4087,11569.5858,39.7433,239.9971,9.1909,-0.0023758,-0.019531,4.2203,89.997,-0.12964,4.4323,5.5106,16.7216,-34.5089,-0.00020685,0.37787,0.1023,7.5624e-07,0.073921,0,87.1942,0.16096,0.9223,477.4339,1369.1986
57.4099,11569.5858,39.7433,239.9971,9.1909,-0.0023758,-0.019531,4.2203,89.997,-0.12964,4.4323,5.5106,16.7216,-34.5089,-0.00020685,0.37787,0.1023,7.5624e-07,0.073921,0,87.1942,0.16096,0.91543,477.4339,1369.1986
57.4124,11569.5858,39.7433,239.9971,9.1909,-0.0023758,-0.019531,4.2203,89.997,-0.12964,4.4323,5.5106,16.7216,-34.5089,-0.00020685,0.37787,0.1023,7.5624e-07,0.073921,0,87.1942,0.16095,0.90399,477.4339,1369.1986
57.4153,11569.5858,39.7433,239.9971,9.1909,-0.0023758,-0.019531,4.2203,89.997,-0.12964,4.4323,5.5106,16.7216,-34.5089,-0.00020685,0.37787,0.1023,7.5624e-07,0.073921,0,87.1942,0.16094,0.89357,477.4339,1369.1986
57.4153,11569.5858,39.7433,239.9971,9.1909,-0.0023758,-0.019531,4.2203,89.997,-0.12964,4.4323,5.5106,16.7216,-34.5089,-0.00020685,0.37787,0.1023,7.5624e-07,0.073921,0,87.1942,0.16094,0.89357,477.4339,1369.1986
57.4164,11569.917,39.7434,239.9969,9.1909,-0.0024094,0.015638,4.4086,89.996,-0.080168,4.4323,5.5855,9.8334,-32.4126,-0.00010372,-1.2552,0.11052,7.5557e-07,0.073931,0,87.3384,0.16091,0.90391,477.4327,1369.1808
57.4176,11569.917,39.7434,239.9969,9.1909,-0.0024094,0.015638,4.4086,89.996,-0.080168,4.4323,5.5855,9.8334,-32.4126,-0.00010372,-1.2552,0.11052,7.5557e-07,0.073931,0,87.3384,0.16091,0.89956,477.4327,1369.1808
57.4198,11569.917,39.7434,239.9969,9.1909,-0.0024094,0.015638,4.4086,89.996,-0.080168,4.4323,5.5855,9.8334,-32.4126,-0.00010372,-1.2552,0.11052,7.5557e-07,0.073931,0,87.3384,0.16091,0.89218,477.4327,1369.1808
57.4243,11569.917,39.7434,239.9969,9.1909,-0.0024094,0.015638,4.4086,89.996,-0.080168,4.4323,5.5855,9.8334,-32.4126,-0.00010372,-1.2552,0.11052,7.5557e-07,0.073931,0,87.3384,0.1609,0.88158,477.4327,1369.1808
57.4248,11570.2482,39.7435,239.9969,9.1909,-0.0024564,0.052377,3.8179,89.9953,-0.026719,4.4323,5.6521,-4.4805,-28.3452,1.7637e-05,-1.5539,0.11599,7.549e-07,0.073942,0,87.4827,0.16087,0.8801,477.4315,1369.1631
57.4253,11570.2482,39.7435,239.9969,9.1909,-0.0024564,0.052377,3.8179,89.9953,-0.026719,4.4323,5.6521,-4.4805,-28.3452,1.7637e-05,-1.5539,0.11599,7.549e-07,0.073942,0,87.4827,0.16087,0.87922,477.4315,1369.1631
57.4253,11570.2482,39.7435,239.9969,9.1909,-0.0024564,0.052377,3.8179,89.9953,-0.026719,4.4323,5.6521,-4.4805,-28.3452,1.7637e-05,-1.5539,0.11599,7.549e-07,0.073942,0,87.4827,0.16087,0.87922,477.4315,1369.1631
57.4276,11570.2482,39.7435,239.9969,9.1909,-0.0024564,0.052377,3.8179,89.9953,-0.026719,4.4323,5.6521,-4.4805,-28.3452,1.7637e-05,-1.5539,0.11599,7.549e-07,0.073942,0,87.4827,0.16086,0.87584,477.4315,1369.1631
57.4299,11570.2482,39.7435,239.9969,9.1909,-0.0024564,0.052377,3.8179,89.9953,-0.026719,4.4323,5.6521,-4.4805,-28.3452,1.7637e-05,-1.5539,0.11599,7.549e-07,0.073942,0,87.4827,0.16086,0.87316,477.4315,1369.1631
57.4331,11570.5794,39.7437,239.9971,9.1909,-0.0025147,0.084192,3.0849,89.9951,0.029375,4.4323,5.7121,-6.857,-27.6163,0.00011463,-1.5248,0.11905,7.5422e-07,0.073953,0,87.6269,0.16082,0.8554,477.4303,1369.1453
57.4379,11570.5794,39.7437,239.9971,9.1909,-0.0025147,0.084192,3.0849,89.9951,0.029375,4.4323,5.7121,-6.857,-27.6163,0.00011463,-1.5248,0.11905,7.5422e-07,0.073953,0,87.6269,0.16081,0.85821,477.4303,1369.1453
57.4379,11570.5794,39.7437,239.9971,9.1909,-0.0025147,0.084192,3.0849,89.9951,0.029375,4.4323,5.7121,-6.857,-27.6163,0.00011463,-1.5248,0.11905,7.5422e-07,0.073953,0,87.6269,0.16081,0.85821,477.4303,1369.1453
57.4414,11570.9106,39.7439,239.9975,9.1909,-0.002582,0.1099,2.3661,89.9953,0.086952,4.4323,5.7668,-6.4072,-27.7038,0.00018632,-1.4949,0.11569,7.5354e-07,0.073964,0,87.7712,0.16078,0.83015,477.4292,1369.1275
57.445,11570.9106,39.7439,239.9975,9.1909,-0.002582,0.1099,2.3661,89.9953,0.086952,4.4323,5.7668,-6.4072,-27.7038,0.00018632,-1.4949,0.11569,7.5354e-07,0.073964,0,87.7712,0.16077,0.83991,477.4292,1369.1275
57.4498,11571.2418,39.7442,239.9981,9.1909,-0.0026475,0.12962,1.6613,89.996,0.1429,4.4323,5.8061,-6.3507,-27.7901,0.00023027,-1.4633,0.099935,7.5285e-07,0.073975,0,87.9155,0.16076,0.80446,477.428,1369.1097
57.4581,11571.573,39.7446,239.999,9.1909,-0.0026911,0.14346,0.97036,89.9972,0.19124,4.4323,5.8153,-7.0503,-27.8779,0.00024574,-1.4308,0.076568,7.5216e-07,0.073986,0,88.0599,0.16077,0.77839,477.4268,1369.0919
57.4664,11571.9042,39.745,240,9.1909,-0.0026972,0.15155,0.29314,89.9988,0.22827,4.4323,5.8064,-8.2166,-27.9646,0.00019012,-1.3983,0.049759,7.5145e-07,0.073997,0,87.7134,0.16082,0.75199,477.4256,1369.0741
57.4748,11572.2354,39.7451,240,9.1909,-0.0026798,0.15399,-0.37064,90.0007,0.25233,4.4323,5.5922,-9.5964,-28.0452,9.4468e-05,-1.3662,0.021741,7.5072e-07,0.074008,0,87.3671,0.16084,0.81373,477.4244,1369.0564
57.4831,11572.5666,39.7451,239.9994,9.1908,-0.0026487,0.1509,-1.0212,90.0028,0.26285,4.4323,5.3778,-11.054,-28.1201,-3.052e-05,-1.3348,-0.0056129,7.4999e-07,0.074019,0,87.021,0.16083,0.88368,477.4233,1369.0386
57.4914,11572.8978,39.7448,239.9982,9.1908,-0.002618,0.14239,-1.659,90.005,0.26014,4.4323,5.1675,-12.4758,-28.1889,-8.9101e-05,-1.3045,-0.030922,7.4924e-07,0.074029,0,86.9611,0.16079,0.95674,477.4221,1369.0208
57.4998,11573.229,39.7447,239.9976,9.1908,-0.0025655,0.12857,-2.2843,90.0072,0.24518,4.4323,5.1534,-13.7779,-28.2563,-0.0001152,-1.2754,-0.053334,7.4848e-07,0.07404,0,87.1052,0.1608,0.94589,477.4209,1369.003
57.5081,11573.5602,39.7447,239.9972,9.1908,-0.0024914,0.10953,-2.8973,90.0092,0.21939,4.4323,5.1466,-14.9087,-28.3199,-0.00010607,-1.2475,-0.072387,7.477e-07,0.074051,0,87.2493,0.16085,0.92681,477.4197,1368.9852
57.5098,11573.5602,39.7447,239.9972,9.1908,-0.0024914,0.10953,-2.8973,90.0092,0.21939,4.4323,5.1466,-14.9087,-28.3199,-0.00010607,-1.2475,-0.072387,7.477e-07,0.074051,0,87.2493,0.16085,0.91708,477.4197,1368.9852
57.5098,11573.5602,39.7447,239.9972,9.1908,-0.0024914,0.10953,-2.8973,90.0092,0.21939,4.4323,5.1466,-14.9087,-28.3199,-0.00010607,-1.2475,-0.072387,7.477e-07,0.074051,0,87.2493,0.16085,0.91708,477.4197,1368.9852
57.5164,11573.8914,39.7447,239.997,9.1908,-0.0023992,0.085387,-3.4986,90.0111,0.18438,4.4323,5.148,-15.8399,-28.3794,-0.00010613,-1.2208,-0.087927,7.4692e-07,0.074062,0,87.3935,0.16093,0.904,477.4185,1368.9675
57.5206,11573.8914,39.7447,239.997,9.1908,-0.0023992,0.085387,-3.4986,90.0111,0.18438,4.4323,5.148,-15.8399,-28.3794,-0.00010613,-1.2208,-0.087927,7.4692e-07,0.074062,0,87.3935,0.16092,0.88995,477.4185,1368.9675
57.5206,11573.8914,39.7447,239.997,9.1908,-0.0023992,0.085387,-3.4986,90.0111,0.18438,4.4323,5.148,-15.8399,-28.3794,-0.00010613,-1.2208,-0.087927,7.4692e-07,0.074062,0,87.3935,0.16092,0.88995,477.4185,1368.9675
57.5248,11574.2226,39.7448,239.997,9.1908,-0.0023161,0.056232,-4.0883,90.0126,0.14186,4.4323,5.1582,-16.562,-28.4325,-9.0183e-05,-0.79205,-0.10003,7.4613e-07,0.074073,0,87.5378,0.16101,0.87952,477.4174,1368.9497
57.5289,11574.2226,39.7448,239.997,9.1908,-0.0023161,0.056232,-4.0883,90.0126,0.14186,4.4323,5.1582,-16.562,-28.4325,-9.0183e-05,-0.79205,-0.10003,7.4613e-07,0.074073,0,87.5378,0.161,0.87387,477.4174,1368.9497
57.5293,11574.2226,39.7448,239.997,9.1908,-0.0023161,0.056232,-4.0883,90.0126,0.14186,4.4323,5.1582,-16.562,-28.4325,-9.0183e-05,-0.79205,-0.10003,7.4613e-07,0.074073,0,87.5378,0.161,0.87342,477.4174,1368.9497
57.5293,11574.2226,39.7448,239.997,9.1908,-0.0023161,0.056232,-4.0883,90.0126,0.14186,4.4323,5.1582,-16.562,-28.4325,-9.0183e-05,-0.79205,-0.10003,7.4613e-07,0.074073,0,87.5378,0.161,0.87342,477.4174,1368.9497
57.5331,11574.5538,39.745,239.9972,9.1908,-0.0022574,0.022163,-4.4742,90.0138,0.093488,4.4323,5.1754,-13.4205,-29.4937,-6.0477e-05,0.83975,-0.10891,7.4532e-07,0.074084,0,87.682,0.16109,0.85482,477.4162,1368.9319
57.5369,11574.5538,39.745,239.9972,9.1908,-0.0022574,0.022163,-4.4742,90.0138,0.093488,4.4323,5.1754,-13.4205,-29.4937,-6.0477e-05,0.83975,-0.10891,7.4532e-07,0.074084,0,87.682,0.16108,0.85732,477.4162,1368.9319
57.5414,11574.885,39.7453,239.9977,9.1908,-0.00224,-0.015121,-4.0816,90.0146,0.040818,4.4323,5.2003,0.83419,-33.5802,-6.4987e-06,1.5642,-0.11494,7.4452e-07,0.074095,0,87.8263,0.16113,0.8297,477.415,1368.9141
57.5498,11575.2162,39.7456,239.9983,9.1908,-0.0022662,-0.049135,-3.3437,90.0149,-0.014771,4.4323,5.2324,7.0313,-35.4064,4.0537e-05,1.5351,-0.1185,7.4371e-07,0.074106,0,87.9706,0.16115,0.80426,477.4138,1368.8963
57.5532,11575.2162,39.7456,239.9983,9.1908,-0.0022662,-0.049135,-3.3437,90.0149,-0.014771,4.4323,5.2324,7.0313,-35.4064,4.0537e-05,1.5351,-0.1185,7.4371e-07,0.074106,0,87.9706,0.16114,0.82104,477.4138,1368.8963
57.5532,11575.2162,39.7456,239.9983,9.1908,-0.0022662,-0.049135,-3.3437,90.0149,-0.014771,4.4323,5.2324,7.0313,-35.4064,4.0537e-05,1.5351,-0.1185,7.4371e-07,0.074106,0,87.9706,0.16114,0.82104,477.4138,1368.8963
57.5581,11575.5474,39.746,239.9991,9.1908,-0.00233,-0.076999,-2.6199,90.0148,-0.072083,4.4323,5.2712,6.5438,-35.3463,7.5962e-05,1.5056,-0.11778,7.4291e-07,0.074117,0,88.079,0.16114,0.77851,477.4126,1368.8786
57.563,11575.5474,39.746,239.9991,9.1908,-0.00233,-0.076999,-2.6199,90.0148,-0.072083,4.4323,5.2712,6.5438,-35.3463,7.5962e-05,1.5056,-0.11778,7.4291e-07,0.074117,0,88.079,0.16113,0.81091,477.4126,1368.8786
57.5664,11575.8787,39.7464,240.0001,9.1908,-0.0024178,-0.098831,-1.9101,90.0142,-0.12905,4.4323,5.3213,6.3206,-35.2829,5.704e-05,1.4744,-0.10563,7.4211e-07,0.074127,0,87.7325,0.16112,0.75239,477.4115,1368.8608
57.5748,11576.2099,39.7465,240.0001,9.1907,-0.002527,-0.11475,-1.2143,90.0131,-0.18013,4.4323,5.2034,6.7973,-35.2106,1.3168e-05,1.442,-0.083879,7.4132e-07,0.074138,0,87.3862,0.16101,0.81435,477.4103,1368.843
57.5831,11576.5411,39.7465,239.9995,9.1907,-0.0026394,-0.12487,-0.53231,90.0116,-0.2207,4.4323,5.1122,7.8619,-35.132,-4.8347e-05,1.4094,-0.057789,7.4054e-07,0.074149,0,87.0402,0.16086,0.88448,477.4091,1368.8252
57.5914,11576.8723,39.7462,239.9983,9.1907,-0.0027416,-0.1293,0.13616,90.0098,-0.24865,4.4323,5.0344,9.1961,-35.0499,-4.085e-05,1.3771,-0.029911,7.3976e-07,0.07416,0,87.0048,0.16069,0.95766,477.4079,1368.8074
57.5998,11577.2035,39.7461,239.9977,9.1907,-0.0027882,-0.12817,0.79134,90.0077,-0.26312,4.4323,5.1524,10.6445,-34.9704,-1.0286e-05,1.3455,-0.0021838,7.39e-07,0.074171,0,87.1489,0.1606,0.94689,477.4067,1368.7897
57.6081,11577.5348,39.7461,239.9973,9.1907,-0.0027654,-0.12157,1.4336,90.0055,-0.26418,4.4323,5.2704,12.0897,-34.8917,3.5261e-05,1.3148,0.023842,7.3825e-07,0.074182,0,87.2931,0.1606,0.92785,477.4056,1368.7719
57.6164,11577.866,39.7461,239.9971,9.1907,-0.0026724,-0.10963,2.0632,90.0033,-0.25265,4.4323,5.3843,13.4373,-34.8136,4.2762e-05,1.2853,0.047175,7.3751e-07,0.074193,0,87.4372,0.16068,0.90506,477.4044,1368.7541
57.6248,11578.1972,39.7462,239.9971,9.1907,-0.0025408,-0.092435,2.6805,90.0012,-0.22983,4.4323,5.4921,14.6269,-34.7334,2.44e-05,1.257,0.067248,7.3678e-07,0.074204,0,87.5815,0.1608,0.88055,477.4032,1368.7363
57.6331,11578.5284,39.7464,239.9973,9.1907,-0.0024014,-0.070097,3.2859,89.9993,-0.19731,4.4323,5.5921,15.6241,-34.6521,-1.5676e-05,1.23,0.083822,7.3605e-07,0.074215,0,87.7257,0.16096,0.85517,477.402,1368.7185
57.634,11578.5284,39.7464,239.9973,9.1907,-0.0024014,-0.070097,3.2859,89.9993,-0.19731,4.4323,5.5921,15.6241,-34.6521,-1.5676e-05,1.23,0.083822,7.3605e-07,0.074215,0,87.7257,0.16095,0.85584,477.402,1368.7185
57.634,11578.5284,39.7464,239.9973,9.1907,-0.0024014,-0.070097,3.2859,89.9993,-0.19731,4.4323,5.5921,15.6241,-34.6521,-1.5676e-05,1.23,0.083822,7.3605e-07,0.074215,0,87.7257,0.16095,0.85584,477.402,1368.7185
57.6414,11578.8596,39.7466,239.9977,9.1907,-0.002286,-0.042715,3.8796,89.9976,-0.15677,4.4323,5.6835,16.4141,-34.5698,-5.0646e-05,1.116,0.096915,7.3534e-07,0.074225,0,87.87,0.1611,0.82932,477.4008,1368.7008
57.6433,11578.8596,39.7466,239.9977,9.1907,-0.002286,-0.042715,3.8796,89.9976,-0.15677,4.4323,5.6835,16.4141,-34.5698,-5.0646e-05,1.116,0.096915,7.3534e-07,0.074225,0,87.87,0.16109,0.83499,477.4008,1368.7008
57.6433,11578.8596,39.7466,239.9977,9.1907,-0.002286,-0.042715,3.8796,89.9976,-0.15677,4.4323,5.6835,16.4141,-34.5698,-5.0646e-05,1.116,0.096915,7.3534e-07,0.074225,0,87.87,0.16109,0.83499,477.4008,1368.7008
57.6498,11579.1908,39.747,239.9984,9.1907,-0.0022145,-0.010385,4.42,89.9963,-0.10991,4.4323,5.7649,16.1979,-34.2687,-6.8176e-05,-0.33196,0.10672,7.3463e-07,0.074236,0,88.0143,0.16121,0.80365,477.3997,1368.683
57.6562,11579.1908,39.747,239.9984,9.1907,-0.0022145,-0.010385,4.42,89.9963,-0.10991,4.4323,5.7649,16.1979,-34.2687,-6.8176e-05,-0.33196,0.10672,7.3463e-07,0.074236,0,88.0143,0.16119,0.83155,477.3997,1368.683
57.6581,11579.5221,39.7473,239.9992,9.1906,-0.0022008,0.026449,4.2697,89.9954,-0.058292,4.4323,5.8375,3.6653,-30.6477,-4.6574e-05,-1.5716,0.11356,7.3392e-07,0.074247,0,88.0522,0.16128,0.77794,477.3985,1368.6652
57.6664,11579.8533,39.7478,240.0002,9.1906,-0.002246,0.06203,3.5282,89.9949,-0.0033748,4.4323,5.9023,-7.1655,-27.5625,-5.4105e-05,-1.5424,0.11779,7.3321e-07,0.074258,0,87.7058,0.1613,0.75202,477.3973,1368.6474
57.6687,11579.8533,39.7478,240.0002,9.1906,-0.002246,0.06203,3.5282,89.9949,-0.0033748,4.4323,5.9023,-7.1655,-27.5625,-5.4105e-05,-1.5424,0.11779,7.3321e-07,0.074258,0,87.7058,0.1613,0.77386,477.3973,1368.6474
57.6687,11579.8533,39.7478,240.0002,9.1906,-0.002246,0.06203,3.5282,89.9949,-0.0033748,4.4323,5.9023,-7.1655,-27.5625,-5.4105e-05,-1.5424,0.11779,7.3321e-07,0.074258,0,87.7058,0.1613,0.77386,477.3973,1368.6474
57.6748,11580.1845,39.7479,240.0002,9.1906,-0.0023599,0.091431,2.8008,89.9949,0.053591,4.4323,5.7638,-6.6433,-27.6454,-7.4438e-05,-1.5132,0.11936,7.325e-07,0.074269,0,87.3595,0.16119,0.81427,477.3961,1368.6296
57.6809,11580.1845,39.7479,240.0002,9.1906,-0.0023599,0.091431,2.8008,89.9949,0.053591,4.4323,5.7638,-6.6433,-27.6454,-7.4438e-05,-1.5132,0.11936,7.325e-07,0.074269,0,87.3595,0.16118,0.83578,477.3961,1368.6296
57.6818,11580.1845,39.7479,240.0002,9.1906,-0.0023599,0.091431,2.8008,89.9949,0.053591,4.4323,5.7638,-6.6433,-27.6454,-7.4438e-05,-1.5132,0.11936,7.325e-07,0.074269,0,87.3595,0.16117,0.83795,477.3961,1368.6296
57.6818,11580.1845,39.7479,240.0002,9.1906,-0.0023599,0.091431,2.8008,89.9949,0.053591,4.4323,5.7638,-6.6433,-27.6454,-7.4438e-05,-1.5132,0.11936,7.325e-07,0.074269,0,87.3595,0.16117,0.83795,477.3961,1368.6296
57.6831,11580.5158,39.7478,239.9996,9.1906,-0.0025311,0.11477,2.0875,89.9953,0.11131,4.4323,5.621,-6.2853,-27.7255,-9.8242e-05,-1.4826,0.11115,7.3178e-07,0.07428,0,87.0135,0.16098,0.88465,477.3949,1368.6119
57.6844,11580.5158,39.7478,239.9996,9.1906,-0.0025311,0.11477,2.0875,89.9953,0.11131,4.4323,5.621,-6.2853,-27.7255,-9.8242e-05,-1.4826,0.11115,7.3178e-07,0.07428,0,87.0135,0.16098,0.88177,477.3949,1368.6119
57.6871,11580.5158,39.7478,239.9996,9.1906,-0.0025311,0.11477,2.0875,89.9953,0.11131,4.4323,5.621,-6.2853,-27.7255,-9.8242e-05,-1.4826,0.11115,7.3178e-07,0.07428,0,87.0135,0.16098,0.87706,477.3949,1368.6119
57.6914,11580.847,39.7476,239.9984,9.1906,-0.0027338,0.13217,1.3882,89.9963,0.16507,4.4323,5.4562,-6.5242,-27.8072,-4.1508e-05,-1.4504,0.091246,7.3105e-07,0.074291,0,86.999,0.16071,0.95804,477.3938,1368.5941
57.6998,11581.1782,39.7475,239.9978,9.1906,-0.0028958,0.14373,0.70273,89.9976,0.2092,4.4323,5.4535,-7.4774,-27.8962,4.7153e-05,-1.4178,0.065989,7.3031e-07,0.074302,0,87.1431,0.16051,0.94748,477.3926,1368.5763
57.7081,11581.5094,39.7475,239.9974,9.1906,-0.0029767,0.14959,0.030873,89.9994,0.24112,4.4323,5.4379,-8.7601,-27.9862,0.00015204,-1.3854,0.038338,7.2957e-07,0.074313,0,87.2872,0.1604,0.92861,477.3914,1368.5585
57.7164,11581.8407,39.7475,239.9972,9.1906,-0.002953,0.14985,-0.62764,90.0014,0.25966,4.4323,5.4167,-10.1927,-28.0747,0.00020795,-1.3535,0.010304,7.288e-07,0.074323,0,87.4314,0.16041,0.90593,477.3902,1368.5408
57.7248,11582.1719,39.7476,239.9972,9.1906,-0.0028427,0.14462,-1.2731,90.0036,0.26465,4.4323,5.3955,-11.6531,-28.1567,0.0002165,-1.3226,-0.016404,7.2803e-07,0.074334,0,87.5756,0.16052,0.88147,477.389,1368.523
57.7331,11582.5031,39.7478,239.9974,9.1905,-0.0026727,0.13401,-1.9059,90.0058,0.25671,4.4323,5.3783,-13.0376,-28.2313,0.00017414,-1.2928,-0.040642,7.2724e-07,0.074345,0,87.7199,0.16069,0.85614,477.3879,1368.5052
57.7414,11582.8344,39.748,239.9978,9.1905,-0.0024793,0.11813,-2.5263,90.0079,0.23706,4.4323,5.3679,-14.2766,-28.2976,9.6009e-05,-1.2642,-0.061735,7.2644e-07,0.074356,0,87.8641,0.16091,0.83032,477.3867,1368.4874
57.7498,11583.1656,39.7483,239.9984,9.1905,-0.0022975,0.097074,-3.1346,90.0099,0.2072,4.4323,5.3659,-15.3292,-28.3561,1.4511e-07,-1.2368,-0.07936,7.2563e-07,0.074367,0,88.0084,0.16113,0.80417,477.3855,1368.4696
57.7561,11583.1656,39.7483,239.9984,9.1905,-0.0022975,0.097074,-3.1346,90.0099,0.2072,4.4323,5.3659,-15.3292,-28.3561,1.4511e-07,-1.2368,-0.07936,7.2563e-07,0.074367,0,88.0084,0.16112,0.83152,477.3855,1368.4696
57.7561,11583.1656,39.7483,239.9984,9.1905,-0.0022975,0.097074,-3.1346,90.0099,0.2072,4.4323,5.3659,-15.3292,-28.3561,1.4511e-07,-1.2368,-0.07936,7.2563e-07,0.074367,0,88.0084,0.16112,0.83152,477.3855,1368.4696
57.7581,11583.4968,39.7487,239.9993,9.1905,-0.0021573,0.070953,-3.7313,90.0116,0.16883,4.4323,5.3727,-16.1755,-28.4076,-8.7004e-05,-1.1868,-0.093466,7.2481e-07,0.074378,0,88.1221,0.16132,0.7778,477.3843,1368.4519
57.7601,11583.4968,39.7487,239.9993,9.1905,-0.0021573,0.070953,-3.7313,90.0116,0.16883,4.4323,5.3727,-16.1755,-28.4076,-8.7004e-05,-1.1868,-0.093466,7.2481e-07,0.074378,0,88.1221,0.16132,0.79283,477.3843,1368.4519
57.764,11583.4968,39.7487,239.9993,9.1905,-0.0021573,0.070953,-3.7313,90.0116,0.16883,4.4323,5.3727,-16.1755,-28.4076,-8.7004e-05,-1.1868,-0.093466,7.2481e-07,0.074378,0,88.1221,0.16131,0.81532,477.3843,1368.4519
57.7664,11583.8281,39.7491,240.0003,9.1905,-0.0020773,0.039859,-4.3051,90.013,0.12362,4.4323,5.3875,-16.5962,-28.5135,-0.00018806,-0.14348,-0.10421,7.2398e-07,0.074389,0,87.7756,0.16147,0.75149,477.3831,1368.4341
57.7748,11584.1593,39.7492,240.0003,9.1905,-0.0020872,0.0039832,-4.3817,90.014,0.073227,4.4323,5.2122,-7.7952,-31.1109,-0.00025118,1.4895,-0.11186,7.2315e-07,0.0744,0,87.4294,0.16147,0.81372,477.382,1368.4163
57.7831,11584.4906,39.7492,239.9997,9.1905,-0.0021914,-0.032531,-3.6791,90.0146,0.019131,4.4323,5.0462,6.546,-35.2015,-0.00028048,1.5483,-0.11681,7.2231e-07,0.074411,0,87.0834,0.16133,0.88427,477.3808,1368.3985
57.7841,11584.4906,39.7492,239.9997,9.1905,-0.0021914,-0.032531,-3.6791,90.0146,0.019131,4.4323,5.0462,6.546,-35.2015,-0.00028048,1.5483,-0.11681,7.2231e-07,0.074411,0,87.0834,0.16133,0.88217,477.3808,1368.3985
57.7841,11584.4906,39.7492,239.9997,9.1905,-0.0021914,-0.032531,-3.6791,90.0146,0.019131,4.4323,5.0462,6.546,-35.2015,-0.00028048,1.5483,-0.11681,7.2231e-07,0.074411,0,87.0834,0.16133,0.88217,477.3808,1368.3985
57.7914,11584.8218,39.7489,239.9985,9.1905,-0.0023767,-0.06319,-2.9489,90.0148,-0.037361,4.4323,4.8889,6.7696,-35.3572,-0.00021492,1.5192,-0.11933,7.2147e-07,0.074421,0,86.9607,0.16107,0.95792,477.3796,1368.3808
57.7967,11584.8218,39.7489,239.9985,9.1905,-0.0023767,-0.06319,-2.9489,90.0148,-0.037361,4.4323,4.8889,6.7696,-35.3572,-0.00021492,1.5192,-0.11933,7.2147e-07,0.074421,0,86.9607,0.16106,0.91858,477.3796,1368.3808
57.7967,11584.8218,39.7489,239.9985,9.1905,-0.0023767,-0.06319,-2.9489,90.0148,-0.037361,4.4323,4.8889,6.7696,-35.3572,-0.00021492,1.5192,-0.11933,7.2147e-07,0.074421,0,86.9607,0.16106,0.91858,477.3796,1368.3808
57.7998,11585.153,39.7489,239.9978,9.1905,-0.0025824,-0.087764,-2.2327,90.0145,-0.095073,4.4323,4.9287,6.3476,-35.2967,-0.00010021,1.4891,-0.11431,7.2064e-07,0.074432,0,87.1047,0.16083,0.94762,477.3784,1368.363
57.8028,11585.153,39.7489,239.9978,9.1905,-0.0025824,-0.087764,-2.2327,90.0145,-0.095073,4.4323,4.9287,6.3476,-35.2967,-0.00010021,1.4891,-0.11431,7.2064e-07,0.074432,0,87.1047,0.16082,0.92534,477.3784,1368.363
57.8081,11585.4843,39.7488,239.9974,9.1905,-0.0027621,-0.10637,-1.5306,90.0137,-0.15036,4.4323,4.9876,6.3882,-35.2351,4.5999e-05,1.4572,-0.096425,7.1981e-07,0.074443,0,87.2489,0.16063,0.92902,477.3772,1368.3452
57.8164,11585.8155,39.7489,239.9972,9.1905,-0.0028689,-0.11912,-0.84225,90.0125,-0.19699,4.4323,5.0791,7.2157,-35.169,0.00015691,1.4246,-0.072085,7.19e-07,0.074454,0,87.393,0.16051,0.90658,477.3761,1368.3274
57.8248,11586.1468,39.749,239.9972,9.1904,-0.0028936,-0.12614,-0.16762,90.0108,-0.23186,4.4323,5.1876,8.4409,-35.0977,0.00022891,1.3921,-0.044829,7.1819e-07,0.074465,0,87.5372,0.16048,0.88232,477.3749,1368.3097
57.8331,11586.478,39.7491,239.9974,9.1904,-0.0028375,-0.12754,0.49361,90.0089,-0.25354,4.4323,5.3043,9.8491,-35.0226,0.00024732,1.3602,-0.016729,7.1739e-07,0.074476,0,87.6815,0.16055,0.8571,477.3737,1368.2919
57.8414,11586.8092,39.7494,239.9978,9.1904,-0.0027186,-0.12343,1.1417,90.0068,-0.26163,4.4323,5.424,11.3143,-34.9435,0.00021609,1.329,0.010394,7.166e-07,0.074487,0,87.8257,0.16069,0.83134,477.3725,1368.2741
57.8498,11587.1405,39.7497,239.9984,9.1904,-0.0025627,-0.11391,1.7771,90.0046,-0.25661,4.4323,5.5421,12.726,-34.8613,0.00014389,1.2989,0.035266,7.1582e-07,0.074498,0,87.97,0.16088,0.80523,477.3713,1368.2563
57.8581,11587.4717,39.75,239.9993,9.1904,-0.0023994,-0.099103,2.4,90.0024,-0.23955,4.4323,5.6552,14.0067,-34.7769,4.6237e-05,1.27,0.05712,7.1505e-07,0.074509,0,88.1143,0.16109,0.77885,477.3702,1368.2385
57.8664,11587.803,39.7505,240.0003,9.1904,-0.0022571,-0.079103,3.0108,90.0005,-0.21193,4.4323,5.7611,15.1096,-34.6912,-0.00010182,1.2424,0.075554,7.1429e-07,0.074519,0,87.7679,0.1613,0.75224,477.369,1368.2208
57.8711,11587.803,39.7505,240.0003,9.1904,-0.0022571,-0.079103,3.0108,90.0005,-0.21193,4.4323,5.7611,15.1096,-34.6912,-0.00010182,1.2424,0.075554,7.1429e-07,0.074519,0,87.7679,0.16129,0.79287,477.369,1368.2208
57.8711,11587.803,39.7505,240.0003,9.1904,-0.0022571,-0.079103,3.0108,90.0005,-0.21193,4.4323,5.7611,15.1096,-34.6912,-0.00010182,1.2424,0.075554,7.1429e-07,0.074519,0,87.7679,0.16129,0.79287,477.369,1368.2208
57.8748,11588.1342,39.7506,240.0003,9.1904,-0.0021801,-0.054013,3.6099,89.9987,-0.17539,4.4323,5.6614,16.0103,-34.6026,-0.00024579,1.216,0.090463,7.1354e-07,0.07453,0,87.4217,0.16138,0.81381,477.3678,1368.203
57.8784,11588.1342,39.7506,240.0003,9.1904,-0.0021801,-0.054013,3.6099,89.9987,-0.17539,4.4323,5.6614,16.0103,-34.6026,-0.00024579,1.216,0.090463,7.1354e-07,0.07453,0,87.4217,0.16137,0.82844,477.3678,1368.203
57.8819,11588.1342,39.7506,240.0003,9.1904,-0.0021801,-0.054013,3.6099,89.9987,-0.17539,4.4323,5.6614,16.0103,-34.6026,-0.00024579,1.216,0.090463,7.1354e-07,0.07453,0,87.4217,0.16136,0.8381,477.3678,1368.203
57.8819,11588.1342,39.7506,240.0003,9.1904,-0.0021801,-0.054013,3.6099,89.9987,-0.17539,4.4323,5.6614,16.0103,-34.6026,-0.00024579,1.216,0.090463,7.1354e-07,0.07453,0,87.4217,0.16136,0.8381,477.3678,1368.203
57.8831,11588.4655,39.7505,239.9997,9.1904,-0.0021885,-0.02393,4.1974,89.9972,-0.13164,4.4323,5.5542,16.7018,-34.5142,-0.0003548,0.44249,0.10196,7.1279e-07,0.074541,0,87.0757,0.16134,0.88377,477.3666,1368.1852
57.8843,11588.4655,39.7505,239.9997,9.1904,-0.0021885,-0.02393,4.1974,89.9972,-0.13164,4.4323,5.5542,16.7018,-34.5142,-0.0003548,0.44249,0.10196,7.1279e-07,0.074541,0,87.0757,0.16134,0.88131,477.3666,1368.1852
57.8866,11588.4655,39.7505,239.9997,9.1904,-0.0021885,-0.02393,4.1974,89.9972,-0.13164,4.4323,5.5542,16.7018,-34.5142,-0.0003548,0.44249,0.10196,7.1279e-07,0.074541,0,87.0757,0.16133,0.87718,477.3666,1368.1852
57.8899,11588.4655,39.7505,239.9997,9.1904,-0.0021885,-0.02393,4.1974,89.9972,-0.13164,4.4323,5.5542,16.7018,-34.5142,-0.0003548,0.44249,0.10196,7.1279e-07,0.074541,0,87.0757,0.16132,0.8729,477.3666,1368.1852
57.8899,11588.4655,39.7505,239.9997,9.1904,-0.0021885,-0.02393,4.1974,89.9972,-0.13164,4.4323,5.5542,16.7018,-34.5142,-0.0003548,0.44249,0.10196,7.1279e-07,0.074541,0,87.0757,0.16132,0.8729,477.3666,1368.1852
57.8914,11588.7967,39.7502,239.9985,9.1904,-0.002288,0.011048,4.4166,89.9961,-0.082334,4.4323,5.4388,10.3984,-32.5658,-0.00032534,-1.1902,0.11027,7.1205e-07,0.074552,0,86.9664,0.16117,0.95737,477.3654,1368.1674
57.893,11588.7967,39.7502,239.9985,9.1904,-0.002288,0.011048,4.4166,89.9961,-0.082334,4.4323,5.4388,10.3984,-32.5658,-0.00032534,-1.1902,0.11027,7.1205e-07,0.074552,0,86.9664,0.16116,0.94358,477.3654,1368.1674
57.8961,11588.7967,39.7502,239.9985,9.1904,-0.002288,0.011048,4.4166,89.9961,-0.082334,4.4323,5.4388,10.3984,-32.5658,-0.00032534,-1.1902,0.11027,7.1205e-07,0.074552,0,86.9664,0.16116,0.9217,477.3654,1368.1674
57.8998,11589.128,39.7502,239.9979,9.1904,-0.0024351,0.047853,3.8568,89.9954,-0.029007,4.4323,5.5055,-3.9066,-28.4942,-0.00020744,-1.5552,0.11582,7.1131e-07,0.074563,0,87.1105,0.16098,0.9472,477.3643,1368.1497
57.9001,11589.128,39.7502,239.9979,9.1904,-0.0024351,0.047853,3.8568,89.9954,-0.029007,4.4323,5.5055,-3.9066,-28.4942,-0.00020744,-1.5552,0.11582,7.1131e-07,0.074563,0,87.1105,0.16098,0.94414,477.3643,1368.1497
57.9001,11589.128,39.7502,239.9979,9.1904,-0.0024351,0.047853,3.8568,89.9954,-0.029007,4.4323,5.5055,-3.9066,-28.4942,-0.00020744,-1.5552,0.11582,7.1131e-07,0.074563,0,87.1105,0.16098,0.94414,477.3643,1368.1497
57.9081,11589.4592,39.7502,239.9974,9.1904,-0.0025953,0.079993,3.1232,89.9952,0.027008,4.4323,5.565,-6.8793,-27.5995,-4.4929e-05,-1.5261,0.11896,7.1057e-07,0.074574,0,87.2546,0.1608,0.92883,477.3631,1368.1319
57.9127,11589.4592,39.7502,239.9974,9.1904,-0.0025953,0.079993,3.1232,89.9952,0.027008,4.4323,5.565,-6.8793,-27.5995,-4.4929e-05,-1.5261,0.11896,7.1057e-07,0.074574,0,87.2546,0.16079,0.90463,477.3631,1368.1319
57.9127,11589.4592,39.7502,239.9974,9.1904,-0.0025953,0.079993,3.1232,89.9952,0.027008,4.4323,5.565,-6.8793,-27.5995,-4.4929e-05,-1.5261,0.11896,7.1057e-07,0.074574,0,87.2546,0.16079,0.90463,477.3631,1368.1319
57.9164,11589.7905,39.7502,239.9972,9.1903,-0.0027339,0.10602,2.4037,89.9954,0.084542,4.4323,5.6186,-6.4248,-27.6906,9.6091e-05,-1.4963,0.11601,7.0982e-07,0.074585,0,87.3988,0.16065,0.90663,477.3619,1368.1141
57.9202,11589.7905,39.7502,239.9972,9.1903,-0.0027339,0.10602,2.4037,89.9954,0.084542,4.4323,5.6186,-6.4248,-27.6906,9.6091e-05,-1.4963,0.11601,7.0982e-07,0.074585,0,87.3988,0.16064,0.89288,477.3619,1368.1141
57.9248,11590.1217,39.7503,239.9972,9.1903,-0.0028391,0.12605,1.6982,89.9961,0.14065,4.4323,5.6577,-6.3432,-27.7805,0.00021024,-1.4648,0.10083,7.0906e-07,0.074596,0,87.543,0.16054,0.88262,477.3607,1368.0963
57.9331,11590.453,39.7505,239.9974,9.1903,-0.0028908,0.1402,1.0067,89.9973,0.18941,4.4323,5.6671,-7.008,-27.8719,0.00028098,-1.4323,0.077711,7.0829e-07,0.074607,0,87.6872,0.1605,0.85765,477.3595,1368.0786
57.9414,11590.7842,39.7507,239.9978,9.1903,-0.0028803,0.14859,0.3288,89.9989,0.227,4.4323,5.6577,-8.159,-27.9615,0.0003076,-1.3998,0.051015,7.0752e-07,0.074617,0,87.8314,0.16054,0.83208,477.3584,1368.0608
57.9498,11591.1155,39.751,239.9984,9.1903,-0.0028084,0.15133,-0.3356,90.0008,0.25167,4.4323,5.6402,-9.5317,-28.047,0.00028817,-1.3677,0.023023,7.0673e-07,0.074628,0,87.9757,0.16064,0.8061,477.3572,1368.043
57.9581,11591.4468,39.7514,239.9993,9.1903,-0.0026872,0.14853,-0.98684,90.0029,0.26281,4.4323,5.6203,-10.9877,-28.1267,0.00022682,-1.3363,-0.0043869,7.0592e-07,0.074639,0,88.12,0.16081,0.77981,477.356,1368.0253
57.9664,11591.778,39.7518,240.0003,9.1903,-0.0025366,0.14031,-1.6252,90.0051,0.26069,4.4323,5.6027,-12.4129,-28.1999,8.945e-05,-1.306,-0.029807,7.0511e-07,0.07465,0,87.7736,0.16103,0.75324,477.3548,1368.0075
57.9748,11592.1093,39.7519,240.0003,9.1903,-0.0024015,0.12677,-2.2511,90.0072,0.24628,4.4323,5.3935,-13.7218,-28.2633,-7.7994e-05,-1.2768,-0.052363,7.0428e-07,0.074661,0,87.4274,0.16116,0.81478,477.3536,1367.9897
57.9831,11592.4405,39.7518,239.9997,9.1902,-0.002312,0.10801,-2.8648,90.0093,0.22095,4.4323,5.1936,-14.8612,-28.3191,-0.00025031,-1.2489,-0.071575,7.0344e-07,0.074672,0,87.0815,0.16122,0.88459,477.3525,1367.9719
57.9842,11592.4405,39.7518,239.9997,9.1902,-0.002312,0.10801,-2.8648,90.0093,0.22095,4.4323,5.1936,-14.8612,-28.3191,-0.00025031,-1.2489,-0.071575,7.0344e-07,0.074672,0,87.0815,0.16121,0.88225,477.3525,1367.9719
57.9842,11592.4405,39.7518,239.9997,9.1902,-0.002312,0.10801,-2.8648,90.0093,0.22095,4.4323,5.1936,-14.8612,-28.3191,-0.00025031,-1.2489,-0.071575,7.0344e-07,0.074672,0,87.0815,0.16121,0.88225,477.3525,1367.9719
57.9914,11592.7718,39.7515,239.9984,9.1902,-0.0022905,0.084135,-3.4666,90.0111,0.18634,4.4323,5.0042,-15.8019,-28.3685,-0.00032059,-1.2222,-0.087273,7.0258e-07,0.074683,0,87.0349,0.16116,0.95753,477.3513,1367.9542
57.995,11592.7718,39.7515,239.9984,9.1902,-0.0022905,0.084135,-3.4666,90.0111,0.18634,4.4323,5.0042,-15.8019,-28.3685,-0.00032059,-1.2222,-0.087273,7.0258e-07,0.074683,0,87.0349,0.16115,0.92868,477.3513,1367.9542
57.995,11592.7718,39.7515,239.9984,9.1902,-0.0022905,0.084135,-3.4666,90.0111,0.18634,4.4323,5.0042,-15.8019,-28.3685,-0.00032059,-1.2222,-0.087273,7.0258e-07,0.074683,0,87.0349,0.16115,0.92868,477.3513,1367.9542
57.9998,11593.1031,39.7515,239.9978,9.1902,-0.0023106,0.055247,-4.0569,90.0127,0.14413,4.4323,5.0138,-16.5334,-28.4178,-0.00030642,-0.87157,-0.099527,7.0172e-07,0.074694,0,87.1789,0.16111,0.94667,477.3501,1367.9364
58.0039,11593.1031,39.7515,239.9978,9.1902,-0.0023106,0.055247,-4.0569,90.0127,0.14413,4.4323,5.0138,-16.5334,-28.4178,-0.00030642,-0.87157,-0.099527,7.0172e-07,0.074694,0,87.1789,0.1611,0.91832,477.3501,1367.9364
58.0039,11593.1031,39.7515,239.9978,9.1902,-0.0023106,0.055247,-4.0569,90.0127,0.14413,4.4323,5.0138,-16.5334,-28.4178,-0.00030642,-0.87157,-0.099527,7.0172e-07,0.074694,0,87.1789,0.1611,0.91832,477.3501,1367.9364
58.0081,11593.4343,39.7514,239.9974,9.1902,-0.0023552,0.02144,-4.4807,90.0139,0.096,4.4324,5.0299,-14.111,-29.2825,-0.00021218,0.75968,-0.10856,7.0086e-07,0.074705,0,87.323,0.16104,0.92827,477.3489,1367.9186
58.0123,11593.4343,39.7514,239.9974,9.1902,-0.0023552,0.02144,-4.4807,90.0139,0.096,4.4324,5.0299,-14.111,-29.2825,-0.00021218,0.75968,-0.10856,7.0086e-07,0.074705,0,87.323,0.16103,0.90575,477.3489,1367.9186
58.0164,11593.7656,39.7515,239.9972,9.1902,-0.0024091,-0.015899,-4.1264,90.0147,0.043501,4.4324,5.0533,0.12975,-33.3702,-8.8716e-05,1.5658,-0.11471,6.9999e-07,0.074716,0,87.4672,0.16097,0.90622,477.3477,1367.9008
58.0248,11594.0969,39.7516,239.9972,9.1902,-0.0024738,-0.050285,-3.3876,90.015,-0.011973,4.4323,5.0838,7.0605,-35.4044,2.9321e-05,1.5366,-0.11838,6.9911e-07,0.074726,0,87.6114,0.16091,0.88246,477.3466,1367.8831
58.028,11594.0969,39.7516,239.9972,9.1902,-0.0024738,-0.050285,-3.3876,90.015,-0.011973,4.4323,5.0838,7.0605,-35.4044,2.9321e-05,1.5366,-0.11838,6.9911e-07,0.074726,0,87.6114,0.1609,0.87712,477.3466,1367.8831
58.028,11594.0969,39.7516,239.9972,9.1902,-0.0024738,-0.050285,-3.3876,90.015,-0.011973,4.4323,5.0838,7.0605,-35.4044,2.9321e-05,1.5366,-0.11838,6.9911e-07,0.074726,0,87.6114,0.1609,0.87712,477.3466,1367.8831
58.0331,11594.4281,39.7518,239.9974,9.1902,-0.002543,-0.078515,-2.6631,90.0149,-0.069222,4.4323,5.1211,6.5661,-35.3481,0.00012032,1.5072,-0.11817,6.9824e-07,0.074737,0,87.7556,0.16085,0.85776,477.3454,1367.8653
58.0382,11594.4281,39.7518,239.9974,9.1902,-0.002543,-0.078515,-2.6631,90.0149,-0.069222,4.4323,5.1211,6.5661,-35.3481,0.00012032,1.5072,-0.11817,6.9824e-07,0.074737,0,87.7556,0.16084,0.85981,477.3454,1367.8653
58.0414,11594.7594,39.752,239.9978,9.1902,-0.0026112,-0.10071,-1.9526,90.0144,-0.12637,4.4323,5.1688,6.3112,-35.288,0.00018379,1.4761,-0.10671,6.9738e-07,0.074748,0,87.8998,0.16081,0.83249,477.3442,1367.8475
58.0498,11595.0906,39.7523,239.9984,9.1902,-0.0026629,-0.11698,-1.256,90.0133,-0.17799,4.4323,5.2455,6.7453,-35.2207,0.00021589,1.4438,-0.085289,6.9652e-07,0.074759,0,88.0441,0.1608,0.80677,477.343,1367.8297
58.0581,11595.4219,39.7527,239.9992,9.1902,-0.0026825,-0.12745,-0.57325,90.0118,-0.21924,4.4323,5.3479,7.7901,-35.147,0.00021755,1.4112,-0.059347,6.9567e-07,0.07477,0,88.1884,0.16083,0.78068,477.3418,1367.812
58.0664,11595.7532,39.7531,240.0002,9.1902,-0.0026621,-0.13222,0.095947,90.01,-0.24794,4.4323,5.4625,9.1151,-35.0691,0.00014579,1.3789,-0.031501,6.9484e-07,0.074781,0,87.842,0.16092,0.75427,477.3407,1367.7942
58.0748,11596.0845,39.7532,240.0002,9.1901,-0.0026236,-0.13142,0.75188,90.0079,-0.26318,4.4323,5.3856,10.5616,-34.9856,3.4449e-05,1.3472,-0.0037058,6.9401e-07,0.074792,0,87.4959,0.16095,0.81587,477.3395,1367.7764
58.0831,11596.4157,39.7531,239.9996,9.1901,-0.0025826,-0.12516,1.3948,90.0057,-0.26497,4.4323,5.3111,12.0107,-34.8989,-0.00010215,1.3165,0.022456,6.9319e-07,0.074803,0,87.1499,0.16096,0.8857,477.3383,1367.7587
58.0914,11596.747,39.7529,239.9984,9.1901,-0.002557,-0.11353,2.0252,90.0035,-0.25411,4.4323,5.2349,13.3663,-34.8104,-0.00016526,1.2869,0.045961,6.9238e-07,0.074814,0,87.1112,0.16091,0.95864,477.3371,1367.7409
58.0998,11597.0783,39.7528,239.9978,9.1901,-0.002525,-0.096657,2.6432,90.0014,-0.23188,4.4323,5.3429,14.5661,-34.7262,-0.00018665,1.2586,0.066227,6.9159e-07,0.074824,0,87.2553,0.1609,0.94779,477.3359,1367.7231
58.1081,11597.4096,39.7527,239.9974,9.1901,-0.002485,-0.074631,3.2492,89.9995,-0.19986,4.4324,5.4426,15.5747,-34.6446,-0.00016288,1.2315,0.082999,6.908e-07,0.074835,0,87.3994,0.16091,0.92873,477.3348,1367.7053
58.1084,11597.4096,39.7527,239.9974,9.1901,-0.002485,-0.074631,3.2492,89.9995,-0.19986,4.4324,5.4426,15.5747,-34.6446,-0.00016288,1.2315,0.082999,6.908e-07,0.074835,0,87.3994,0.16091,0.92692,477.3348,1367.7053
58.1084,11597.4096,39.7527,239.9974,9.1901,-0.002485,-0.074631,3.2492,89.9995,-0.19986,4.4324,5.4426,15.5747,-34.6446,-0.00016288,1.2315,0.082999,6.908e-07,0.074835,0,87.3994,0.16091,0.92692,477.3348,1367.7053
58.1164,11597.7408,39.7528,239.9971,9.1901,-0.0024366,-0.047554,3.8436,89.9978,-0.15972,4.4324,5.5333,16.3764,-34.5656,-0.00013204,1.1384,0.096282,6.9002e-07,0.074846,0,87.5435,0.16095,0.90595,477.3336,1367.6876
58.1178,11597.7408,39.7528,239.9971,9.1901,-0.0024366,-0.047554,3.8436,89.9978,-0.15972,4.4324,5.5333,16.3764,-34.5656,-0.00013204,1.1384,0.096282,6.9002e-07,0.074846,0,87.5435,0.16095,0.90048,477.3336,1367.6876
58.1178,11597.7408,39.7528,239.9971,9.1901,-0.0024366,-0.047554,3.8436,89.9978,-0.15972,4.4324,5.5333,16.3764,-34.5656,-0.00013204,1.1384,0.096282,6.9002e-07,0.074846,0,87.5435,0.16095,0.90048,477.3336,1367.6876
58.1248,11598.0721,39.7529,239.9971,9.1901,-0.002399,-0.015524,4.3946,89.9965,-0.11315,4.4324,5.6142,16.3612,-34.3201,-8.3583e-05,-0.22931,0.10627,6.8925e-07,0.074857,0,87.6877,0.16099,0.88191,477.3324,1367.6698
58.1317,11598.0721,39.7529,239.9971,9.1901,-0.002399,-0.015524,4.3946,89.9965,-0.11315,4.4324,5.6142,16.3612,-34.3201,-8.3583e-05,-0.22931,0.10627,6.8925e-07,0.074857,0,87.6877,0.16097,0.87243,477.3324,1367.6698
58.1331,11598.4034,39.7531,239.9973,9.1901,-0.0023862,0.021098,4.2933,89.9955,-0.061763,4.4324,5.686,4.5686,-30.9022,-1.1311e-05,-1.5723,0.11326,6.8848e-07,0.074868,0,87.8319,0.16101,0.85727,477.3312,1367.652
58.1399,11598.4034,39.7531,239.9973,9.1901,-0.0023862,0.021098,4.2933,89.9955,-0.061763,4.4324,5.686,4.5686,-30.9022,-1.1311e-05,-1.5723,0.11326,6.8848e-07,0.074868,0,87.8319,0.161,0.86006,477.3312,1367.652
58.1414,11598.7347,39.7533,239.9977,9.1901,-0.0024072,0.056875,3.5514,89.995,-0.0069881,4.4323,5.7502,-7.1899,-27.5613,6.0979e-05,-1.5431,0.11762,6.8771e-07,0.074879,0,87.9761,0.16102,0.83218,477.33,1367.6343
58.1434,11598.7347,39.7533,239.9977,9.1901,-0.0024072,0.056875,3.5514,89.995,-0.0069881,4.4323,5.7502,-7.1899,-27.5613,6.0979e-05,-1.5431,0.11762,6.8771e-07,0.074879,0,87.9761,0.16101,0.83764,477.33,1367.6343
58.1434,11598.7347,39.7533,239.9977,9.1901,-0.0024072,0.056875,3.5514,89.995,-0.0069881,4.4323,5.7502,-7.1899,-27.5613,6.0979e-05,-1.5431,0.11762,6.8771e-07,0.074879,0,87.9761,0.16101,0.83764,477.33,1367.6343
58.1498,11599.0659,39.7536,239.9983,9.1901,-0.0024593,0.08647,2.8237,89.995,0.049898,4.4323,5.8083,-6.6598,-27.6488,0.00011413,-1.514,0.11941,6.8694e-07,0.07489,0,88.1204,0.16101,0.80673,477.3289,1367.6165
58.1561,11599.0659,39.7536,239.9983,9.1901,-0.0024593,0.08647,2.8237,89.995,0.049898,4.4323,5.8083,-6.6598,-27.6488,0.00011413,-1.514,0.11941,6.8694e-07,0.07489,0,88.1204,0.16099,0.83296,477.3289,1367.6165
58.1564,11599.0659,39.7536,239.9983,9.1901,-0.0024593,0.08647,2.8237,89.995,0.049898,4.4323,5.8083,-6.6598,-27.6488,0.00011413,-1.514,0.11941,6.8694e-07,0.07489,0,88.1204,0.16099,0.83375,477.3289,1367.6165
58.1564,11599.0659,39.7536,239.9983,9.1901,-0.0024593,0.08647,2.8237,89.995,0.049898,4.4323,5.8083,-6.6598,-27.6488,0.00011413,-1.514,0.11941,6.8694e-07,0.07489,0,88.1204,0.16099,0.83375,477.3289,1367.6165
58.1581,11599.3972,39.754,239.9992,9.19,-0.0025345,0.11,2.11,89.9954,0.10765,4.4323,5.8606,-6.2884,-27.7334,0.00015151,-1.4836,0.11189,6.8616e-07,0.074901,0,88.2526,0.16098,0.78093,477.3277,1367.5987
58.1598,11599.3972,39.754,239.9992,9.19,-0.0025345,0.11,2.11,89.9954,0.10765,4.4323,5.8606,-6.2884,-27.7334,0.00015151,-1.4836,0.11189,6.8616e-07,0.074901,0,88.2526,0.16098,0.79356,477.3277,1367.5987
58.1632,11599.3972,39.754,239.9992,9.19,-0.0025345,0.11,2.11,89.9954,0.10765,4.4323,5.8606,-6.2884,-27.7334,0.00015151,-1.4836,0.11189,6.8616e-07,0.074901,0,88.2526,0.16097,0.81323,477.3277,1367.5987
58.1664,11599.7285,39.7544,240.0002,9.19,-0.0026138,0.12758,1.4103,89.9963,0.16176,4.4323,5.8903,-6.486,-27.8188,0.00012763,-1.4514,0.092324,6.8537e-07,0.074912,0,87.9063,0.16097,0.75478,477.3265,1367.5809
58.1748,11600.0598,39.7545,240.0002,9.19,-0.0026928,0.13934,0.72447,89.9976,0.20642,4.4323,5.6935,-7.4189,-27.9033,7.3854e-05,-1.4188,0.067222,6.8457e-07,0.074922,0,87.5601,0.16089,0.81658,477.3253,1367.5632
58.1831,11600.3911,39.7544,239.9995,9.19,-0.0027604,0.14537,0.052225,89.9994,0.23893,4.4323,5.4857,-8.6922,-27.9852,-2.6024e-06,-1.3864,0.039631,6.8377e-07,0.074933,0,87.2142,0.16078,0.88654,477.3241,1367.5454
58.1914,11600.7223,39.7541,239.9983,9.19,-0.0028116,0.14581,-0.60667,90.0013,0.2581,4.4323,5.2742,-10.121,-28.0634,-1.5055e-05,-1.3545,0.011572,6.8294e-07,0.074944,0,87.1604,0.16066,0.95956,477.323,1367.5276
58.1998,11601.0536,39.7541,239.9977,9.19,-0.0028099,0.14075,-1.2525,90.0035,0.2637,4.4323,5.2527,-11.5828,-28.1415,-5.9358e-06,-1.3236,-0.015223,6.8211e-07,0.074955,0,87.3045,0.16062,0.94877,477.3218,1367.5099
58.2081,11601.3849,39.754,239.9972,9.19,-0.0027488,0.13032,-1.8856,90.0057,0.25633,4.4323,5.2345,-12.9725,-28.2162,2.0224e-05,-1.2937,-0.039588,6.8127e-07,0.074966,0,87.4486,0.16065,0.92976,477.3206,1367.4921
58.2164,11601.7162,39.7541,239.997,9.19,-0.0026319,0.1146,-2.5064,90.0078,0.23719,4.4324,5.2226,-14.2192,-28.2864,1.3947e-05,-1.265,-0.060832,6.8041e-07,0.074977,0,87.5927,0.16075,0.90701,477.3194,1367.4743
58.2248,11602.0475,39.7541,239.997,9.19,-0.0024924,0.093716,-3.1151,90.0098,0.20777,4.4324,5.2189,-15.2808,-28.3489,-1.0103e-05,-1.2376,-0.078615,6.7954e-07,0.074988,0,87.7368,0.16089,0.88254,477.3182,1367.4566
58.2308,11602.0475,39.7541,239.997,9.19,-0.0024924,0.093716,-3.1151,90.0098,0.20777,4.4324,5.2189,-15.2808,-28.3489,-1.0103e-05,-1.2376,-0.078615,6.7954e-07,0.074988,0,87.7368,0.16088,0.87374,477.3182,1367.4566
58.2308,11602.0475,39.7541,239.997,9.19,-0.0024924,0.093716,-3.1151,90.0098,0.20777,4.4324,5.2189,-15.2808,-28.3489,-1.0103e-05,-1.2376,-0.078615,6.7954e-07,0.074988,0,87.7368,0.16088,0.87374,477.3182,1367.4566
58.2331,11602.3788,39.7543,239.9972,9.1899,-0.0023599,0.067757,-3.712,90.0115,0.16975,4.4324,5.2241,-16.1366,-28.4044,-4.1642e-05,-1.1981,-0.092878,6.7866e-07,0.074999,0,87.881,0.16103,0.85721,477.3171,1367.4388
58.2354,11602.3788,39.7543,239.9972,9.1899,-0.0023599,0.067757,-3.712,90.0115,0.16975,4.4324,5.2241,-16.1366,-28.4044,-4.1642e-05,-1.1981,-0.092878,6.7866e-07,0.074999,0,87.881,0.16103,0.8584,477.3171,1367.4388
58.24,11602.3788,39.7543,239.9972,9.1899,-0.0023599,0.067757,-3.712,90.0115,0.16975,4.4324,5.2241,-16.1366,-28.4044,-4.1642e-05,-1.1981,-0.092878,6.7866e-07,0.074999,0,87.881,0.16102,0.8601,477.3171,1367.4388
58.2414,11602.71,39.7545,239.9976,9.1899,-0.0022608,0.036824,-4.2912,90.0129,0.12484,4.4324,5.2375,-16.6619,-28.4871,-6.0933e-05,-0.19519,-0.10377,6.7778e-07,0.07501,0,88.0253,0.16116,0.8317,477.3159,1367.421
58.2486,11602.71,39.7545,239.9976,9.1899,-0.0022608,0.036824,-4.2912,90.0129,0.12484,4.4324,5.2375,-16.6619,-28.4871,-6.0933e-05,-0.19519,-0.10377,6.7778e-07,0.07501,0,88.0253,0.16114,0.84756,477.3159,1367.421
58.2498,11603.0413,39.7548,239.9983,9.1899,-0.0022121,0.0010636,-4.3925,90.014,0.074654,4.4323,5.2581,-8.2368,-30.9876,-4.9456e-05,1.4373,-0.11154,6.7689e-07,0.07502,0,88.1695,0.16125,0.80629,477.3147,1367.4032
58.2558,11603.0413,39.7548,239.9983,9.1899,-0.0022121,0.0010636,-4.3925,90.014,0.074654,4.4323,5.2581,-8.2368,-30.9876,-4.9456e-05,1.4373,-0.11154,6.7689e-07,0.07502,0,88.1695,0.16123,0.83176,477.3147,1367.4032
58.2581,11603.3726,39.7552,239.9991,9.1899,-0.0022216,-0.03554,-3.7148,90.0146,0.020711,4.4323,5.2863,6.0921,-35.081,-1.6172e-05,1.5495,-0.11661,6.7599e-07,0.075031,0,88.2193,0.16129,0.78066,477.3135,1367.3855
58.259,11603.3726,39.7552,239.9991,9.1899,-0.0022216,-0.03554,-3.7148,90.0146,0.020711,4.4323,5.2863,6.0921,-35.081,-1.6172e-05,1.5495,-0.11661,6.7599e-07,0.075031,0,88.2193,0.16129,0.78731,477.3135,1367.3855
58.259,11603.3726,39.7552,239.9991,9.1899,-0.0022216,-0.03554,-3.7148,90.0146,0.020711,4.4323,5.2863,6.0921,-35.081,-1.6172e-05,1.5495,-0.11661,6.7599e-07,0.075031,0,88.2193,0.16129,0.78731,477.3135,1367.3855
58.2664,11603.7039,39.7556,240.0001,9.1899,-0.0022829,-0.066497,-2.984,90.0148,-0.035686,4.4323,5.3214,6.7929,-35.3745,-3.0039e-05,1.5204,-0.11928,6.751e-07,0.075042,0,87.873,0.1613,0.75477,477.3123,1367.3677
58.2716,11603.7039,39.7556,240.0001,9.1899,-0.0022829,-0.066497,-2.984,90.0148,-0.035686,4.4323,5.3214,6.7929,-35.3745,-3.0039e-05,1.5204,-0.11928,6.751e-07,0.075042,0,87.873,0.16129,0.79775,477.3123,1367.3677
58.2716,11603.7039,39.7556,240.0001,9.1899,-0.0022829,-0.066497,-2.984,90.0148,-0.035686,4.4323,5.3214,6.7929,-35.3745,-3.0039e-05,1.5204,-0.11928,6.751e-07,0.075042,0,87.873,0.16129,0.79775,477.3123,1367.3677
58.2748,11604.0352,39.7558,240.0001,9.1899,-0.0024034,-0.091363,-2.2672,90.0145,-0.093373,4.4323,5.166,6.3623,-35.3099,-5.7122e-05,1.4904,-0.11463,6.7422e-07,0.075053,0,87.5269,0.16118,0.81686,477.3112,1367.3499
58.278,11604.0352,39.7558,240.0001,9.1899,-0.0024034,-0.091363,-2.2672,90.0145,-0.093373,4.4323,5.166,6.3623,-35.3099,-5.7122e-05,1.4904,-0.11463,6.7422e-07,0.075053,0,87.5269,0.16117,0.82907,477.3112,1367.3499
58.2831,11604.3665,39.7557,239.9994,9.1899,-0.0025663,-0.11026,-1.5644,90.0137,-0.14881,4.4323,5.0314,6.3801,-35.2405,-9.2226e-05,1.4586,-0.097238,6.7333e-07,0.075064,0,87.181,0.16098,0.88706,477.31,1367.3322
58.2914,11604.6978,39.7554,239.9982,9.1899,-0.0027437,-0.12329,-0.87553,90.0125,-0.19584,4.4323,4.9312,7.1776,-35.1643,-5.0284e-05,1.426,-0.073124,6.7246e-07,0.075075,0,87.18,0.16073,0.96028,477.3088,1367.3144
58.2998,11605.0291,39.7553,239.9976,9.1899,-0.0028719,-0.13059,-0.20031,90.0108,-0.23121,4.4323,5.0389,8.3888,-35.0892,2.1127e-05,1.3935,-0.045971,6.716e-07,0.075086,0,87.324,0.16056,0.94966,477.3076,1367.2966
58.3081,11605.3604,39.7553,239.9971,9.1899,-0.0029191,-0.13226,0.4615,90.0089,-0.25344,4.4323,5.1546,9.7904,-35.014,0.00010642,1.3615,-0.017892,6.7074e-07,0.075097,0,87.4681,0.16049,0.93076,477.3064,1367.2789
58.3164,11605.6917,39.7553,239.9969,9.1898,-0.0028707,-0.12841,1.1102,90.0068,-0.2621,4.4324,5.2731,11.2541,-34.9386,0.00014491,1.3304,0.0092826,6.699e-07,0.075108,0,87.6122,0.16052,0.90808,477.3053,1367.2611
58.3248,11606.023,39.7554,239.9969,9.1898,-0.0027505,-0.11916,1.7461,90.0046,-0.25761,4.4324,5.3901,12.6687,-34.8601,0.00014193,1.3002,0.034255,6.6907e-07,0.075119,0,87.7564,0.16064,0.88364,477.3041,1367.2433
58.3331,11606.3543,39.7556,239.9971,9.1898,-0.0025883,-0.10461,2.3696,90.0025,-0.24104,4.4324,5.5022,13.9553,-34.7794,9.7231e-05,1.2713,0.056236,6.6825e-07,0.075129,0,87.9005,0.16081,0.85834,477.3029,1367.2256
58.3414,11606.6856,39.7558,239.9975,9.1898,-0.0024201,-0.084864,2.9809,90.0005,-0.21385,4.4324,5.6073,15.0657,-34.6965,2.7784e-05,1.2436,0.074813,6.6744e-07,0.07514,0,88.0447,0.161,0.83255,477.3017,1367.2078
58.3454,11606.6856,39.7558,239.9975,9.1898,-0.0024201,-0.084864,2.9809,90.0005,-0.21385,4.4324,5.6073,15.0657,-34.6965,2.7784e-05,1.2436,0.074813,6.6744e-07,0.07514,0,88.0447,0.16099,0.84255,477.3017,1367.2078
58.3454,11606.6856,39.7558,239.9975,9.1898,-0.0024201,-0.084864,2.9809,90.0005,-0.21385,4.4324,5.6073,15.0657,-34.6965,2.7784e-05,1.2436,0.074813,6.6744e-07,0.07514,0,88.0447,0.16099,0.84255,477.3017,1367.2078
58.3498,11607.0169,39.7561,239.9981,9.1898,-0.0022779,-0.060023,3.5804,89.9987,-0.17767,4.4324,5.7042,15.9748,-34.6124,-4.5485e-05,1.2171,0.089868,6.6664e-07,0.075151,0,88.189,0.16118,0.80645,477.3005,1367.19
58.3541,11607.0169,39.7561,239.9981,9.1898,-0.0022779,-0.060023,3.5804,89.9987,-0.17767,4.4324,5.7042,15.9748,-34.6124,-4.5485e-05,1.2171,0.089868,6.6664e-07,0.075151,0,88.189,0.16117,0.82625,477.3005,1367.19
58.3562,11607.0169,39.7561,239.9981,9.1898,-0.0022779,-0.060023,3.5804,89.9987,-0.17767,4.4324,5.7042,15.9748,-34.6124,-4.5485e-05,1.2171,0.089868,6.6664e-07,0.075151,0,88.189,0.16116,0.83312,477.3005,1367.19
58.3562,11607.0169,39.7561,239.9981,9.1898,-0.0022779,-0.060023,3.5804,89.9987,-0.17767,4.4324,5.7042,15.9748,-34.6124,-4.5485e-05,1.2171,0.089868,6.6664e-07,0.075151,0,88.189,0.16116,0.83312,477.3005,1367.19
58.3581,11607.3482,39.7564,239.9989,9.1898,-0.0021857,-0.030186,4.1685,89.9972,-0.13421,4.4323,5.7919,16.6752,-34.5284,-9.663e-05,0.52621,0.1015,6.6584e-07,0.075162,0,88.2782,0.16132,0.78025,477.2994,1367.1723
58.36,11607.3482,39.7564,239.9989,9.1898,-0.0021857,-0.030186,4.1685,89.9972,-0.13421,4.4323,5.7919,16.6752,-34.5284,-9.663e-05,0.52621,0.1015,6.6584e-07,0.075162,0,88.2782,0.16132,0.79438,477.2994,1367.1723
58.3638,11607.3482,39.7564,239.9989,9.1898,-0.0021857,-0.030186,4.1685,89.9972,-0.13421,4.4323,5.7919,16.6752,-34.5284,-9.663e-05,0.52621,0.1015,6.6584e-07,0.075162,0,88.2782,0.16131,0.81576,477.2994,1367.1723
58.3643,11607.3482,39.7564,239.9989,9.1898,-0.0021857,-0.030186,4.1685,89.9972,-0.13421,4.4323,5.7919,16.6752,-34.5284,-9.663e-05,0.52621,0.1015,6.6584e-07,0.075162,0,88.2782,0.16131,0.81816,477.2994,1367.1723
58.3643,11607.3482,39.7564,239.9989,9.1898,-0.0021857,-0.030186,4.1685,89.9972,-0.13421,4.4323,5.7919,16.6752,-34.5284,-9.663e-05,0.52621,0.1015,6.6584e-07,0.075162,0,88.2782,0.16131,0.81816,477.2994,1367.1723
58.3664,11607.6795,39.7569,240,9.1898,-0.0021553,0.0045516,4.4276,89.9961,-0.085119,4.4323,5.8697,11.1301,-32.7894,-0.00015262,-1.106,0.10994,6.6505e-07,0.075173,0,87.9319,0.16142,0.75434,477.2982,1367.1545
58.3686,11607.6795,39.7569,240,9.1898,-0.0021553,0.0045516,4.4276,89.9961,-0.085119,4.4323,5.8697,11.1301,-32.7894,-0.00015262,-1.106,0.10994,6.6505e-07,0.075173,0,87.9319,0.16142,0.77488,477.2982,1367.1545
58.3728,11607.6795,39.7569,240,9.1898,-0.0021553,0.0045516,4.4276,89.9961,-0.085119,4.4323,5.8697,11.1301,-32.7894,-0.00015262,-1.106,0.10994,6.6505e-07,0.075173,0,87.9319,0.16141,0.80492,477.2982,1367.1545
58.3748,11608.0108,39.757,239.9999,9.1898,-0.002212,0.041448,3.908,89.9954,-0.031949,4.4323,5.742,-3.162,-28.7138,-0.0001803,-1.5571,0.11562,6.6426e-07,0.075184,0,87.5858,0.16137,0.81653,477.297,1367.1367
58.3749,11608.0108,39.757,239.9999,9.1898,-0.002212,0.041448,3.908,89.9954,-0.031949,4.4323,5.742,-3.162,-28.7138,-0.0001803,-1.5571,0.11562,6.6426e-07,0.075184,0,87.5858,0.16137,0.81728,477.297,1367.1367
58.3749,11608.0108,39.757,239.9999,9.1898,-0.002212,0.041448,3.908,89.9954,-0.031949,4.4323,5.742,-3.162,-28.7138,-0.0001803,-1.5571,0.11562,6.6426e-07,0.075184,0,87.5858,0.16137,0.81728,477.297,1367.1367
58.3831,11608.3421,39.7569,239.9993,9.1898,-0.0023515,0.074015,3.1735,89.9951,0.023965,4.4323,5.6093,-6.9088,-27.5957,-0.00020138,-1.528,0.11885,6.6347e-07,0.075195,0,87.24,0.16119,0.88694,477.2958,1367.119
58.3874,11608.3421,39.7569,239.9993,9.1898,-0.0023515,0.074015,3.1735,89.9951,0.023965,4.4323,5.6093,-6.9088,-27.5957,-0.00020138,-1.528,0.11885,6.6347e-07,0.075195,0,87.24,0.16118,0.87822,477.2958,1367.119
58.3874,11608.3421,39.7569,239.9993,9.1898,-0.0023515,0.074015,3.1735,89.9951,0.023965,4.4323,5.6093,-6.9088,-27.5957,-0.00020138,-1.528,0.11885,6.6347e-07,0.075195,0,87.24,0.16118,0.87822,477.2958,1367.119
58.3914,11608.6734,39.7567,239.9981,9.1898,-0.0025581,0.10046,2.4531,89.9953,0.081445,4.4323,5.4728,-6.4483,-27.6764,-0.00013115,-1.4983,0.11643,6.6267e-07,0.075206,0,87.157,0.16091,0.9604,477.2946,1367.1012
58.3955,11608.6734,39.7567,239.9981,9.1898,-0.0025581,0.10046,2.4531,89.9953,0.081445,4.4323,5.4728,-6.4483,-27.6764,-0.00013115,-1.4983,0.11643,6.6267e-07,0.075206,0,87.157,0.1609,0.92796,477.2946,1367.1012
58.3998,11609.0047,39.7566,239.9974,9.1898,-0.0027667,0.1209,1.7468,89.996,0.13775,4.4323,5.513,-6.3342,-27.7622,-1.8526e-05,-1.4668,0.10198,6.6187e-07,0.075217,0,87.301,0.16067,0.95004,477.2935,1367.0834
58.4081,11609.336,39.7566,239.997,9.1897,-0.0029252,0.13546,1.0543,89.9971,0.18707,4.4324,5.5234,-6.9546,-27.8532,0.00011904,-1.4343,0.079188,6.6105e-07,0.075227,0,87.4451,0.16048,0.93139,477.2923,1367.0657
58.4164,11609.6673,39.7566,239.9968,9.1897,-0.0029919,0.14425,0.37558,89.9987,0.22537,4.4324,5.5135,-8.0853,-27.9465,0.00021655,-1.4018,0.052641,6.6023e-07,0.075238,0,87.5892,0.1604,0.9089,477.2911,1367.0479
58.4248,11609.9986,39.7567,239.9967,9.1897,-0.0029653,0.14738,-0.28967,90.0006,0.25083,4.4324,5.4952,-9.4487,-28.0359,0.00026907,-1.3697,0.02468,6.5939e-07,0.075249,0,87.7333,0.16042,0.8846,477.2899,1367.0301
58.4331,11610.3299,39.7568,239.9969,9.1897,-0.0028562,0.14496,-0.94174,90.0027,0.26277,4.4324,5.4741,-10.9025,-28.1197,0.00026479,-1.3383,-0.0028017,6.5854e-07,0.07526,0,87.8775,0.16054,0.85938,477.2887,1367.0124
58.4414,11610.6612,39.757,239.9973,9.1897,-0.002691,0.13711,-1.5809,90.0048,0.26142,4.4324,5.4552,-12.3318,-28.1962,0.00021116,-1.3079,-0.028364,6.5768e-07,0.075271,0,88.0217,0.16073,0.83364,477.2876,1366.9946
58.4498,11610.9925,39.7573,239.9979,9.1897,-0.0025016,0.12394,-2.2076,90.007,0.2477,4.4324,5.4418,-13.6491,-28.2648,0.00012063,-1.2787,-0.051103,6.5681e-07,0.075282,0,88.1659,0.16095,0.80756,477.2864,1366.9768
58.4581,11611.3238,39.7577,239.9987,9.1897,-0.0023205,0.10554,-2.822,90.0091,0.22299,4.4323,5.4359,-14.7995,-28.3256,1.1782e-05,-1.2507,-0.070519,6.5593e-07,0.075293,0,88.3102,0.16118,0.78123,477.2852,1366.9591
58.4584,11611.3238,39.7577,239.9987,9.1897,-0.0023205,0.10554,-2.822,90.0091,0.22299,4.4323,5.4359,-14.7995,-28.3256,1.1782e-05,-1.2507,-0.070519,6.5593e-07,0.075293,0,88.3102,0.16118,0.784,477.2852,1366.9591
58.4584,11611.3238,39.7577,239.9987,9.1897,-0.0023205,0.10554,-2.822,90.0091,0.22299,4.4323,5.4359,-14.7995,-28.3256,1.1782e-05,-1.2507,-0.070519,6.5593e-07,0.075293,0,88.3102,0.16118,0.784,477.2852,1366.9591
58.4664,11611.6552,39.7581,239.9998,9.1897,-0.0021763,0.082026,-3.4246,90.0109,0.18889,4.4323,5.4385,-15.7525,-28.3795,-0.00013844,-1.2239,-0.086428,6.5503e-07,0.075304,0,87.9639,0.16139,0.75467,477.284,1366.9413
58.4693,11611.6552,39.7581,239.9998,9.1897,-0.0021763,0.082026,-3.4246,90.0109,0.18889,4.4323,5.4385,-15.7525,-28.3795,-0.00013844,-1.2239,-0.086428,6.5503e-07,0.075304,0,87.9639,0.16138,0.78163,477.284,1366.9413
58.4693,11611.6552,39.7581,239.9998,9.1897,-0.0021763,0.082026,-3.4246,90.0109,0.18889,4.4323,5.4385,-15.7525,-28.3795,-0.00013844,-1.2239,-0.086428,6.5503e-07,0.075304,0,87.9639,0.16138,0.78163,477.284,1366.9413
58.4748,11611.9865,39.7582,239.9998,9.1896,-0.002111,0.053487,-4.0157,90.0125,0.14709,4.4323,5.253,-16.4969,-28.4248,-0.00026748,-0.97421,-0.098883,6.5413e-07,0.075315,0,87.6178,0.16146,0.81616,477.2828,1366.9235
58.4783,11611.9865,39.7582,239.9998,9.1896,-0.002111,0.053487,-4.0157,90.0125,0.14709,4.4323,5.253,-16.4969,-28.4248,-0.00026748,-0.97421,-0.098883,6.5413e-07,0.075315,0,87.6178,0.16145,0.82978,477.2828,1366.9235
58.4783,11611.9865,39.7582,239.9998,9.1896,-0.002111,0.053487,-4.0157,90.0125,0.14709,4.4323,5.253,-16.4969,-28.4248,-0.00026748,-0.97421,-0.098883,6.5413e-07,0.075315,0,87.6178,0.16145,0.82978,477.2828,1366.9235
58.4831,11612.3178,39.7581,239.9991,9.1896,-0.0021374,0.020024,-4.4885,90.0137,0.099269,4.4324,5.0762,-15.0024,-29.0282,-0.00035764,0.65628,-0.10811,6.5322e-07,0.075326,0,87.272,0.1614,0.88649,477.2817,1366.9058
58.4879,11612.3178,39.7581,239.9991,9.1896,-0.0021374,0.020024,-4.4885,90.0137,0.099269,4.4324,5.0762,-15.0024,-29.0282,-0.00035764,0.65628,-0.10811,6.5322e-07,0.075326,0,87.272,0.16139,0.87723,477.2817,1366.9058
58.4914,11612.6491,39.7579,239.9979,9.1896,-0.0022599,-0.01738,-4.1835,90.0146,0.046988,4.4324,4.9088,-0.78019,-33.1023,-0.00030451,1.5679,-0.1144,6.523e-07,0.075336,0,87.1313,0.1612,0.96005,477.2805,1366.888
58.4998,11612.9804,39.7578,239.9972,9.1896,-0.0024269,-0.052242,-3.4437,90.015,-0.0083375,4.4324,4.9388,7.0984,-35.3962,-0.00018663,1.5387,-0.11821,6.5139e-07,0.075347,0,87.2754,0.161,0.94992,477.2793,1366.8702
58.5027,11612.9804,39.7578,239.9972,9.1896,-0.0024269,-0.052242,-3.4437,90.015,-0.0083375,4.4324,4.9388,7.0984,-35.3962,-0.00018663,1.5387,-0.11821,6.5139e-07,0.075347,0,87.2754,0.16099,0.92785,477.2793,1366.8702
58.5027,11612.9804,39.7578,239.9972,9.1896,-0.0024269,-0.052242,-3.4437,90.015,-0.0083375,4.4324,4.9388,7.0984,-35.3962,-0.00018663,1.5387,-0.11821,6.5139e-07,0.075347,0,87.2754,0.16099,0.92785,477.2793,1366.8702
58.5081,11613.3117,39.7578,239.9968,9.1896,-0.0025998,-0.080939,-2.7182,90.0149,-0.065507,4.4324,4.9749,6.5951,-35.34,-2.8162e-05,1.5093,-0.11868,6.5047e-07,0.075358,0,87.4194,0.1608,0.93152,477.2781,1366.8525
58.5135,11613.3117,39.7578,239.9968,9.1896,-0.0025998,-0.080939,-2.7182,90.0149,-0.065507,4.4324,4.9749,6.5951,-35.34,-2.8162e-05,1.5093,-0.11868,6.5047e-07,0.075358,0,87.4194,0.16079,0.90304,477.2781,1366.8525
58.5161,11613.3117,39.7578,239.9968,9.1896,-0.0025998,-0.080939,-2.7182,90.0149,-0.065507,4.4324,4.9749,6.5951,-35.34,-2.8162e-05,1.5093,-0.11868,6.5047e-07,0.075358,0,87.4194,0.16078,0.89399,477.2781,1366.8525
58.5161,11613.3117,39.7578,239.9968,9.1896,-0.0025998,-0.080939,-2.7182,90.0149,-0.065507,4.4324,4.9749,6.5951,-35.34,-2.8162e-05,1.5093,-0.11868,6.5047e-07,0.075358,0,87.4194,0.16078,0.89399,477.2781,1366.8525
58.5164,11613.643,39.7578,239.9966,9.1896,-0.0027413,-0.10359,-2.0067,90.0143,-0.1229,4.4324,5.0197,6.2992,-35.2838,0.00010655,1.4784,-0.10812,6.4957e-07,0.075369,0,87.5635,0.16065,0.90931,477.2769,1366.8347
58.5168,11613.643,39.7578,239.9966,9.1896,-0.0027413,-0.10359,-2.0067,90.0143,-0.1229,4.4324,5.0197,6.2992,-35.2838,0.00010655,1.4784,-0.10812,6.4957e-07,0.075369,0,87.5635,0.16065,0.90777,477.2769,1366.8347
58.5175,11613.643,39.7578,239.9966,9.1896,-0.0027413,-0.10359,-2.0067,90.0143,-0.1229,4.4324,5.0197,6.2992,-35.2838,0.00010655,1.4784,-0.10812,6.4957e-07,0.075369,0,87.5635,0.16065,0.90484,477.2769,1366.8347
58.5188,11613.643,39.7578,239.9966,9.1896,-0.0027413,-0.10359,-2.0067,90.0143,-0.1229,4.4324,5.0197,6.2992,-35.2838,0.00010655,1.4784,-0.10812,6.4957e-07,0.075369,0,87.5635,0.16064,0.89955,477.2769,1366.8347
58.5216,11613.643,39.7578,239.9966,9.1896,-0.0027413,-0.10359,-2.0067,90.0143,-0.1229,4.4324,5.0197,6.2992,-35.2838,0.00010655,1.4784,-0.10812,6.4957e-07,0.075369,0,87.5635,0.16064,0.89092,477.2769,1366.8347
58.5248,11613.9744,39.7579,239.9966,9.1896,-0.0028342,-0.12031,-1.3091,90.0133,-0.17519,4.4324,5.0929,6.6784,-35.2209,0.0002104,1.4461,-0.087112,6.4867e-07,0.07538,0,87.7076,0.16055,0.88528,477.2758,1366.8169
58.5331,11614.3057,39.758,239.9967,9.1896,-0.0028619,-0.13122,-0.62541,90.0119,-0.21733,4.4324,5.193,7.6974,-35.1511,0.00026857,1.4135,-0.061358,6.4778e-07,0.075391,0,87.8518,0.16053,0.86028,477.2746,1366.7992
58.5414,11614.637,39.7583,239.9971,9.1896,-0.002823,-0.13643,0.044745,90.0101,-0.247,4.4324,5.306,9.0106,-35.0764,0.00027982,1.3812,-0.033547,6.469e-07,0.075402,0,87.996,0.1606,0.8347,477.2734,1366.7814
58.5498,11614.9683,39.7585,239.9977,9.1896,-0.0027258,-0.13606,0.7016,90.008,-0.26323,4.4324,5.4251,10.4545,-34.9977,0.00024442,1.3495,-0.00567,6.4603e-07,0.075413,0,88.1402,0.16073,0.80872,477.2722,1366.7637
58.5581,11615.2996,39.7589,239.9985,9.1895,-0.0025888,-0.13021,1.3455,90.0058,-0.26597,4.4323,5.5451,11.9083,-34.9158,0.00017003,1.3187,0.020663,6.4517e-07,0.075424,0,88.2844,0.16091,0.78244,477.271,1366.7459
58.5664,11615.631,39.7593,239.9995,9.1895,-0.0024357,-0.119,1.9767,90.0036,-0.25598,4.4323,5.662,13.2741,-34.8314,2.5656e-05,1.2891,0.044395,6.4432e-07,0.075434,0,87.9382,0.16113,0.7559,477.2699,1366.7281
58.5748,11615.9623,39.7594,239.9995,9.1895,-0.0023129,-0.10253,2.5956,90.0015,-0.23451,4.4323,5.5759,14.4875,-34.743,-0.00014051,1.2606,0.064912,6.4349e-07,0.075445,0,87.5922,0.16125,0.81735,477.2687,1366.7104
58.5831,11616.2936,39.7593,239.9989,9.1895,-0.0022488,-0.0809,3.2025,89.9995,-0.20312,4.4324,5.4839,15.5111,-34.6532,-0.00030231,1.2334,0.081941,6.4266e-07,0.075456,0,87.2463,0.16128,0.88704,477.2675,1366.6926
58.5914,11616.6249,39.759,239.9977,9.1895,-0.0022627,-0.054212,3.7978,89.9978,-0.16349,4.4324,5.385,16.3281,-34.5637,-0.00034674,1.1662,0.095469,6.4185e-07,0.075467,0,87.2142,0.16119,0.95987,477.2663,1366.6748
58.5922,11616.6249,39.759,239.9977,9.1895,-0.0022627,-0.054212,3.7978,89.9978,-0.16349,4.4324,5.385,16.3281,-34.5637,-0.00034674,1.1662,0.095469,6.4185e-07,0.075467,0,87.2142,0.16119,0.95308,477.2663,1366.6748
58.5922,11616.6249,39.759,239.9977,9.1895,-0.0022627,-0.054212,3.7978,89.9978,-0.16349,4.4324,5.385,16.3281,-34.5637,-0.00034674,1.1662,0.095469,6.4185e-07,0.075467,0,87.2142,0.16119,0.95308,477.2663,1366.6748
58.5998,11616.9563,39.759,239.997,9.1895,-0.0023212,-0.022564,4.362,89.9964,-0.11732,4.4324,5.4664,16.5625,-34.3782,-0.00030528,-0.096767,0.10568,6.4104e-07,0.075478,0,87.3582,0.1611,0.94942,477.2651,1366.6571
58.6081,11617.2876,39.7589,239.9966,9.1895,-0.0024056,0.013786,4.3239,89.9955,-0.066215,4.4324,5.5381,5.7352,-31.2204,-0.00017237,-1.5732,0.11288,6.4023e-07,0.075489,0,87.5022,0.16099,0.9311,477.264,1366.6393
58.6164,11617.6189,39.759,239.9964,9.1895,-0.0024937,0.049818,3.5815,89.9949,-0.011627,4.4324,5.6016,-7.2224,-27.5489,-3.2467e-05,-1.5441,0.11742,6.3942e-07,0.0755,0,87.6463,0.16089,0.90909,477.2628,1366.6215
58.6181,11617.6189,39.759,239.9964,9.1895,-0.0024937,0.049818,3.5815,89.9949,-0.011627,4.4324,5.6016,-7.2224,-27.5489,-3.2467e-05,-1.5441,0.11742,6.3942e-07,0.0755,0,87.6463,0.16088,0.90219,477.2628,1366.6215
58.6181,11617.6189,39.759,239.9964,9.1895,-0.0024937,0.049818,3.5815,89.9949,-0.011627,4.4324,5.6016,-7.2224,-27.5489,-3.2467e-05,-1.5441,0.11742,6.3942e-07,0.0755,0,87.6463,0.16088,0.90219,477.2628,1366.6215
58.6248,11617.9502,39.7591,239.9963,9.1895,-0.0025811,0.079664,2.8533,89.9948,0.045158,4.4324,5.6589,-6.6814,-27.64,8.8964e-05,-1.515,0.1195,6.3861e-07,0.075511,0,87.7904,0.1608,0.8853,477.2616,1366.6038
58.631,11617.9502,39.7591,239.9963,9.1895,-0.0025811,0.079664,2.8533,89.9948,0.045158,4.4324,5.6589,-6.6814,-27.64,8.8964e-05,-1.515,0.1195,6.3861e-07,0.075511,0,87.7904,0.16078,0.8753,477.2616,1366.6038
58.631,11617.9502,39.7591,239.9963,9.1895,-0.0025811,0.079664,2.8533,89.9948,0.045158,4.4324,5.6589,-6.6814,-27.64,8.8964e-05,-1.515,0.1195,6.3861e-07,0.075511,0,87.7904,0.16078,0.8753,477.2616,1366.6038
58.6331,11618.2815,39.7592,239.9965,9.1895,-0.0026602,0.10344,2.1391,89.9952,0.10295,4.4324,5.7107,-6.2925,-27.7282,0.00018005,-1.4848,0.11287,6.378e-07,0.075522,0,87.9346,0.16073,0.86058,477.2604,1366.586
58.6352,11618.2815,39.7592,239.9965,9.1895,-0.0026602,0.10344,2.1391,89.9952,0.10295,4.4324,5.7107,-6.2925,-27.7282,0.00018005,-1.4848,0.11287,6.378e-07,0.075522,0,87.9346,0.16073,0.86115,477.2604,1366.586
58.6395,11618.2815,39.7592,239.9965,9.1895,-0.0026602,0.10344,2.1391,89.9952,0.10295,4.4324,5.7107,-6.2925,-27.7282,0.00018005,-1.4848,0.11287,6.378e-07,0.075522,0,87.9346,0.16072,0.86198,477.2604,1366.586
58.6414,11618.6129,39.7595,239.9969,9.1895,-0.0027199,0.12127,1.4389,89.9961,0.15754,4.4324,5.7415,-6.4357,-27.816,0.00023725,-1.4527,0.093717,6.3698e-07,0.075533,0,88.0788,0.16069,0.83526,477.2592,1366.5683
58.6498,11618.9442,39.7597,239.9975,9.1894,-0.0027432,0.13326,0.75258,89.9974,0.20286,4.4324,5.7419,-7.3431,-27.9051,0.00025858,-1.4201,0.068808,6.3615e-07,0.075543,0,88.223,0.16071,0.8095,477.2581,1366.5505
58.6581,11619.2755,39.7601,239.9983,9.1894,-0.0027217,0.13953,0.079843,89.9991,0.23614,4.4324,5.7288,-8.6047,-27.9916,0.00024527,-1.3877,0.041295,6.3531e-07,0.075554,0,88.3672,0.16078,0.78339,477.2569,1366.5327
58.6664,11619.6069,39.7605,239.9993,9.1894,-0.0026555,0.14019,-0.57954,90.001,0.25612,4.4323,5.7101,-10.0289,-28.0739,0.00015513,-1.3558,0.013198,6.3445e-07,0.075565,0,88.021,0.16091,0.75697,477.2557,1366.515
58.6748,11619.9382,39.7606,239.9993,9.1894,-0.002575,0.13537,-1.2259,90.0032,0.2625,4.4323,5.4966,-11.4931,-28.148,2.4448e-05,-1.3248,-0.013717,6.3359e-07,0.075576,0,87.675,0.16099,0.81718,477.2545,1366.4972
58.6831,11620.2695,39.7605,239.9987,9.1894,-0.0025028,0.12515,-1.8595,90.0053,0.25587,4.4324,5.2858,-12.89,-28.215,-0.00012863,-1.2949,-0.038251,6.3271e-07,0.075587,0,87.3292,0.16102,0.88677,477.2533,1366.4795
58.6914,11620.6009,39.7602,239.9974,9.1894,-0.002461,0.10965,-2.4807,90.0075,0.23737,4.4324,5.0831,-14.1468,-28.2752,-0.00020271,-1.2662,-0.059688,6.3182e-07,0.075598,0,87.2026,0.16099,0.95956,477.2522,1366.4617
58.6998,11620.9322,39.7601,239.9968,9.1894,-0.002429,0.088982,-3.0899,90.0095,0.2085,4.4324,5.0787,-15.2199,-28.334,-0.00022637,-1.2387,-0.077674,6.3093e-07,0.075609,0,87.3466,0.16098,0.9487,477.251,1366.4439
58.7054,11620.9322,39.7601,239.9968,9.1894,-0.002429,0.088982,-3.0899,90.0095,0.2085,4.4324,5.0787,-15.2199,-28.334,-0.00022637,-1.2387,-0.077674,6.3093e-07,0.075609,0,87.3466,0.16097,0.91201,477.251,1366.4439
58.7054,11620.9322,39.7601,239.9968,9.1894,-0.002429,0.088982,-3.0899,90.0095,0.2085,4.4324,5.0787,-15.2199,-28.334,-0.00022637,-1.2387,-0.077674,6.3093e-07,0.075609,0,87.3466,0.16097,0.91201,477.251,1366.4439
58.7081,11621.2635,39.7601,239.9964,9.1894,-0.0024036,0.063233,-3.6873,90.0112,0.17094,4.4324,5.0827,-16.0878,-28.3897,-0.00019086,-1.2124,-0.092135,6.3002e-07,0.07562,0,87.4906,0.16098,0.92964,477.2498,1366.4262
58.7108,11621.2635,39.7601,239.9964,9.1894,-0.0024036,0.063233,-3.6873,90.0112,0.17094,4.4324,5.0827,-16.0878,-28.3897,-0.00019086,-1.2124,-0.092135,6.3002e-07,0.07562,0,87.4906,0.16097,0.91396,477.2498,1366.4262
58.7164,11621.5949,39.7602,239.9962,9.1894,-0.0023793,0.032506,-4.2733,90.0126,0.12638,4.4324,5.0944,-16.746,-28.4428,-0.00013997,-0.2606,-0.10321,6.291e-07,0.075631,0,87.6347,0.16099,0.90716,477.2486,1366.4084
58.7244,11621.5949,39.7602,239.9962,9.1894,-0.0023793,0.032506,-4.2733,90.0126,0.12638,4.4324,5.0944,-16.746,-28.4428,-0.00013997,-0.2606,-0.10321,6.291e-07,0.075631,0,87.6347,0.16097,0.8833,477.2486,1366.4084
58.7244,11621.5949,39.7602,239.9962,9.1894,-0.0023793,0.032506,-4.2733,90.0126,0.12638,4.4324,5.0944,-16.746,-28.4428,-0.00013997,-0.2606,-0.10321,6.291e-07,0.075631,0,87.6347,0.16097,0.8833,477.2486,1366.4084
58.7248,11621.9262,39.7603,239.9962,9.1894,-0.0023713,-0.0031046,-4.4057,90.0137,0.07647,4.4324,5.1134,-8.7956,-30.8187,-5.8663e-05,1.3721,-0.11115,6.2818e-07,0.075641,0,87.7788,0.161,0.88341,477.2474,1366.3906
58.7251,11621.9262,39.7603,239.9962,9.1894,-0.0023713,-0.0031046,-4.4057,90.0137,0.07647,4.4324,5.1134,-8.7956,-30.8187,-5.8663e-05,1.3721,-0.11115,6.2818e-07,0.075641,0,87.7788,0.161,0.88272,477.2474,1366.3906
58.7258,11621.9262,39.7603,239.9962,9.1894,-0.0023713,-0.0031046,-4.4057,90.0137,0.07647,4.4324,5.1134,-8.7956,-30.8187,-5.8663e-05,1.3721,-0.11115,6.2818e-07,0.075641,0,87.7788,0.161,0.88141,477.2474,1366.3906
58.7273,11621.9262,39.7603,239.9962,9.1894,-0.0023713,-0.0031046,-4.4057,90.0137,0.07647,4.4324,5.1134,-8.7956,-30.8187,-5.8663e-05,1.3721,-0.11115,6.2818e-07,0.075641,0,87.7788,0.16099,0.87907,477.2474,1366.3906
58.7301,11621.9262,39.7603,239.9962,9.1894,-0.0023713,-0.0031046,-4.4057,90.0137,0.07647,4.4324,5.1134,-8.7956,-30.8187,-5.8663e-05,1.3721,-0.11115,6.2818e-07,0.075641,0,87.7788,0.16099,0.87527,477.2474,1366.3906
58.7331,11622.2575,39.7604,239.9964,9.1893,-0.0023878,-0.039818,-3.7591,90.0143,0.022719,4.4324,5.1399,5.5245,-34.9156,3.0305e-05,1.5511,-0.11637,6.2726e-07,0.075652,0,87.9229,0.161,0.85883,477.2463,1366.3729
58.7338,11622.2575,39.7604,239.9964,9.1893,-0.0023878,-0.039818,-3.7591,90.0143,0.022719,4.4324,5.1399,5.5245,-34.9156,3.0305e-05,1.5511,-0.11637,6.2726e-07,0.075652,0,87.9229,0.161,0.85916,477.2463,1366.3729
58.7338,11622.2575,39.7604,239.9964,9.1893,-0.0023878,-0.039818,-3.7591,90.0143,0.022719,4.4324,5.1399,5.5245,-34.9156,3.0305e-05,1.5511,-0.11637,6.2726e-07,0.075652,0,87.9229,0.161,0.85916,477.2463,1366.3729
58.7414,11622.5889,39.7607,239.9968,9.1893,-0.00243,-0.071144,-3.0276,90.0145,-0.033559,4.4324,5.1736,6.8222,-35.3791,9.9212e-05,1.522,-0.11924,6.2634e-07,0.075663,0,88.0671,0.16098,0.83375,477.2451,1366.3551
58.7464,11622.5889,39.7607,239.9968,9.1893,-0.00243,-0.071144,-3.0276,90.0145,-0.033559,4.4324,5.1736,6.8222,-35.3791,9.9212e-05,1.522,-0.11924,6.2634e-07,0.075663,0,88.0671,0.16097,0.84539,477.2451,1366.3551
58.7464,11622.5889,39.7607,239.9968,9.1893,-0.00243,-0.071144,-3.0276,90.0145,-0.033559,4.4324,5.1736,6.8222,-35.3791,9.9212e-05,1.522,-0.11924,6.2634e-07,0.075663,0,88.0671,0.16097,0.84539,477.2451,1366.3551
58.7498,11622.9202,39.7609,239.9974,9.1893,-0.002493,-0.096374,-2.3101,90.0142,-0.091225,4.4324,5.2137,6.3789,-35.3195,0.00014821,1.4921,-0.11507,6.2543e-07,0.075674,0,88.2113,0.16096,0.80827,477.2439,1366.3374
58.7531,11622.9202,39.7609,239.9974,9.1893,-0.002493,-0.096374,-2.3101,90.0142,-0.091225,4.4324,5.2137,6.3789,-35.3195,0.00014821,1.4921,-0.11507,6.2543e-07,0.075674,0,88.2113,0.16095,0.82397,477.2439,1366.3374
58.7581,11623.2516,39.7613,239.9982,9.1893,-0.0025634,-0.11562,-1.6066,90.0135,-0.14688,4.4324,5.2722,6.3676,-35.255,0.0001764,1.4603,-0.09828,6.2452e-07,0.075685,0,88.3555,0.16094,0.78242,477.2427,1366.3196
58.7664,11623.5829,39.7617,239.9992,9.1893,-0.0026187,-0.12901,-0.9169,90.0122,-0.19441,4.4324,5.363,7.1282,-35.1833,0.00013936,1.4278,-0.074432,6.2362e-07,0.075696,0,88.0093,0.16095,0.75621,477.2415,1366.3018
58.7748,11623.9143,39.7618,239.9992,9.1893,-0.0026625,-0.13665,-0.24093,90.0106,-0.23041,4.4324,5.2754,8.3232,-35.1042,6.9415e-05,1.3953,-0.047407,6.2273e-07,0.075707,0,87.6633,0.1609,0.81786,477.2404,1366.2841
58.7831,11624.2456,39.7617,239.9985,9.1893,-0.0026921,-0.13866,0.42162,90.0087,-0.25334,4.4324,5.1984,9.7169,-35.0212,-2.663e-05,1.3633,-0.019349,6.2185e-07,0.075718,0,87.3176,0.16084,0.88768,477.2392,1366.2663
58.7914,11624.5769,39.7615,239.9973,9.1893,-0.0027113,-0.13515,1.071,90.0066,-0.2627,4.4324,5.1265,11.1791,-34.9355,-5.8091e-05,1.3321,0.0078929,6.2099e-07,0.075729,0,87.2504,0.16074,0.96058,477.238,1366.2486
58.7998,11624.9083,39.7614,239.9967,9.1893,-0.0026903,-0.12622,1.7077,90.0044,-0.25888,4.4324,5.2435,12.5975,-34.853,-6.3686e-05,1.3019,0.032991,6.2013e-07,0.07574,0,87.3944,0.16072,0.94978,477.2368,1366.2308
58.8081,11625.2396,39.7613,239.9962,9.1892,-0.0026265,-0.11199,2.3318,90.0022,-0.24293,4.4324,5.3552,13.8913,-34.772,-4.451e-05,1.2729,0.055133,6.1929e-07,0.07575,0,87.5385,0.16076,0.93077,477.2356,1366.213
58.8164,11625.571,39.7614,239.996,9.1892,-0.0025239,-0.09256,2.9438,90.0002,-0.21626,4.4324,5.4595,15.0113,-34.6926,-4.7792e-05,1.2451,0.07389,6.1846e-07,0.075761,0,87.6825,0.16085,0.90805,477.2345,1366.1953
58.8196,11625.571,39.7614,239.996,9.1892,-0.0025239,-0.09256,2.9438,90.0002,-0.21626,4.4324,5.4595,15.0113,-34.6926,-4.7792e-05,1.2451,0.07389,6.1846e-07,0.075761,0,87.6825,0.16084,0.8961,477.2345,1366.1953
58.8196,11625.571,39.7614,239.996,9.1892,-0.0025239,-0.09256,2.9438,90.0002,-0.21626,4.4324,5.4595,15.0113,-34.6926,-4.7792e-05,1.2451,0.07389,6.1846e-07,0.075761,0,87.6825,0.16084,0.8961,477.2345,1366.1953
58.8248,11625.9023,39.7614,239.996,9.1892,-0.0024134,-0.068028,3.544,89.9984,-0.18053,4.4324,5.5557,15.931,-34.6121,-5.6299e-05,1.2186,0.089127,6.1763e-07,0.075772,0,87.8266,0.16095,0.88359,477.2333,1366.1775
58.8299,11625.9023,39.7614,239.996,9.1892,-0.0024134,-0.068028,3.544,89.9984,-0.18053,4.4324,5.5557,15.931,-34.6121,-5.6299e-05,1.2186,0.089127,6.1763e-07,0.075772,0,87.8266,0.16094,0.87561,477.2333,1366.1775
58.8303,11625.9023,39.7614,239.996,9.1892,-0.0024134,-0.068028,3.544,89.9984,-0.18053,4.4324,5.5557,15.931,-34.6121,-5.6299e-05,1.2186,0.089127,6.1763e-07,0.075772,0,87.8266,0.16094,0.87517,477.2333,1366.1775
58.8303,11625.9023,39.7614,239.996,9.1892,-0.0024134,-0.068028,3.544,89.9984,-0.18053,4.4324,5.5557,15.931,-34.6121,-5.6299e-05,1.2186,0.089127,6.1763e-07,0.075772,0,87.8266,0.16094,0.87517,477.2333,1366.1775
58.8331,11626.2337,39.7616,239.9962,9.1892,-0.0023198,-0.038495,4.1327,89.9969,-0.13743,4.4324,5.6428,16.6421,-34.5315,-5.7966e-05,0.63281,0.10094,6.1682e-07,0.075783,0,87.9708,0.16106,0.85841,477.2321,1366.1598
58.8359,11626.2337,39.7616,239.9962,9.1892,-0.0023198,-0.038495,4.1327,89.9969,-0.13743,4.4324,5.6428,16.6421,-34.5315,-5.7966e-05,0.63281,0.10094,6.1682e-07,0.075783,0,87.9708,0.16105,0.8597,477.2321,1366.1598
58.8386,11626.2337,39.7616,239.9962,9.1892,-0.0023198,-0.038495,4.1327,89.9969,-0.13743,4.4324,5.6428,16.6421,-34.5315,-5.7966e-05,0.63281,0.10094,6.1682e-07,0.075783,0,87.9708,0.16105,0.86069,477.2321,1366.1598
58.8386,11626.2337,39.7616,239.9962,9.1892,-0.0023198,-0.038495,4.1327,89.9969,-0.13743,4.4324,5.6428,16.6421,-34.5315,-5.7966e-05,0.63281,0.10094,6.1682e-07,0.075783,0,87.9708,0.16105,0.86069,477.2321,1366.1598
58.8414,11626.565,39.7618,239.9966,9.1892,-0.0022625,-0.0040553,4.4427,89.9958,-0.088614,4.4324,5.72,12.0624,-33.0569,-3.9275e-05,-0.99892,0.10954,6.16e-07,0.075794,0,88.1149,0.16114,0.83332,477.2309,1366.142
58.8442,11626.565,39.7618,239.9966,9.1892,-0.0022625,-0.0040553,4.4427,89.9958,-0.088614,4.4324,5.72,12.0624,-33.0569,-3.9275e-05,-0.99892,0.10954,6.16e-07,0.075794,0,88.1149,0.16114,0.84072,477.2309,1366.142
58.8498,11626.8964,39.7621,239.9972,9.1892,-0.0022548,0.032967,3.9742,89.995,-0.035639,4.4324,5.7888,-2.2148,-28.9856,3.8475e-06,-1.5595,0.11536,6.152e-07,0.075805,0,88.2591,0.16119,0.80796,477.2297,1366.1242
58.8581,11627.2277,39.7625,239.998,9.1892,-0.0022962,0.066085,3.2385,89.9947,0.020149,4.4324,5.8507,-6.9463,-27.5984,4.2805e-05,-1.5304,0.11871,6.1439e-07,0.075816,0,88.3321,0.1612,0.78234,477.2285,1366.1065
58.8621,11627.2277,39.7625,239.998,9.1892,-0.0022962,0.066085,3.2385,89.9947,0.020149,4.4324,5.8507,-6.9463,-27.5984,4.2805e-05,-1.5304,0.11871,6.1439e-07,0.075816,0,88.3321,0.16119,0.80881,477.2285,1366.1065
58.8621,11627.2277,39.7625,239.998,9.1892,-0.0022962,0.066085,3.2385,89.9947,0.020149,4.4324,5.8507,-6.9463,-27.5984,4.2805e-05,-1.5304,0.11871,6.1439e-07,0.075816,0,88.3321,0.16119,0.80881,477.2285,1366.1065
58.8664,11627.5591,39.7629,239.999,9.1892,-0.0023772,0.093072,2.517,89.9949,0.077562,4.4324,5.907,-6.4784,-27.6833,3.1495e-05,-1.5008,0.11697,6.1357e-07,0.075827,0,87.9859,0.16119,0.75645,477.2274,1366.0887
58.8708,11627.5591,39.7629,239.999,9.1892,-0.0023772,0.093072,2.517,89.9949,0.077562,4.4324,5.907,-6.4784,-27.6833,3.1495e-05,-1.5008,0.11697,6.1357e-07,0.075827,0,87.9859,0.16118,0.79386,477.2274,1366.0887
58.8748,11627.8904,39.763,239.999,9.1892,-0.0025014,0.11405,1.8094,89.9955,0.13413,4.4324,5.7543,-6.323,-27.7645,1.4228e-06,-1.4695,0.10344,6.1275e-07,0.075838,0,87.6399,0.16107,0.81835,477.2262,1366.071
58.8831,11628.2218,39.763,239.9984,9.1892,-0.0026468,0.12913,1.1158,89.9967,0.18416,4.4324,5.5747,-6.8874,-27.8473,-4.2445e-05,-1.4371,0.081067,6.1192e-07,0.075849,0,87.2942,0.16088,0.88838,477.225,1366.0532
58.8914,11628.5531,39.7627,239.9971,9.1892,-0.0027901,0.13842,0.43593,89.9982,0.22337,4.4324,5.3756,-7.9925,-27.9303,-1.3385e-05,-1.4045,0.054708,6.1108e-07,0.075859,0,87.2848,0.16066,0.96144,477.2238,1366.0355
58.8998,11628.8845,39.7626,239.9965,9.1891,-0.0028752,0.14206,-0.23045,90.0001,0.24983,4.4324,5.3574,-9.3441,-28.016,4.0043e-05,-1.3723,0.026786,6.1023e-07,0.07587,0,87.4288,0.16054,0.95078,477.2226,1366.0177
58.9081,11629.2158,39.7625,239.9961,9.1891,-0.0028791,0.14014,-0.88361,90.0021,0.26278,4.4324,5.3357,-10.7952,-28.1001,0.00010498,-1.3409,-0.00078847,6.0937e-07,0.075881,0,87.5728,0.16051,0.93185,477.2215,1365.9999
58.9164,11629.5472,39.7626,239.9958,9.1891,-0.0027948,0.13277,-1.5239,90.0043,0.2624,4.4324,5.3153,-12.2297,-28.1806,0.00012423,-1.3104,-0.026532,6.0849e-07,0.075892,0,87.7169,0.16058,0.90917,477.2203,1365.9822
58.9248,11629.8785,39.7626,239.9958,9.1891,-0.0026515,0.12007,-2.1516,90.0065,0.24957,4.4325,5.3002,-13.5577,-28.2535,0.00010661,-1.2811,-0.049505,6.0761e-07,0.075903,0,87.8609,0.16071,0.88476,477.2191,1365.9644
58.9331,11630.2099,39.7628,239.996,9.1891,-0.0024814,0.10214,-2.7671,90.0086,0.22563,4.4325,5.2925,-14.7219,-28.3187,5.4653e-05,-1.253,-0.069181,6.0671e-07,0.075914,0,88.0051,0.16089,0.85948,477.2179,1365.9467
58.9414,11630.5413,39.763,239.9964,9.1891,-0.0023201,0.079085,-3.3706,90.0105,0.19218,4.4325,5.2934,-15.6904,-28.3761,-1.3142e-05,-1.2261,-0.085355,6.058e-07,0.075925,0,88.1492,0.16108,0.83373,477.2167,1365.9289
58.9434,11630.5413,39.763,239.9964,9.1891,-0.0023201,0.079085,-3.3706,90.0105,0.19218,4.4325,5.2934,-15.6904,-28.3761,-1.3142e-05,-1.2261,-0.085355,6.058e-07,0.075925,0,88.1492,0.16107,0.83922,477.2167,1365.9289
58.9434,11630.5413,39.763,239.9964,9.1891,-0.0023201,0.079085,-3.3706,90.0105,0.19218,4.4325,5.2934,-15.6904,-28.3761,-1.3142e-05,-1.2261,-0.085355,6.058e-07,0.075925,0,88.1492,0.16107,0.83922,477.2167,1365.9289
58.9498,11630.8726,39.7633,239.997,9.1891,-0.002197,0.050997,-3.9627,90.0121,0.1509,4.4325,5.3032,-16.4504,-28.4267,-6.8377e-05,-1.0428,-0.098064,6.0489e-07,0.075936,0,88.2934,0.16124,0.80766,477.2156,1365.9112
58.9526,11630.8726,39.7633,239.997,9.1891,-0.002197,0.050997,-3.9627,90.0121,0.1509,4.4325,5.3032,-16.4504,-28.4267,-6.8377e-05,-1.0428,-0.098064,6.0489e-07,0.075936,0,88.2934,0.16123,0.8215,477.2156,1365.9112
58.9526,11630.8726,39.7633,239.997,9.1891,-0.002197,0.050997,-3.9627,90.0121,0.1509,4.4325,5.3032,-16.4504,-28.4267,-6.8377e-05,-1.0428,-0.098064,6.0489e-07,0.075936,0,88.2934,0.16123,0.8215,477.2156,1365.9112
58.9581,11631.204,39.7637,239.9978,9.1891,-0.0021292,0.017975,-4.4681,90.0133,0.10347,4.4324,5.3202,-15.5739,-28.8682,-9.8514e-05,0.52573,-0.10753,6.0397e-07,0.075947,0,88.3608,0.16136,0.78193,477.2144,1365.8934
58.9636,11631.204,39.7637,239.9978,9.1891,-0.0021292,0.017975,-4.4681,90.0133,0.10347,4.4324,5.3202,-15.5739,-28.8682,-9.8514e-05,0.52573,-0.10753,6.0397e-07,0.075947,0,88.3608,0.16135,0.81617,477.2144,1365.8934
58.9664,11631.5353,39.7641,239.9989,9.1891,-0.0021271,-0.019259,-4.2254,90.0142,0.051475,4.4324,5.3447,-1.9288,-32.7898,-0.00012681,1.5693,-0.11404,6.0304e-07,0.075957,0,88.0146,0.16143,0.7561,477.2132,1365.8756
58.9748,11631.8667,39.7642,239.9988,9.1891,-0.0022081,-0.054471,-3.4849,90.0146,-0.0036745,4.4324,5.1796,7.1342,-35.4095,-0.00015015,1.5402,-0.11801,6.0211e-07,0.075968,0,87.6687,0.16135,0.81821,477.212,1365.8579
58.9774,11631.8667,39.7642,239.9988,9.1891,-0.0022081,-0.054471,-3.4849,90.0146,-0.0036745,4.4324,5.1796,7.1342,-35.4095,-0.00015015,1.5402,-0.11801,6.0211e-07,0.075968,0,87.6687,0.16135,0.82837,477.212,1365.8579
58.9774,11631.8667,39.7642,239.9988,9.1891,-0.0022081,-0.054471,-3.4849,90.0146,-0.0036745,4.4324,5.1796,7.1342,-35.4095,-0.00015015,1.5402,-0.11801,6.0211e-07,0.075968,0,87.6687,0.16135,0.82837,477.212,1365.8579
58.9831,11632.1981,39.7641,239.9982,9.189,-0.0023638,-0.083512,-2.7587,90.0146,-0.060749,4.4324,5.023,6.6208,-35.3455,-0.00017272,1.5109,-0.11899,6.0119e-07,0.075979,0,87.323,0.16116,0.88852,477.2108,1365.8401
58.9888,11632.1981,39.7641,239.9982,9.189,-0.0023638,-0.083512,-2.7587,90.0146,-0.060749,4.4324,5.023,6.6208,-35.3455,-0.00017272,1.5109,-0.11899,6.0119e-07,0.075979,0,87.323,0.16115,0.87733,477.2108,1365.8401
58.9906,11632.1981,39.7641,239.9982,9.189,-0.0023638,-0.083512,-2.7587,90.0146,-0.060749,4.4324,5.023,6.6208,-35.3455,-0.00017272,1.5109,-0.11899,6.0119e-07,0.075979,0,87.323,0.16115,0.87497,477.2108,1365.8401
58.9906,11632.1981,39.7641,239.9982,9.189,-0.0023638,-0.083512,-2.7587,90.0146,-0.060749,4.4324,5.023,6.6208,-35.3455,-0.00017272,1.5109,-0.11899,6.0119e-07,0.075979,0,87.323,0.16115,0.87497,477.2108,1365.8401
58.9914,11632.5294,39.7639,239.997,9.189,-0.0025759,-0.1065,-2.0464,90.0141,-0.1183,4.4324,4.8763,6.294,-35.2792,-0.00010662,1.4801,-0.10941,6.0027e-07,0.07599,0,87.2746,0.16088,0.96183,477.2097,1365.8224
58.9922,11632.5294,39.7639,239.997,9.189,-0.0025759,-0.1065,-2.0464,90.0141,-0.1183,4.4324,4.8763,6.294,-35.2792,-0.00010662,1.4801,-0.10941,6.0027e-07,0.07599,0,87.2746,0.16087,0.95411,477.2097,1365.8224
58.9939,11632.5294,39.7639,239.997,9.189,-0.0025759,-0.1065,-2.0464,90.0141,-0.1183,4.4324,4.8763,6.294,-35.2792,-0.00010662,1.4801,-0.10941,6.0027e-07,0.07599,0,87.2746,0.16087,0.94045,477.2097,1365.8224
58.9972,11632.5294,39.7639,239.997,9.189,-0.0025759,-0.1065,-2.0464,90.0141,-0.1183,4.4324,4.8763,6.294,-35.2792,-0.00010662,1.4801,-0.10941,6.0027e-07,0.07599,0,87.2746,0.16086,0.91899,477.2097,1365.8224
58.9998,11632.8608,39.7638,239.9963,9.189,-0.0027742,-0.12355,-1.3482,90.0131,-0.17121,4.4324,4.9467,6.6132,-35.2127,-2.779e-06,1.4479,-0.088865,5.9937e-07,0.076001,0,87.4186,0.16064,0.95141,477.2085,1365.8046
59.0081,11633.1922,39.7637,239.9959,9.189,-0.0029085,-0.13479,-0.66374,90.0117,-0.21419,4.4324,5.045,7.6039,-35.1431,0.00012313,1.4153,-0.063323,5.9847e-07,0.076012,0,87.5626,0.16048,0.93271,477.2073,1365.7869
59.0164,11633.5235,39.7638,239.9956,9.189,-0.0029442,-0.14032,0.0071158,90.0099,-0.24482,4.4325,5.1562,8.9039,-35.0721,0.00020566,1.3829,-0.03558,5.9758e-07,0.076023,0,87.7066,0.16043,0.91019,477.2061,1365.7691
59.0248,11633.8549,39.7638,239.9956,9.189,-0.0028873,-0.14026,0.66466,90.0078,-0.26203,4.4325,5.2738,10.3435,-34.9973,0.00024147,1.3512,-0.0076386,5.967e-07,0.076034,0,87.8507,0.16048,0.88587,477.2049,1365.7513
59.0331,11634.1863,39.764,239.9958,9.189,-0.0027556,-0.13472,1.3092,90.0057,-0.26572,4.4325,5.3928,11.8009,-34.9191,0.00022223,1.3204,0.018851,5.9583e-07,0.076045,0,87.9948,0.16062,0.86065,477.2038,1365.7336
59.0414,11634.5176,39.7642,239.9962,9.189,-0.0025801,-0.12381,1.9411,90.0034,-0.25661,4.4325,5.509,13.1759,-34.8377,0.00015849,1.2906,0.042795,5.9498e-07,0.076056,0,88.1389,0.16082,0.83493,477.2026,1365.7158
59.0498,11634.849,39.7645,239.9968,9.189,-0.0023945,-0.10764,2.5606,90.0013,-0.23591,4.4325,5.6194,14.4019,-34.7538,6.5239e-05,1.2622,0.063555,5.9414e-07,0.076066,0,88.2831,0.16104,0.80888,477.2014,1365.6981
59.0581,11635.1804,39.7648,239.9976,9.1889,-0.002231,-0.086298,3.1682,89.9993,-0.20518,4.4325,5.7221,15.4401,-34.6686,-3.7616e-05,1.2349,0.080836,5.933e-07,0.076077,0,88.4273,0.16125,0.78258,477.2002,1365.6803
59.0658,11635.1804,39.7648,239.9976,9.1889,-0.002231,-0.086298,3.1682,89.9993,-0.20518,4.4325,5.7221,15.4401,-34.6686,-3.7616e-05,1.2349,0.080836,5.933e-07,0.076077,0,88.4273,0.16124,0.82598,477.2002,1365.6803
59.0658,11635.1804,39.7648,239.9976,9.1889,-0.002231,-0.086298,3.1682,89.9993,-0.20518,4.4325,5.7221,15.4401,-34.6686,-3.7616e-05,1.2349,0.080836,5.933e-07,0.076077,0,88.4273,0.16124,0.82598,477.2002,1365.6803
59.0664,11635.5117,39.7652,239.9986,9.1889,-0.0021152,-0.059896,3.764,89.9976,-0.16608,4.4324,5.8164,16.2723,-34.583,-0.00016692,1.1882,0.09461,5.9248e-07,0.076088,0,88.0812,0.16143,0.75605,477.199,1365.6626
59.0666,11635.5117,39.7652,239.9986,9.1889,-0.0021152,-0.059896,3.764,89.9976,-0.16608,4.4324,5.8164,16.2723,-34.583,-0.00016692,1.1882,0.09461,5.9248e-07,0.076088,0,88.0812,0.16143,0.75831,477.199,1365.6626
59.0666,11635.5117,39.7652,239.9986,9.1889,-0.0021152,-0.059896,3.764,89.9976,-0.16608,4.4324,5.8164,16.2723,-34.583,-0.00016692,1.1882,0.09461,5.9248e-07,0.076088,0,88.0812,0.16143,0.75831,477.199,1365.6626
59.0673,11635.5117,39.7652,239.9986,9.1889,-0.0021152,-0.059896,3.764,89.9976,-0.16608,4.4324,5.8164,16.2723,-34.583,-0.00016692,1.1882,0.09461,5.9248e-07,0.076088,0,88.0812,0.16143,0.76445,477.199,1365.6626
59.0679,11635.5117,39.7652,239.9986,9.1889,-0.0021152,-0.059896,3.764,89.9976,-0.16608,4.4324,5.8164,16.2723,-34.583,-0.00016692,1.1882,0.09461,5.9248e-07,0.076088,0,88.0812,0.16143,0.77023,477.199,1365.6626
59.0691,11635.5117,39.7652,239.9986,9.1889,-0.0021152,-0.059896,3.764,89.9976,-0.16608,4.4324,5.8164,16.2723,-34.583,-0.00016692,1.1882,0.09461,5.9248e-07,0.076088,0,88.0812,0.16143,0.7808,477.199,1365.6626
59.0715,11635.5117,39.7652,239.9986,9.1889,-0.0021152,-0.059896,3.764,89.9976,-0.16608,4.4324,5.8164,16.2723,-34.583,-0.00016692,1.1882,0.09461,5.9248e-07,0.076088,0,88.0812,0.16142,0.79844,477.199,1365.6626
59.0748,11635.8431,39.7653,239.9986,9.1889,-0.0020827,-0.02853,4.3386,89.9962,-0.12033,4.4324,5.704,16.7087,-34.4444,-0.00027275,0.011634,0.10505,5.9166e-07,0.076099,0,87.7353,0.16147,0.8178,477.1979,1365.6448
59.0831,11636.1745,39.7653,239.998,9.1889,-0.0021446,0.0076255,4.3523,89.9952,-0.069528,4.4325,5.5841,6.6798,-31.493,-0.00032692,-1.5741,0.11244,5.9085e-07,0.07611,0,87.3896,0.16137,0.88811,477.1967,1365.6271
59.0914,11636.5059,39.765,239.9967,9.1889,-0.0022984,0.043895,3.6094,89.9947,-0.015151,4.4325,5.458,-7.2574,-27.5377,-0.000259,-1.5451,0.11715,5.9004e-07,0.076121,0,87.2457,0.16115,0.96159,477.1955,1365.6093
59.0928,11636.5059,39.765,239.9967,9.1889,-0.0022984,0.043895,3.6094,89.9947,-0.015151,4.4325,5.458,-7.2574,-27.5377,-0.000259,-1.5451,0.11715,5.9004e-07,0.076121,0,87.2457,0.16114,0.949,477.1955,1365.6093
59.0928,11636.5059,39.765,239.9967,9.1889,-0.0022984,0.043895,3.6094,89.9947,-0.015151,4.4325,5.458,-7.2574,-27.5377,-0.000259,-1.5451,0.11715,5.9004e-07,0.076121,0,87.2457,0.16114,0.949,477.1955,1365.6093
59.0998,11636.8372,39.7649,239.9961,9.1889,-0.0024864,0.073973,2.8807,89.9945,0.041506,4.4325,5.5155,-6.7061,-27.6245,-0.0001408,-1.516,0.11949,5.8923e-07,0.076132,0,87.3896,0.16092,0.95143,477.1943,1365.5915
59.1056,11636.8372,39.7649,239.9961,9.1889,-0.0024864,0.073973,2.8807,89.9945,0.041506,4.4325,5.5155,-6.7061,-27.6245,-0.0001408,-1.516,0.11949,5.8923e-07,0.076132,0,87.3896,0.16091,0.9128,477.1943,1365.5915
59.1056,11636.8372,39.7649,239.9961,9.1889,-0.0024864,0.073973,2.8807,89.9945,0.041506,4.4325,5.5155,-6.7061,-27.6245,-0.0001408,-1.516,0.11949,5.8923e-07,0.076132,0,87.3896,0.16091,0.9128,477.1943,1365.5915
59.1081,11637.1686,39.7649,239.9957,9.1889,-0.0026684,0.097979,2.1661,89.9949,0.099294,4.4325,5.5672,-6.3014,-27.7124,1.5398e-05,-1.4858,0.11361,5.8841e-07,0.076143,0,87.5336,0.16072,0.933,477.1931,1365.5738
59.1106,11637.1686,39.7649,239.9957,9.1889,-0.0026684,0.097979,2.1661,89.9949,0.099294,4.4325,5.5672,-6.3014,-27.7124,1.5398e-05,-1.4858,0.11361,5.8841e-07,0.076143,0,87.5336,0.16071,0.91778,477.1931,1365.5738
59.1156,11637.1686,39.7649,239.9957,9.1889,-0.0026684,0.097979,2.1661,89.9949,0.099294,4.4325,5.5672,-6.3014,-27.7124,1.5398e-05,-1.4858,0.11361,5.8841e-07,0.076143,0,87.5336,0.1607,0.89671,477.1931,1365.5738
59.1164,11637.5,39.7649,239.9954,9.1889,-0.0028018,0.11603,1.4655,89.9957,0.15424,4.4325,5.5987,-6.3987,-27.8034,0.00014195,-1.4538,0.094831,5.8758e-07,0.076154,0,87.6777,0.16057,0.91074,477.192,1365.556
59.1206,11637.5,39.7649,239.9954,9.1889,-0.0028018,0.11603,1.4655,89.9957,0.15424,4.4325,5.5987,-6.3987,-27.8034,0.00014195,-1.4538,0.094831,5.8758e-07,0.076154,0,87.6777,0.16056,0.895,477.192,1365.556
59.1248,11637.8314,39.765,239.9954,9.1889,-0.0028678,0.12824,0.77867,89.997,0.20011,4.4325,5.5988,-7.2837,-27.8961,0.00023347,-1.4213,0.070095,5.8675e-07,0.076165,0,87.8217,0.1605,0.88666,477.1908,1365.5383
59.1331,11638.1627,39.7652,239.9956,9.1889,-0.0028574,0.13473,0.10548,89.9987,0.23401,4.4325,5.5849,-8.5346,-27.9864,0.00027582,-1.3888,0.04266,5.8591e-07,0.076175,0,87.9658,0.16052,0.86162,477.1896,1365.5205
59.1414,11638.4941,39.7654,239.9959,9.1889,-0.0027774,0.13561,-0.55434,90.0006,0.25464,4.4325,5.5653,-9.9539,-28.0717,0.00026791,-1.3569,0.014538,5.8505e-07,0.076186,0,88.11,0.16062,0.83601,477.1884,1365.5028
59.1498,11638.8255,39.7656,239.9965,9.1888,-0.0026451,0.13099,-1.2011,90.0027,0.26167,4.4325,5.5448,-11.4196,-28.1507,0.00021388,-1.3259,-0.012464,5.8419e-07,0.076197,0,88.2541,0.16079,0.81003,477.1872,1365.485
59.1581,11639.1569,39.766,239.9973,9.1888,-0.0024853,0.12098,-1.8351,90.0049,0.25565,4.4325,5.5278,-12.8217,-28.2225,0.00012496,-1.296,-0.03713,5.8331e-07,0.076208,0,88.3983,0.161,0.78376,477.1861,1365.4673
59.1664,11639.4883,39.7664,239.9984,9.1888,-0.0023256,0.10569,-2.4568,90.0071,0.23769,4.4325,5.5173,-14.0866,-28.287,-2.4711e-05,-1.2672,-0.058727,5.8242e-07,0.076219,0,88.0522,0.16122,0.75725,477.1849,1365.4495
59.1748,11639.8196,39.7665,239.9984,9.1888,-0.0022118,0.085216,-3.0664,90.009,0.20929,4.4325,5.3261,-15.1696,-28.3421,-0.00018798,-1.2397,-0.076882,5.8152e-07,0.07623,0,87.7063,0.16134,0.81498,477.1837,1365.4318
59.18,11639.8196,39.7665,239.9984,9.1888,-0.0022118,0.085216,-3.0664,90.009,0.20929,4.4325,5.3261,-15.1696,-28.3421,-0.00018798,-1.2397,-0.076882,5.8152e-07,0.07623,0,87.7063,0.16132,0.83454,477.1837,1365.4318
59.18,11639.8196,39.7665,239.9984,9.1888,-0.0022118,0.085216,-3.0664,90.009,0.20929,4.4325,5.3261,-15.1696,-28.3421,-0.00018798,-1.2397,-0.076882,5.8152e-07,0.07623,0,87.7063,0.16132,0.83454,477.1837,1365.4318
59.1831,11640.151,39.7664,239.9978,9.1888,-0.0021712,0.059663,-3.6642,90.0108,0.17211,4.4325,5.1373,-16.0477,-28.3901,-0.00033293,-1.2134,-0.091509,5.8062e-07,0.076241,0,87.3606,0.16134,0.88428,477.1825,1365.414
59.1862,11640.151,39.7664,239.9978,9.1888,-0.0021712,0.059663,-3.6642,90.0108,0.17211,4.4325,5.1373,-16.0477,-28.3901,-0.00033293,-1.2134,-0.091509,5.8062e-07,0.076241,0,87.3606,0.16133,0.87867,477.1825,1365.414
59.1911,11640.151,39.7664,239.9978,9.1888,-0.0021712,0.059663,-3.6642,90.0108,0.17211,4.4325,5.1373,-16.0477,-28.3901,-0.00033293,-1.2134,-0.091509,5.8062e-07,0.076241,0,87.3606,0.16132,0.87271,477.1825,1365.414
59.1911,11640.151,39.7664,239.9978,9.1888,-0.0021712,0.059663,-3.6642,90.0108,0.17211,4.4325,5.1373,-16.0477,-28.3901,-0.00033293,-1.2134,-0.091509,5.8062e-07,0.076241,0,87.3606,0.16132,0.87271,477.1825,1365.414
59.1914,11640.4824,39.7662,239.9966,9.1888,-0.0022174,0.029128,-4.2506,90.0122,0.12786,4.4325,4.9584,-16.7158,-28.4331,-0.00035274,-0.31823,-0.10274,5.797e-07,0.076252,0,87.0488,0.16122,0.95713,477.1813,1365.3963
59.1918,11640.4824,39.7662,239.9966,9.1888,-0.0022174,0.029128,-4.2506,90.0122,0.12786,4.4325,4.9584,-16.7158,-28.4331,-0.00035274,-0.31823,-0.10274,5.797e-07,0.076252,0,87.0488,0.16122,0.95377,477.1813,1365.3963
59.1925,11640.4824,39.7662,239.9966,9.1888,-0.0022174,0.029128,-4.2506,90.0122,0.12786,4.4325,4.9584,-16.7158,-28.4331,-0.00035274,-0.31823,-0.10274,5.797e-07,0.076252,0,87.0488,0.16122,0.94741,477.1813,1365.3963
59.194,11640.4824,39.7662,239.9966,9.1888,-0.0022174,0.029128,-4.2506,90.0122,0.12786,4.4325,4.9584,-16.7158,-28.4331,-0.00035274,-0.31823,-0.10274,5.797e-07,0.076252,0,87.0488,0.16122,0.936,477.1813,1365.3963
59.1969,11640.4824,39.7662,239.9966,9.1888,-0.0022174,0.029128,-4.2506,90.0122,0.12786,4.4325,4.9584,-16.7158,-28.4331,-0.00035274,-0.31823,-0.10274,5.797e-07,0.076252,0,87.0488,0.16121,0.91764,477.1813,1365.3963
59.199,11640.4824,39.7662,239.9966,9.1888,-0.0022174,0.029128,-4.2506,90.0122,0.12786,4.4325,4.9584,-16.7158,-28.4331,-0.00035274,-0.31823,-0.10274,5.797e-07,0.076252,0,87.0488,0.16121,0.90752,477.1813,1365.3963
59.199,11640.4824,39.7662,239.9966,9.1888,-0.0022174,0.029128,-4.2506,90.0122,0.12786,4.4325,4.9584,-16.7158,-28.4331,-0.00035274,-0.31823,-0.10274,5.797e-07,0.076252,0,87.0488,0.16121,0.90752,477.1813,1365.3963
59.1998,11640.8138,39.7661,239.996,9.1888,-0.0023132,-0.0062934,-4.4105,90.0133,0.078171,4.4325,4.9768,-9.2893,-30.6626,-0.00027439,1.314,-0.11081,5.7879e-07,0.076263,0,87.1927,0.16109,0.94689,477.1802,1365.3785
59.2005,11640.8138,39.7661,239.996,9.1888,-0.0023132,-0.0062934,-4.4105,90.0133,0.078171,4.4325,4.9768,-9.2893,-30.6626,-0.00027439,1.314,-0.11081,5.7879e-07,0.076263,0,87.1927,0.16109,0.94093,477.1802,1365.3785
59.202,11640.8138,39.7661,239.996,9.1888,-0.0023132,-0.0062934,-4.4105,90.0133,0.078171,4.4325,4.9768,-9.2893,-30.6626,-0.00027439,1.314,-0.11081,5.7879e-07,0.076263,0,87.1927,0.16109,0.93027,477.1802,1365.3785
59.205,11640.8138,39.7661,239.996,9.1888,-0.0023132,-0.0062934,-4.4105,90.0133,0.078171,4.4325,4.9768,-9.2893,-30.6626,-0.00027439,1.314,-0.11081,5.7879e-07,0.076263,0,87.1927,0.16108,0.91318,477.1802,1365.3785
59.2081,11641.1452,39.7661,239.9956,9.1888,-0.0024345,-0.043047,-3.7916,90.0139,0.024582,4.4325,5.0024,5.0188,-34.7576,-0.00011987,1.5521,-0.11615,5.7787e-07,0.076274,0,87.3367,0.16095,0.92854,477.179,1365.3608
59.2087,11641.1452,39.7661,239.9956,9.1888,-0.0024345,-0.043047,-3.7916,90.0139,0.024582,4.4325,5.0024,5.0188,-34.7576,-0.00011987,1.5521,-0.11615,5.7787e-07,0.076274,0,87.3367,0.16095,0.92497,477.179,1365.3608
59.2087,11641.1452,39.7661,239.9956,9.1888,-0.0024345,-0.043047,-3.7916,90.0139,0.024582,4.4325,5.0024,5.0188,-34.7576,-0.00011987,1.5521,-0.11615,5.7787e-07,0.076274,0,87.3367,0.16095,0.92497,477.179,1365.3608
59.2164,11641.4766,39.7661,239.9954,9.1888,-0.0025506,-0.074644,-3.0595,90.0141,-0.031592,4.4325,5.0345,6.8454,-35.3725,1.8842e-05,1.5231,-0.11911,5.7695e-07,0.076284,0,87.4807,0.16082,0.90649,477.1778,1365.343
59.2212,11641.4766,39.7661,239.9954,9.1888,-0.0025506,-0.074644,-3.0595,90.0141,-0.031592,4.4325,5.0345,6.8454,-35.3725,1.8842e-05,1.5231,-0.11911,5.7695e-07,0.076284,0,87.4807,0.16081,0.89044,477.1778,1365.343
59.2212,11641.4766,39.7661,239.9954,9.1888,-0.0025506,-0.074644,-3.0595,90.0141,-0.031592,4.4325,5.0345,6.8454,-35.3725,1.8842e-05,1.5231,-0.11911,5.7695e-07,0.076284,0,87.4807,0.16081,0.89044,477.1778,1365.343
59.2248,11641.8079,39.7662,239.9954,9.1888,-0.0026548,-0.10014,-2.3415,90.0139,-0.089197,4.4325,5.0733,6.3966,-35.3167,0.00013807,1.4932,-0.11535,5.7604e-07,0.076295,0,87.6248,0.16072,0.88262,477.1766,1365.3252
59.2283,11641.8079,39.7662,239.9954,9.1888,-0.0026548,-0.10014,-2.3415,90.0139,-0.089197,4.4325,5.0733,6.3966,-35.3167,0.00013807,1.4932,-0.11535,5.7604e-07,0.076295,0,87.6248,0.16071,0.87722,477.1766,1365.3252
59.2331,11642.1393,39.7664,239.9956,9.1887,-0.0027339,-0.11965,-1.6375,90.0131,-0.14498,4.4325,5.1295,6.3607,-35.2562,0.00022153,1.4615,-0.099082,5.7513e-07,0.076306,0,87.7689,0.16066,0.85781,477.1754,1365.3075
59.2414,11642.4707,39.7666,239.996,9.1887,-0.0027723,-0.1333,-0.9473,90.0119,-0.1929,4.4325,5.218,7.0892,-35.1877,0.00026649,1.429,-0.075478,5.7424e-07,0.076317,0,87.913,0.16064,0.8324,477.1743,1365.2897
59.2498,11642.8021,39.7669,239.9966,9.1887,-0.0027601,-0.14119,-0.27081,90.0103,-0.22941,4.4325,5.3257,8.2693,-35.1135,0.00027204,1.3966,-0.048568,5.7335e-07,0.076328,0,88.0572,0.16069,0.80656,477.1731,1365.272
59.2581,11643.1335,39.7673,239.9974,9.1887,-0.0026972,-0.14345,0.39225,90.0084,-0.2529,4.4325,5.4425,9.6559,-35.0352,0.00023847,1.3646,-0.020539,5.7248e-07,0.076339,0,88.2014,0.16081,0.78038,477.1719,1365.2542
59.2664,11643.4649,39.7677,239.9985,9.1887,-0.0025931,-0.14018,1.0422,90.0063,-0.26283,4.4325,5.563,11.1163,-34.9537,0.00012677,1.3333,0.0067515,5.7162e-07,0.07635,0,87.8553,0.16098,0.75391,477.1707,1365.2365
59.2748,11643.7963,39.7678,239.9985,9.1887,-0.0024858,-0.1315,1.6793,90.0041,-0.25957,4.4325,5.4855,12.5376,-34.8671,-2.2003e-05,1.3031,0.031949,5.7077e-07,0.076361,0,87.5094,0.16108,0.81534,477.1695,1365.2187
59.2831,11644.1277,39.7677,239.9979,9.1887,-0.0024025,-0.1175,2.304,90.0019,-0.24412,4.4325,5.4051,13.8375,-34.778,-0.00018644,1.2741,0.054222,5.6993e-07,0.076372,0,87.1637,0.16113,0.88499,477.1683,1365.201
59.2914,11644.4591,39.7674,239.9967,9.1887,-0.0023663,-0.098301,2.9165,89.9999,-0.2179,4.4325,5.3196,14.9651,-34.6881,-0.00026208,1.2462,0.073121,5.691e-07,0.076383,0,87.0735,0.16109,0.95777,477.1672,1365.1832
59.294,11644.4591,39.7674,239.9967,9.1887,-0.0023663,-0.098301,2.9165,89.9999,-0.2179,4.4325,5.3196,14.9651,-34.6881,-0.00026208,1.2462,0.073121,5.691e-07,0.076383,0,87.0735,0.16109,0.93672,477.1672,1365.1832
59.294,11644.4591,39.7674,239.9967,9.1887,-0.0023663,-0.098301,2.9165,89.9999,-0.2179,4.4325,5.3196,14.9651,-34.6881,-0.00026208,1.2462,0.073121,5.691e-07,0.076383,0,87.0735,0.16109,0.93672,477.1672,1365.1832
59.2998,11644.7905,39.7673,239.9961,9.1887,-0.0023551,-0.073997,3.5172,89.9981,-0.18254,4.4325,5.416,15.8932,-34.6034,-0.00027589,1.2197,0.088504,5.6828e-07,0.076393,0,87.2174,0.16107,0.94691,477.166,1365.1655
59.3047,11644.7905,39.7673,239.9961,9.1887,-0.0023551,-0.073997,3.5172,89.9981,-0.18254,4.4325,5.416,15.8932,-34.6034,-0.00027589,1.2197,0.088504,5.6828e-07,0.076393,0,87.2174,0.16106,0.91457,477.166,1365.1655
59.3047,11644.7905,39.7673,239.9961,9.1887,-0.0023551,-0.073997,3.5172,89.9981,-0.18254,4.4325,5.416,15.8932,-34.6034,-0.00027589,1.2197,0.088504,5.6828e-07,0.076393,0,87.2174,0.16106,0.91457,477.166,1365.1655
59.3081,11645.1219,39.7673,239.9957,9.1887,-0.0023617,-0.044688,4.1063,89.9966,-0.13973,4.4325,5.5029,16.6131,-34.5224,-0.00021523,0.71164,0.10046,5.6748e-07,0.076404,0,87.3614,0.16104,0.92797,477.1648,1365.1477
59.3115,11645.1219,39.7673,239.9957,9.1887,-0.0023617,-0.044688,4.1063,89.9966,-0.13973,4.4325,5.5029,16.6131,-34.5224,-0.00021523,0.71164,0.10046,5.6748e-07,0.076404,0,87.3614,0.16103,0.90974,477.1648,1365.1477
59.3131,11645.1219,39.7673,239.9957,9.1887,-0.0023617,-0.044688,4.1063,89.9966,-0.13973,4.4325,5.5029,16.6131,-34.5224,-0.00021523,0.71164,0.10046,5.6748e-07,0.076404,0,87.3614,0.16103,0.90276,477.1648,1365.1477
59.3131,11645.1219,39.7673,239.9957,9.1887,-0.0023617,-0.044688,4.1063,89.9966,-0.13973,4.4325,5.5029,16.6131,-34.5224,-0.00021523,0.71164,0.10046,5.6748e-07,0.076404,0,87.3614,0.16103,0.90276,477.1648,1365.1477
59.3164,11645.4533,39.7674,239.9955,9.1886,-0.0023733,-0.010468,4.4539,89.9954,-0.091152,4.4325,5.5793,12.748,-33.2447,-0.00013189,-0.91934,0.1092,5.6667e-07,0.076415,0,87.5055,0.16102,0.90591,477.1636,1365.13
59.3197,11645.4533,39.7674,239.9955,9.1886,-0.0023733,-0.010468,4.4539,89.9954,-0.091152,4.4325,5.5793,12.748,-33.2447,-0.00013189,-0.91934,0.1092,5.6667e-07,0.076415,0,87.5055,0.16101,0.89429,477.1636,1365.13
59.3248,11645.7846,39.7675,239.9955,9.1886,-0.0024022,0.026647,4.0234,89.9946,-0.038344,4.4325,5.6473,-1.5137,-29.178,-2.1872e-05,-1.5612,0.11513,5.6587e-07,0.076426,0,87.6495,0.16099,0.88219,477.1624,1365.1122
59.3331,11646.116,39.7676,239.9957,9.1886,-0.0024483,0.060175,3.2868,89.9943,0.017332,4.4325,5.7083,-6.976,-27.5912,7.0267e-05,-1.5321,0.11858,5.6507e-07,0.076437,0,87.7936,0.16096,0.85762,477.1613,1365.0945
59.3368,11646.116,39.7676,239.9957,9.1886,-0.0024483,0.060175,3.2868,89.9943,0.017332,4.4325,5.7083,-6.976,-27.5912,7.0267e-05,-1.5321,0.11858,5.6507e-07,0.076437,0,87.7936,0.16095,0.85973,477.1613,1365.0945
59.3368,11646.116,39.7676,239.9957,9.1886,-0.0024483,0.060175,3.2868,89.9943,0.017332,4.4325,5.7083,-6.976,-27.5912,7.0267e-05,-1.5321,0.11858,5.6507e-07,0.076437,0,87.7936,0.16095,0.85973,477.1613,1365.0945
59.3414,11646.4474,39.7679,239.9961,9.1886,-0.0025094,0.087565,2.5645,89.9945,0.074682,4.4325,5.7638,-6.5019,-27.679,0.00013912,-1.5026,0.11735,5.6427e-07,0.076448,0,87.9377,0.16092,0.83249,477.1601,1365.0767
59.346,11646.4474,39.7679,239.9961,9.1886,-0.0025094,0.087565,2.5645,89.9945,0.074682,4.4325,5.7638,-6.5019,-27.679,0.00013912,-1.5026,0.11735,5.6427e-07,0.076448,0,87.9377,0.16091,0.84416,477.1601,1365.0767
59.3498,11646.7788,39.7682,239.9967,9.1886,-0.002577,0.10894,1.8561,89.9951,0.13144,4.4325,5.8083,-6.3154,-27.7648,0.0001834,-1.4714,0.10451,5.6346e-07,0.076459,0,88.0819,0.1609,0.80693,477.1589,1365.059
59.3581,11647.1102,39.7685,239.9976,9.1886,-0.0026328,0.1244,1.1617,89.9962,0.18198,4.4325,5.8245,-6.8378,-27.852,0.00020166,-1.439,0.082456,5.6264e-07,0.07647,0,88.226,0.16089,0.781,477.1577,1365.0412
59.3664,11647.4416,39.769,239.9986,9.1886,-0.002659,0.13408,0.48095,89.9977,0.22186,4.4325,5.8186,-7.9234,-27.939,0.00015129,-1.4065,0.056241,5.6181e-07,0.076481,0,87.88,0.16093,0.75473,477.1565,1365.0235
59.3748,11647.773,39.7691,239.9986,9.1886,-0.0026668,0.13809,-0.18625,89.9995,0.24906,4.4325,5.6062,-9.2663,-28.0206,6.387e-05,-1.3743,0.02835,5.6097e-07,0.076492,0,87.5341,0.16093,0.81627,477.1554,1365.0057
59.3831,11648.1045,39.769,239.998,9.1886,-0.0026619,0.13654,-0.84023,90.0016,0.26278,4.4325,5.3923,-10.7154,-28.0969,-5.1051e-05,-1.3428,0.00070671,5.6012e-07,0.076502,0,87.1885,0.1609,0.88599,477.1542,1364.988
59.3914,11648.4359,39.7687,239.9967,9.1886,-0.0026554,0.12954,-1.4813,90.0038,0.26312,4.4325,5.1816,-12.1539,-28.1674,-9.9312e-05,-1.3122,-0.025169,5.5926e-07,0.076513,0,87.139,0.16083,0.9588,477.153,1364.9702
59.3998,11648.7673,39.7686,239.9961,9.1885,-0.0026222,0.11719,-2.1098,90.006,0.25095,4.4325,5.1659,-13.4896,-28.2368,-0.00011625,-1.2828,-0.048312,5.5839e-07,0.076524,0,87.283,0.16082,0.94798,477.1518,1364.9525
59.4081,11649.0987,39.7686,239.9957,9.1885,-0.0025616,0.099612,-2.726,90.0081,0.22758,4.4325,5.157,-14.6639,-28.3023,-0.00010037,-1.2547,-0.06818,5.5751e-07,0.076535,0,87.4269,0.16086,0.92897,477.1506,1364.9347
59.4164,11649.4301,39.7686,239.9955,9.1885,-0.0024768,0.076895,-3.3303,90.01,0.19461,4.4326,5.1563,-15.6437,-28.3637,-9.7598e-05,-1.2277,-0.084549,5.5661e-07,0.076546,0,87.5709,0.16093,0.90625,477.1495,1364.917
59.4178,11649.4301,39.7686,239.9955,9.1885,-0.0024768,0.076895,-3.3303,90.01,0.19461,4.4326,5.1563,-15.6437,-28.3637,-9.7598e-05,-1.2277,-0.084549,5.5661e-07,0.076546,0,87.5709,0.16093,0.90084,477.1495,1364.917
59.4178,11649.4301,39.7686,239.9955,9.1885,-0.0024768,0.076895,-3.3303,90.01,0.19461,4.4326,5.1563,-15.6437,-28.3637,-9.7598e-05,-1.2277,-0.084549,5.5661e-07,0.076546,0,87.5709,0.16093,0.90084,477.1495,1364.917
59.4248,11649.7615,39.7687,239.9956,9.1885,-0.0023957,0.049142,-3.9231,90.0116,0.15372,4.4326,5.1644,-16.4154,-28.4183,-8.3478e-05,-1.0679,-0.097448,5.5571e-07,0.076557,0,87.715,0.16101,0.8818,477.1483,1364.8992
59.4271,11649.7615,39.7687,239.9956,9.1885,-0.0023957,0.049142,-3.9231,90.0116,0.15372,4.4326,5.1644,-16.4154,-28.4183,-8.3478e-05,-1.0679,-0.097448,5.5571e-07,0.076557,0,87.715,0.16101,0.87819,477.1483,1364.8992
59.4271,11649.7615,39.7687,239.9956,9.1885,-0.0023957,0.049142,-3.9231,90.0116,0.15372,4.4326,5.1644,-16.4154,-28.4183,-8.3478e-05,-1.0679,-0.097448,5.5571e-07,0.076557,0,87.715,0.16101,0.87819,477.1483,1364.8992
59.4331,11650.0929,39.7689,239.9958,9.1885,-0.0023356,0.01645,-4.4405,90.0129,0.1066,4.4326,5.1799,-15.7639,-28.8046,-5.9937e-05,0.42652,-0.10708,5.548e-07,0.076568,0,87.8591,0.16109,0.85705,477.1471,1364.8815
59.4391,11650.0929,39.7689,239.9958,9.1885,-0.0023356,0.01645,-4.4405,90.0129,0.1066,4.4326,5.1799,-15.7639,-28.8046,-5.9937e-05,0.42652,-0.10708,5.548e-07,0.076568,0,87.8591,0.16107,0.86036,477.1471,1364.8815
59.4414,11650.4243,39.7691,239.9962,9.1885,-0.0023146,-0.020553,-4.2451,90.0138,0.054811,4.4325,5.203,-2.8015,-32.5429,-8.1868e-06,1.5699,-0.11375,5.5389e-07,0.076579,0,88.0032,0.16113,0.832,477.1459,1364.8637
59.4498,11650.7557,39.7694,239.9968,9.1885,-0.0023381,-0.055929,-3.5043,90.0142,-0.00020153,4.4325,5.2333,7.1566,-35.4166,4.3796e-05,1.5407,-0.11786,5.5298e-07,0.07659,0,88.1473,0.16115,0.80666,477.1447,1364.846
59.4521,11650.7557,39.7694,239.9968,9.1885,-0.0023381,-0.055929,-3.5043,90.0142,-0.00020153,4.4325,5.2333,7.1566,-35.4166,4.3796e-05,1.5407,-0.11786,5.5298e-07,0.07659,0,88.1473,0.16115,0.8187,477.1447,1364.846
59.4521,11650.7557,39.7694,239.9968,9.1885,-0.0023381,-0.055929,-3.5043,90.0142,-0.00020153,4.4325,5.2333,7.1566,-35.4166,4.3796e-05,1.5407,-0.11786,5.5298e-07,0.07659,0,88.1473,0.16115,0.8187,477.1447,1364.846
59.4581,11651.0871,39.7698,239.9976,9.1885,-0.0024009,-0.085132,-2.7778,90.0142,-0.057201,4.4325,5.2705,6.6356,-35.3573,8.3458e-05,1.5115,-0.11907,5.5207e-07,0.076601,0,88.2403,0.16114,0.78102,477.1436,1364.8282
59.4641,11651.0871,39.7698,239.9976,9.1885,-0.0024009,-0.085132,-2.7778,90.0142,-0.057201,4.4325,5.2705,6.6356,-35.3573,8.3458e-05,1.5115,-0.11907,5.5207e-07,0.076601,0,88.2403,0.16113,0.81811,477.1436,1364.8282
59.4653,11651.0871,39.7698,239.9976,9.1885,-0.0024009,-0.085132,-2.7778,90.0142,-0.057201,4.4325,5.2705,6.6356,-35.3573,8.3458e-05,1.5115,-0.11907,5.5207e-07,0.076601,0,88.2403,0.16113,0.82324,477.1436,1364.8282
59.4653,11651.0871,39.7698,239.9976,9.1885,-0.0024009,-0.085132,-2.7778,90.0142,-0.057201,4.4325,5.2705,6.6356,-35.3573,8.3458e-05,1.5115,-0.11907,5.5207e-07,0.076601,0,88.2403,0.16113,0.82324,477.1436,1364.8282
59.4664,11651.4185,39.7702,239.9987,9.1885,-0.0024913,-0.10828,-2.0653,90.0138,-0.11479,4.4325,5.3155,6.2944,-35.2952,6.9763e-05,1.4809,-0.11017,5.5117e-07,0.076611,0,87.8942,0.16112,0.75503,477.1424,1364.8105
59.4676,11651.4185,39.7702,239.9987,9.1885,-0.0024913,-0.10828,-2.0653,90.0138,-0.11479,4.4325,5.3155,6.2944,-35.2952,6.9763e-05,1.4809,-0.11017,5.5117e-07,0.076611,0,87.8942,0.16112,0.76684,477.1424,1364.8105
59.4699,11651.4185,39.7702,239.9987,9.1885,-0.0024913,-0.10828,-2.0653,90.0138,-0.11479,4.4325,5.3155,6.2944,-35.2952,6.9763e-05,1.4809,-0.11017,5.5117e-07,0.076611,0,87.8942,0.16111,0.78674,477.1424,1364.8105
59.4748,11651.7499,39.7703,239.9986,9.1885,-0.0026073,-0.12549,-1.3667,90.0128,-0.16807,4.4325,5.1898,6.5726,-35.2249,3.1881e-05,1.4487,-0.089951,5.5028e-07,0.076622,0,87.5484,0.16101,0.81681,477.1412,1364.7927
59.4831,11652.0814,39.7702,239.998,9.1884,-0.0027276,-0.13688,-0.68194,90.0114,-0.21158,4.4325,5.0949,7.5437,-35.1474,-2.3382e-05,1.4162,-0.064557,5.4939e-07,0.076633,0,87.2028,0.16085,0.88671,477.14,1364.775
59.4914,11652.4128,39.77,239.9968,9.1884,-0.0028362,-0.14256,-0.010764,90.0096,-0.2428,4.4325,5.0156,8.8346,-35.0662,-9.7388e-06,1.3838,-0.036874,5.4852e-07,0.076644,0,87.177,0.16067,0.95965,477.1388,1364.7572
59.4998,11652.7442,39.7699,239.9962,9.1884,-0.0028851,-0.14265,0.64709,90.0076,-0.26063,4.4325,5.1329,10.2704,-34.9874,2.5365e-05,1.352,-0.0089047,5.4766e-07,0.076655,0,87.3209,0.16058,0.94893,477.1377,1364.7395
59.5081,11653.0756,39.7698,239.9958,9.1884,-0.0028589,-0.13726,1.2919,90.0054,-0.26494,4.4325,5.2513,11.7293,-34.9091,7.2663e-05,1.3212,0.017674,5.4681e-07,0.076666,0,87.4649,0.16058,0.92998,477.1365,1364.7218
59.5164,11653.407,39.7699,239.9956,9.1884,-0.0027565,-0.12649,1.9241,90.0032,-0.2564,4.4326,5.3664,13.1096,-34.8312,7.8335e-05,1.2914,0.041747,5.4597e-07,0.076677,0,87.6089,0.16067,0.90729,477.1353,1364.704
59.5248,11653.7384,39.7699,239.9956,9.1884,-0.0026098,-0.11046,2.5439,90.0011,-0.23621,4.4326,5.476,14.3434,-34.751,5.4129e-05,1.2629,0.062657,5.4515e-07,0.076688,0,87.7529,0.16081,0.88287,477.1341,1364.6863
59.5331,11654.0698,39.7701,239.9958,9.1884,-0.0024511,-0.08926,3.1517,89.9991,-0.20591,4.4326,5.578,15.3906,-34.6694,4.3451e-06,1.2356,0.080096,5.4433e-07,0.076699,0,87.897,0.16098,0.8576,477.1329,1364.6685
59.5404,11654.0698,39.7701,239.9958,9.1884,-0.0024511,-0.08926,3.1517,89.9991,-0.20591,4.4326,5.578,15.3906,-34.6694,4.3451e-06,1.2356,0.080096,5.4433e-07,0.076699,0,87.897,0.16097,0.86115,477.1329,1364.6685
59.5404,11654.0698,39.7701,239.9958,9.1884,-0.0024511,-0.08926,3.1517,89.9991,-0.20591,4.4326,5.578,15.3906,-34.6694,4.3451e-06,1.2356,0.080096,5.4433e-07,0.076699,0,87.897,0.16097,0.86115,477.1329,1364.6685
59.5414,11654.4013,39.7703,239.9962,9.1884,-0.0023138,-0.062996,3.7479,89.9974,-0.16717,4.4326,5.6715,16.2322,-34.5866,-4.6326e-05,1.197,0.094024,5.4353e-07,0.07671,0,88.0411,0.16115,0.83185,477.1318,1364.6508
59.5425,11654.4013,39.7703,239.9962,9.1884,-0.0023138,-0.062996,3.7479,89.9974,-0.16717,4.4326,5.6715,16.2322,-34.5866,-4.6326e-05,1.197,0.094024,5.4353e-07,0.07671,0,88.0411,0.16115,0.835,477.1318,1364.6508
59.5445,11654.4013,39.7703,239.9962,9.1884,-0.0023138,-0.062996,3.7479,89.9974,-0.16717,4.4326,5.6715,16.2322,-34.5866,-4.6326e-05,1.197,0.094024,5.4353e-07,0.07671,0,88.0411,0.16114,0.84042,477.1318,1364.6508
59.5486,11654.4013,39.7703,239.9962,9.1884,-0.0023138,-0.062996,3.7479,89.9974,-0.16717,4.4326,5.6715,16.2322,-34.5866,-4.6326e-05,1.197,0.094024,5.4353e-07,0.07671,0,88.0411,0.16113,0.84842,477.1318,1364.6508
59.5498,11654.7327,39.7706,239.9968,9.1884,-0.002221,-0.031764,4.3266,89.996,-0.1217,4.4326,5.7555,16.7519,-34.4728,-8.0285e-05,0.067037,0.10461,5.4273e-07,0.07672,0,88.1852,0.16128,0.80613,477.1306,1364.633
59.5556,11654.7327,39.7706,239.9968,9.1884,-0.002221,-0.031764,4.3266,89.996,-0.1217,4.4326,5.7555,16.7519,-34.4728,-8.0285e-05,0.067037,0.10461,5.4273e-07,0.07672,0,88.1852,0.16127,0.83173,477.1306,1364.633
59.5581,11655.0641,39.771,239.9977,9.1884,-0.0021875,0.0042916,4.3667,89.995,-0.071114,4.4325,5.8301,7.1554,-31.6418,-7.5713e-05,-1.5642,0.11213,5.4193e-07,0.076731,0,88.2297,0.16137,0.78053,477.1294,1364.6153
59.5664,11655.3955,39.7714,239.9987,9.1883,-0.0022171,0.040681,3.6285,89.9944,-0.016888,4.4325,5.8966,-7.1864,-27.5766,-8.9617e-05,-1.5456,0.11695,5.4114e-07,0.076742,0,87.8837,0.16141,0.75471,477.1282,1364.5975
59.5677,11655.3955,39.7714,239.9987,9.1883,-0.0022171,0.040681,3.6285,89.9944,-0.016888,4.4325,5.8966,-7.1864,-27.5766,-8.9617e-05,-1.5456,0.11695,5.4114e-07,0.076742,0,87.8837,0.16141,0.76729,477.1282,1364.5975
59.5677,11655.3955,39.7714,239.9987,9.1883,-0.0022171,0.040681,3.6285,89.9944,-0.016888,4.4325,5.8966,-7.1864,-27.5766,-8.9617e-05,-1.5456,0.11695,5.4114e-07,0.076742,0,87.8837,0.16141,0.76729,477.1282,1364.5975
59.5748,11655.727,39.7715,239.9987,9.1883,-0.0023202,0.070919,2.8996,89.9943,0.039674,4.4325,5.7599,-6.7234,-27.6329,-0.00011499,-1.5166,0.11942,5.4035e-07,0.076753,0,87.5379,0.16131,0.81675,477.127,1364.5798
59.5804,11655.727,39.7715,239.9987,9.1883,-0.0023202,0.070919,2.8996,89.9943,0.039674,4.4325,5.7599,-6.7234,-27.6329,-0.00011499,-1.5166,0.11942,5.4035e-07,0.076753,0,87.5379,0.1613,0.83672,477.127,1364.5798
59.5804,11655.727,39.7715,239.9987,9.1883,-0.0023202,0.070919,2.8996,89.9943,0.039674,4.4325,5.7599,-6.7234,-27.6329,-0.00011499,-1.5166,0.11942,5.4035e-07,0.076753,0,87.5379,0.1613,0.83672,477.127,1364.5798
59.5831,11656.0584,39.7715,239.9981,9.1883,-0.0024862,0.095082,2.1847,89.9946,0.097428,4.4325,5.6198,-6.3112,-27.7126,-0.00014145,-1.4865,0.11394,5.3955e-07,0.076764,0,87.1923,0.16111,0.88692,477.1258,1364.562
59.5858,11656.0584,39.7715,239.9981,9.1883,-0.0024862,0.095082,2.1847,89.9946,0.097428,4.4325,5.6198,-6.3112,-27.7126,-0.00014145,-1.4865,0.11394,5.3955e-07,0.076764,0,87.1923,0.16111,0.88136,477.1258,1364.562
59.5914,11656.3898,39.7712,239.9968,9.1883,-0.0026919,0.11329,1.4837,89.9954,0.15253,4.4325,5.4622,-6.3841,-27.793,-8.4958e-05,-1.4545,0.095422,5.3874e-07,0.076775,0,87.1728,0.16083,0.96009,477.1247,1364.5443
59.5998,11656.7212,39.7711,239.9962,9.1883,-0.0028649,0.12565,0.79663,89.9967,0.19868,4.4325,5.4627,-7.2532,-27.8815,5.1836e-06,-1.422,0.070811,5.3793e-07,0.076786,0,87.3167,0.16062,0.94959,477.1235,1364.5265
59.6081,11657.0527,39.7711,239.9958,9.1883,-0.0029632,0.13229,0.12315,89.9983,0.23293,4.4325,5.4484,-8.4965,-27.9717,0.00011419,-1.3896,0.043438,5.371e-07,0.076797,0,87.4607,0.1605,0.93081,477.1223,1364.5088
59.6164,11657.3841,39.7711,239.9956,9.1883,-0.002961,0.13332,-0.53696,90.0003,0.25394,4.4326,5.4278,-9.912,-28.0606,0.00017677,-1.3577,0.015323,5.3627e-07,0.076808,0,87.6047,0.16049,0.90824,477.1211,1364.491
59.6248,11657.7155,39.7712,239.9956,9.1883,-0.0028735,0.12884,-1.184,90.0024,0.26135,4.4326,5.4061,-11.3771,-28.1435,0.00019379,-1.3266,-0.011724,5.3542e-07,0.076819,0,87.7487,0.16057,0.88389,477.1199,1364.4733
59.6331,11658.0469,39.7713,239.9958,9.1883,-0.0027249,0.11898,-1.8183,90.0046,0.25569,4.4326,5.3878,-12.7819,-28.2192,0.00016071,-1.2966,-0.036462,5.3457e-07,0.076829,0,87.8928,0.16073,0.85865,477.1188,1364.4556
59.6414,11658.3784,39.7715,239.9962,9.1882,-0.0025499,0.10382,-2.4402,90.0067,0.23805,4.4326,5.376,-14.051,-28.2867,9.1516e-05,-1.2678,-0.058147,5.337e-07,0.07684,0,88.0368,0.16093,0.83292,477.1176,1364.4378
59.6498,11658.7098,39.7718,239.9968,9.1882,-0.0023823,0.083488,-3.0501,90.0087,0.20993,4.4326,5.3723,-15.1393,-28.3465,3.278e-06,-1.2403,-0.076398,5.3282e-07,0.076851,0,88.181,0.16114,0.80687,477.1164,1364.4201
59.6547,11658.7098,39.7718,239.9968,9.1882,-0.0023823,0.083488,-3.0501,90.0087,0.20993,4.4326,5.3723,-15.1393,-28.3465,3.278e-06,-1.2403,-0.076398,5.3282e-07,0.076851,0,88.181,0.16113,0.82928,477.1164,1364.4201
59.6547,11658.7098,39.7718,239.9968,9.1882,-0.0023823,0.083488,-3.0501,90.0087,0.20993,4.4326,5.3723,-15.1393,-28.3465,3.278e-06,-1.2403,-0.076398,5.3282e-07,0.076851,0,88.181,0.16113,0.82928,477.1164,1364.4201
59.6581,11659.0412,39.7722,239.9976,9.1882,-0.0022519,0.05807,-3.6482,90.0104,0.17299,4.4326,5.3774,-16.0233,-28.3993,-7.9681e-05,-1.214,-0.091123,5.3194e-07,0.076862,0,88.3044,0.16132,0.78059,477.1152,1364.4023
59.6615,11659.0412,39.7722,239.9976,9.1882,-0.0022519,0.05807,-3.6482,90.0104,0.17299,4.4326,5.3774,-16.0233,-28.3993,-7.9681e-05,-1.214,-0.091123,5.3194e-07,0.076862,0,88.3044,0.16131,0.80428,477.1152,1364.4023
59.6657,11659.0412,39.7722,239.9976,9.1882,-0.0022519,0.05807,-3.6482,90.0104,0.17299,4.4326,5.3774,-16.0233,-28.3993,-7.9681e-05,-1.214,-0.091123,5.3194e-07,0.076862,0,88.3044,0.1613,0.82494,477.1152,1364.4023
59.6657,11659.0412,39.7722,239.9976,9.1882,-0.0022519,0.05807,-3.6482,90.0104,0.17299,4.4326,5.3774,-16.0233,-28.3993,-7.9681e-05,-1.214,-0.091123,5.3194e-07,0.076862,0,88.3044,0.1613,0.82494,477.1152,1364.4023
59.6664,11659.3727,39.7726,239.9987,9.1882,-0.0021783,0.027669,-4.2348,90.0119,0.12892,4.4325,5.3907,-16.6975,-28.4464,-0.00017765,-0.35807,-0.10245,5.3105e-07,0.076873,0,87.9584,0.16146,0.75429,477.114,1364.3846
59.6671,11659.3727,39.7726,239.9987,9.1882,-0.0021783,0.027669,-4.2348,90.0119,0.12892,4.4325,5.3907,-16.6975,-28.4464,-0.00017765,-0.35807,-0.10245,5.3105e-07,0.076873,0,87.9584,0.16146,0.76156,477.114,1364.3846
59.6685,11659.3727,39.7726,239.9987,9.1882,-0.0021783,0.027669,-4.2348,90.0119,0.12892,4.4325,5.3907,-16.6975,-28.4464,-0.00017765,-0.35807,-0.10245,5.3105e-07,0.076873,0,87.9584,0.16146,0.77469,477.114,1364.3846
59.6713,11659.3727,39.7726,239.9987,9.1882,-0.0021783,0.027669,-4.2348,90.0119,0.12892,4.4325,5.3907,-16.6975,-28.4464,-0.00017765,-0.35807,-0.10245,5.3105e-07,0.076873,0,87.9584,0.16145,0.79606,477.114,1364.3846
59.6737,11659.3727,39.7726,239.9987,9.1882,-0.0021783,0.027669,-4.2348,90.0119,0.12892,4.4325,5.3907,-16.6975,-28.4464,-0.00017765,-0.35807,-0.10245,5.3105e-07,0.076873,0,87.9584,0.16145,0.81077,477.114,1364.3846
59.6737,11659.3727,39.7726,239.9987,9.1882,-0.0021783,0.027669,-4.2348,90.0119,0.12892,4.4325,5.3907,-16.6975,-28.4464,-0.00017765,-0.35807,-0.10245,5.3105e-07,0.076873,0,87.9584,0.16145,0.81077,477.114,1364.3846
59.6748,11659.7041,39.7727,239.9987,9.1882,-0.0021912,-0.007621,-4.4137,90.013,0.079376,4.4325,5.2144,-9.6327,-30.5733,-0.00024064,1.2737,-0.1106,5.3015e-07,0.076884,0,87.6126,0.16145,0.81629,477.1129,1364.3668
59.6758,11659.7041,39.7727,239.9987,9.1882,-0.0021912,-0.007621,-4.4137,90.013,0.079376,4.4325,5.2144,-9.6327,-30.5733,-0.00024064,1.2737,-0.1106,5.3015e-07,0.076884,0,87.6126,0.16145,0.8208,477.1129,1364.3668
59.6778,11659.7041,39.7727,239.9987,9.1882,-0.0021912,-0.007621,-4.4137,90.013,0.079376,4.4325,5.2144,-9.6327,-30.5733,-0.00024064,1.2737,-0.1106,5.3015e-07,0.076884,0,87.6126,0.16145,0.82854,477.1129,1364.3668
59.6818,11659.7041,39.7727,239.9987,9.1882,-0.0021912,-0.007621,-4.4137,90.013,0.079376,4.4325,5.2144,-9.6327,-30.5733,-0.00024064,1.2737,-0.1106,5.3015e-07,0.076884,0,87.6126,0.16144,0.84004,477.1129,1364.3668
59.6831,11660.0355,39.7727,239.998,9.1882,-0.0022967,-0.044402,-3.8141,90.0136,0.025889,4.4325,5.0476,4.666,-34.6587,-0.00026626,1.5529,-0.11602,5.2925e-07,0.076895,0,87.2671,0.16131,0.88658,477.1117,1364.3491
59.6836,11660.0355,39.7727,239.998,9.1882,-0.0022967,-0.044402,-3.8141,90.0136,0.025889,4.4325,5.0476,4.666,-34.6587,-0.00026626,1.5529,-0.11602,5.2925e-07,0.076895,0,87.2671,0.16131,0.88549,477.1117,1364.3491
59.6836,11660.0355,39.7727,239.998,9.1882,-0.0022967,-0.044402,-3.8141,90.0136,0.025889,4.4325,5.0476,4.666,-34.6587,-0.00026626,1.5529,-0.11602,5.2925e-07,0.076895,0,87.2671,0.16131,0.88549,477.1117,1364.3491
59.6898,11660.0355,39.7727,239.998,9.1882,-0.0022967,-0.044402,-3.8141,90.0136,0.025889,4.4325,5.0476,4.666,-34.6587,-0.00026626,1.5529,-0.11602,5.2925e-07,0.076895,0,87.2671,0.1613,0.87521,477.1117,1364.3491
59.6914,11660.367,39.7724,239.9968,9.1882,-0.0024834,-0.076186,-3.0816,90.0138,-0.03022,4.4326,4.8894,6.8605,-35.3659,-0.00019566,1.5238,-0.11904,5.2836e-07,0.076906,0,87.1406,0.16106,0.95996,477.1105,1364.3313
59.6961,11660.367,39.7724,239.9968,9.1882,-0.0024834,-0.076186,-3.0816,90.0138,-0.03022,4.4326,4.8894,6.8605,-35.3659,-0.00019566,1.5238,-0.11904,5.2836e-07,0.076906,0,87.1406,0.16105,0.92401,477.1105,1364.3313
59.6961,11660.367,39.7724,239.9968,9.1882,-0.0024834,-0.076186,-3.0816,90.0138,-0.03022,4.4326,4.8894,6.8605,-35.3659,-0.00019566,1.5238,-0.11904,5.2836e-07,0.076906,0,87.1406,0.16105,0.92401,477.1105,1364.3313
59.6998,11660.6984,39.7723,239.9962,9.1882,-0.0026912,-0.10187,-2.3633,90.0136,-0.087789,4.4326,4.9278,6.4077,-35.3062,-7.6658e-05,1.494,-0.11554,5.2747e-07,0.076917,0,87.2845,0.16081,0.9497,477.1093,1364.3136
59.7034,11660.6984,39.7723,239.9962,9.1882,-0.0026912,-0.10187,-2.3633,90.0136,-0.087789,4.4326,4.9278,6.4077,-35.3062,-7.6658e-05,1.494,-0.11554,5.2747e-07,0.076917,0,87.2845,0.16081,0.92364,477.1093,1364.3136
59.7081,11661.0298,39.7723,239.9958,9.1882,-0.0028746,-0.12156,-1.6589,90.0129,-0.14367,4.4326,4.9826,6.3556,-35.2458,7.3909e-05,1.4623,-0.099624,5.2658e-07,0.076928,0,87.4285,0.16061,0.93119,477.1081,1364.2959
59.7164,11661.3613,39.7723,239.9956,9.1882,-0.0029859,-0.13538,-0.96837,90.0117,-0.19185,4.4326,5.0689,7.0628,-35.181,0.00018918,1.4299,-0.076189,5.2571e-07,0.076938,0,87.5725,0.16048,0.90885,477.107,1364.2781
59.7248,11661.6927,39.7724,239.9955,9.1881,-0.0030134,-0.14345,-0.29154,90.0101,-0.2287,4.4326,5.175,8.2324,-35.1106,0.00026518,1.3974,-0.049358,5.2485e-07,0.076949,0,87.7165,0.16045,0.88469,477.1058,1364.2604
59.7331,11662.0241,39.7726,239.9957,9.1881,-0.0029563,-0.14588,0.37187,90.0082,-0.25257,4.4326,5.2904,9.6141,-35.0362,0.00028657,1.3654,-0.021349,5.24e-07,0.07696,0,87.8605,0.16052,0.85959,477.1046,1364.2426
59.7414,11662.3556,39.7728,239.9961,9.1881,-0.0028314,-0.14278,1.0221,90.0061,-0.2629,4.4326,5.4097,11.0732,-34.9576,0.00025603,1.3341,0.0059719,5.2316e-07,0.076971,0,88.0046,0.16067,0.83394,477.1034,1364.2249
59.7498,11662.687,39.773,239.9968,9.1881,-0.0026639,-0.13427,1.6596,90.0039,-0.26001,4.4326,5.5282,12.4962,-34.8757,0.00018142,1.3039,0.031235,5.2233e-07,0.076982,0,88.1487,0.16087,0.80793,477.1022,1364.2071
59.7581,11663.0185,39.7734,239.9976,9.1881,-0.002484,-0.12044,2.2846,90.0017,-0.24491,4.4326,5.6421,13.8001,-34.7912,7.7796e-05,1.2748,0.053595,5.2152e-07,0.076993,0,88.2929,0.1611,0.78166,477.1011,1364.1894
59.7664,11663.3499,39.7738,239.9986,9.1881,-0.0023212,-0.1014,2.8974,89.9997,-0.21899,4.4325,5.7492,14.9331,-34.7053,-7.9618e-05,1.247,0.072595,5.2072e-07,0.077004,0,87.9469,0.16133,0.75516,477.0999,1364.1716
59.7686,11663.3499,39.7738,239.9986,9.1881,-0.0023212,-0.1014,2.8974,89.9997,-0.21899,4.4325,5.7492,14.9331,-34.7053,-7.9618e-05,1.247,0.072595,5.2072e-07,0.077004,0,87.9469,0.16133,0.77585,477.0999,1364.1716
59.7686,11663.3499,39.7738,239.9986,9.1881,-0.0023212,-0.1014,2.8974,89.9997,-0.21899,4.4325,5.7492,14.9331,-34.7053,-7.9618e-05,1.247,0.072595,5.2072e-07,0.077004,0,87.9469,0.16133,0.77585,477.0999,1364.1716
59.7748,11663.6814,39.7739,239.9986,9.1881,-0.0022214,-0.077254,3.4984,89.9978,-0.18388,4.4325,5.6513,15.8674,-34.6164,-0.00023815,1.2204,0.08808,5.1992e-07,0.077015,0,87.6011,0.16143,0.81651,477.0987,1364.1539
59.7793,11663.6814,39.7739,239.9986,9.1881,-0.0022214,-0.077254,3.4984,89.9978,-0.18388,4.4325,5.6513,15.8674,-34.6164,-0.00023815,1.2204,0.08808,5.1992e-07,0.077015,0,87.6011,0.16142,0.83357,477.0987,1364.1539
59.7793,11663.6814,39.7739,239.9986,9.1881,-0.0022214,-0.077254,3.4984,89.9978,-0.18388,4.4325,5.6513,15.8674,-34.6164,-0.00023815,1.2204,0.08808,5.1992e-07,0.077015,0,87.6011,0.16142,0.83357,477.0987,1364.1539
59.7831,11664.0128,39.7738,239.998,9.1881,-0.0022074,-0.048101,4.0879,89.9963,-0.14129,4.4326,5.5465,16.5934,-34.5273,-0.0003617,0.76522,0.10013,5.1914e-07,0.077026,0,87.2556,0.16141,0.88611,477.0975,1364.1362
59.7869,11664.0128,39.7738,239.998,9.1881,-0.0022074,-0.048101,4.0879,89.9963,-0.14129,4.4326,5.5465,16.5934,-34.5273,-0.0003617,0.76522,0.10013,5.1914e-07,0.077026,0,87.2556,0.1614,0.87899,477.0975,1364.1362
59.7878,11664.0128,39.7738,239.998,9.1881,-0.0022074,-0.048101,4.0879,89.9963,-0.14129,4.4326,5.5465,16.5934,-34.5273,-0.0003617,0.76522,0.10013,5.1914e-07,0.077026,0,87.2556,0.1614,0.8776,477.0975,1364.1362
59.7878,11664.0128,39.7738,239.998,9.1881,-0.0022074,-0.048101,4.0879,89.9963,-0.14129,4.4326,5.5465,16.5934,-34.5273,-0.0003617,0.76522,0.10013,5.1914e-07,0.077026,0,87.2556,0.1614,0.8776,477.0975,1364.1362
59.7914,11664.3443,39.7736,239.9968,9.1881,-0.0022855,-0.014035,4.461,89.9951,-0.092861,4.4326,5.4331,13.214,-33.3706,-0.00035125,-0.86526,0.10896,5.1836e-07,0.077037,0,87.1556,0.16126,0.95946,477.0963,1364.1184
59.795,11664.3443,39.7736,239.9968,9.1881,-0.0022855,-0.014035,4.461,89.9951,-0.092861,4.4326,5.4331,13.214,-33.3706,-0.00035125,-0.86526,0.10896,5.1836e-07,0.077037,0,87.1556,0.16126,0.93058,477.0963,1364.1184
59.7998,11664.6757,39.7735,239.9962,9.1881,-0.0024147,0.02314,4.0563,89.9943,-0.040166,4.4326,5.5011,-1.0372,-29.3003,-0.00024453,-1.5623,0.11497,5.1759e-07,0.077048,0,87.2995,0.1611,0.94934,477.0952,1364.1007
59.8081,11665.0071,39.7735,239.9957,9.188,-0.0025627,0.056942,3.3192,89.994,0.015432,4.4326,5.5616,-6.9959,-27.5753,-8.7019e-05,-1.5332,0.11849,5.1681e-07,0.077058,0,87.4434,0.16093,0.93107,477.094,1364.0829
59.8117,11665.0071,39.7735,239.9957,9.188,-0.0025627,0.056942,3.3192,89.994,0.015432,4.4326,5.5616,-6.9959,-27.5753,-8.7019e-05,-1.5332,0.11849,5.1681e-07,0.077058,0,87.4434,0.16092,0.91105,477.094,1364.0829
59.8117,11665.0071,39.7735,239.9957,9.188,-0.0025627,0.056942,3.3192,89.994,0.015432,4.4326,5.5616,-6.9959,-27.5753,-8.7019e-05,-1.5332,0.11849,5.1681e-07,0.077058,0,87.4434,0.16092,0.91105,477.094,1364.0829
59.8164,11665.3386,39.7735,239.9955,9.188,-0.0026951,0.084603,2.5963,89.9941,0.072738,4.4326,5.616,-6.5174,-27.6667,5.0925e-05,-1.5037,0.11761,5.1603e-07,0.077069,0,87.5874,0.16079,0.90898,477.0928,1364.0652
59.8212,11665.3386,39.7735,239.9955,9.188,-0.0026951,0.084603,2.5963,89.9941,0.072738,4.4326,5.616,-6.5174,-27.6667,5.0925e-05,-1.5037,0.11761,5.1603e-07,0.077069,0,87.5874,0.16078,0.89225,477.0928,1364.0652
59.8248,11665.67,39.7736,239.9955,9.188,-0.002802,0.10624,1.8874,89.9947,0.12962,4.4326,5.6601,-6.3099,-27.7561,0.00016508,-1.4726,0.10523,5.1525e-07,0.07708,0,87.7314,0.16068,0.8851,477.0916,1364.0474
59.8331,11666.0015,39.7738,239.9957,9.188,-0.0028653,0.12197,1.1924,89.9958,0.18051,4.4326,5.6763,-6.8036,-27.8469,0.00023828,-1.4403,0.083398,5.1446e-07,0.077091,0,87.8754,0.16063,0.86025,477.0904,1364.0297
59.8414,11666.3329,39.774,239.9961,9.188,-0.0028741,0.1319,0.5112,89.9973,0.22085,4.4326,5.6698,-7.8759,-27.9369,0.00026969,-1.4077,0.057283,5.1366e-07,0.077102,0,88.0195,0.16064,0.83481,477.0892,1364.012
59.8498,11666.6644,39.7743,239.9967,9.188,-0.0028265,0.13616,-0.15652,89.9992,0.24855,4.4326,5.6535,-9.2126,-28.0232,0.00025788,-1.3755,0.029415,5.1285e-07,0.077113,0,88.1636,0.16073,0.80896,477.0881,1363.9942
59.8581,11666.9958,39.7746,239.9975,9.188,-0.0027309,0.13486,-0.81101,90.0012,0.26278,4.4326,5.6337,-10.6602,-28.1043,0.00020596,-1.344,0.0017286,5.1202e-07,0.077124,0,88.3077,0.16087,0.78277,477.0869,1363.9765
59.8664,11667.3273,39.775,239.9985,9.188,-0.0026038,0.1281,-1.4526,90.0034,0.26362,4.4325,5.6152,-12.1014,-28.1791,7.8689e-05,-1.3134,-0.024238,5.1119e-07,0.077135,0,87.9618,0.16107,0.75632,477.0857,1363.9587
59.8748,11667.6587,39.7751,239.9985,9.1879,-0.0024878,0.116,-2.0816,90.0056,0.2519,4.4325,5.4049,-13.4427,-28.2443,-7.9524e-05,-1.284,-0.0475,5.1034e-07,0.077146,0,87.616,0.16118,0.81764,477.0845,1363.941
59.8831,11667.9902,39.775,239.9979,9.1879,-0.0024114,0.09865,-2.6983,90.0077,0.22893,4.4326,5.2036,-14.6242,-28.302,-0.00024478,-1.2558,-0.067499,5.0949e-07,0.077157,0,87.2705,0.16122,0.88718,477.0833,1363.9233
59.8914,11668.3217,39.7748,239.9967,9.1879,-0.0023968,0.076164,-3.3031,90.0096,0.19628,4.4326,5.0125,-15.6118,-28.3533,-0.00031157,-1.2288,-0.084,5.0862e-07,0.077167,0,87.2345,0.16116,0.95986,477.0822,1363.9055
59.8924,11668.3217,39.7748,239.9967,9.1879,-0.0023968,0.076164,-3.3031,90.0096,0.19628,4.4326,5.0125,-15.6118,-28.3533,-0.00031157,-1.2288,-0.084,5.0862e-07,0.077167,0,87.2345,0.16116,0.95111,477.0822,1363.9055
59.8924,11668.3217,39.7748,239.9967,9.1879,-0.0023968,0.076164,-3.3031,90.0096,0.19628,4.4326,5.0125,-15.6118,-28.3533,-0.00031157,-1.2288,-0.084,5.0862e-07,0.077167,0,87.2345,0.16116,0.95111,477.0822,1363.9055
59.8998,11668.6531,39.7747,239.9961,9.1879,-0.0024184,0.048638,-3.8963,90.0113,0.15566,4.4326,5.0201,-16.3913,-28.4042,-0.00029974,-1.0846,-0.097025,5.0775e-07,0.077178,0,87.3784,0.16111,0.94903,477.081,1363.8878
59.9018,11668.6531,39.7747,239.9961,9.1879,-0.0024184,0.048638,-3.8963,90.0113,0.15566,4.4326,5.0201,-16.3913,-28.4042,-0.00029974,-1.0846,-0.097025,5.0775e-07,0.077178,0,87.3784,0.1611,0.93372,477.081,1363.8878
59.9018,11668.6531,39.7747,239.9961,9.1879,-0.0024184,0.048638,-3.8963,90.0113,0.15566,4.4326,5.0201,-16.3913,-28.4042,-0.00029974,-1.0846,-0.097025,5.0775e-07,0.077178,0,87.3784,0.1611,0.93372,477.081,1363.8878
59.9081,11668.9846,39.7746,239.9956,9.1879,-0.0024614,0.016168,-4.4217,90.0126,0.10874,4.4326,5.0346,-15.8895,-28.7511,-0.00021112,0.35871,-0.10678,5.0687e-07,0.077189,0,87.5223,0.16104,0.93053,477.0798,1363.87
59.9144,11668.9846,39.7746,239.9956,9.1879,-0.0024614,0.016168,-4.4217,90.0126,0.10874,4.4326,5.0346,-15.8895,-28.7511,-0.00021112,0.35871,-0.10678,5.0687e-07,0.077189,0,87.5223,0.16103,0.89967,477.0798,1363.87
59.9164,11669.316,39.7747,239.9954,9.1879,-0.0025115,-0.020679,-4.2587,90.0135,0.057101,4.4326,5.0562,-3.3978,-32.3644,-9.0935e-05,1.5702,-0.11356,5.0599e-07,0.0772,0,87.6663,0.16098,0.90855,477.0786,1363.8523
59.9248,11669.6475,39.7748,239.9954,9.1879,-0.0025732,-0.056168,-3.5177,90.0139,0.0021832,4.4326,5.085,7.1718,-35.4121,3.1176e-05,1.5411,-0.11775,5.051e-07,0.077211,0,87.8103,0.16092,0.88488,477.0774,1363.8346
59.927,11669.6475,39.7748,239.9954,9.1879,-0.0025732,-0.056168,-3.5177,90.0139,0.0021832,4.4326,5.085,7.1718,-35.4121,3.1176e-05,1.5411,-0.11775,5.051e-07,0.077211,0,87.8103,0.16091,0.88093,477.0774,1363.8346
59.927,11669.6475,39.7748,239.9954,9.1879,-0.0025732,-0.056168,-3.5177,90.0139,0.0021832,4.4326,5.085,7.1718,-35.4121,3.1176e-05,1.5411,-0.11775,5.051e-07,0.077211,0,87.8103,0.16091,0.88093,477.0774,1363.8346
59.9331,11669.9789,39.7749,239.9956,9.1879,-0.0026411,-0.085482,-2.791,90.014,-0.054763,4.4326,5.1208,6.6454,-35.3565,0.00012555,1.5119,-0.11912,5.0423e-07,0.077222,0,87.9543,0.16086,0.86029,477.0763,1363.8168
59.9392,11669.9789,39.7749,239.9956,9.1879,-0.0026411,-0.085482,-2.791,90.014,-0.054763,4.4326,5.1208,6.6454,-35.3565,0.00012555,1.5119,-0.11912,5.0423e-07,0.077222,0,87.9543,0.16085,0.86236,477.0763,1363.8168
59.94,11669.9789,39.7749,239.9956,9.1879,-0.0026411,-0.085482,-2.791,90.014,-0.054763,4.4326,5.1208,6.6454,-35.3565,0.00012555,1.5119,-0.11912,5.0423e-07,0.077222,0,87.9543,0.16085,0.86255,477.0763,1363.8168
59.94,11669.9789,39.7749,239.9956,9.1879,-0.0026411,-0.085482,-2.791,90.014,-0.054763,4.4326,5.1208,6.6454,-35.3565,0.00012555,1.5119,-0.11912,5.0423e-07,0.077222,0,87.9543,0.16085,0.86255,477.0763,1363.8168
59.9414,11670.3104,39.7752,239.996,9.1879,-0.002711,-0.10874,-2.0783,90.0135,-0.11237,4.4326,5.1643,6.2946,-35.2975,0.00019319,1.4814,-0.11068,5.0335e-07,0.077233,0,88.0984,0.16082,0.83513,477.0751,1363.7991
59.9428,11670.3104,39.7752,239.996,9.1879,-0.002711,-0.10874,-2.0783,90.0135,-0.11237,4.4326,5.1643,6.2946,-35.2975,0.00019319,1.4814,-0.11068,5.0335e-07,0.077233,0,88.0984,0.16082,0.83895,477.0751,1363.7991
59.9456,11670.3104,39.7752,239.996,9.1879,-0.002711,-0.10874,-2.0783,90.0135,-0.11237,4.4326,5.1643,6.2946,-35.2975,0.00019319,1.4814,-0.11068,5.0335e-07,0.077233,0,88.0984,0.16081,0.84518,477.0751,1363.7991
59.9498,11670.6418,39.7754,239.9966,9.1879,-0.0027686,-0.12606,-1.3796,90.0126,-0.1659,4.4326,5.2332,6.5447,-35.232,0.00023023,1.4492,-0.090685,5.0249e-07,0.077244,0,88.2425,0.1608,0.80953,477.0739,1363.7813
59.9581,11670.9733,39.7758,239.9974,9.1878,-0.0027955,-0.13756,-0.69464,90.0112,-0.20976,4.4326,5.3318,7.5023,-35.1593,0.00023715,1.4167,-0.065397,5.0163e-07,0.077255,0,88.3866,0.16083,0.78357,477.0727,1363.7636
59.9664,11671.3048,39.7762,239.9984,9.1878,-0.0027813,-0.14335,-0.023273,90.0094,-0.24139,4.4325,5.4446,8.787,-35.0822,0.00017111,1.3843,-0.037754,5.0079e-07,0.077266,0,88.0407,0.1609,0.75727,477.0715,1363.7459
59.9748,11671.6362,39.7763,239.9984,9.1878,-0.0027455,-0.14354,0.63478,90.0074,-0.25965,4.4325,5.3674,10.2205,-34.9993,6.4445e-05,1.3526,-0.0097655,4.9995e-07,0.077276,0,87.6949,0.16094,0.81868,477.0704,1363.7281
59.9831,11671.9677,39.7762,239.9978,9.1878,-0.0027024,-0.13825,1.2798,90.0053,-0.26438,4.4326,5.2937,11.6807,-34.9129,-6.9658e-05,1.3217,0.016876,4.9913e-07,0.077287,0,87.3494,0.16095,0.88826,477.0692,1363.7104
59.9914,11672.2992,39.7759,239.9965,9.1878,-0.0026691,-0.12758,1.9122,90.0031,-0.25622,4.4326,5.219,13.0647,-34.8247,-0.00013365,1.2919,0.041034,4.9832e-07,0.077298,0,87.3073,0.1609,0.96095,477.068,1363.6926
59.9998,11672.6306,39.7758,239.9959,9.1878,-0.0026244,-0.11165,2.5322,90.0009,-0.23637,4.4326,5.3285,14.3035,-34.7404,-0.00015961,1.2634,0.062044,4.9753e-07,0.077309,0,87.4512,0.16091,0.95015,477.0668,1363.6749
60,11672.6306,39.7758,239.9959,9.1878,-0.0026244,-0.11165,2.5322,90.0009,-0.23637,4.4326,5.3285,14.3035,-34.7404,-0.00015961,1.2634,0.062044,4.9753e-07,0.077309,0,87.4512,0.16091,0.94812,477.0668,1363.6749
